0,0,0,0,0,0,0,0,0,0,0,0,0,0,0,0,0,0,0,0,0,0,0,0,0,0,0,0,0,0,0,0,0,0,0,0,0,0,0,0,0,0,0,0,0,0,0,0,0,0,0,0,0,0,0,0,0,0,0,0,0,0,0,0,0,0,0,0,0,0,0,0,0,0,0,0,0,0,0,0,0,0,0,0,0,5.97E-18,0.000196078,-0.007481962,-0.014067708,-0.02989185,-0.033931373,-0.022515931,-0.012140455,-0.017856618,-0.008923407,-0.005982843,0.000367647,0,0,0,0,0,0,0.000102124,-4.94E-05,-0.020140591,-0.034406658,0.017257891,0.072602686,0.212793658,0.24832547,0.147432053,0.055994728,0.106468393,0.026134583,0.012048135,-0.008683534,0.000805104,4.72E-18,0,0,0,0,-0.000938011,-0.002030059,0.209706393,0.349369724,0.630263442,0.747314849,0.941445602,0.994956631,0.861256672,0.730420675,0.791356022,0.693812653,0.519689508,0.037138906,-0.017184549,0.000401688,0,0,0,0.000468634,-0.00985126,0.034099048,0.742043724,0.983273409,1.027175509,1.043861288,1.026621876,1.013256645,0.946123307,0.938975191,1.034604837,1.063558559,1.032537996,0.610313447,0.043148561,-0.008006366,0,0,0,-0.002395744,0.005356311,0.255698529,0.977823751,1.003876583,0.950193887,0.55487277,0.490454878,0.465349009,0.209475252,0.156583422,0.466615502,0.580911033,0.87595624,1.019366694,0.587719501,-0.020206121,0,0,0,-0.03624842,0.30263191,0.883972478,0.985444955,1.010529139,0.817332423,0.054847154,-0.056046603,-0.042623655,-0.02018059,-0.015533492,-0.04666665,-0.017634293,0.267453091,0.899319478,0.89868301,-0.020564236,0,0,0,-0.052074926,0.447615332,1.068034058,0.992784722,0.930860294,0.268366845,-0.038495285,-0.001178258,0.000182121,5.11E-06,9.94E-18,0.000311785,-0.040653765,0.293388514,0.974318389,0.731699907,-0.020594703,0,0,0,-0.036753088,0.303299326,0.961416343,1.007643212,0.891116388,0.611644586,0.23139425,-0.010002638,-0.020895118,-0.01814168,-0.01796995,-0.031207278,0.142633442,0.773045003,1.030324074,0.371229142,-0.02055113,0,0,0,-0.016391191,0.112448993,0.80254248,1.015989666,0.995369329,1.011583697,0.942788512,0.619206073,0.220249786,0.111012036,0.106516656,0.194984645,0.778967565,1.032751451,0.831514393,0.115778779,-0.014423417,0,0,0,-0.000851983,-0.011251957,0.286152778,0.91121121,1.008356464,0.996279385,0.998333078,1.003652659,0.958379834,0.93745367,0.936650038,0.973833691,1.02404102,0.565971695,0.21479056,-0.010526137,-0.001623775,0,0,0,0.000122294,-0.0016202,-0.02289694,0.285767174,0.793453874,0.970517441,0.995492664,1.019145952,1.024147365,1.033147025,0.966084801,0.733534943,0.386445568,0.009341639,-0.026361656,0.000257327,0.000178717,0,0,0,0,0.000225184,-0.003354779,-0.022712759,0.077055504,0.192658065,0.418704895,0.646402165,0.628299888,0.64104456,0.391099136,0.014597852,-0.024306798,-0.009486213,0.000574449,0,0,0,0,0,0,0,0.000127757,-0.000551522,-0.007801471,-0.014642289,-0.027076695,-0.039603554,-0.038618873,-0.039338644,-0.025459266,-0.004178054,-0.00100577,0.000145221,0,0,0,0,0,0,0,0,0,0,0,0,0,0,0,0,0,0,0,0,0,0,0,0,0,0,0,0,0,0,0,0,0,0,0,0,0,0,0,0,0,0,0,0,0,0,0,0,0,0,0,0,0,0,0,0,0,0,0,0,0,0,0,0
0,0,0,0,0,0,0,0,0,0,0,0,0,0,0,0,0,0,0,0,0,0,0,0,0,0,0,0,0,0,0,0,0,0,0,0,0,0,0,0,0,0,0,0,0,0,0,0,0,0,1.49E-18,-7.45E-19,-0.001674389,-7.45E-19,0,0,0,0,0,0,0,0,0,0,0,0,0,0,4.81E-05,-0.000405739,-0.004940206,-0.011685406,-0.016481136,-0.019575368,-0.010738971,-0.005446027,-0.001794475,0.000168766,4.08E-06,0,0,0,0,0,0,0,0,0.000198117,-0.001065666,-0.019609545,0.026407612,0.14057998,0.52392877,0.282176573,0.122056168,0.033322951,-0.000261676,-0.00221536,0.00016408,0,0,0,0,0,0,4.58E-32,0.000119145,-0.000736008,-0.022206155,0.217024493,0.757495098,0.933172505,1.009812346,0.981555317,0.955921228,0.795657084,0.344374166,-0.024625423,-0.001263106,0,0,0,0,0,0,0.000319138,-0.004565802,-0.03025692,0.226201627,0.858452325,1.02686877,1.006696487,1.011720204,1.014413263,1.001279344,1.02474954,0.84535626,0.084234897,-0.014510315,0,0,0,0,2.57E-05,0.001121438,-0.01593764,-0.028418073,0.231514115,0.868791393,1.014648591,0.996239146,0.980882047,0.759161504,0.51480168,0.947304176,0.99902827,1.034087651,0.149249365,-0.02141593,0,0,0,2.45E-06,0.000210069,-0.016287122,0.07603479,0.478620779,0.889484751,1.013428122,1.015253642,0.908324823,0.396955814,0.038763741,0.112358915,0.843454112,1.01520767,1.016224571,0.143153204,-0.020766442,0,0,0,0.000666911,-0.012373077,0.047338678,0.690060543,1.019588048,1.007070781,1.006832091,0.964264502,0.25723383,-0.019017123,-0.041593392,0.38842979,0.967748162,1.011865519,1.005867307,0.137916463,-0.0202548,0,0,3.40E-05,-0.004579512,0.006003234,0.558001089,1.023472614,1.000979473,1.004891005,0.844836414,0.305360056,-0.044884617,-0.04654439,0.304837179,0.948826644,1.013999421,0.890732315,0.387126498,0.008413487,-0.004380276,0,0,-1.36E-05,-0.032209857,0.261396157,0.942846678,1.007201185,1.002106056,0.952417299,0.304694461,-0.034694223,0.088259481,0.389719873,0.868484825,1.015940291,0.994865928,0.32893207,0.007358745,-0.006975714,0.000325266,0,0,-0.008181145,0.026430302,0.656815679,1.023322123,0.992163283,1.010064476,0.611783809,0.216345797,0.576721444,0.890481839,0.980599191,1.021817564,1.020303544,0.595826845,0.01307711,-0.00961248,0.000605318,0,0,0,-0.019044458,0.126143961,0.976627996,1.007291582,0.994677237,0.998300041,0.698111777,0.90165499,1.056823597,1.04857181,1.042106686,0.93461231,0.547416854,0.087315751,-0.014105052,3.57E-05,0,0,0,0,-0.006409144,0.02334969,0.481289199,0.919088542,0.999559794,1.002853077,1.031021904,0.699318832,0.389815172,0.404810253,0.412465244,0.252996141,0.00919024,-0.015507983,0.000989754,1.79E-05,0,0,0,0,0.000516578,-0.008225765,0.010380464,0.126367953,0.374867698,0.468661901,0.417453087,0.061810934,-0.029756315,-0.022920956,-0.022918301,-0.023474413,-0.006512459,0.000612745,0,0,0,0,0,0,1.28E-05,0.000237404,-0.003144608,-0.010873162,-0.024700061,-0.02984232,-0.027045728,-0.00664374,-0.000746221,-0.00116636,-0.00120098,-0.000448412,2.45E-05,0,0,0,0,0,0,0,0,0,0,0,0,0,0,0,0,0,0,0,0,0,0,0,0,0,0,0,0,0,0,0,0,0,0,0,0,0,0,0,0,0,0,0,0,0,0,0,0,0,0,0,0,0,0,0,0,0,0,0,0,0,0,0,0,0,0
0,0,0,0,0,0,0,0,0,0,0,0,0,0,0,0,0,0,0,0,0,0,0,0,0,0,0,0,0,0,0,0,0,0,0,0,0,0,0,0,0,0,0,0,0,0,0,0,0,0,0,0,0,0,0,0,0,0,0,0,0,0,0,0,0,0,0,0,0,1.56E-05,-0.000107384,-0.00052502,-0.001546513,-0.000831189,-0.000427645,-1.01E-05,2.60E-06,0,0,0,0,0,0,0,0,0,0,0.000440259,-0.003487132,-0.013046569,-0.025683262,-0.030118192,-0.018300076,-0.027206087,-0.029607758,-0.009560066,0.00064711,0,0,0,0,0,0,5.29E-19,-2.14E-18,-6.55E-17,0.000578704,-0.014973146,-0.007846746,0.058704946,0.198393382,0.328590227,0.446825411,0.369601971,0.301762408,0.040499898,-0.01641825,0.001314663,2.85E-18,0,0,0,2.04E-05,0.000156931,-0.004987234,-0.019605971,-0.027465788,0.100100468,0.466883544,0.761975218,0.930214699,1.047737269,1.051390452,1.057019029,1.034061734,0.626920241,0.089901127,-0.016625392,0.00028765,0,0,0,0.001246028,-0.013427704,0.0034799,0.213037364,0.491010728,0.900853543,1.016629995,0.890462816,0.642768198,0.454693296,0.459849445,0.489375637,0.798445997,1.038831411,0.525680907,-0.000806989,-0.004842512,0,0,0.000702614,-0.018471322,0.064210478,0.523789335,1.010974571,1.015347052,0.798845373,0.496533905,0.126190938,-0.030477686,-0.021173662,-0.020751634,-0.033795701,0.142496409,0.949471133,0.921104592,0.108221179,-0.017048781,0,0,-0.0116859,0.063084617,0.716932734,1.029184521,0.761211806,0.259576236,0.092915325,-0.034578312,-0.01437951,0.000853162,3.70E-05,0,-0.004998877,0.020772399,0.887265948,1.035362337,0.145917513,-0.021071283,0,0,-0.018156318,0.11861889,0.947784161,1.002022774,0.37729633,-0.055560134,-0.01741205,-0.001040135,0.000145527,0,0,3.23E-18,-0.004063828,0.005766119,0.858596984,0.899909178,0.099379612,-0.016100048,0,0,-0.003165339,-0.017564969,0.49054616,1.050745421,0.55946201,-0.052947491,-0.002046594,0.000277437,0,0,2.21E-05,0.000528413,-0.025685968,0.257712708,0.93059072,0.555296841,0.011346001,-0.00602005,0,0,0.00042803,-0.017417547,0.080974023,0.652843834,0.825977097,0.189317564,-0.026212054,-0.008810587,-0.000602503,0.00012474,0.00045096,-0.017455024,0.019542857,0.781932232,0.866629605,0.108844761,-0.02009424,0.000319494,0,0,0,0.000937589,-0.015683143,0.067616677,0.581469669,0.887536458,0.348375661,0.009894761,-0.027078142,-0.020981618,-0.028515863,0.030009614,0.535600558,0.978788092,0.452488205,-0.013715346,-0.001916453,3.23E-05,0,0,0,0,0.00052068,-0.014830474,0.013639689,0.361120353,0.750563471,0.764476273,0.561177713,0.307057394,0.340714937,0.743128355,0.886605103,0.530017855,0.031160301,-0.006360703,0.000214015,0,0,0,0,0,1.56E-05,0.000706189,-0.008980426,-0.027261812,0.089209487,0.502323461,0.734277914,0.846767923,0.827738749,0.584030478,0.184302696,-0.016260127,-0.007572712,0.00039277,0,0,0,0,0,0,0,0,0.000102124,-0.000645935,-0.008524061,-0.026414658,-0.001013685,0.152384293,0.113861486,-0.021864393,-0.015873655,-0.001808007,1.13E-05,1.29E-05,0,0,0,0,0,0,0,0,0,0,6.83E-05,-0.000355061,-0.004169011,-0.020375443,-0.016346256,-0.001274911,0.000228283,0,0,0,0,0,0,0,0,0,0,0,0,0,0,0,0,0,0,0,0,0,0,0,0,0,0,0,0,0,0,0,0,0,0,0,0,0,0,0,0,0,0,0,0,0,0
0,0,0,0,0,0,0,0,0,0,0,0,0,0,0,0,0,0,0,0,0,0,0,0,0,0,0,0,0,0,0,0,0,0,0,0,0,0,0,0,0,0,0,0,0,0,0,0,0,0.000278831,-0.001311402,-0.015597815,-0.041245855,-0.038885084,-0.014808202,-0.000294729,9.17E-05,0,0,0,0,0,0,0,0,7.93E-19,8.48E-05,-0.000973615,-0.008115962,-0.021336857,-0.026594448,0.104900497,0.345848824,0.323440019,0.097495898,-0.016696793,-0.002640319,0.000308181,0,0,0,0,0,3.68E-06,0.00054473,-0.004310968,-0.022503745,-0.025279289,0.081852073,0.264799377,0.646982281,0.817994587,1.014262922,0.996553326,0.795385672,0.289929228,0.01557547,-0.004048245,3.98E-05,0,0,0,4.72E-18,0.000104116,-0.004566262,0.008833555,0.127285284,0.407162111,0.812264774,0.985934249,1.02904936,0.892764195,0.817672027,0.861022842,1.025222869,0.85297486,0.14860786,-0.021876147,0.000124762,0,0,0,0.000534018,-0.005741711,-0.028024289,0.366222188,0.85746281,1.012913304,1.03561797,0.879435253,0.486134651,0.171247889,0.09766153,0.135974299,0.628161833,1.007972512,0.531705014,0.006899739,-0.005504153,0,0,0.000489177,-0.012396415,0.025788118,0.606082525,0.97389604,1.031714973,0.72801561,0.178503017,0.092183852,-0.00900748,-0.026173158,-0.014932813,-0.030270015,0.058557794,0.843819538,0.995550749,0.129979556,-0.019409285,0,0,-0.003711703,-0.001278739,0.398821129,0.956721065,1.026844073,0.621520033,0.061149566,-0.029034246,-0.01577308,-0.00382387,0.000281352,0,-0.004133885,0.011316483,0.773716742,1.0314375,0.14397497,-0.020826525,0,0,-0.018729235,0.123306938,0.966727907,1.023466078,0.918136829,0.223409773,-0.044239534,0.00080559,0,0,0,0,-0.00209518,-0.011212759,0.504215891,1.039331189,0.141742387,-0.020585172,0,0,-0.017012017,0.109290439,0.902645221,0.947810151,1.008064781,0.650119009,0.031638097,-0.008516476,5.57E-18,0,0,0,-0.001138225,-0.023069427,0.40031153,1.046612388,0.141949829,-0.020615298,0,0,-0.001519097,-0.00418924,0.196773574,0.39267242,0.937885502,0.971867562,0.248228925,-0.026213576,0.000634021,0,0,0,-0.002951134,-0.001749438,0.616343086,1.039907339,0.143529004,-0.020788399,0,0,0.000256818,-0.000968998,-0.023798612,-0.008423797,0.636173396,1.043399763,0.786018116,0.094902708,-0.010159764,0,0,0,-0.006033641,0.043179277,0.829195457,0.99496107,0.133104898,-0.019654213,0,0,0,6.11E-05,-0.000724571,-0.029055181,0.23986026,0.949932683,0.999231602,0.354467729,-0.057349929,-0.00286346,-0.000981924,4.99E-06,-0.021863971,0.201653152,0.969777267,0.759600899,0.05695523,-0.011495268,0,0,0,0,3.32E-05,-0.005398625,-0.010870438,0.628173764,1.052581529,0.853047249,0.289185662,-0.006490162,-0.021456393,-0.032934892,0.027760502,0.619950691,1.028291479,0.447961584,-0.022898934,-0.002362983,0,0,0,0,0,0.000772059,-0.021419781,0.137014655,0.603879292,1.004913807,0.959309981,0.670262953,0.354620149,0.258981697,0.587476716,0.979488868,0.720508034,0.054940615,-0.014193469,0.000343137,0,0,0,0,0,0,0.001014859,-0.018398437,0.017766567,0.546709814,0.994412343,1.043826304,0.998601614,0.971340277,1.042092252,0.746577853,0.216354677,-0.023090227,0.000796136,0,0,0,0,0,0,0,2.36E-18,0.000421406,-0.012725466,0.026241456,0.365146261,0.48956149,0.752964378,0.787284382,0.396792273,0.094725432,-0.021635991,0.000502171,0,0,0,0,0,0,0,0,0,3.23E-05,0.000433635,-0.006944444,-0.019637459,-0.020864481,-0.020585172,-0.020637153,-0.020714359,-0.01105256,-0.00094567,0.000108762,0,0,0,0,0,0,0,0,0,0,0,0,0,0,0,0,0,0,0,0,0,0,0
0,0,0,0,0,0,0,0,0,0,0,0,0,0,0,0,0,0,0,0,0,0,0,0,0,0,0,0,0,0,0,0,0,0,0,0,0,0,0,0,0,0,0,0,0,0,0,0,0,0,0,0,0,0,0,0,0,0,0,0,0,0,0,0,0,0,0,0,1.07E-06,0.000114532,-0.00103605,-0.003671262,-0.009396733,-0.015316585,-0.015525735,-0.012892004,-0.002230801,0.00026278,3.57E-06,0,0,0,0,0,0,0,0,0,0.000545598,-0.009225677,-0.016057224,0.006409722,0.10376792,0.204607928,0.208163246,0.162888736,-0.000204572,-0.006931179,0.000489005,0,0,0,0,0,0,5.19E-19,0.00011489,0.000870073,-0.024429092,0.008369196,0.315532527,0.701922777,0.841511421,0.986094176,0.991099826,0.923057751,0.403231737,0.00223401,-0.004021991,0,0,0,0,0,0,0.00013191,-0.002382898,-0.028113323,0.192800398,0.626798339,0.937389417,1.041639604,1.023828795,0.90778365,0.905536782,1.009030995,0.964728452,0.12259116,-0.018650089,0,0,0,0,0,0.000198117,-0.001538988,-0.01982038,0.251576405,0.849722749,1.047388848,0.960875576,0.764251287,0.400827923,0.171475718,0.182348185,0.939445243,1.009724345,0.13922378,-0.020335664,0,0,0,0,5.88E-05,-0.001335325,-0.021106209,0.220358949,0.94418406,1.029394489,0.905167977,0.351644931,-0.021180777,-0.023715673,-0.026901314,0.207643212,0.97355016,0.772437602,0.060408514,-0.011888446,0,0,0,0,0.000299939,-0.030730341,0.200545088,0.831122413,1.029121673,0.760271429,0.215962248,-0.027614958,-0.001787377,-0.005654478,0.002706784,0.713451321,1.035334201,0.473280365,-0.012746881,-0.003414182,0,0,0,0.000876442,-0.020473635,0.148357588,0.850299854,1.043638668,0.956115086,0.328633902,-0.050691483,-0.002283088,0.000204487,-0.031654115,0.213828108,0.926738068,0.849709304,0.138385195,-0.021250662,0.000167484,0,0,0,-0.009139456,0.048562926,0.670431798,1.045066023,0.829015251,0.373878681,0.073742358,-0.0083622,0.000168028,-0.021901552,0.083140805,0.712174547,1.027250102,0.502909807,-0.011662139,-0.002191105,1.23E-05,0,0,0,-0.039737034,0.330617467,1.005769553,0.972692087,0.350389252,-0.035462685,-0.014053884,-0.010375749,-0.025551819,0.065784195,0.713167615,1.027503584,0.667720096,0.053554822,-0.009445854,0.000341712,0,0,0,0.000414624,-0.032236558,0.217723975,0.85626137,0.586052594,-0.017497345,-0.01706876,-0.01903045,0.055017685,0.160822695,0.710651399,1.008936074,0.718861605,0.080383357,-0.024814917,0.000521344,0,0,0,0,-0.006542926,0.042376126,0.352165543,0.236998451,0.062814474,0.002125443,0.112787052,0.390876974,0.767613375,0.893078585,0.955440751,0.396555515,0.105037326,0.002740111,-0.001368873,0,0,0,0,0,-0.016779514,0.118766917,0.798531131,0.670642072,0.656929722,0.692433058,0.964632642,1.033215295,0.989182121,0.767092031,0.247506706,-0.012671721,-0.022122243,-0.00116973,0.000286765,0,0,0,0,0,-0.002097801,-0.006866261,0.282708708,0.591142055,0.587069955,0.583851614,0.571309024,0.552918641,0.32697789,0.094114141,-0.024122447,-0.001874465,0.000243566,0,0,0,0,0,0,0,0.000309812,-0.002405408,-0.013054655,-0.005782734,-0.004595206,-0.004769475,-0.004547363,-0.005752059,-0.02606559,-0.016037157,0.000678733,2.93E-05,0,0,0,0,0,0,0,0,0,0.000199747,-0.001673986,-0.004800688,-0.004850899,-0.004820261,-0.004861026,-0.00464648,-0.001075027,0.000150123,0,0,0,0,0,0,0,0,0,0,0,0,0,0,0,0,0,0,0,0,0,0,0,0,0,0,0,0,0
0,0,0,0,0,0,0,0,0,0,0,0,0,0,0,0,0,0,0,0,0,0,0,0,0,0,0,0,0,0,0,0,0,0,0,0,0,0,0,0,0,0,0,0,0,0,0,0,0,0,0,0,0,0,0,0,0,0,0,0,0,0,0,0,0,5.29E-19,3.93E-05,-0.000728007,-0.002537531,-0.012954963,-0.02805096,-0.042028186,-0.024759488,-0.015319189,-0.003767004,-0.000384498,4.46E-05,0,0,0,0,0,0,0,0,0.00022212,-0.002238903,-0.019960339,-0.009668096,0.164414573,0.435685849,0.689834814,0.375907916,0.205663892,0.010745813,-0.010035131,0.000378523,0,0,0,0,3.11E-19,-1.15E-18,5.49E-05,0.000648063,-0.017362813,-0.030092422,0.283817075,0.614067096,0.920857588,1.016523352,1.061849214,1.021496457,0.955021667,0.657822712,0.136886608,-0.018528578,0.000815295,0,0,0,0.000302968,-0.00533016,-0.018123043,-0.028462946,0.152028101,0.472033718,0.926535183,1.050378455,1.0192556,0.897873264,0.658656301,0.76128978,1.025553615,1.036702189,0.630157067,0.042102805,-0.008258938,0,0,0,-0.002125882,0.018791769,0.123360017,0.404826801,0.853985484,1.034621516,1.002235145,0.880544141,0.55329938,0.103980932,0.018831886,0.075536245,0.555555759,0.974142446,0.922378351,0.214756193,-0.027458184,0,0,0,-0.017602465,0.425334696,0.9426138,1.062316313,0.976690325,0.847098346,0.474846402,0.071886234,-0.030251566,-0.016495268,-0.008175381,-0.024258082,0.053407203,0.79521024,1.081974214,0.432510315,-0.050454935,0,0,0,-0.020255651,0.705748339,0.911218954,0.514256519,0.261354882,0.129520527,-0.005976146,-0.012518042,0.000851035,0,0,-0.01213648,0.070944853,0.798242136,1.079157935,0.429628302,-0.050147568,0,0,0,-0.005145187,0.111701521,0.184491013,-0.001430845,-0.02955416,-0.02136586,-0.00377186,0.000441176,0,0,2.49E-18,-0.012616281,0.075455797,0.810717286,1.00035386,0.315459355,-0.03805919,0,0,0,-0.014892599,0.097387489,0.747176028,0.315184096,-0.02737003,-0.002334712,0.0002079,0,0,0,0.00025531,-0.032230035,0.230941432,0.944056236,0.814381774,0.085624387,-0.013639477,0,0,0,-0.012226367,0.061262143,0.807282384,0.920539776,0.21024576,-0.025402654,-0.001515737,0.0002079,0,5.34E-18,-0.004207941,-0.013006514,0.513695375,1.015193463,0.455555556,-0.024959337,-0.000408834,0,0,0,0.000399986,-0.028552546,0.181565615,0.863258323,0.894626277,0.233382659,-0.032041499,-0.018915748,-0.007467525,-0.00397886,-0.028763446,0.117920454,0.877077053,0.916353111,0.095238885,-0.010763004,0.000167135,0,0,0,0,0.001467939,-0.032785658,0.26203399,0.95268876,0.897154293,0.333928074,0.235492102,0.068031607,0.006856771,0.149425892,0.697874662,1.053050075,0.608066738,-0.00737386,-0.002638378,0,0,0,0,0,8.07E-05,-0.001442402,-0.021464052,0.309758766,0.861295701,0.988350098,0.990974639,0.863022842,0.804531318,0.919469039,1.036348787,0.724174666,0.154104303,-0.016341963,-0.000247089,0,0,0,0,0,0,0.000137868,-0.003620098,-0.007009991,0.145694802,0.350278525,0.537744792,0.844144336,0.990512561,0.995833929,0.646996386,0.079643365,-0.012589359,-0.00028845,2.90E-05,0,0,0,0,0,0,0,0.000330194,-0.001428804,-0.020715625,-0.03959801,-0.004251865,0.081584984,0.129485396,0.130758581,0.036888418,-0.009784202,-0.000541509,0.000117402,0,0,0,0,0,0,0,0,0,0,5.79E-05,-0.000145734,-0.004619077,-0.014174666,-0.019307428,-0.019512697,-0.008948541,-0.000232333,5.53E-05,0,0,0,0,0,0,0,0,0,0,0,0,0,0,0,0,0,0,0,0,0,0,0,0,0
0,0,0,0,0,0,0,0,0,0,0,0,0,0,0,0,0,0,0,0,0,0,0,0,0,0,0,0,0,0,0,0,0,0,0,0,0,0,0,0,0,0,0,0,0,0,0,0,0,0,0,0,0,0,0,0,0,0,0,0,0,0,0,0,0,0,0,0,0.000122549,-0.001918147,-0.004200112,-0.004176624,-0.004166667,-0.004173713,-0.004231413,-0.002275991,8.23E-05,6.11E-06,0,0,0,0,0,0,0,0,7.35E-05,0.000572337,-0.013834967,-0.011019012,0.014077121,0.014308568,0.014183007,0.014269914,0.014336329,-0.005350711,-0.00906604,0.000837206,9.19E-06,0,0,0,0,0,1.96E-18,0.000223397,-0.002591997,-0.019546662,0.056207295,0.462582159,0.756873349,0.767797164,0.772031256,0.763841418,0.755359818,0.490026365,0.02740082,-0.010256665,0.000361349,0,0,0,0,0,0.000330882,-0.004392957,0.004982894,0.13984292,0.598293147,1.026176862,0.837997549,0.625385876,0.565116553,0.667233813,0.90857421,1.003520612,0.476225133,0.003003343,-0.004729711,0,0,0,0,0.000118625,-0.004923668,-0.018738365,0.440221438,0.93595821,0.746279147,0.316883671,0.073778077,0.009362286,-0.009459116,0.017877227,0.150001223,0.85675978,0.971403343,0.121288122,-0.018502099,0,0,0,0,-0.000699193,-0.017922113,0.269462214,0.900201831,0.62110481,0.121338423,-0.031496885,-0.014017225,-0.006432972,-0.004314948,-0.00953639,-0.032375647,0.435342099,0.939386438,0.115244588,-0.017538807,0,0,7.66E-05,-0.000527394,-0.0104904,0.060771872,0.761777216,0.517023523,0.008064252,-0.01922258,0.000910182,3.06E-05,0,5.14E-05,-0.000494945,-0.037247192,0.33862243,0.545114413,-0.011143145,-0.003808892,0,0,0.000408497,-0.00283315,-0.042769778,0.359090635,0.681632813,0.000566942,-0.015728772,0.000629766,-4.77E-17,-9.62E-17,0.00011489,6.99E-05,-0.019477992,0.034824176,0.755344771,0.392976954,-0.040913334,-0.000281182,0,0,-0.013331461,0.092268711,0.641130293,0.804722512,0.397750749,-0.051908071,-0.017982213,-0.014603418,-0.017101716,-0.019832516,-0.020202546,-0.023954435,0.161019233,0.655022246,0.852434845,0.137679432,-0.019567843,4.24E-05,0,0,-0.015927636,0.103992462,0.824364664,0.97983441,0.802047511,0.626442036,0.415512656,0.072844751,0.162753574,0.242463397,0.306399301,0.315872902,0.909901044,0.957639874,0.341845573,-7.51E-06,-0.002320794,0,0,0,0.000434028,-0.012117831,0.01904662,0.802082908,0.991100524,0.958236588,0.995756458,0.87670384,0.941812262,1.025908803,1.00156827,0.945549016,0.794269863,0.344678428,-0.01767419,-0.003612643,0.000281277,0,0,0,0,-0.001685622,-0.001558092,0.309137085,0.309889195,0.292097597,0.422911299,0.414549717,0.519793454,0.420135059,0.412722546,0.395638529,0.120288109,-0.026168335,-0.002302322,0.000163399,0,0,0,0,0,0.000108027,-2.23E-05,-0.017343342,-0.022017004,-0.019970895,-0.022982247,-0.023352635,-0.010763276,-0.021444785,-0.022834184,-0.023197077,-0.01501011,-0.000997685,0.000237132,0,0,0,0,0,0,6.11E-06,-7.61E-06,-0.000904718,-0.000773437,-0.000769301,-0.001220497,-0.001123162,-0.002144914,-0.00128605,-0.001184947,-0.001074049,-0.000179228,1.79E-05,0,0,0,0,0,0,0,0,0,0,0,0,0,0,0,0,0,0,0,0,0,0,0,0,0,0,0,0,0,0,0,0,0,0,0,0,0,0,0,0,0,0,0,0,0,0,0,0,0,0,0,0,0,0,0,0,0,0,0,0,0,0,0,0,0
0,0,0,0,0,0,0,0,0,0,0,0,0,0,0,0,0,0,0,0,0,0,0,0,0,0,0,0,0,0.000193015,-0.001236894,-0.007599401,-0.014093222,-0.004372617,0.000399986,0,0,0,0,0,0,0,0,0,0,0,0,0,0.000369329,-0.005506196,-0.025081479,0.02162366,0.08114861,-0.006528168,-0.025141759,-0.000841792,0.000162651,0,0,0,0,0,0,0,0,3.27E-19,7.35E-05,-1.36E-05,-0.013744792,-0.003195074,0.336757387,0.634669407,0.828329053,0.525833231,0.147212674,-0.014702495,-0.00274903,0.000269047,0,0,0,0,0,0,0,1.29E-17,-0.000134804,-0.028359474,0.118338712,0.54522886,0.965572934,1.054997975,1.02759775,1.038372617,0.861994145,0.345836516,-0.006287463,-0.003430455,0.000143995,0,0,0,0,1.56E-20,9.05E-18,0.001116983,-0.026495864,0.246963145,0.810460001,1.040611366,0.966095912,0.738748213,0.540819626,0.841572917,1.031553496,0.935752145,0.291888259,-0.025558936,-0.000812398,0,0,0,0,5.11E-07,0.000765761,-0.018536816,0.102057547,0.813506906,1.046235464,0.839884889,0.36191973,-0.014275191,-0.053884524,0.134202427,0.850644863,1.042103214,0.608774408,0.015305838,-0.006863086,0,0,0,0,0.000328768,-0.020430306,0.068553735,0.711147069,1.035318678,0.82603607,0.199634289,-0.034463366,-0.005315621,0.001055646,-0.043615935,0.45336355,1.027807349,0.684766979,0.034691698,-0.009072194,0,0,0,8.93E-05,-0.002797641,-0.01433912,0.494671722,1.055831257,0.819178115,0.189742307,-0.034574653,-0.001826661,0.000167484,8.15E-05,-0.022614822,0.323093614,1.012644982,0.677896412,0.032487057,-0.008823529,0,0,0,0.000491215,-0.028786084,0.363014638,0.97504565,0.975277829,0.323568393,-0.039437977,0.001787173,0,0,0,-0.021810509,0.323039931,1.011964614,0.677664471,0.03251437,-0.008823529,0,0,0.000468069,-0.025561636,0.145327087,0.824567062,1.039813896,0.559146548,-0.003610483,-0.005315564,0,0,2.75E-18,0.000642045,-0.031132915,0.377917824,1.018793267,0.692963065,0.036494843,-0.009283088,0,0,-0.005150463,-2.26E-05,0.554522382,1.04784249,0.816343954,0.107027727,-0.014047022,-0.000226205,0,2.75E-18,0.00039488,-0.013044549,0.007866268,0.702854609,1.042998945,0.500912888,-0.01129693,-0.003768382,0,0,-0.009365361,0.037228197,0.692519924,1.058889449,0.692271717,-0.087772563,-0.00125091,0.0004851,0,0.001477722,-0.02257127,0.018011577,0.438974784,0.964533006,0.852038356,0.20273985,-0.031183658,0.000440259,0,0,-0.008948461,0.033484672,0.679276637,1.051436938,0.780258885,0.153414982,0.010852085,-0.008589954,-0.005184028,-0.035183177,0.097441074,0.468911904,1.017537616,0.839570091,0.270523029,-0.027204674,0.000884595,0,0,0,-0.008702853,0.032749837,0.6588854,0.994285999,0.977046603,0.827900208,0.182582175,0.012444785,0.025772382,0.306268587,0.774150837,0.97759933,0.931183858,0.270319461,-0.031530093,-7.44E-05,0,0,0,0,-0.001193661,0.004445548,0.089378642,0.125448053,0.494828329,1.000015131,0.917327005,0.853215448,0.859338661,0.971629238,1.030951151,0.73143728,0.152057683,-0.003493992,-0.005005208,0.000181985,0,0,0,0,0.000102124,-0.000381558,-0.007691432,-0.020505906,0.018846184,0.449178326,0.915724797,1.032014348,1.023590788,0.632552168,0.346187687,0.113162308,-0.02100257,-0.001376328,0.000258272,0,0,0,0,0,0,0,1.22E-06,0.000960825,-0.009909247,-0.002027282,0.104818825,0.145080918,0.141920478,0.029257776,-0.047852717,-0.016017342,0.000884595,0,0,0,0,0,0,0,0,0,0,0,0.000395731,-0.004082414,-0.016711168,-0.020958606,-0.020631638,-0.008158701,0.000533088,0,0,0,0,0,0,0,0,0,0,0,0,0,0,0,0,0,0,0,0,0,0,0,0,0,0,0,0
0,0,0,0,0,0,0,0,0,0,0,0,0,0,0,0,0,0,0,0,0,0,0,0,0,0,0,0,1.53E-06,0.00026297,-0.002265285,-0.007655569,-0.009190752,-0.012950368,-0.002315155,0.000206291,6.13E-06,0,0,0,0,0,0,0,0,0,0,0,0.000724441,-0.012683085,-0.018434481,0.020609739,0.035595912,0.069444478,-0.0128891,-0.003291549,0.000181607,0,0,0,0,0,0,0,0,2.96E-19,0.00041973,-0.003124363,-0.027495251,0.05177085,0.39251571,0.650905842,0.688063861,0.80433364,0.346163841,-0.016144965,-0.001650429,6.97E-05,0,0,0,0,0,0,0,0.000804228,-0.015318117,0.021267699,0.293918284,0.674288228,1.001453772,1.056445687,1.051706565,1.033432343,0.947977431,0.377666088,-0.014463491,-0.001049285,0,0,0,0,0,0,6.44E-18,-0.004816857,0.035477941,0.329644141,0.972712674,1.029406114,0.945514468,0.771998894,0.656452533,0.934053547,1.055916513,0.744812602,-0.016462452,-0.002924463,0,0,0,0,0,0,0.000382966,-0.038473158,0.374142923,0.938496172,1.036025548,0.832086465,0.290475558,0.085514042,-0.031557264,0.445235413,1.001577546,0.747403356,-0.015884906,-0.002944845,0,0,0,0,0,2.57E-05,-0.009609881,0.029908687,0.661851297,1.044583581,0.707354334,0.158552104,-0.035744262,-0.015104001,-0.014599797,0.049484377,0.779098725,0.761429365,-0.015452998,-0.002935062,0,0,0,0,1.47E-05,-0.000162377,-0.02413557,0.174322815,0.879198512,0.834266353,0.166844788,-0.0326931,-0.000902608,0.000144165,-0.005954252,0.013027982,0.727016765,0.765051879,-0.01527017,-0.002947291,0,0,0,0,-5.63E-05,-0.000881893,-0.014839393,0.359303598,1.037071912,0.594035455,-0.02208078,0.000116592,0,-5.40E-05,-0.023804013,0.187707823,0.907422062,0.749622004,-0.01588043,-0.002894297,0,0,0,0,-0.002650524,-0.008529088,0.560921841,0.867377213,1.026981158,0.868649889,0.06304279,-0.007350388,0,-0.002048611,-0.025044434,0.433173424,1.01004822,0.433379136,-0.020009293,-0.000782683,0,0,0,0,-0.002059027,-0.015251038,0.569321793,1.026617936,1.005315053,0.968887173,0.329444444,-0.030718954,4.93E-18,-0.009113732,0.028918426,0.692286816,1.030418113,0.320667637,-0.022293199,5.50E-05,0,0,0,0,-2.32E-05,-0.00634595,0.054628175,0.789808066,1.024596021,0.982499245,0.372125848,-0.038180703,0.000506706,-0.018781678,0.135230631,0.925089207,0.930581441,0.285149844,-0.019564734,0,0,0,0,0,2.04E-05,-0.000785216,-0.02947772,0.358444615,1.013969924,0.964077749,0.328596814,-0.038763617,-0.043711874,-0.046318253,0.51238253,1.055127945,0.432078533,0.003837214,-0.002734375,0,0,0,0,0,0,-4.69E-05,-0.008188096,0.042417671,0.546116779,1.019130794,0.912112711,0.651427713,0.629807598,0.641867783,0.936705393,0.904778322,0.190984698,-0.024751157,-7.89E-05,0,0,0,0,0,0,1.47E-05,0.000668505,-0.012952189,0.016593222,0.515581034,0.886099146,1.034876634,1.027441823,1.03178159,0.994373055,0.467317453,0.007146446,-0.005542518,2.19E-05,0,0,0,0,0,0,0,1.47E-05,0.000263276,-0.00599006,-0.015896315,0.139555811,0.643925875,1.026243753,1.017438777,0.488527204,-0.001098533,-0.005815751,0.000400531,6.13E-07,0,0,0,0,0,0,0,0,1.12E-18,0.000236436,-0.001692695,-0.026338816,0.033170784,0.14355173,0.139380682,0.012144352,-0.007836003,0.000448412,0,0,0,0,0,0,0,0,0,0,0,0,0,0.000558619,-0.008613494,-0.02087997,-0.020466027,-0.005578825,0.000405093,0,0,0,0,0,0,0,0,0,0,0,0,0,0,0,0,0,0,0,0,0,0,0,0,0,0
0,0,0,0,0,0,0,0,0,0,0,0,0,0,0,0,0,0,0,0,0,0,0,0,0,0,0,0,0,0,0,0,8.56E-05,-0.000178717,-0.011285573,-0.012490639,-0.001717388,0.000248665,0,0,0,0,0,0,0,0,0,0,0,0,0,0.000293506,-0.001165482,-0.026743406,0.054107405,0.065807702,-0.022010212,-0.005628484,0.000615548,0,0,0,0,0,0,0,0,0,0,6.34E-05,-4.32E-05,-0.00858604,-0.0319483,0.230128642,0.759500579,0.785447866,0.37194407,0.021040113,-0.005229439,0,0,0,0,0,0,0,0,0,7.81E-05,-0.000378064,-0.019555658,0.043329742,0.530223663,0.924689832,1.015502757,1.023731686,0.825325521,0.075524184,-0.01362694,0,0,0,0,0,0,0,4.82E-18,0.000387265,-0.002272603,-0.046847426,0.142358728,0.702686292,1.031101073,0.78583701,0.317247124,0.892357537,0.818172266,0.075842862,-0.01351154,0,0,0,0,0,0,0.000157441,-0.001372719,-0.016391335,-0.003783446,0.389062449,0.830853826,1.047961959,0.655985861,0.047622209,0.230873128,0.987676181,0.744747906,0.049241011,-0.010746017,0,0,0,0,0,0.000293506,-0.002188812,-0.016593035,0.083950801,0.527541563,0.985334458,0.934616777,0.434307424,0.030594866,0.019123507,0.749502178,0.969699768,0.317396576,-0.022358947,-0.001289525,0,0,0,0,2.22E-05,-0.001811938,-0.008650174,0.224209048,0.765410926,1.013470895,0.819627179,0.273208146,-0.018136336,-0.03996039,0.399050483,1.014000357,0.642234375,-0.008717763,-0.005270372,0.000178717,0,0,0,0,0.000126021,-0.024439066,0.151068185,0.821383017,1.03398472,0.650875919,0.143663416,-0.030078823,-0.030732741,0.199735929,0.911478162,0.886705746,0.182737473,-0.017860873,0.000407647,0,0,0,3.11E-19,8.15E-05,-0.0046883,0.013770884,0.641621664,1.029737456,0.556481357,0.010567759,-0.018176573,-0.036518365,0.162580185,0.845664839,0.932622906,0.283031863,-0.028426011,-0.000216299,0,0,0,0,0.000124251,-0.001051221,-0.028175517,0.356883051,1.011116285,0.671807513,0.024500666,-0.015531352,-0.025124472,0.203111673,0.807966486,0.988849432,0.377735771,-0.026987422,-0.002865809,9.33E-05,0,0,0,0,-0.000968672,-0.016962287,0.229971838,0.896474852,0.803110673,0.100182745,-0.026971143,-0.041609103,0.224967422,0.939449319,0.946843501,0.308901097,-0.000380386,-0.004767692,0.000330194,0,0,0,0,0,-0.008037003,0.023993162,0.665872294,1.037712623,0.34985626,-0.064550262,0.020464276,0.402873009,0.922958827,0.947820057,0.297226494,-0.02775748,-0.007136778,0.000455304,0,0,0,0,0,0,-0.012603316,0.06739763,0.792688062,0.913998809,0.085565547,0.306846933,0.748065118,1.035863205,0.831417024,0.219956784,-0.016364311,-0.002477223,0.000208504,0,0,0,0,0,0,0,-0.007266136,0.017876055,0.6330072,1.002253779,0.882704316,1.002559811,0.90999718,0.585375051,0.097433772,-0.031541343,-0.00226491,0.000330194,0,0,0,0,0,0,0,0,-0.006271786,0.008367372,0.605734596,1.048681662,0.78940659,0.520485549,0.169040551,0.005377008,-0.013624047,0.000138889,4.98E-05,0,0,0,0,0,0,0,0,0,-0.000827015,0.000800735,0.082582651,0.146751967,0.065598528,-0.017836462,-0.021151666,-0.004768456,0.000468795,0,0,0,0,0,0,0,0,0,0,0,0.000124251,-0.000146244,-0.012177968,-0.021336806,-0.012414556,-0.003365502,-0.000117199,4.43E-05,0,0,0,0,0,0,0,0,0,0,0,0,0,0,0,0,0,0,0,0,0,0,0,0,0,0,0,0,0,0,0
0,0,0,0,0,0,0,0,0,0,0,0,0,0,0,0,0,0,0,0,0,0,0,0,0,0,0,0,0,0,0,0,0,0,0,0,0,0,0,0,0,0,0,0,0,0,0,0,0,0,0.001171986,-0.012700257,-0.03486235,-0.03691737,-0.039344503,-0.014862827,0.0009808,0,0,0,0,0,0,0,0,3.11E-19,2.30E-05,-0.000254627,-0.002861673,-0.0119928,-0.045345401,0.076844873,0.285623565,0.305699619,0.327860907,0.100930164,-0.028513685,-0.001340039,0.000291054,0,0,0,0,0,0,0.000168505,-0.00149663,-0.014987278,0.001621324,0.147863103,0.541087282,0.798473363,0.965172027,0.976126294,1.006227635,0.740136846,0.271612694,0.010772441,-0.003863868,0,0,0,0,0,0.000168505,-0.002115247,-0.002654122,0.145700033,0.535606209,0.903179245,1.038669203,1.009791139,0.883731248,0.759345554,0.761099077,1.017412786,0.94883364,0.135824501,-0.0185529,0,0,0,0,4.39E-05,-0.00172726,-0.005179653,0.118189764,0.738957357,1.028071487,1.017775242,0.787758391,0.386789233,0.169714851,0.09874937,0.113849486,0.873223754,1.01549954,0.4310563,-0.020415135,0,0,0,0,0.000491317,-0.033836268,0.182748597,0.768537735,0.983271928,0.857064361,0.415779779,0.057081431,-0.028320543,-0.02468091,-0.017834831,-0.016784018,0.497993304,1.0408955,0.835545062,-0.020624924,0,0,0,0.000745995,-0.014908905,0.079211806,0.697150003,0.98995127,0.691955264,0.100446708,-0.007766374,-0.015040169,-0.001490843,0.000168664,-0.000876736,-0.026397229,0.375934947,1.046553309,0.75653644,-0.020588235,0,0,0,-0.01032571,0.060920667,0.657939304,1.032098635,0.863902642,0.192217568,-0.027811734,-0.001121664,0.00022212,0,0,-0.000644506,-0.030841537,0.377350082,1.053021446,0.51428232,-0.020821078,0,0,0,-0.04033264,0.336409058,0.996571232,1.034854405,0.667613937,0.012320839,-0.00834695,0,0,1.56E-18,1.46E-18,-0.0048774,0.030265199,0.677926437,0.996311053,0.364885536,-0.019344193,0,0,0,-0.050375036,0.43203251,1.054833299,0.97818956,0.386474588,-0.025283825,-0.001647263,0,0,0.000209355,-0.000915678,-0.040732792,0.375027046,1.039372975,0.673385638,0.018285639,-0.008828465,0,0,0,-0.05082274,0.436329101,1.057207564,0.970526799,0.381008214,-0.023655215,-0.001731822,0,0.001365619,-0.018264135,-0.030934748,0.270515249,0.872663365,0.86064055,0.172333646,-0.019721306,-0.000246117,0,0,0,-0.039048958,0.325025803,0.978243515,1.016143365,0.476402625,-0.035839193,-0.013220452,-0.007334712,-0.028964035,0.096562228,0.339101545,0.853925926,0.978740298,0.377312585,-0.020255174,-0.001723839,0.000103826,0,0,0,-0.00494028,0.008496255,0.653032578,1.045674326,0.59010095,0.298645082,0.111561938,0.067143995,0.209856107,0.667985396,0.991864325,0.91921972,0.457935202,0.02260912,-0.005106413,0.000152868,0,0,0,0,0.000851168,-0.017293658,0.100849112,0.786792296,0.897149033,0.961563956,0.798577785,0.825829027,1.002169152,0.976202887,0.829378796,0.263940172,-0.026492153,-0.0077436,0.000407271,0,0,0,0,0,0,-0.000321793,-0.009441142,0.130879187,0.617359647,0.86663808,0.939074959,0.987774203,0.656586806,0.367084797,0.133071946,-0.007793454,-0.002461754,8.37E-05,7.97E-06,0,0,0,0,0,0,0.000101504,-0.001176674,-0.016110534,0.0475373,0.089169688,0.107688588,0.250294831,0.038604215,-0.022259131,-0.019976217,-0.001201541,0.000152868,0,0,0,0,0,0,0,0,0,0.000104167,-0.000171228,-0.009510144,-0.015036926,-0.017628506,-0.019360532,-0.008024067,-0.001806577,0.000113122,1.02E-05,0,0,0,0,0,0,0,0,0,0,0,0,0,0,0,0,0,0,0,0,0,0,0,0,0,0
0,0,0,0,0,0,0,0,0,0,0,0,0,0,0,0,0,0,0,0,0,0,0,0.000199653,-0.002895901,-0.00977771,-0.009924428,-0.010170974,-0.007625443,-0.000865332,0.00015625,0,0,0,0,0,0,0,0,0,0,0,0,-0.000442858,0.004921222,0.04093606,0.042474624,0.044820356,0.021807866,-0.040274551,-0.041827178,-0.020979577,-0.005344945,0.000440259,0,0,0,0,0,0,0,0,0,-0.018805504,0.287494145,0.734211737,0.73603656,0.737661038,0.640620541,0.439878183,0.334877672,0.156493873,0.010037385,-0.04289134,-0.022030127,-0.00247355,-0.000162429,4.16E-05,0,0,0,0,0,-0.012119741,0.175046654,0.568347648,0.579847682,0.665503241,1.003956699,1.036451559,1.00010289,0.868797198,0.728224814,0.632986758,0.32640511,-0.004292313,-0.006560747,0.000521789,0,0,0,0.000382966,-0.001648424,-0.028408769,-0.02023223,-0.008792739,-0.008185219,0.030550324,0.141634498,0.409725558,0.522963337,0.513799496,0.759422992,1.017028152,0.992377791,0.53341328,0.064832499,-0.014638162,0.000378711,0,0,-0.003933483,0.015811117,0.287660165,0.484309913,0.053958282,-0.007407271,-0.004789348,-0.011844516,-0.026543862,-0.032453891,-0.039046705,0.055798225,0.454447729,0.909156573,1.00411043,0.45349886,-0.003909186,-0.003970078,0,0,-0.012671382,0.068120993,0.80132747,0.780744347,0.035897538,-0.005442399,0,0,0,5.59E-18,0.000433125,-0.011422638,-0.029702264,0.442451048,1.028485692,0.737316576,0.047780232,-0.010588133,0,0,-0.021062432,0.145700848,1.034793454,0.911958248,0.116257353,-0.010299173,0,0,0,0,3.06E-05,0.000102931,-0.015645459,0.126097937,0.967846524,0.966635468,0.125491572,-0.01885706,0,0,-0.020768655,0.143227141,1.020801488,0.96890225,0.139052219,-0.011708589,0,0,0,0,0,0.000168766,-0.021543301,0.287862626,0.992197832,0.903107622,0.105029351,-0.016659178,0,0,-0.014726988,0.086926134,0.850473482,0.988405824,0.191440206,-0.014592678,1.21E-17,1.09E-18,0,0,0,-0.000940443,-0.024081597,0.530978248,1.04343767,0.685914879,0.033250683,-0.008972971,0,0,-0.004567164,-0.006542385,0.551128932,1.03440288,0.405741319,-0.04544441,-0.003130223,0.000316585,0,0,9.19E-05,-0.008409971,0.027906931,0.723298322,1.017051811,0.418901876,-0.022001447,-0.002190564,0,0,0.000287901,-0.030206169,0.208567663,0.908021041,0.885767108,0.351304302,-0.006742303,-0.003130223,0,2.24E-18,1.12E-05,-0.033021479,0.242854585,0.943373504,0.881332973,0.162324389,-0.025267973,0.000281277,0,0,2.21E-05,-0.008397028,0.047499915,0.509235549,1.023059964,0.94801217,0.258041305,-0.050755889,-0.016725694,-0.00485049,-0.032882693,0.040146244,0.661355767,1.025007983,0.752100082,0.035961227,-0.008287473,0,0,0,0,0.000805104,-0.013137425,0.039098839,0.649212708,1.025430453,0.826696561,0.507163467,0.232201151,0.023646957,0.322195244,0.656660416,1.035852601,0.886179773,0.315405195,-0.028931219,0.000794913,0,0,0,0,0,0.000430964,-0.016523557,0.046191211,0.418138259,0.807085694,1.015202223,0.991597767,0.811013038,1.025758,0.961619397,0.654196964,0.220637834,-0.021471814,-0.000195619,0,0,0,0,0,0,1.69E-05,0.000425449,-0.005637051,-0.034779701,0.100514621,0.348873723,0.532680879,0.729113647,0.655462163,0.310617722,-0.028461023,-0.01816076,-0.000575214,0.000123162,0,0,0,0,0,0,0,0,9.07E-18,0.000778607,-0.015068684,-0.044569983,-0.011805725,0.043552902,0.023452672,-0.028630785,-0.002745506,0.000224206,0,0,0,0,0,0,0,0,0,0,0,0,0,0.000257864,-0.003956461,-0.010061785,-0.007899306,-0.000711345,0.000129357,0,0,0,0,0,0,0,0,0,0,0,0,0,0,0,0,0,0,0,0,0,0,0,0,0,0
0,0,0,0,0,0,0,0,0,0,0,0,0,0,0,0,0,0,0,0,0,0,0,0,0,0,0,0,0,0,0,0,0,0,0,0,0,0,0,0,0,0,0,0,0,0,0,0,0,0,0,0,0,0,0,0,0,0,0,0,0,0,0,0,0,4.08E-05,-0.000372753,-0.000997768,-0.010469567,-0.034786969,-0.040032935,-0.039345486,-0.039256145,-0.039301471,-0.040053768,-0.025905382,-0.002640625,0.000114192,2.60E-05,0,0,0,0,0,0.000193015,-0.000562023,-0.015827036,-0.029592811,0.123090397,0.558932972,0.65401634,0.641551539,0.640079542,0.640899357,0.653955525,0.399367613,-0.002343035,-0.008190198,0.000374285,0,0,0,0,0.000141697,-0.001805811,-0.031248979,0.17173092,0.466717453,0.84720464,1.00692596,1.021121936,1.019047998,1.016929345,1.017068576,1.028657901,0.953969822,0.536669747,0.020273939,-0.007909518,0,0,0,0.000154906,-0.002277454,-0.015306117,0.291280297,0.795568151,1.036315427,1.0150088,1.008609886,1.010560049,1.011382421,1.009346694,1.009271804,1.003353299,0.995948632,1.010355137,0.45516328,-0.020371051,0,0,0,-0.00033439,-0.010499521,0.181430741,0.876721207,1.023387652,1.023103543,0.915604643,0.832514743,0.507680384,0.226123069,0.110470802,0.405416395,0.914144399,1.000360241,1.014700192,0.85356286,-0.020748407,0,0,0,-0.01408422,0.091285063,0.776834304,1.019715635,0.9463205,0.663317758,0.172248519,0.02208844,-0.018665237,-0.020975967,-0.022326852,-0.022596201,0.252956291,0.946770629,1.016288603,0.8290503,-0.020652063,0,0,0,-0.020026089,0.151838814,0.766648318,0.684053564,0.267451031,0.038812914,-0.018772723,-0.004199857,-0.000171058,3.06E-05,0.000152868,-0.015459048,0.182412837,0.931711737,1.006206291,0.494436682,-0.020262119,0,0,0,-0.001574335,-0.004955865,0.320964563,0.669277165,0.734753438,0.127681794,-0.025033871,0.000811887,4.57E-18,2.27E-18,0.000489177,-0.029483047,0.374915237,1.016616677,0.746965737,0.051404549,-0.011101409,0,0,0,-0.032070849,0.258984239,0.931175926,1.021604694,1.025319819,0.641782778,0.057327751,-0.025872311,-0.006188555,-0.001762153,-0.011923179,-0.006923526,0.670594635,1.029921586,0.46463414,-0.017419439,-0.003096405,0,0,0,-0.040920009,0.342154621,0.997302801,0.999936305,0.990612151,1.013855929,0.659649287,0.190709324,0.002927384,-0.035593161,0.005308384,0.392007919,0.956712748,0.841015059,0.119647928,-0.01971134,0.000200257,0,0,0,-0.003444621,0.00564648,0.438832346,0.967262289,0.993152574,0.993145815,1.012845435,0.910670598,0.598791667,0.472696198,0.604112348,1.001166105,0.948282986,0.326584508,-0.008772314,-0.001530207,1.53E-05,0,0,0,0.000387265,-0.007573768,0.009699449,0.683546739,1.021674649,1.006092291,0.993196436,0.999028169,1.034343665,1.055410965,1.043773593,0.829104354,0.298308109,-0.024902182,-0.002260332,0.000193633,0,0,0,0,0,5.74E-05,-0.01677405,0.101148165,0.690687772,0.982825659,1.003396293,1.024329504,0.989838133,0.948557292,0.596404821,0.043825946,-0.022616013,-0.003553309,0.000240809,0,0,0,0,0,0,2.62E-05,0.000141697,-0.01749777,0.105755668,0.316635193,0.508248247,0.626297335,0.423901331,0.265993941,0.058050494,-0.011995677,-0.000646446,0.000128676,0,0,0,0,0,0,0,0,5.14E-05,0.000901716,-0.015666707,-0.037020628,-0.005388947,0.015919194,-0.020840518,-0.034779361,-0.0096855,0.000603318,0,0,0,0,0,0,0,0,0,0,0,0,4.77E-05,-9.99E-05,-0.004313215,-0.007062398,-0.002330984,0.00015625,0,0,0,0,0,0,0,0,0,0,0,0,0,0,0,0,0,0,0,0,0,0,0,0,0,0,0,0
0,0,0,0,0,0,0,0,0,0,0,0,0,0,0,0,0,0,0,0,0,0,0,0,0,0,0,0,0,0,0,0,0,0,0,0,0,0,0,0,0,0,0,0,0,0,0,0,0.000113734,0.000196894,-0.023928091,-0.047991929,-0.050079923,-0.050106396,-0.047279361,-0.009007378,0.000694631,0,0,0,0,0,0,0,0,0,4.70E-05,0.00053626,-0.009881281,-0.03596635,0.181959763,0.409655331,0.431671032,0.431491983,0.401938845,0.050083146,-0.011230954,0.000690962,0,0,0,0,0,0,0,1.23E-17,0.000186547,-0.029774571,0.100143178,0.544234971,0.891701627,1.065078636,1.053942783,1.059448819,1.069342831,0.618435679,0.039630583,-0.012246647,0.000352328,0,0,0,0,0,3.36E-18,0.000914862,-0.021239107,0.140455155,0.689904156,1.032407765,0.97589585,0.723954759,0.440890268,0.487218597,0.803733984,1.039886829,0.471536084,-0.022733786,-0.002588848,0,0,0,0,0.000102124,-0.000554875,-0.026708878,0.076909892,0.725040442,1.057557547,0.83256364,0.330369383,0.000730613,-0.028810638,-0.036411067,0.167318781,0.996958725,0.721999592,0.044649678,-0.01018093,0,0,0,0,-0.000396233,-0.005069708,0.100340657,0.596789403,1.032793993,0.775468387,0.188423254,-0.03783281,-0.006327096,4.88E-05,-0.00956611,0.080729196,0.98422158,0.716873667,0.044059538,-0.010081631,0,0,0,3.79E-05,-0.007161101,0.055728009,0.861011251,0.992983456,0.752454496,0.080799803,-0.017726716,-0.001943423,0.000134804,0,-0.009049326,0.091013225,0.985210529,0.717297181,0.04420096,-0.010097529,0,0,0,0.000398272,-0.027832295,0.36090419,1.007745762,0.844026586,0.166592764,-0.018178615,-0.000274033,6.13E-05,0,0.000271493,-0.011999694,0.095755974,0.991412905,0.715970554,0.041014074,-0.00982758,0,0,4.51E-18,-0.009620073,0.048153816,0.771006332,1.015286458,0.43130142,-0.023965238,-0.003979269,6.13E-05,1.26E-32,2.98E-05,-0.000880977,-0.020126055,0.388864396,0.999877672,0.42802228,-0.025573203,-0.001956189,0,0,0.000212759,-0.03621693,0.274422641,0.964032714,0.691195806,0.053903135,-0.012713709,0.000245098,0,3.40E-05,-0.000297011,-0.031910864,0.173614073,0.813059419,0.885107315,0.163934981,-0.023781695,0.000148591,0,0,-0.00653357,0.011503795,0.611083374,1.004983524,0.21051615,-0.025069096,0.000965336,0,5.14E-05,0.000646937,-0.024366074,0.106686783,0.740451945,0.984023769,0.39183922,-0.005277863,-0.002063696,0,0,0,-0.010430283,0.047128124,0.733196878,0.897835138,0.056482281,-0.007337129,3.57E-05,-0.000249949,-0.00094327,-0.020363273,0.110092899,0.728416663,1.049385655,0.459472001,-0.031132013,-0.004574142,0.000379112,0,0,0,-0.010532407,0.048154988,0.743526297,0.75156124,-0.002736843,-0.018584406,-0.015678071,-0.028207891,-0.036530399,0.115375426,0.720906829,1.042209178,0.724817572,0.094253013,-0.019913467,0.000165952,0,0,0,0,-0.006804875,0.012398802,0.633101528,1.019068321,0.382536475,0.089393706,0.085187756,0.252038739,0.412988086,0.838853945,0.976685696,0.580189114,0.053998809,-0.009004851,0.000265625,0,0,0,0,0,0.000416156,-0.030172995,0.203883442,0.693484698,1.011420054,0.776743073,0.785567632,0.983234698,0.981526263,0.721590703,0.383560015,-0.022805888,-0.011488817,-0.000143382,8.00E-05,0,0,0,0,0,0,0.000309982,-0.005209072,0.024122743,0.150831261,0.508485318,0.827035841,0.499351586,0.178290259,0.029198412,-0.006988759,-0.005957992,0.000525865,0,0,0,0,0,0,0,0,0.00022013,-0.001597733,-0.008703023,-0.01942436,-0.020634532,-0.020694393,-0.020784995,-0.018023216,-0.009601205,-0.003110192,0.000379112,0,0,0,0,0,0,0,0,0,0,0,0,0,0,0,0,0,0,0,0,0,0,0,0,0,0,0
0,0,0,0,0,0,0,0,0,0,0,0,0,0,0,0,0,0,0,0,0,0,0,0,0,0,0,0,0,0,0,0,0,0,0,0,0,0,0,0,0,0,0,0,0,0,0,0,0,0,0,0,0,0,0,0,0,0,0,0,0,0,0,0,0,0,0,0,3.92E-05,8.07E-06,-0.007935151,-0.012982384,-0.020744823,-0.036081495,-0.035976716,-0.033715074,-0.016766442,-0.000702428,0.000214971,0,0,0,0,0,0,0,9.80E-05,-8.81E-05,-0.009519353,-0.032037156,0.080073308,0.161479882,0.313540741,0.600722631,0.599919322,0.548129238,0.233752774,-0.012288941,-0.002540509,0,0,0,0,0,0,2.85E-18,-0.000402199,-0.000948341,0.041016629,0.231936479,0.787318134,1.017324483,0.943411822,0.901769421,0.893377825,0.969746409,0.912493328,0.213568325,-0.017052185,0,0,0,0,0,0,0.000387221,-0.010502111,0.001641172,0.493893297,0.991377502,0.944841333,0.620419986,0.326643533,0.188089563,0.157047896,0.48195641,1.058173305,0.753616394,-0.020907203,0,0,0,0,0,0.000638376,-0.010021622,0.023000268,0.520714907,0.97530599,1.043049662,0.669382635,0.025153615,-0.032746685,-0.02579318,-0.048890621,0.15703236,0.903963743,0.857796173,-0.020674011,0,0,0,0,7.49E-05,-0.005584559,0.003628064,0.394785897,0.978237298,1.015485124,0.878723584,0.349439151,-0.030605511,-0.00089037,4.72E-05,-0.021234205,0.148160743,0.864849571,0.741403836,-0.020695466,0,0,0,7.34E-05,-0.000506893,-0.035491422,0.238092695,0.956822253,1.008163446,0.986456938,0.338724077,-0.005500732,-0.001820108,0,-8.99E-05,-0.03530062,0.280252945,1.03977114,0.632762525,-0.020462282,0,0,0,0.00038115,-0.01930033,0.212202393,0.913646735,1.011127808,0.997881456,0.977233864,0.220622038,-0.038916667,0.000395221,0,-0.000886285,-0.026896055,0.3859463,0.98029839,0.204781739,-0.017918539,0,0,0,-0.011615915,0.071263191,0.700035692,1.01663831,0.992794475,0.998334352,0.977531999,0.228620472,-0.033482094,7.25E-05,0.000317965,-0.005914216,-0.003834286,0.669551726,0.646363324,0.113179667,-0.00875034,0,0,0,-0.045092556,0.380416565,1.043431899,1.020623089,1.013121357,0.998671764,0.992728266,0.347983453,-0.046033624,-0.00931128,-0.009031773,-0.021968428,0.330489228,0.650390968,0.143344917,-0.033273949,0.000525356,0,0,0,-0.041927765,0.359706921,0.870428734,0.819169935,0.834868941,0.984650799,1.013253779,0.782086023,0.205873332,0.033793947,0.010254508,0.287781165,0.814433824,0.249900565,-0.025725422,0.000451979,3.91E-05,0,0,0,-0.006345848,0.054356005,0.133163484,0.120865298,0.169838644,0.73914749,1.019063215,1.028770935,0.904376923,0.717200197,0.698798612,0.911108864,0.799062023,0.055719397,-0.006569649,0,0,0,0,0,0.001012596,-0.008673713,-0.021245098,-0.020476001,-0.025234035,0.055774411,0.54125737,0.868745353,0.92894184,0.985281267,0.633488154,0.410753881,0.29618733,-0.008318287,-0.001030433,0,0,0,0,0,0,0,0,3.83E-05,0.000113868,-0.008132822,-0.029791003,0.158914743,0.234948155,0.33627628,0.055401261,-0.034905007,-0.019584201,5.46E-05,9.27E-05,0,0,0,0,0,0,0,0,0,0,0.000175738,-0.000417023,-0.021687151,-0.029044271,-0.024135023,-0.005242584,0.000451979,0,0,0,0,0,0,0,0,0,0,0,0,0,0,0,1.53E-05,-3.74E-05,-0.001308041,-0.000342933,3.91E-05,0,0,0,0,0,0,0,0,0,0,0,0,0,0,0,0,0,0,0,0,0,0,0,0,0,0
0,0,0,0,0,0,0,0,0,0,0,0,0,0,0,0,0,0,0,0,0,0,0,0,0,0,0,0,0,0,0,0,0,0,0,0,0,0,0,0,0,0,0,0,0,0,0,0,0,0,0,0,0,0,0,0,0,0,0,0,0,0,0,0,0,0,0,0,0.000273284,-0.003216401,-0.022995404,-0.023673866,-0.023553922,-0.023590686,-0.023909314,-0.013628728,-0.000124847,9.91E-05,0,0,0,0,0,0,0,3.73E-19,0.000309436,-0.001566895,-0.02749229,0.006638055,0.344053054,0.356599622,0.354517974,0.35516442,0.360261438,0.18200257,-0.024262919,-0.001827076,0.000257353,0,0,0,0,0,0,2.19E-17,-0.001656795,-0.007554217,0.136598839,0.551976835,0.991642344,0.990189083,1.005475962,1.00468299,1.003346865,0.817333197,0.219850728,-0.012862857,-0.001196725,0,0,0,0,2.50E-05,0.000350116,-0.00753302,-0.035392667,0.242944896,0.876761336,1.02128782,1.016203227,1.020174496,0.823305885,0.838368311,0.986023369,1.018569581,0.859906386,0.089988637,-0.015100592,0,0,0,0,0.000464871,-0.01234433,0.008996032,0.272961797,0.847664718,1.037993848,1.027830364,0.839122641,0.51581983,0.111668286,0.123677982,0.744498916,1.009552913,1.049503553,0.153691621,-0.021905106,0,0,2.35E-05,0.000523114,-0.013247549,0.043200929,0.609877655,0.985589393,1.036147239,0.864885366,0.537579997,0.0701274,-0.005578789,-0.015676066,-0.062608064,0.597678888,1.03853348,0.798647672,0.071730871,-0.013077342,0,0,3.20E-05,-0.010312869,0.061223601,0.578589444,1.046681645,0.884677339,0.598708301,0.283822934,-0.038680726,-0.012352516,-0.001409229,-0.013231472,0.085463797,0.741114447,1.053742562,0.528229847,-0.013927378,-0.003788467,0,0,-0.004321044,-0.004340783,0.498505974,1.021714461,0.928990639,0.455926403,0.014240179,-0.016764025,-0.003410267,0.000441176,-0.006835512,0.007727705,0.585649374,1.023636506,0.903802968,0.239241336,-0.018829135,-0.000907884,0,0,-0.015787037,0.096458766,0.880970044,1.021434913,0.460620932,-0.061458027,-0.003790153,-0.000776654,0.000437432,-0.003074789,-0.033130447,0.316607948,0.910501089,1.006122055,0.500911986,0.034152012,-0.007550599,6.89E-05,0,0,-0.021359029,0.148731051,1.03797727,0.958423542,0.105199,-0.009829145,0,0.000116485,-0.003276568,-0.003146274,0.078892711,0.807698859,1.049612344,0.843445114,0.036644076,-0.014363866,0.000878688,0,0,0,-0.021247447,0.147532867,1.035897467,0.966307002,0.142911305,-0.04277742,-0.029142157,-0.030742902,-0.037742766,0.343418028,0.892632506,1.037216634,0.836040288,0.2141146,-0.02172406,-0.000257353,0,0,0,0,-0.013252315,0.073514533,0.801665867,1.027651348,0.720080865,0.447575317,0.456310909,0.453143893,0.468782782,0.926490622,1.029134549,0.61602683,0.222707159,-0.0165032,-0.001851988,5.87E-05,0,0,0,0,-0.000560321,-0.013821899,0.157305164,0.74755719,0.968257625,0.97667099,1.026163901,1.029052151,1.031187023,0.949889502,0.516567028,0.017485834,-0.018485618,-0.002156233,0.000325368,0,0,0,0,0,9.55E-05,0.00036245,-0.023095333,0.127376991,0.269363477,0.425523267,0.686445586,0.702101869,0.68526108,0.262646872,0.035019216,-0.0130064,-0.000432241,7.53E-05,0,0,0,0,0,0,0,0,0.001107986,-0.017610371,-0.036883127,-0.008899352,0.036751123,0.039476377,0.034977579,-0.027898373,-0.007616281,0.000917741,0,0,0,0,0,0,0,0,0,0,0,0,0.000306373,-0.003295207,-0.009254956,-0.009611247,-0.009101988,-0.000375136,5.92E-05,0,0,0,0,0,0,0,0,0,0,0,0,0,0,0,0,0,0,0,0,0,0,0,0,0,0,0,0
0,0,0,0,0,0,0,0,0,0,0,0,0,0,0,0,0,0,0,0,0,0,0,0,0,0,0,0,0,0,0,0,0,0,0,0,0,0,0,0,0,0,0,0,0,0,0,0,0,0,0,0,0,0,0,0,0,0,0,0,0,0,0,0,0,0,0,0,0,0,0,0,0,0,0,0,0,0,0,0,0,0,0,0,0,0,0,0,0.000158088,-0.002241115,-0.008407169,-0.008742953,-0.00174789,0.000177696,0,0,0,0,0,0,0,0,0,0,1.01E-17,0.000127655,-0.001263787,-0.004587733,-0.017041445,-0.022163331,0.021828516,0.02515545,-0.030228283,-0.046361741,-0.031434675,-0.013143382,-0.000930607,0.000183441,2.75E-18,0,0,0,0,4.54E-05,0.000214631,-0.012174905,-0.006959933,0.031322782,0.15933958,0.496901467,0.698085784,0.702968614,0.541935493,0.507073717,0.350120507,0.131018689,-0.010498962,-0.011747211,0.000423815,0,0,0,0,-0.000228537,-0.01396534,0.134910725,0.638461912,0.895385829,0.925884476,0.952333731,0.942283845,0.896131935,0.883309819,0.889136093,0.906138712,0.937029116,0.523962045,0.043428947,-0.005985624,0,0,0,4.40E-05,-0.002511591,-0.015938232,0.571338933,1.065830236,0.845887533,0.507111928,0.252954963,0.128016578,-0.008081427,-0.000448157,0.019651229,0.215484018,0.610034382,0.968052373,0.627027384,-0.021003711,0,0,0,0.000528311,-0.021685202,0.232749234,0.915655722,0.643201372,0.119513745,-0.02601188,-0.026248468,-0.013069342,-0.00111826,-0.001563073,-0.00335049,-0.028890217,-0.016297794,0.645947151,0.900728976,-0.019647161,0,0,0,-0.011673393,0.069280246,0.779075844,0.766022944,0.02795064,-0.027076301,-0.002567572,0.000260417,3.79E-32,4.36E-18,0.000224206,-0.001588457,-0.034413943,0.175273165,0.856288824,0.799736303,-0.02086329,0,0,0,-0.041672985,0.35302211,0.992498638,0.326302083,-0.028845827,0.000262984,6.48E-05,-0.000421943,-0.000424496,-0.005011574,-0.020562587,-0.014128915,0.244652642,0.82922115,0.936585989,0.286640747,-0.017222563,0,0,0,-0.052333188,0.457466369,1.001889242,0.164858207,-0.054321777,-0.033300137,-0.032485019,-0.037620918,-0.045999653,-0.008127471,0.179386937,0.544131422,0.958495866,0.802095087,0.246020511,-0.015113687,-0.001856325,0,0,0,-0.036833802,0.303147263,1.001575997,0.798678054,0.388688096,0.280886378,0.26351154,0.365043284,0.446842593,0.591458487,0.991718013,0.945571708,0.559875596,0.075654242,-0.025224758,-0.002846738,0.000292756,0,0,0,-0.004399331,0.022599843,0.305492664,0.855486179,1.005860788,0.91980596,0.909449653,0.973682513,0.988597307,0.695406931,0.371166042,0.222959065,-0.026712469,-0.013636608,0.000698274,0,0,0,0,0,0.000606579,-0.004845384,-0.02779553,0.064292024,0.201425279,0.203854494,0.205084457,0.201806441,0.127329572,-0.000238086,-0.029772737,-0.024091725,-0.003018672,0.000518382,0,0,0,0,0,0,7.34E-06,-7.97E-06,-0.000450725,-0.007254289,-0.014986162,-0.014616404,-0.01461826,-0.01483415,-0.010983201,-0.003159365,-0.000702886,-0.000288246,2.94E-05,0,0,0,0,0,0,0,0,0,0,0,0,0,0,0,0,0,0,0,0,0,0,0,0,0,0,0,0,0,0,0,0,0,0,0,0,0,0,0,0,0,0,0,0,0,0,0,0,0,0,0,0,0,0,0,0,0,0,0,0,0,0,0,0,0
0,0,0,0,0,0,0,0,0,0,0,0,0,0,0,0,0,0,0,0,0,0,0,0,0,0,0,0,0,0,0,0,0,0,0,0,0,0,0,0,0,0,0,0,0,1.49E-18,0.0001386,-0.002443241,-0.00760874,-0.023250989,-0.02899148,-0.025337736,-0.008294245,-0.001390078,0.000163059,0,0,0,0,0,0,0,0,0,1.75E-05,0.000240196,-0.005123179,-0.007763799,0.027819989,0.176174088,0.230279735,0.195627894,0.034954819,-0.013620728,-0.007040356,3.68E-05,3.45E-05,0,0,0,0,0,0,5.70E-05,0.00013511,-0.017218086,0.015154173,0.501186713,0.781117188,0.893675807,0.942507404,0.914235158,0.775969182,0.421356413,0.034830984,-0.022565564,0.000203585,6.60E-05,0,0,0,0,0,7.49E-05,-0.011943934,0.060655025,0.607171211,1.027633708,1.021304534,0.820999489,0.731771599,0.799071061,1.004561168,1.011908684,0.777443491,0.157758221,-0.0261875,0.000658707,6.38E-05,0,0,0,0.000146753,-0.007810304,0.059359205,0.667756757,0.997990162,0.949871489,0.477351597,0.070836789,-0.03879536,0.044189679,0.370592176,0.829306509,1.017113205,0.800332738,0.163794986,-0.019886249,-0.000308926,0,0,0,0.000219672,-0.033036413,0.486697954,1.023548673,0.929270158,0.325260049,-0.019408079,-0.016955842,-0.00047654,-0.012228099,-0.031968019,0.096850974,0.657716257,1.052574243,0.679523002,0.035113448,-0.009154573,0,0,0,-0.016941421,0.116476665,0.833085172,1.011479575,0.415120524,-0.036075051,-0.006750408,0.000395731,0,0.000239992,-0.001375301,-0.019396786,0.017279463,0.696672641,1.038288552,0.359358584,-0.020700572,0,0,0,-0.045803269,0.388928122,1.044272348,0.805498843,0.076367562,-0.015559955,0.000234035,0,0,0,0,-0.000144301,-0.03215385,0.271164335,1.002297913,0.728111692,-0.020610703,0,0,0,-0.050302067,0.432732128,1.067429245,0.565666667,-0.033186394,-0.0007729,-0.010186036,-0.006697219,0.000229779,2.30E-05,-2.44E-16,0.000600643,-0.034630719,0.145955593,0.900837418,0.880602214,-0.020615298,0,0,0,-0.049688965,0.428461686,1.045007438,0.396917858,-0.027913705,-0.00725052,0.095103656,0.055732486,-0.02297692,-0.020358456,-0.020577535,-0.027774612,0.059445381,0.528233915,1.011799139,0.738478609,-0.020722018,0,0,0,-0.049485182,0.428212738,1.022492849,0.223402837,-0.032661768,0.354131999,0.85992056,0.745942566,0.332900463,0.233669371,0.415703919,0.434576658,0.767409027,1.015430425,1.032596307,0.408387927,-0.020726835,0,0,0,-0.050276385,0.43374423,1.051749455,0.431985498,-0.050867715,0.578668504,1.061884532,1.037999421,1.031510825,1.031207125,1.043573489,1.046771855,1.019904582,0.785522416,0.502878234,0.070756628,-0.00907884,0,0,0,-0.037957279,0.31578685,0.99158524,0.613904003,-0.047197712,0.149148628,0.427509702,0.495529054,0.543462112,0.417897161,0.422780563,0.427430096,0.365313674,0.103835955,-0.033213831,-0.00983864,0.000834014,0,0,0,-0.020872773,0.153358388,0.879569938,0.871250238,0.181519778,-0.012388135,-0.022946793,-0.012187006,-0.006944904,-0.021267412,-0.020425669,-0.020317759,-0.023078295,-0.017118873,-0.001413909,0.00024948,0,0,0,0,-0.001362765,-0.007686206,0.315969924,0.90641825,0.608371375,0.018976856,-0.008461669,-0.002016187,-0.002445619,-0.001285999,-0.001348039,-0.001373928,-0.000977431,-1.75E-05,5.51E-06,0,0,0,0,0,0.00027337,-0.002282316,-0.02057818,0.159483562,0.135742377,-0.001244655,-0.001108292,0,0,0,0,0,0,0,0,0,0,0,0,0,0,0.000150633,-0.001425824,-0.016800109,-0.013198019,-0.000403061,0.000151484,0,0,0,0,0,0,0,0,0,0,0,0,0,0,0,0,0,0,0,0,0,0,0,0,0,0,0,0,0,0,0
0,0,0,0,0,0,0,0,0,0,0,0,0,0,0,0,0,0,0,0,0,0,0,0,0,0,0,0,0,0,0,0,0,0,0,0,0,0,0,0,0,0,0,7.95E-05,9.09E-05,-0.015773511,-0.038771758,-0.050732837,-0.043076923,-0.031813624,-0.02223187,-0.005436794,0.000693187,0,0,0,0,0,0,0,0,2.14E-05,0.000533509,-0.006496068,-0.034917756,0.106143127,0.327104099,0.440839584,0.368507251,0.262212112,0.1695,0.009292313,-0.045711141,-0.016105341,-0.005070364,-0.000394148,5.06E-05,0,0,0,0,-0.000145016,-0.008444621,0.06643876,0.547394421,0.849817862,0.953783718,1.022006373,0.972277267,0.897675688,0.862867732,0.765770663,0.662942739,0.228777148,0.027732911,-0.021758017,-0.001290135,0.000227467,0,0,0,-0.003393076,-0.01653943,0.50843447,1.026660488,0.606618617,0.194860294,0.097182273,0.11263123,0.121753268,0.372402488,0.677080167,0.817479889,0.937617545,0.79732404,0.237087129,-0.013987966,-0.00025641,2.90E-18,0,0,-0.001138344,-0.017895316,0.275247889,0.654769829,0.023967354,-0.02041585,-0.009447332,-0.009981005,-0.010017463,-0.026317538,-0.012384685,0.047737217,0.323855733,0.791697389,0.873582567,0.156353333,-0.023951735,0.000231481,0,0,-0.003080286,-0.004072017,0.390847244,0.30230331,-0.016633206,-0.000710937,0,0,0,0.000295544,-0.002761812,-0.011126793,-0.037852819,0.099407009,0.870153377,0.559030886,-0.004205498,-0.004742299,0,0,-0.012426471,0.071473238,0.766573955,0.285262766,-0.030222069,-0.000224877,0,0,0,0,0,0.000122294,-0.002024612,-0.030877587,0.45500851,0.814826559,0.064299254,-0.012319581,0,0,-0.01369281,0.079955974,0.831740451,0.336752979,-0.040417569,-0.000403084,5.14E-05,0,0,0,0,0,-0.000585172,-0.030135825,0.359855835,0.851694751,0.076066915,-0.013551539,0,0,-0.008239379,0.025530553,0.687794918,0.816404531,0.099745132,-0.021273267,0.000989615,2.13E-05,0,0,0,0,-0.000613256,-0.029789454,0.363107213,0.849357894,0.075360819,-0.013475456,0,0,-0.001089835,-0.016167859,0.236640778,0.898624081,0.740321351,0.132144489,-0.030404098,-0.001265489,0.000127655,0,0,0,-0.001168811,-0.022952921,0.435243226,0.715742273,0.032853023,-0.008897399,0,0,0.000163059,-0.001355864,-0.022301883,0.224578747,0.908710458,0.791403513,0.124577896,-0.030527224,-0.002671416,0.000425584,0,0,-0.002704384,-0.004128195,0.61130634,0.620424293,0.004196345,-0.005825962,0,0,0,0.000232359,-0.002140268,-0.027692896,0.208753132,0.836438521,0.835564524,0.273466265,-0.016923832,-0.008634906,-0.000309641,8.19E-05,-0.002638736,-0.006808381,0.632264927,0.492588065,-0.02466899,-0.00239311,0,0,0,0,7.02E-05,-0.001749506,-0.013159024,0.142692742,0.737833693,0.946377179,0.443684283,0.020026229,-0.022217405,-0.004869247,-0.021941381,0.153111537,0.805948955,0.239101682,-0.031644246,0.000221269,0,0,0,0,0,0.00028125,-0.00104953,-0.025919084,0.024157308,0.482171824,0.955180028,0.719284195,0.219761336,-0.02683725,0.025049207,0.645574602,0.645342065,0.007000613,-0.004531002,0,0,0,0,0,0,0,1.53E-05,0.000236417,-0.009392656,-0.008094856,0.313036492,0.914294645,0.911210138,0.64163915,0.715951151,0.894134736,0.19178302,-0.017946487,0.000388896,0,0,0,0,0,0,0,0,0,0.000478397,-0.003738331,-0.032499847,0.129997571,0.51105314,0.729960046,0.446791933,0.127601708,-0.011754413,-9.60E-05,0,0,0,0,0,0,0,0,0,0,0,0.000124592,-0.000964222,-0.015688317,-0.020993158,-0.020796475,-0.020696147,-0.017451661,-0.001249319,0.000145016,0,0,0,0,0,0,0,0,0,0,0,0,0,0,0,0,0,0,0,0,0,0,0
0,0,0,0,0,0,0,0,0,0,0,0,0,0,0,0,0,0,0,0,0,0,0,0,0,0,0,0,0,0,0,0,0,0,0,0,0,0,0,0,0,0,0,0,0,0,0,0,0,0,0,0,0,0,0,0,0,0,0,0,0,0,0,0,0,0,0,0,0,9.19E-06,-4.60E-06,-0.000780739,-0.00465564,-0.010419424,-0.005882608,-0.003220792,-0.000465022,6.85E-05,0,0,0,0,0,0,0,0,0,0,5.79E-05,0.000154105,-0.012995711,-0.024151722,0.02376296,0.120602022,0.042606192,0.004143144,-0.003791071,0.000336717,0,0,0,0,0,0,0,4.58E-32,4.41E-18,0.000132485,2.68E-05,-0.032897467,0.062981805,0.336979609,0.719568403,0.882107537,0.780582755,0.621976001,0.099184879,-0.019744813,0.00047658,0,0,0,0,0,0,0.000110635,-0.000832312,-0.016526368,-0.027835801,0.312478843,0.747064917,0.996840686,0.992737862,0.955165169,1.04129633,1.007094312,0.501697695,0.003653337,-0.005004085,0,0,0,0,2.32E-05,0.000953487,-0.012403795,-0.03567982,0.16898352,0.491503472,0.920960468,1.057261187,0.896955825,0.396376921,0.395321872,0.296203087,0.806344268,0.974068882,0.122341886,-0.018595349,0,0,0,4.65E-05,-0.000316636,-0.013081376,0.076808772,0.34209295,0.841730005,1.028901382,1.007365094,0.645024578,0.181070074,-0.018476978,-0.02405753,-0.014535488,0.672969431,1.033735686,0.142912437,-0.020711465,0,0,0.000260417,-0.001383046,-0.020491132,0.006277693,0.499281795,0.986598601,1.008319762,0.975591639,0.518946964,0.029015336,-0.019103162,0.000366628,-0.015271786,0.022500391,0.84246092,0.778944972,0.062219437,-0.012026825,0,0,-0.001223788,-0.005334373,0.153668096,0.737769455,1.002015404,1.027803002,0.903483399,0.258390285,-0.025940564,-0.011649578,0.00080079,-0.022528281,0.010621204,0.539058841,1.027978843,0.666944036,0.026073642,-0.008218614,0,0,-0.015457346,0.095246066,0.851788807,1.001236894,1.002633936,0.888595418,0.304501787,-0.01480627,-0.025563249,-0.020521446,-0.030372072,0.116466359,0.623809777,1.003196436,0.948513021,0.340504528,-0.010672414,-0.002446215,0,0,-0.01824732,0.117823203,0.961273695,1.03961941,1.011701113,0.897999946,0.615135111,0.374583571,0.371434494,0.615155534,0.620629306,0.784912281,0.797229169,0.967016615,0.562345043,0.014056466,-0.008656703,0.000301659,0,0,-0.001994826,-0.007993967,0.278233967,0.623733167,0.89329359,1.040958078,1.029744014,1.029229184,1.029799207,1.038546313,0.986214563,0.578967939,0.229730307,0.233676556,0.032056015,-0.007297283,0.000464718,0,0,0,0.000212759,0.000440769,-0.029454453,-0.023377264,0.195472086,0.452397161,0.702684664,0.727537446,0.723723788,0.735788909,0.636034688,0.03034966,-0.034930981,-0.02236392,-0.004384106,0.000334457,0,0,0,0,0,0,0.000311428,-0.003781199,-0.024157782,-0.019224503,0.010830514,0.01376714,0.013276774,0.013427662,0.011888565,0.001362664,-0.000218205,0,0,0,0,0,0,0,0,0,4.60E-07,1.91E-05,-0.000154412,-0.001533292,-0.003899454,-0.004132302,-0.004095027,-0.004157067,-0.003639042,-0.000411826,6.64E-05,0,0,0,0,0,0,0,0,0,0,0,0,0,0,0,0,0,0,0,0,0,0,0,0,0,0,0,0,0,0,0,0,0,0,0,0,0,0,0,0,0,0,0,0,0,0,0,0,0,0,0,0,0,0,0,0,0,0,0,0,0,0,0,0,0,0
0,0,0,0,0,0,0,0,0,0,0,0,0,0,0,0,0,0,0,0,0,0,0,0,0,0,0,0,0,0,0,0,0,0,0,0,0,0,0,0,0,0,0,0,0,0,0,0,0,0,0,0,0,0,0,0,0,0,0,0,0,0,0,0,4.50E-05,-0.000183364,-0.002928105,-0.003231829,-0.006767055,-0.020915084,-0.028741115,-0.042581495,-0.038808599,-0.023920956,-0.010196538,-0.001428462,0.000136029,0,0,0,0,0,0,9.74E-05,-0.000450061,-0.017965227,-0.001027948,0.000866625,0.057315274,0.306036084,0.448735907,0.70018556,0.63164462,0.360954299,0.113135161,-0.017722682,-0.007325674,0.000770454,0,0,0,0,1.40E-17,0.000303615,-0.023175551,0.147433909,0.595379289,0.660887686,0.810993873,1.004998332,1.033223414,1.076949159,1.061228802,1.008717967,0.931372226,0.448362677,0.000858047,-0.008594228,0.000459559,0,0,0,0.000509559,-0.01839934,0.178124694,0.816584321,1.027886659,1.034073978,1.036122038,0.880216963,0.630937704,0.451138123,0.542567483,0.843025071,1.013964546,0.97188608,0.4406258,0.007845685,-0.004818559,0,0,0,-0.01927581,0.141882958,0.78181843,1.025226975,0.858931556,0.66973104,0.317911299,0.111346595,0.016235766,-0.040712975,-0.015662104,0.10639339,0.523073475,1.010548677,0.842603101,0.067041397,-0.014251525,0,0,0,-0.025877054,0.199998604,0.9058141,0.986883459,0.753118856,0.444638722,0.232748877,0.005802237,-0.011736894,-0.000956733,-0.004142717,-0.020859511,0.027736537,0.785978639,1.026296075,0.265322908,-0.020588235,0,0,0,-0.009760711,0.054300926,0.677447917,1.019566857,0.9738173,0.889539477,0.87152434,0.153201797,-0.023289828,0,0,-0.00234329,-0.009064849,0.546310202,1.041535641,0.493140856,-0.02067419,0,0,0,0.001533162,-0.047315955,0.513598175,1.016065615,0.932730869,0.333828251,0.582238715,0.156037769,-0.021012255,0,0,-0.003465635,0.005224197,0.661077955,1.028141799,0.325107211,-0.020424837,0,0,0,-0.010268232,0.054523812,0.796533054,0.706377689,0.298483779,0.065194091,0.016236809,0.014343512,-0.001643689,0,0,-0.004233098,0.016458878,0.712392123,1.024190615,0.128205077,-0.020385689,0,0,0,-0.02528872,0.197534837,0.895051941,0.444551401,-0.079775284,-0.008548901,-0.005173046,-0.002388814,0.000293506,0,0.000253843,-0.013478762,0.127521673,0.956500669,0.816266221,0.074939266,-0.013439458,0,0,0,-0.01792059,0.126733286,0.843402914,0.792790577,0.110249796,-0.016813165,-0.000209184,5.11E-06,6.53E-19,0.000105699,-0.002516866,-0.022198649,0.41879005,1.027426828,0.607280501,0.014399688,-0.006755344,0,0,0,-0.001383556,-0.012724963,0.405329895,1.015600507,0.638801658,0.033451126,-0.019346575,-0.002215244,-0.002734375,-0.005995711,-0.036489085,0.232226426,0.859630242,0.885949244,0.206558909,-0.01956239,-0.000557598,0,0,0,0.000300844,-0.006048866,0.002107945,0.617152948,1.005605664,0.600841877,0.038879783,-0.03321972,-0.027521191,-0.020738954,0.343233188,0.876709797,1.030425671,0.381767072,-0.03046732,-0.000913232,0.000119485,0,0,0,0,-0.000249592,-0.01128736,0.109582806,0.721792075,1.031317941,0.725449517,0.605214971,0.606781897,0.637315496,0.965569738,0.948729337,0.535708435,0.040849469,-0.005981771,0.000117402,0,0,0,0,0,5.63E-05,-0.00079104,-0.011659074,0.055694071,0.54555113,0.951174296,0.998507976,1.050299536,0.993080048,0.629616817,0.260865334,-0.008316722,-0.009295279,0.000395316,0,0,0,0,0,0,0,0.000140931,-0.000278969,-0.014387766,-0.016426664,0.158196657,0.290883885,0.45365094,0.263390438,0.005077589,-0.022371153,-0.005491388,0.00021344,2.14E-05,0,0,0,0,0,0,0,0,0,0.000178717,-0.0004051,-0.015693934,-0.027329282,-0.041607094,-0.024917875,-0.002290469,0.000417007,0,0,0,0,0,0
0,0,0,0,0,0,0,0,0,0,0,0,0,0,0,0,0,0,0,0,0,0,0,0,0,0,0,0,0,0,0.000199993,-0.002143757,-0.006340786,-0.00674326,-0.004273557,-3.20E-05,2.25E-05,0,0,0,0,0,0,0,0,0,0,0,0.000119848,0.00030492,-0.028122019,-0.029782061,0.009190272,0.012730728,-0.010072357,-0.024004525,0.00132995,0,0,0,0,0,0,0,0,0,4.24E-05,9.58E-05,-0.005290901,-0.033093461,0.198140608,0.49024103,0.611519285,0.624203806,0.548194002,0.190240009,-0.026702614,0.000978201,3.63E-05,0,0,0,0,0,0,5.36E-05,-0.000383306,-0.023683961,0.015712946,0.474597733,0.932074483,1.031746647,0.997488433,1.005979745,1.063582959,0.812042313,0.148510076,-0.020443469,2.47E-05,0,0,0,0,0,7.84E-18,0.000813589,-0.01945687,0.148855598,0.692987473,1.045176743,0.772722256,0.279214614,0.084298269,0.147816534,0.634404497,1.055428224,0.635477431,0.01865777,-0.007361962,0,0,0,0,3.93E-05,0.000265693,-0.025182377,0.132101801,0.830137411,0.922527114,0.507660284,0.05203331,-0.025567725,-0.008884982,-0.022023642,0.066539692,0.884996647,0.834589308,0.079325343,-0.013918845,0,0,0,0,0.000260028,-0.019172832,0.08437331,0.711199944,0.917287532,0.237652528,-0.024202557,-0.012294087,0.000446323,1.95E-05,-0.002784385,-0.004408639,0.608493709,1.027231445,0.137979836,-0.020222711,0,0,0,0.000156537,-0.006830729,0.038913211,0.654308909,1.048333248,0.567464925,-0.037827819,-0.003847699,0.000191142,1.48E-05,1.35E-05,-0.003906097,0.005641204,0.762577444,0.943729116,0.113414914,-0.017576083,0,0,6.74E-05,-0.000978558,-0.02964488,0.492553105,1.010281114,1.024132915,0.401073726,-0.020660914,0,0,0,0.000677918,-0.02184535,0.204318049,0.95852645,0.807563283,0.070719549,-0.013022706,0,0,-4.22E-05,-0.02801761,0.22503765,0.922203857,1.016599605,0.588333827,0.06062173,-0.007387493,0,4.74E-32,0.000204248,-0.008410583,0.019091776,0.635498809,1.051596575,0.508025991,-0.014125545,-0.003598005,0,0,-0.006745643,0.014963923,0.598168573,1.036474026,0.890414777,0.18387146,-0.033226988,0.000475899,0,0.000395731,-0.006407441,-0.033469522,0.358034501,0.994878183,0.85533187,0.132427458,-0.021761445,0.000253268,0,0,-0.018146767,0.118634362,0.942984931,1.022005727,0.939512182,0.260491198,-0.048983089,-0.003462761,0.000645714,-0.017440942,-0.01753803,0.255228435,0.929811548,0.980046319,0.308309061,-0.026208369,0.000530874,0,0,0,-0.012487915,0.095718835,0.505717269,0.767383459,1.03604005,0.676037105,0.124588633,-0.014687636,-0.04176685,0.077022076,0.462402693,0.934032585,1.010827019,0.527559555,-0.016359205,-0.003199483,0.000142677,0,0,0,0.000232162,-0.000439648,-0.040762783,0.24715208,0.878380021,1.035092031,0.868366642,0.678643059,0.574133017,0.790130191,1.015604745,0.993989272,0.507742919,0.046972614,-0.009234698,-7.30E-06,0,0,0,0,8.88E-05,-0.000809894,-0.003208589,-0.013851528,0.226174615,0.666718359,0.920710003,1.008170735,1.03407581,0.93859072,0.736065615,0.360487427,-0.002107162,-0.01091476,0.000425551,2.48E-05,0,0,0,0,0,0,0.000126685,-0.000708895,-0.022030756,0.018872583,0.195136222,0.329847954,0.376307547,0.229959746,0.040599026,-0.031908351,-0.002719346,7.19E-05,2.21E-05,0,0,0,0,0,0,0,0,0,0.000591089,-0.006073947,-0.025363978,-0.039510008,-0.044357344,-0.028983327,-0.008656394,0.000816448,2.04E-05,0,0,0,0,0,0,0,0,0,0,0,0,0,0,0,0,0,0,0,0,0,0,0,0,0,0,0,0,0,0,0,0,0,0,0,0,0,0,0,0,0,0,0,0,0,0
0,0,0,0,0,0,0,0,0,0,0,0,0,0,0,0,0,0,0,0,0,0,0,0,0,0,0,0,0,0,9.36E-05,-0.000694444,-0.005419333,-0.018924462,-0.006553309,0.000494621,1.43E-05,0,0,0,0,0,0,0,0,0,0,0,1.83E-05,0.000397456,-0.006665546,-0.019774979,0.002888178,0.125582681,0.020096307,-0.018812829,-0.001851331,0.00027337,0,0,0,0,0,0,0,0,0,0,0.000131127,-0.006650174,0.020756383,0.223510672,0.558920414,0.968569291,0.527577308,0.079253149,0.000808228,-0.001839866,8.53E-05,0,0,0,0,0,0,0,0,0.001034609,-0.012853094,0.002076797,0.533311326,0.892973397,1.028217561,1.012564032,0.969253625,0.762245983,0.245952274,-0.013934511,-0.001301403,0,0,0,0,0,0,1.94E-18,0.000629766,-0.014600251,0.013779208,0.521324857,1.000218376,1.024014536,0.848701813,0.871990928,1.015514297,1.040409365,0.516587452,-0.018190351,-0.003349333,0,0,0,0,0,0,-1.78E-17,-0.006753813,0.041385577,0.538062228,0.976740877,1.019833929,0.807145306,0.175247527,0.198735532,0.87442373,1.046757404,0.517412582,-0.018069585,-0.003359886,0,0,0,0,0,0,0.000295544,-0.023201935,0.329129462,0.995289854,1.004377166,0.788211566,0.18701495,-0.055023204,0.159303568,0.854310838,1.044957384,0.514822487,-0.017906165,-0.003349673,0,0,0,0,0,0.001170956,-0.011130651,-0.026335989,0.513286318,1.020773318,0.992330542,0.187129102,-0.028976988,-0.051016367,0.43007101,1.039421586,1.02323669,0.516631042,-0.017832284,-0.003370609,0,0,0,0,0,-0.019369179,0.136483677,0.616936377,0.948897042,0.842389774,0.402393604,-0.007146923,-0.001174275,-0.05322123,0.410927492,1.036824942,1.014954827,0.498164028,-0.01776757,-0.003217082,0,0,0,0,1.77E-18,-0.030016544,0.211592218,0.971477465,0.964571427,0.519370132,0.004401535,-0.008759719,-0.006555879,0.000167424,0.617044986,1.048245438,0.837838457,0.129666548,-0.016731635,-0.000132591,0,0,6.13E-05,0.000287391,-0.009131944,-0.025989685,0.033625119,0.471018893,0.311959256,0.048108728,-0.010663484,-0.000533105,-0.032581206,0.247337332,0.957033412,1.017780893,0.69664265,0.069686053,-0.011689546,2.09E-05,0,0,0.000466756,-0.009816287,0.032189373,0.122928336,0.370600363,0.272777659,0.015270966,-0.032941075,-0.010201072,-0.051720748,0.199049349,0.799521518,1.014526144,0.911856087,0.345867338,-0.015612236,-0.000740783,0,0,0,-0.010616149,0.053051037,0.693451287,0.926594839,0.600222035,0.749976171,0.7242777,0.128763617,0.036074312,0.437455338,0.810149425,1.038508656,0.775214971,0.164209048,0.007816159,-0.00321955,0.000167135,0,0,0,-0.0219904,0.154630569,1.049888855,0.988307462,1.018048152,1.013171126,0.994371662,0.835317862,0.767306356,1.029574074,1.02672069,0.778061399,0.13854473,-0.03648046,-0.001766323,0.000205525,0,0,0,0,-0.017835818,0.114495281,0.946206682,1.015166633,0.979726137,0.983846337,0.985150931,1.033544305,1.057434692,1.028844482,0.755026876,0.155699965,-0.026421484,0.001236979,0,0,0,0,0,0,-0.003747106,0.009120348,0.314178326,0.717405535,0.999982809,1.012226307,0.978925815,0.646246851,0.507041854,0.495996409,0.180434011,-0.018552699,-0.001269489,3.45E-05,0,0,0,0,0,0,0.000345991,-0.002321353,-0.021451785,0.042615262,0.140443928,0.143473666,0.133223226,0.025217225,-0.021941064,-0.018494507,-0.01220257,-0.000678542,0.000167135,0,0,0,0,0,0,0,1.19E-05,5.66E-05,-0.001341742,-0.010014297,-0.020401688,-0.020755379,-0.019634001,-0.007986962,-0.002954282,-0.003145255,-0.000892055,0.000110065,0,0,0,0,0,0,0,0,0,0,0,0,0,0,0,0,0,0,0,0,0,0,0,0,0,0,0
0,0,0,0,0,0,0,0,0,0,0,0,0,0,0,0,0,0,0,0,0,0,0,0,0,0,0,0,0,0,0,0,0,0,0,0,0,0,0,0,0,0,0,0,0,0,0,0,0,0,0,0,0,0,0,0,0,0,0,0,0,0,0,0,0,0,0,0,0,2.02E-05,-9.69E-05,-0.001152574,-0.001491582,-0.002716912,-0.003612745,-0.001335069,-0.000163143,2.57E-05,0,0,0,0,0,0,0,0,0,0,5.70E-05,0.000145221,-0.012779888,-0.020453431,-0.019044203,-0.003619485,0.006765829,-0.016477158,-0.00522932,0.000622478,0,0,0,0,0,0,0,1.58E-31,9.36E-05,0.000547776,-0.014276518,-0.052124762,0.081324142,0.380052866,0.442595322,0.580406029,0.68223572,0.383386115,0.047030978,-0.012624434,0.000442538,0,0,0,0,5.31E-05,-0.000166803,-0.008769404,-0.018235805,-0.026628721,0.135785403,0.510807802,0.771895952,1.019333504,1.039234948,0.948101631,0.970420922,1.001458384,0.464030007,0.002835188,-0.004616013,0,0,0,0.00021479,-0.001301618,-0.018359015,0.032330011,0.09623794,0.428637311,0.887263768,1.019242744,0.807125983,0.392082739,0.285658242,0.122170315,0.162490115,0.730596524,0.961547736,0.115277652,-0.017868887,0,0,6.28E-05,-0.001361084,-0.005569683,0.1531731,0.670778901,0.928973618,0.975635998,0.791588678,0.372209235,0.080218393,-0.028221082,-0.020284198,-0.018780552,-0.040511574,0.413669798,1.035664862,0.138826332,-0.020272501,0,0,5.11E-07,-0.020460081,0.153241388,0.783933245,1.043576712,0.851812653,0.306512355,0.088144267,-0.03442533,-0.010419407,0.000657424,0.000234805,-0.006207823,0.009124472,0.749981345,0.832290594,0.074572684,-0.01344601,0,0,-0.012616251,0.067827494,0.786999523,0.950084525,0.460694036,0.02309421,-0.025414391,-0.017976307,1.47E-05,0.000154412,0.000263821,-0.002565835,-0.032759038,0.4115617,1.009439083,0.411045786,-0.021157719,-0.002181373,0,0,-0.021616115,0.150767243,1.06079902,0.739365145,0.075216639,-0.028565751,-0.008410192,-0.006405739,-0.008611622,-0.010245268,-0.021466673,-0.018166606,0.268343103,0.903044492,0.677598141,0.041279395,-0.010547929,0.000182292,0,0,-0.014727624,0.088544691,0.831916351,1.008648326,0.641898924,0.171979298,0.028827219,0.009202896,0.030386705,0.036239316,0.209312061,0.579627695,0.903510269,0.643980813,0.073881823,-0.014960713,0.000809125,0,0,0,9.11E-05,-0.017941839,0.126656199,0.624047743,1.006449755,0.833329657,0.670991568,0.627050637,0.688761727,0.755846082,0.947101358,0.689928339,0.344647842,0.015694019,-0.017603656,0.000383306,2.85E-05,0,0,0,2.98E-05,0.001313389,-0.019261029,0.02089345,0.382229847,0.464751651,0.668370107,0.768792994,0.745042994,0.49547149,0.331062789,0.009886725,-0.037615571,-0.003132234,0.000605086,0,0,0,0,0,0,0,0.00048223,-0.007260927,-0.021060049,-0.018806015,0.003392255,0.014442964,0.012299377,-0.016552577,-0.02503365,-0.008329206,0.000599639,0,0,0,0,0,0,0,0,0,6.43E-06,-2.14E-05,-0.001132353,-0.001519455,-0.003294046,-0.004187347,-0.004015778,-0.001720027,-0.000716146,5.34E-05,2.55E-06,0,0,0,0,0,0,0,0,0,0,0,0,0,0,0,0,0,0,0,0,0,0,0,0,0,0,0,0,0,0,0,0,0,0,0,0,0,0,0,0,0,0,0,0,0,0,0,0,0,0,0,0,0,0,0,0,0,0,0,0,0,0,0,0,0,0
0,0,0,0,0,0,0,0,0,0,0,0,0,0,0,0,0,0,0,0,0,0,0,0,0,0,0,0,0,0,0,0,0,0,0,0,0,0,0,0,0,0,0,0,0,0,0,0,0,0,0,0,0,0,0,0,0,0,0,0,0,0,0,0,0,0,2.09E-05,-7.08E-05,-0.001572253,-0.003828687,-0.004668147,-0.00912306,-0.011717062,-0.009157935,-0.002107945,0.000138378,6.74E-06,0,0,0,0,0.000367647,-0.002083894,-0.022916667,-0.009237132,-0.000984988,-0.020327138,-0.03083583,-0.016622055,0.00959118,0.0213061,0.095662548,0.138654169,0.09545624,-0.008405603,-0.015833197,0.000825878,0,0,0,0,-0.002183755,0.011113387,0.149968937,0.031135536,-0.041253745,0.123465159,0.236392558,0.441233575,0.705517344,0.787046313,0.925917926,1.006609443,0.925488103,0.473681475,0.066300739,-0.019184317,0.001185999,1.28E-05,0,0,-0.016498162,0.108076617,0.86968316,0.674336959,0.574964342,0.83921858,0.983918919,0.992877162,0.980812891,0.809446129,0.707462112,0.707023477,0.866002502,1.030173424,0.676948597,0.091528527,-0.014747921,9.79E-05,0,0,-0.015750819,0.095970418,0.878418803,1.032458607,0.931379292,0.748980762,0.53281507,0.177808691,0.119517821,0.070202499,0.039982573,0.036969117,0.110560023,0.491501383,1.039955448,0.547343277,-0.000432886,-0.005044128,0,0,-0.011601137,0.058161561,0.778626787,0.638133187,0.165929347,-0.012286629,-0.022773905,-0.019303343,-0.018780807,-0.012912922,-0.009641544,-0.009783709,-0.021631298,0.027743192,0.8784247,0.773783327,0.058585565,-0.011701729,0,0,-0.011893893,0.060878531,0.80104662,0.391969312,-0.042814185,-0.001867919,0.000193633,0,0,0,0,0,-0.00369567,0.008122055,0.697128813,0.888984069,0.095166065,-0.015588406,0,0,-0.0075,0.019672251,0.670981005,0.56618653,-0.009674717,-0.002280076,0,0,0,0,0,0,-0.003566585,0.006221337,0.692943321,0.842001311,0.079759029,-0.013927185,0,0,-0.001621902,-0.030253608,0.445899391,0.802544526,0.023568066,-0.004661612,0,0,0,0,0,0,-0.005746528,0.036413058,0.878752213,0.691551522,0.031503251,-0.008788637,0,0,-9.83E-05,-0.032521369,0.279137469,0.921574606,0.270596609,-0.023623527,0.000546739,0,0,0,2.04E-05,0.000787158,-0.023615782,0.172070764,1.015339451,0.4847459,-0.022154021,-0.002713913,0,0,2.55E-05,-0.009644633,0.048263055,0.754167688,0.622809079,-0.014433841,-0.00692644,0.000303309,0,8.87E-19,0.00017276,-0.00964657,0.024962793,0.659823751,0.879591265,0.16316265,-0.019916636,-0.000153186,0,0,0,0.000681994,-0.030920224,0.375539743,0.962544373,0.425007881,-0.01685894,-0.026106618,-0.017623162,-0.01771201,-0.027362915,-0.010700287,0.515425875,0.993331921,0.380785982,-0.001850252,-0.00264818,2.55E-05,0,0,0,2.20E-05,-0.006710682,0.055471678,0.754129136,0.996761438,0.455048629,0.122727958,0.103980682,0.104461261,0.124349605,0.467567228,0.98695241,0.587840482,-0.009114498,-0.006715329,0.000440259,0,0,0,0,0,-0.000365554,-0.011309521,0.146491149,0.672752638,0.975417329,0.860476528,0.810541207,0.815125136,0.84028079,0.908167778,0.510019233,0.050667654,-0.009649254,1.03E-05,0,0,0,0,0,0,8.56E-05,-0.000169785,-0.021885013,0.035005996,0.216860977,0.515884986,0.677128514,0.656478809,0.396307173,0.109211604,0.003550134,-0.014868738,0.000820594,2.57E-05,0,0,0,0,0,0,0,6.74E-05,0.000191823,-0.009389808,-0.019197478,-0.020785165,-0.020676232,-0.02079793,-0.020075402,-0.016705223,-0.005225354,0.0004936,0,0,0,0,0,0,0,0,0,0,0,0,0,0,0,0,0,0,0,0,0,0,0,0,0
0,0,0,0,0,0,0,0,0,0,0,0,0,0,0,0,0,0,0,0,0,0,0,0,0,0,0,0,0,0,0,0,0,0,0,0,0,0,0,0,0,0,0,0,0,0,0,0,0,0,0,0,0,0,0,0,0,0,0,0,0,0,0,0,0,0,0,0,8.58E-06,-2.22E-05,-0.001401961,-0.003688368,-0.007405069,-0.020317606,-0.020876021,-0.018267821,-0.00410146,0.000529534,0,0,0,0,0,0,0,0,0,0.000146753,-0.000351818,-0.018723005,-0.018622141,0.006472512,0.065230678,0.295775548,0.305601801,0.258368634,0.029580031,-0.011754107,0.000588235,0,0,0,0,0,0,1.30E-19,0.000144676,-0.000743447,-0.018511438,0.120744894,0.417857128,0.710485856,0.883966682,0.988166956,0.993250732,0.977884906,0.472428871,-0.003948626,-0.004119519,0,0,0,0,1.48E-05,0.000215652,-0.004549292,-0.012776246,-0.027484272,0.207011795,0.78782547,1.031728996,1.036589767,0.983327287,0.935038552,0.949020408,0.997400582,0.979538926,0.130994201,-0.019460955,0,0,0,0,4.43E-06,-0.001894593,0.012791859,0.038946197,0.397604524,0.946984886,0.990803049,0.89096463,0.815037283,0.329380322,0.089057281,0.291601613,0.989046869,0.842645649,0.085347345,-0.01453569,0,0,6.74E-05,-9.48E-05,-0.007061172,-0.036929551,0.362368141,0.754712027,0.999175448,0.996033139,0.498111962,0.13505913,-0.031895697,-0.018582746,-0.043059981,0.241109937,1.007601137,0.704983456,0.039498492,-0.0096218,0,0,-5.00E-05,-0.005723269,0.032530007,0.467627791,0.900753047,1.035616285,0.80203535,0.264612234,0.035207976,-0.019374064,0.000965942,-0.012193143,0.050023352,0.686159518,1.038974775,0.493198836,-0.016027679,-0.003313589,0,0,-0.013545752,0.081506257,0.758826661,0.993315308,1.032845571,0.59072406,0.070901614,-0.033344533,-0.008440921,0.000509191,-0.001210716,-0.019030767,0.278935338,0.949342184,0.853770765,0.132935526,-0.022099588,0.00027982,0,0,-0.017408599,0.111224624,0.927791309,1.018889553,0.917450521,0.24451571,-0.042095716,-2.65E-05,1.39E-05,0.000321895,-0.01549326,0.044073808,0.768782186,1.027993685,0.480517923,-0.01873046,-0.001276956,6.13E-06,0,0,-0.008208491,0.028443911,0.641961158,1.033964287,0.635884459,-0.007029626,-0.005342911,0.000195671,0.000571522,-0.010959161,-0.024356359,0.391969769,1.014697882,0.745359766,0.043351847,-0.008286301,0.000253843,0,0,0,0.000280842,-0.029701908,0.203871375,0.919313317,0.916383885,0.240116013,-0.0432063,-0.019452717,-0.028290407,0.024849792,0.411776331,0.99310145,0.916844533,0.204254579,-0.028682598,7.05E-05,0,0,0,0,0,-0.006328319,0.020702802,0.676022008,1.044652761,0.864562534,0.444921392,0.251028544,0.344825725,0.714251821,0.989438402,0.972948939,0.388460138,0.004570993,-0.004912343,3.57E-05,0,0,0,0,0,0.000515674,-0.013805896,0.10937226,0.58829856,0.903443968,0.992097584,0.976405893,0.9860489,1.020926368,0.954173083,0.388101501,-0.021573563,-0.005454538,0.000577512,0,0,0,0,0,0,1.59E-05,0.000304688,-0.011927458,0.017732588,0.183047505,0.343170971,0.354485277,0.351449295,0.356349214,0.266680692,0.002892106,-0.006192385,0.000134293,4.60E-06,0,0,0,0,0,0,0,2.08E-05,0.000293914,-0.005537483,-0.024044678,-0.04070115,-0.041710489,-0.041482206,-0.042307692,-0.032935877,-0.002886246,0.000534018,0,0,0,0,0,0,0,0,0,0,0,0,0,0,0,0,0,0,0,0,0,0,0,0,0,0,0,0,0,0,0,0,0,0,0,0,0,0,0,0,0,0,0,0,0,0
0,0,0,0,0,0,0,0,0,0,0,0,0,0,0,0,0,0,0,0,0,0,0,0,0,0,0,0,0,0,0,0,0,0,0,0,0,0,0,0,0,0,0,0,0,0,0,0,0,0,0,0,0,0,0,0,0,0,0,0,0,0,0,0,0,0,0,0,0,0,0,0,0,0,0,0,0,0,0,0,0,0,0,0,0,0,0,0,0.000149816,-0.002449755,-0.003109988,-0.011449449,-0.012175003,-0.002664522,-0.000393076,6.62E-05,0,0,0,0,0,0,0,0,0,4.93E-18,0.0003702,-0.004633593,-0.024444717,-0.024693815,-0.025110481,0.049252604,0.05527951,-0.025773199,-0.029484154,-0.010102533,0.00067402,1.19E-17,6.74E-19,0,0,0,0,0,0,0.000399986,-0.00836312,0.033623952,0.241706001,0.54093973,0.629830746,0.728141272,0.733767002,0.575672522,0.359854779,0.086316279,-0.022028016,-0.000749562,0.000192334,0,0,0,0.00070295,-0.005991195,-0.015970405,-0.010324402,0.025882676,0.596835334,0.989810053,1.046854439,0.981659278,0.953499908,1.027900715,1.065560974,0.994540632,0.822889626,0.262920013,-0.013515929,-0.001506937,0,0,0.000644404,-0.010454017,0.019326338,0.110814083,0.015602992,0.360836567,0.952310053,0.615836057,0.489405127,0.225552917,0.181390676,0.39373208,0.633201338,0.942783241,1.035759072,0.851463065,0.084878521,-0.014615332,0,0,-0.010168845,0.054147813,0.638637902,0.784186002,0.19463717,0.557642548,0.345986677,-0.021163024,-0.048969397,-0.021300977,-0.02091733,-0.065126642,-0.018365451,0.595539897,1.026927798,0.945279463,0.11434863,-0.017802798,0,0,-0.021236554,0.14608368,1.068283667,0.618462231,-0.021549326,-0.00083444,-0.023479169,-0.008764212,0.000196589,-0.015387136,-0.01325223,0.086559116,0.371279548,0.912031573,0.974430692,0.396383357,-0.004546594,-0.003424905,0,0,-0.018743873,0.123258122,0.977645697,0.895623638,0.451097154,0.201205916,0.004882054,0.01702742,-0.014945193,0.118869996,0.488314951,0.81319154,0.928721133,0.883351256,0.393498809,-0.006493975,-0.005128256,0.000263991,0,0,-0.005472158,0.015929015,0.441433866,0.932726278,1.018525131,0.961260021,0.775390009,0.802903707,0.709248485,0.824011353,1.023093467,0.962679035,0.577450709,0.388329817,0.005726275,-0.006921395,0.000497923,0,0,0,0.000343818,-0.003317231,-0.023974248,0.24335432,0.460862541,0.73134232,0.821717487,0.817007013,0.729023438,0.660703704,0.471122141,0.27888449,0.012949602,-0.018738171,-0.003354779,0.000248162,0,0,0,0,0,0.000101912,0.00046424,-0.024784229,-0.03694344,0.055539148,0.109789416,0.103917892,0.112273199,0.034405654,-0.03643447,-0.027567109,-0.002746715,0.0003085,0,0,0,0,0,0,0,0,0,0.000159926,-0.000493566,-0.01211826,-0.018314785,-0.017685662,-0.017738971,-0.009340993,-0.000636642,0.00012474,0,0,0,0,0,0,0,0,0,0,0,0,0,0,0,0,0,0,0,0,0,0,0,0,0,0,0,0,0,0,0,0,0,0,0,0,0,0,0,0,0,0,0,0,0,0,0,0,0,0,0,0,0,0,0,0,0,0,0,0,0,0,0,0,0,0,0,0,0,0,0,0,0,0,0,0,0,0,0,0,0,0,0,0,0,0,0
0,0,0,0,0,0,0,0,0,0,0,0,0,0,0,0,0,0,0,0,0,0,0,0,0,0,0,0,1.89E-05,0.000122379,-0.004117817,-0.016237745,-0.021550623,-0.019171092,-0.008898761,7.15E-05,4.29E-05,0,0,0,0,0,0,0,0,0,0,8.79E-05,-0.000506757,-0.007371132,-0.004680252,0.100643268,0.150509174,0.128092516,0.034529677,-0.01898027,-0.001487709,0.000234317,0,0,0,0,0,0,0,1.40E-19,7.30E-05,-0.000913232,-0.004686479,0.019187585,0.47921412,0.902274765,1.062919945,0.989293624,0.664145067,0.128643672,-0.004851154,-0.000687294,1.23E-05,0,0,0,0,0,0,1.06E-17,-0.000125443,-0.021465493,0.069555794,0.636765948,1.030706172,0.883301845,0.608252076,0.773950895,1.047125919,0.814556458,0.221362762,-0.029283458,0.00013991,0,0,0,0,1.40E-19,0.000467218,-0.002467576,-0.038714086,0.179281827,0.799698546,0.954335461,0.486297147,0.117079214,-0.012486191,0.103501787,0.548604609,1.007755464,0.471500119,-0.011305389,-0.003502519,0,0,0,0,7.30E-05,-0.005451729,0.014409467,0.241594839,0.791700858,0.868626957,0.348219907,-0.036631332,-0.012061785,-0.002347285,-0.020579197,0.095046875,0.997496375,0.663216656,0.024448912,-0.008027471,0,0,0,0,0.000298704,-0.033524724,0.225344513,0.890886429,0.92812348,0.247649556,-0.028377818,-0.003863275,0.00018711,0.00024408,-0.014269598,0.141923756,1.000731574,0.66530616,0.025082116,-0.008099785,0,0,0,0.000267824,-0.01367693,0.134858303,0.819459967,0.980881059,0.347090552,-0.033068661,-0.002370983,0.000367647,0,-0.001408014,-0.015321674,0.458957448,1.008735873,0.524444649,0.000455903,-0.004908258,0,0,0.000223652,-0.004531307,-0.017195721,0.570947457,0.963804177,0.484029497,0.015373813,-0.006855086,0,8.40E-19,0.000404412,-0.019603461,0.086687143,0.807456359,0.988647859,0.290557207,-0.036423556,7.95E-05,0,0,-0.001567096,-0.011017845,0.245024952,0.882761608,0.463167194,0.050195108,-0.01061514,0.000142974,0,2.58E-17,-0.002495745,-0.025262814,0.369022586,0.954594805,0.505800109,0.007539267,-0.004412376,3.68E-05,0,0,-0.007464937,0.019042742,0.647880242,1.012552339,0.217992239,-0.023089001,0.000343035,3.06E-05,6.43E-05,0.000308245,-0.027720418,0.336757504,0.943266306,0.784505242,0.02734872,-0.008766136,0.000377889,0,0,0,-0.001917981,-0.018681271,0.357071104,0.97037794,0.555789885,-0.034093545,0,0.000118625,-0.000196384,-0.046123918,0.213713957,0.939122385,0.852085202,0.169959065,-0.016611957,-0.000300487,0,0,0,0,0.000163399,-0.027568383,0.200964699,0.887377213,0.367912309,-0.028065564,-0.002645632,-0.006474265,-0.027549207,0.204424088,0.745943525,0.982324763,0.374935747,-0.050097103,-0.000109783,7.20E-05,0,0,0,0,0,-0.0347548,0.286968393,0.956637629,0.384069155,-0.000650054,-0.006359776,0.03408878,0.325968137,0.840193627,1.027777386,0.624321963,-0.003989396,-0.001368039,0,0,0,0,0,0,0,-0.005695243,0.01520001,0.673128353,0.966172692,0.662907629,0.597328618,0.749281369,0.993829504,0.946613017,0.434615928,0.011091425,-0.009459763,0.000459559,0,0,0,0,0,0,0,7.54E-05,-0.011130089,0.124693202,0.774863579,1.054779156,1.04405932,1.012692742,0.569783956,0.236213746,0.014825674,-0.009830317,0.000314032,0,0,0,0,0,0,0,0,3.91E-05,0.000162702,-0.016899281,0.068934308,0.147322979,0.1439481,0.1350613,0.016990594,-0.034971923,-0.00459169,0.000644371,0,0,0,0,0,0,0,0,0,0,6.28E-05,5.11E-07,-0.012611996,-0.021245915,-0.02084879,-0.019926641,-0.006635859,0.000432156,1.79E-05,0,0,0,0,0,0,0,0,0,0,0,0,0,0,0,0,0,0,0,0,0,0,0,0,0,0,0,0
0,0,0,0,0,0,0,0,0,0,0,0,0,0,0,0,0,0,0,0,0,0,0,0,0,0,0,0,0,0,0,0,0,0,0,0,0,0,0,0,0,0,0,0,0,0,6.11E-05,0.000877468,-0.013220415,-0.044968815,-0.050201785,-0.049493294,-0.049289511,-0.051202152,-0.018564266,0.001306102,4.40E-05,0,0,0,0,0,0,0,0,3.70E-18,-2.04E-05,-0.015465024,0.090570636,0.380616728,0.43071252,0.423979099,0.422234825,0.439972733,0.135523284,-0.029940257,-0.005161254,0.000339061,2.14E-05,0,0,0,0,0,0,0.001079963,-0.021318083,0.068775699,0.635135127,1.020332261,1.041851818,1.037937432,1.033640564,1.051968495,0.770397212,0.238899459,0.048320908,-0.006505034,-1.02E-05,0,0,0,0,3.70E-18,-3.03E-17,-0.007305709,0.06283301,0.649181138,1.005521548,0.985941551,1.018664284,1.027190649,1.024167873,1.006629357,1.007715908,0.950586823,0.449298645,-8.68E-05,-0.004230664,0,0,0,6.11E-05,-2.04E-05,-0.009006502,-0.059478826,0.40309198,1.008241052,1.010644233,0.987210989,0.586893382,0.509829027,0.493560104,0.685741728,1.003209133,1.026345452,0.615037326,0.009838079,-0.006664794,0,0,0,0.000877468,-0.015465024,0.07278481,0.614124017,0.957974587,0.93859824,0.354411918,0.116063841,0.005358424,-0.01994349,-0.024469476,0.02706183,0.277429477,0.981104334,0.954476122,0.221483954,-0.018584138,0,0,0,-0.013220415,0.090570636,0.634574466,1.01898143,0.920699636,0.578654814,-0.038120064,-0.019956767,-0.005862269,-0.00314185,-0.002632214,-0.019983592,0.103069836,0.861894727,1.019193883,0.257243828,-0.020709082,0,0,0,-0.044968815,0.380500919,1.021957874,1.033815496,0.562311445,0.0659195,-0.005159314,0,0,0,0,-0.002334916,-0.009732826,0.560684828,1.02761009,0.293189773,-0.020418709,0,0,0,-0.050201785,0.431575929,1.05558975,0.723276467,0.124700334,-0.025692797,-0.000206631,0,0,4.41E-18,0.000723574,-0.02628542,0.279875664,0.899886404,1.018085631,0.595212316,-0.020717252,0,0,0,-0.049774571,0.42984261,1.037962946,0.351759429,-0.0355072,0.000719549,4.24E-05,0,4.41E-18,0.000379562,-0.015704279,0.01251428,0.791100694,1.032728707,0.940660846,0.194474576,-0.018164828,0,0,0,-0.031888643,0.261097778,0.917098807,0.385388199,-0.02450002,0,0,0,0.000723574,-0.015704279,0.038576383,0.563920991,0.972262698,1.021744952,0.616847119,0.028691856,-0.007299268,0,0,0,-0.041363581,0.350637,0.980026042,0.35019327,-0.054115605,-0.011716094,-0.005742953,-0.000840686,-0.026475677,0.012485686,0.564170471,0.98175383,1.019979728,0.778208776,0.176836108,-0.012475286,-0.000979541,0,0,0,-0.050918022,0.43774309,1.056715874,0.840241353,0.438506672,0.155893207,0.054109988,-0.034102226,0.282576031,0.794740741,0.986867382,1.020127689,0.802308432,0.141675654,-0.018393995,-0.000681026,0.00011489,0,0,0,-0.027603848,0.219622634,0.848333708,1.050438879,1.02837951,0.863274292,0.636056304,0.50257147,0.920400633,1.039801232,0.855286118,0.568985618,0.137422488,-0.035747906,-0.00050046,0.000146753,0,0,0,0,-0.000288614,-0.013429483,0.250104388,0.612598295,0.621864226,0.251744527,0.540063828,1.017017923,0.915414267,0.523080593,0.203430336,0.000328057,-0.015223022,0.000812653,2.71E-05,0,0,0,0,0,0.000205027,-0.001600373,-0.008471169,0.012746983,0.014699207,-0.024553378,0.046095094,0.238865449,0.192941822,-0.003992092,-0.019478549,-0.004784253,0.000417839,0,0,0,0,0,0,0,0,0.000128166,-0.001826831,-0.006688964,-0.006902744,-0.000734275,-0.006747345,-0.019634906,-0.016989379,-0.00496715,-0.000530451,9.36E-05,0,0,0,0,0,0,0,0,0,0,0,0,0,0,0,0,0,0,0,0,0,0,0,0,0,0
0,0,0,0,0,0,0,0,0,0,0,0,0,0,0,0,0,0,0,0,0,0,0,0,0,0,0,0,0,0,0,0,0,0,0,0,0,0,0,0,0,0,0,0,0,0,0,0,0,0,0,0,6.83E-05,-0.000577636,-0.001668501,-0.000217684,1.83E-05,0,0,0,0,0,0,0,0,0,0,0,7.20E-06,7.76E-05,-0.001470486,-0.010299734,-0.030884085,-0.031491353,-0.028055794,-0.02826011,-0.007323274,0.000612847,2.50E-05,0,0,0,0,0,0,0,0,7.34E-05,5.89E-05,-0.014103367,-0.019273318,0.117385349,0.475161666,0.620338848,0.754694649,0.478055164,0.074794798,-0.015629561,0.00041139,0,0,0,0,0,0,1.30E-18,0.000102124,0.000534018,-0.022828925,0.057005225,0.458576338,0.887708895,1.018432511,0.897359852,0.893218512,1.029604048,0.621131621,0.027956158,-0.008006196,0,0,0,0,0,3.06E-05,0.000474026,-0.00960563,-0.034896492,0.213470792,0.73182484,1.026443355,1.042023965,0.942465027,0.2504295,0.170861809,0.839071044,1.038100337,0.144376503,-0.020950436,0,0,0,0,1.10E-05,0.000871346,-0.015874523,0.036136572,0.460293043,0.924656217,1.044726452,0.680370603,0.304728014,0.254206587,-0.010378535,0.002552705,0.832527601,0.979435238,0.126354256,-0.018970045,0,0,0,0,0.000201287,-0.014604779,0.048381655,0.616951644,1.026671694,1.011888463,0.592526127,0.001369809,-0.025293641,-0.018306055,-0.011226375,0.08642773,0.953138208,0.732801011,0.046699329,-0.010417858,0,0,0,0.000337532,-0.006245251,0.000504851,0.585573734,1.019715159,0.994504131,0.511632915,0.020113392,-0.010865468,0.000201644,0.000890506,-0.030058092,0.302514655,1.016579691,0.471864345,-0.024746341,-0.002396855,0,0,4.26E-06,-0.001645214,-0.014660488,0.475367851,1.016435389,0.997276467,0.441144504,-0.017254766,-0.011665492,0.000747549,0.000520765,-0.014715411,0.039567266,0.755600235,0.917433687,0.167486179,-0.024983643,0.000206461,0,0,-1.96E-05,-0.018802892,0.135139995,0.866539318,1.019501311,0.541337384,-0.007015409,-0.009871085,0.000247838,0.000180896,-0.007988154,-0.002647076,0.541115196,1.010718767,0.446400174,-0.027908633,-0.000119797,5.62E-06,0,0,-0.000225735,-0.044226123,0.40036498,1.049872831,0.743245163,0.024338473,-0.032563727,-0.003079369,0.000903653,-0.00455011,-0.036074881,0.303547101,1.001300786,0.573425954,-0.000899033,-0.004392554,0.000156211,0,0,0,-0.005425007,0.002911367,0.560699993,1.028800211,0.485188317,0.179377434,0.419084254,0.105303207,-0.031591554,-0.013495421,0.327889961,0.970002378,0.750860498,0.083123281,-0.019459218,0.000234886,0,0,0,0,-0.019270833,0.129254209,0.981922658,0.87718127,0.647958163,0.4454487,0.269211338,0.111916633,0.225135212,0.63020258,0.961468886,0.798369835,0.142944904,-0.018018093,0.000130174,1.02E-05,0,0,0,0,-0.015622787,0.096556449,0.877333435,0.69838768,0.496485005,0.474851511,0.513071946,0.818384106,0.901380634,0.826729762,0.367800739,0.033053195,-0.019087657,0.000184641,0.000115809,0,0,0,0,0,-0.001032135,-0.008746892,0.184130974,0.403098822,0.611775871,0.715339818,0.648813831,0.413067725,0.236618004,0.099155893,-0.026511472,-0.0060901,-5.41E-05,3.06E-05,0,0,0,0,0,0,0.000199747,-3.91E-05,-0.021455862,-0.036869981,0.002350342,0.033909186,0.010442097,-0.039459459,-0.029749653,-0.01497279,0.000283315,6.83E-05,0,0,0,0,0,0,0,0,0,2.85E-05,-0.000215652,-0.000703636,-0.005571044,-0.009014672,-0.006545629,-0.000601852,4.10E-05,3.06E-06,0,0,0,0,0,0,0,0,0,0,0,0,0,0,0,0,0,0,0,0,0,0,0,0,0,0,0,0,0
0,0,0,0,0,0,0,0,0,0,0,0,0,0,0,0,0,0,0,0,0,0,0,0,0,0,0,0,0,0,1.24E-18,0.000163399,-0.001875178,-0.013602431,-0.021442844,-0.012389365,-0.002110396,0.000293506,0,0,0,0,0,0,0,0,0,0,0,0,0.000163059,-0.002352126,-0.016181282,0.07598401,0.149357293,0.067012046,0.002283284,-0.001264334,4.89E-05,0,0,0,0,0,0,0,0,0,0,7.35E-06,-0.000468767,-0.009414811,0.340224257,0.840408292,1.040762051,0.760717865,0.195448751,-0.023107599,-0.000125613,0,0,0,0,0,0,0,0,0.000293506,-0.001752145,-0.0193894,-0.039576355,0.217716435,0.757416534,0.688423083,0.933233915,1.029687245,0.561717916,0.004202336,-0.005557258,0,0,0,0,7.47E-19,8.52E-18,-2.04E-16,0.000408497,-0.014485753,-0.016602482,0.11808204,0.144772025,0.292392872,0.177594065,0.049013957,0.727050926,1.03639517,0.707589478,0.04269404,-0.009933619,0,0,0,0,0.000276757,-0.003788126,-0.014913194,-0.02574806,0.111391369,0.378442334,0.830852618,0.430784007,0.057190155,-0.000163161,-0.030669969,0.294534109,0.983653118,0.96960866,0.127619084,-0.019068117,0,0,0,0.001630454,-0.016754209,-0.018648852,0.327896658,0.698979489,0.87736454,0.843177901,0.414329946,0.027319191,-0.013924983,-0.001280199,-0.008496443,0.084922326,0.952929966,1.001521782,0.137970989,-0.02016666,0,0,1.84E-05,-0.013900167,0.10379359,0.482587759,0.858492324,0.996256059,0.721420244,0.260425347,-0.033307717,-0.007751906,0.00043556,0.000117402,-0.020514297,0.278966622,0.995907033,0.744015999,0.05491047,-0.011210682,0,0,6.74E-05,-0.038162937,0.308345401,0.984515148,0.960323291,0.403018519,0.026184539,-0.016710665,-2.98E-05,0.00011489,6.13E-05,-0.000446374,-0.03765962,0.557773216,1.03921938,0.635700861,0.019429345,-0.007415407,0,0,-0.003861315,-0.008041967,0.48103302,1.018786969,0.779497243,0.078298986,-0.027461273,-0.000730699,0.00011489,-2.71E-17,0.000331053,-0.031822269,0.174829538,0.874343461,1.008655859,0.46516316,-0.009745985,-0.003587793,0,0,-0.011859681,0.060606274,0.762125204,1.030025616,0.740407646,0.070360498,-0.013818841,0.000557768,-0.005868566,-0.014581631,-0.030694444,0.08332163,0.698991915,1.039066874,0.839989634,0.11081827,-0.019214871,0.000228758,0,0,-0.01603838,0.099528443,0.879380716,1.012419931,0.904242421,0.244192875,-0.04466684,-0.025467113,0.006008775,0.119824949,0.287243199,0.734552038,1.037199921,0.810780781,0.323010527,-0.020426535,-9.07E-05,0,0,0,-0.006668709,0.01407301,0.597990298,1.013535114,1.010556815,0.817230188,0.23788076,0.132517548,0.533817045,0.850583589,1.001738409,0.992563729,0.689868175,0.118278952,-0.028338525,-0.000630021,0.000126371,0,0,0,-0.001215278,-0.027831112,0.35976011,0.980275991,1.014889604,1.016571147,0.89492411,0.846029446,0.992903578,1.041597478,0.970085257,0.648617379,0.053785658,-0.024277897,0.001116132,2.94E-05,0,0,0,0,0.000183824,-0.015547674,0.099309913,0.500939883,0.840495966,1.001828244,1.037735382,1.034369009,0.973268536,0.693556951,0.305553649,0.02268531,-0.018007217,0.001210172,0,0,0,0,0,0,0,0.000929436,-0.009149459,-0.013828976,0.126213388,0.509568576,0.661341704,0.61539614,0.35890659,0.008130549,-0.018083095,-0.005056714,0.000313011,0,0,0,0,0,0,0,0,0,0.000203008,-0.001809139,-0.022931036,-0.003873415,0.025923582,0.01744507,-0.02427398,-0.007752436,-0.000279646,7.81E-05,0,0,0,0,0,0,0,0,0,0,0,0,0.000404242,-0.004448359,-0.008176559,-0.007090822,-0.001494417,0.000214461,0,0,0,0,0,0,0,0,0,0,0,0,0,0,0,0,0,0,0,0,0,0,0,0,0,0,0,0,0
0,0,0,0,0,0,0,0,0,0,0,0,0,0,0,0,0,0,0,0,0,0,0,0,0,0,0,0,0,0,0,0,0,0,0,0,0,0,0,0,0,0,0,0,0,0,0,0,0.000247034,-0.001855611,-0.029167176,-0.050865436,-0.035223996,-0.006279809,0.0002772,3.67E-05,0,0,0,0,0,0,0,0,0,0,4.60E-06,0.000993182,-0.010458742,-0.018440189,0.231223039,0.436553649,0.288448477,0.019253013,-0.016951729,0.000104779,5.97E-05,0,0,0,0,0,0,0,0,6.53E-19,0.000421262,-0.020228028,0.104327427,0.591960495,0.92201348,1.0639327,0.96677099,0.693963388,0.196661629,-0.023407782,7.97E-06,0,0,0,0,0,0,0,0,3.19E-05,-0.004009991,-0.024144603,0.44757501,1.008386166,1.031939355,0.94924229,0.979899124,1.047361554,0.757913194,0.105877264,-0.01068447,0.000142677,0,0,0,6.81E-06,-5.50E-05,-0.000270969,0.00028765,-0.002149799,-0.030057275,0.370995628,0.950883272,0.973973397,0.517540016,0.279023557,0.364491171,0.872673781,1.044757336,0.561282441,-0.024472886,-0.001076189,0,0,0,0.000776568,-0.009620209,-0.028266683,-0.004417166,-0.018139157,0.256302468,0.937499423,0.972879554,0.496009981,-0.007610608,-0.040791499,-0.042371471,0.265988087,0.913730603,0.880201548,0.157601946,-0.021341947,0,0,0,-0.007338984,0.063351491,0.276101307,0.01034569,0.205739311,0.895646735,0.983189196,0.36973669,-0.016744111,-0.008298781,0.000363562,-0.005459419,-0.017216265,0.65326091,0.918635706,0.211365315,-0.026908809,0,0,0,-0.01839631,0.616573927,0.567651263,-0.022952138,0.535037446,1.006480528,0.384988722,-0.018909995,-0.0033718,0.00033701,0,0.0003465,-0.038822678,0.587360856,0.913574602,0.209590227,-0.026672374,0,0,0,-0.017719567,0.907388593,0.489008629,-0.038456699,0.768738154,0.625757098,-0.006260599,-0.010077104,0.000321691,0,0,3.60E-18,-0.035759804,0.594412275,0.904957363,0.197073291,-0.025349558,0,0,0,-0.019301471,0.732987478,0.611794458,0.009785931,0.824252587,0.5264343,-0.026110126,-0.002709695,0,0,0,0.000269047,-0.03816585,0.601598924,0.805793845,0.052055419,-0.009995516,0,0,0,-0.020749935,0.373793234,0.956504678,0.307744062,0.529629177,0.463816073,0.010803387,-0.005034446,0,0,0,-0.005235109,0.010254151,0.708660335,0.742344415,-0.019527299,-0.002379373,0,0,0,-0.010365094,0.051659091,0.743718205,0.809894114,0.081719618,-0.02294521,-0.003712242,-0.001016561,-0.001524459,-0.00123315,0.000108252,-0.01993019,0.127530824,0.85422755,0.549335648,-0.023425432,-0.000976316,0,0,0,-2.77E-05,-0.034755208,0.276663246,0.965111298,0.448222426,0.099223499,0.006693945,-0.022623655,-0.017993992,-0.020609783,-0.026104711,-0.048237383,0.319827376,0.966506638,0.444969158,-0.028900582,9.17E-05,0,0,0,9.80E-05,-0.006698871,0.023758612,0.501718733,0.731866694,0.462906539,0.582830313,0.398740128,0.4391258,0.399136336,0.156851971,0.350476421,0.859357384,0.881077308,0.14882341,-0.011968239,0,0,0,0,0,0.000475725,-0.00564665,-0.00854245,0.304374574,0.355012527,0.649408368,0.992065717,1.046423288,1.031417007,0.898558483,1.00667183,0.891719805,0.309330916,-0.015713457,-0.000911101,0,0,0,0,0,0,0.000292283,-0.003499348,-0.026086075,-0.01933314,0.030588713,0.342232787,0.537148506,0.512809591,0.639117392,0.66982535,0.276894762,-0.025253302,-0.00287738,0.000122294,0,0,0,0,0,0,0,9.50E-05,-0.000758102,-0.001746494,-0.008438642,-0.019273386,-0.020827376,-0.020669935,-0.020669935,-0.021314018,-0.015471984,-0.001939679,0.000240673,4.08E-06,0,0,0,0,0,0,0,0,0,0,0,0,0,0,0,0,0,0,0,0,0,0,0
0,0,0,0,0,0,0,0,0,0,0,0,0,0,0,0,0,0,0,0,0,0,0,0,0,0,0,0,0,0,0,0,0,0,0,0,0,0,0,0,0,0,0,0,0,0,0,0,0,0,0,0,0,0,0,0,0,0,0,0,0,0,0,0,0,2.55E-05,-0.000174632,-0.002878603,-0.005399612,-0.018044526,-0.021213593,-0.009320108,-0.005151645,-0.005398642,-0.003054739,-0.00141396,9.25E-05,0,0,0,0,0,0,0,0.000551471,-0.003485839,-0.023379289,-0.00220116,0.027665373,0.255299769,0.312010536,0.098736196,0.023677286,0.029373689,-0.00015271,-0.015409807,-0.008675143,0.00096857,0,0,0,0,2.86E-18,0.000421262,-0.009330321,-0.013893995,0.193110022,0.597441282,0.895938266,0.971238613,0.996670701,0.922007302,0.890578707,0.865176454,0.61541442,0.391132115,0.023163382,-0.009759539,0.000404242,0,0,3.40E-05,0.000503445,-0.012600082,0.023623792,0.465095997,0.888891442,1.039988025,1.02722195,0.903488732,0.857885366,0.861890012,0.983686934,1.027800347,1.035473312,0.988942079,0.453648931,-0.001402358,-0.00417773,0,0,0.000177327,-0.009989177,0.040638919,0.580630597,1.020941598,1.026142772,0.797972407,0.515825367,0.136410426,0.08348187,0.086600424,0.263733944,0.343702084,0.781093327,1.034962276,0.805606342,0.070353969,-0.013029942,0,0,-0.004888344,0.000872366,0.515558687,1.0171202,0.869169696,0.518162616,0.069117324,-0.029719158,-0.016649306,-0.015055658,-0.015078976,-0.019302108,-0.048114141,0.400911935,0.994550705,1.024470027,0.145146091,-0.020975116,0,0,-0.015398795,0.092003231,0.877109954,1.037406761,0.544168113,-0.043493532,-0.013405606,0.000880991,0,0,0,0,-0.015066789,0.200356822,0.970920939,1.01620481,0.141944224,-0.020627213,0,0,-0.018639706,0.12861889,0.909036782,0.941315751,0.825224026,0.130737524,-0.017804767,-4.48E-05,0,0,0,0.000529942,-0.035315325,0.47352788,1.022508357,0.83290785,0.081990441,-0.014196964,0,0,-0.004275259,0.02949788,0.192694274,0.441857537,1.012270118,0.703197576,0.029852313,-0.016080644,0.000519131,3.58E-18,0.000199142,-0.010918837,0.003645527,0.657028374,1.060457601,0.542831291,-0.009685959,-0.004258749,0,0,0.000546248,-0.003761272,-0.035489636,0.062455448,0.851188632,1.021220055,0.487709192,-0.0050622,-0.019918776,-0.012395337,-0.020092434,-0.026028892,0.290724441,0.97032994,0.825440327,0.115230474,-0.0215904,0.000398475,0,0,0,0,-0.001263378,-0.021607775,0.429621307,1.021114719,0.987537928,0.478047862,0.08423315,0.073425483,0.123066653,0.520581798,0.841811785,0.947619587,0.329239532,-0.03188077,0.000883576,1.02E-05,0,0,0,0,-7.81E-06,-0.017109222,0.108781182,0.696572712,1.013586414,0.98607787,0.825980103,0.802777165,0.840226801,1.027774568,1.006129255,0.403056117,-0.02185066,-0.001102737,0,0,0,0,0,0,1.56E-05,-2.11E-05,-0.006968307,0.027503881,0.447147249,0.735632506,1.000655552,1.04840191,1.039299224,0.876002575,0.504746153,0.047043845,-0.014460121,0.000241575,0,0,0,0,0,0,0,8.09E-05,-0.0003149,-0.005161169,-0.034575894,0.038612558,0.317572798,0.384903646,0.381580304,0.173417156,-0.018066091,-0.006761523,0.000696538,3.22E-06,0,0,0,0,0,0,0,0,0,4.08E-05,0.000597996,-0.008437487,-0.03828625,-0.045412743,-0.045046676,-0.023006979,-0.001402307,0.000203824,0,0,0,0,0,0,0,0,0,0,0,0,0,0,0,0,0,0,0,0,0,0,0,0,0,0,0,0,0,0,0,0,0,0,0,0,0,0,0,0,0,0,0,0,0
0,0,0,0,0,0,0,0,0,0,0,0,0,0,0,0,0,0,0,0,0,0,0,0,0,0,0,0,0,0,0,0,0,0,0,0,0,0,0,0,0,0,0,0,0,0,0,0,0,0,0,0,0,0.000212792,-0.003865721,-0.000437406,3.55E-05,0,0,0,0,0,0,0,0,0,0,0,1.99E-06,2.32E-05,-4.31E-05,-0.006835835,-0.021687202,-0.028832925,0.000443423,-0.026111945,-0.006478503,0.000642503,1.38E-05,0,0,0,0,0,0,0,0,0,0.000575623,-0.00864745,-0.033968273,0.064748383,0.320557101,0.420117256,0.621855801,0.481305658,0.065589308,-0.013748471,0.000338542,0,0,0,0,4.82E-19,-8.67E-18,-2.65E-18,9.66E-18,0.001498104,-0.017631893,0.0284335,0.274482213,0.695177151,1.025322806,0.975182377,0.930548015,0.994830116,0.508438368,0.002088633,-0.004922896,0,0,0,0.000326118,-0.002470724,-0.012756332,-0.008797318,0.000182802,-0.026227019,0.109228673,0.578518689,0.995754136,1.04550303,0.615219994,0.380636421,0.247701814,0.796537446,0.956501379,0.118165484,-0.018098107,0,0,4.48E-05,-0.001499871,0.004806724,0.079517923,0.063465649,-0.020468846,0.118811049,0.802948429,1.008700675,0.769233521,0.282727586,0.013788858,-0.026044342,-0.044280961,0.442474063,1.05293659,0.145017069,-0.020938812,0,0,0.000396412,-0.029148373,0.193849741,0.787569019,0.446702836,0.044593801,0.666231248,0.963936036,0.482724605,0.116868056,-0.030996936,-0.006852214,-0.002826287,-0.024312977,0.38998703,1.046651297,0.142053779,-0.020619383,0,0,-0.01365145,0.07905278,0.805410165,0.87432981,0.168714801,0.443596967,0.958288203,0.403313011,-0.008140863,-0.018203551,0.000797539,0,-0.001032169,-0.024340074,0.388392327,1.04710929,0.142106977,-0.020626872,0,0,-0.02152931,0.149975083,1.06625623,0.568305845,0.195737915,0.910915594,0.418221604,-0.026462895,-0.005575895,0.000424632,8.27E-06,1.24E-18,-0.001171518,-0.024854899,0.459275327,0.867502349,0.084109392,-0.014390319,0,0,-0.019022842,0.126427632,0.980494775,0.896739515,0.215730971,0.300145135,0.044195763,-0.009002281,0.000178836,8.27E-06,0.000136166,-0.000727481,-0.019174258,0.069559811,0.768077631,0.59837454,-0.00119191,-0.005272161,0,0,-0.00432497,-0.001831769,0.475036009,1.025723965,0.770757936,0.163376595,-0.037643998,-0.015094404,-0.027380967,-0.017778729,-0.017956463,-0.025145272,0.043116839,0.462722525,0.922645734,0.270774173,-0.030838031,-0.00017308,0,0,0.000357435,-0.008331295,0.007568015,0.497457601,1.000371936,0.899412956,0.379817612,0.206615622,0.20596778,0.125537973,0.111339188,0.267635288,0.754514723,1.021424922,0.620683807,0.008311938,-0.005419164,5.62E-05,0,0,0,0.000529942,-0.007033003,7.61E-06,0.348010229,0.792474758,0.872239904,0.779353026,0.907142991,0.855592167,0.849172743,0.925280495,0.799598192,0.477081529,0.0978045,-0.012622702,0.000519751,0,0,0,0,0,0.000397825,-0.006449397,-0.017483796,0.013884191,0.062179708,0.358276518,0.500957346,0.615450878,0.631653118,0.404817816,0.006748655,-0.013738834,-0.01434181,0.000825061,0,0,0,0,0,0,3.22E-06,8.07E-05,-0.001135927,-0.004317708,-0.006825292,-0.022426215,-0.030677645,-0.036602175,-0.037445261,-0.025563267,-0.003904361,-0.00186346,-4.90E-05,1.19E-05,0,0,0,0,0,0,0,0,0,0,0,0,0,0,0,0,0,0,0,0,0,0,0,0,0,0,0,0,0,0,0,0,0,0,0,0,0,0,0,0,0,0,0,0,0,0,0,0,0,0,0,0,0,0,0,0,0,0,0,0,0,0,0
0,0,0,0,0,0,0,0,0,0,0,0,0,0,0,0,0,0,0,0,0,0,0,0,0,0,0,0,0,0,0,0,0,0,0,0,0,0,0,0,0,0,0,0,0,0,0,0,0,0,0.000937589,-0.009653092,-0.046051383,-0.050360768,-0.050001223,-0.049631487,-0.017448942,0.002079561,0,0,0,0,0,0,0,0,0,0,4.18E-05,0.000395067,-0.019244366,0.055646769,0.39030419,0.432574244,0.429838491,0.424213984,0.130714257,-0.022559618,0.000547386,0,0,0,0,0,0,0,0,0.000176104,-0.00111826,-0.027393791,0.125228333,0.63287454,1.050865249,1.072987234,1.064231669,1.062909467,0.66062083,0.030188129,-0.008542347,0,0,0,0,0,0,2.53E-32,7.66E-05,-0.000951755,-0.010188879,0.130527454,0.676527863,1.037450146,0.912830993,0.669689202,0.579079044,0.955191636,0.974104218,0.127374546,-0.019085648,0,0,0,0,0,0,0.000378711,-0.004759838,-0.025350679,0.125181032,0.762401416,1.020614788,0.939478094,0.35619969,0.003640199,0.027647825,0.834971167,0.981665084,0.127957177,-0.019122072,0,0,0,0,0,0.000836493,-0.008345716,-0.014730698,0.204509191,0.836476822,1.014406448,0.707633725,0.167328601,0.001941605,-0.026236955,0.231093735,0.962207938,0.953199438,0.121139894,-0.018387109,0,0,0,0,8.00E-05,-0.007284926,0.014252264,0.430677628,0.904960628,1.020216793,0.697316602,0.030105324,-0.023855852,-0.004251389,-0.0182524,0.249627264,1.006844312,0.748102584,0.052816385,-0.01107724,0,0,0,0,-0.001042892,-0.019520323,0.352052968,0.984225388,1.032628715,0.596323785,0.096568679,-0.006998723,-0.000314645,0.0007729,-0.038789062,0.497651825,1.018433841,0.442170309,-0.020900748,-0.002469533,0,0,0,4.97E-19,-0.003004187,-0.003764076,0.664334797,1.038189134,0.600670037,0.019899033,-0.022022467,-0.000127757,0.000489719,-0.025778165,0.153150531,0.86453251,0.738503762,0.068207925,-0.014210693,0.000231141,0,0,0,0.000481024,-0.027308126,0.338135536,0.98240579,0.833305522,0.090780713,-0.019352175,0.000294271,0.000135689,-0.005535982,-0.02478534,0.563670428,0.812459116,0.219342082,-0.024005413,0.000803779,5.11E-06,0,0,0,-0.003870295,-0.004744286,0.705744228,1.034708345,0.463337257,-0.018879281,-0.003147378,0.000146753,-0.000570622,-0.029524802,0.418212011,0.918103284,0.260236368,-0.035594248,0.000196435,0,0,0,0,0,-0.024000652,0.182814304,0.890415492,0.964675007,0.276148744,-0.036536933,0.000131944,-0.004077717,-0.025070551,0.20763351,0.955400972,0.785570278,0.108633664,-0.020316415,0.000114379,0,0,0,0,0,-0.016976479,0.117499728,0.840877349,0.838147348,0.09525063,-0.033158351,-0.02752548,-0.008245081,0.203029803,0.841252025,0.945017104,0.285671977,0.005290714,-0.003235294,0,0,0,0,0,0,-0.00032571,-0.037666088,0.69387546,0.854423935,0.108372464,0.082587576,0.211666309,0.642294713,0.92894487,0.965194104,0.440366203,-0.026571351,-0.004214835,0.000496324,0,0,0,0,0,0,9.66E-05,-0.04139808,0.664674241,1.019361162,0.750605137,0.79715209,0.946847852,1.02911906,0.787858218,0.271651927,0.036899264,-0.005107741,0.000112337,0,0,0,0,0,0,0,0,-0.014269598,0.197990909,0.796907926,0.892163929,0.858090137,0.581825717,0.454050929,0.122474148,-0.034578645,-0.00792487,0.000501406,0,0,0,0,0,0,0,0,0,0.000812398,-0.013229847,-0.021256127,-0.020685253,-0.020669935,-0.020697508,-0.021025327,-0.012597699,-0.000261268,0.000105988,0,0,0,0,0,0,0,0,0,0,0,0,0,0,0,0,0,0,0,0,0,0,0,0,0,0,0
0,0,0,0,0,0,0,0,0,0,0,0,0,0,0,0,0,0,0,0,0,0,0,0,0,0,0,0,0,0,0,0,0,0,0,0,0,0,0,0,0,0,0,0,0,0,0,0,0,0,0,0,0,0,0,0,0,0,0,0,0,0,0,0,0,0,0,1.96E-05,1.33E-06,-0.003114073,-0.004429279,-0.016203533,-0.027852921,-0.028089665,-0.018045752,-0.004836754,-0.001460784,0.000116638,5.62E-06,0,0,0,0,0,0,0,4.90E-05,0.000551139,-0.011567538,0.003618294,0.011484035,0.22403736,0.433121136,0.437071759,0.256557683,0.021398914,-0.011003268,-0.00380493,0.000384157,0,0,0,0,0.000100848,-0.000853162,-0.013879102,-0.010351392,-0.041868299,0.057115502,0.594226528,0.882905501,0.958799377,1.028785228,1.030209252,0.947598346,0.818246051,0.366388906,0.000835372,-0.003549496,0,0,0,0,-0.000908139,0.006855001,0.138302441,0.091470673,0.349136552,0.651442862,1.017073921,0.82753171,0.578530586,0.581805912,0.62998686,0.926883749,1.0185529,0.926710172,0.11130758,-0.017407918,0,0,0,0.000205027,-0.011100088,0.098740692,0.873605149,0.896432049,0.945267115,0.80791259,0.37364892,0.068529667,-0.000705485,0.002842362,-0.006957829,0.47845539,0.996228089,1.024779582,0.145899978,-0.021042932,0,0,0.000135315,-0.001489391,-0.023148233,0.318474843,0.989989839,1.028914879,0.587111648,0.088071215,-0.032159756,-0.01361826,-0.005310458,-0.006225015,-0.029751328,0.43163974,0.988718529,1.016810815,0.144271738,-0.020837418,0,0,-0.001459525,-0.015072306,0.269581478,0.877641527,1.0017492,0.955394591,0.311353933,-0.035321181,0.001453568,0,0,-0.006575354,0.027557938,0.597249183,1.012077955,0.869766544,0.095856977,-0.015644404,0,0,-0.010089018,0.043622203,0.715631417,1.028471899,1.013105682,0.975075129,0.387121329,0.002392855,-0.001907595,1.96E-18,0,-0.011605316,0.069358796,0.734211857,1.039856209,0.574001549,0.004178336,-0.005652403,0,0,-0.02184181,0.152311106,1.057843869,0.951669339,0.742316108,0.975885672,0.85287529,0.326744026,-0.034810815,0.000435049,0,-0.013734866,0.08611489,0.81882678,0.971974911,0.331110583,-0.019340885,-0.001655944,0,0,-0.01554105,0.107205978,0.781652637,0.373328594,0.191185541,0.90744969,1.047563544,0.575976757,-0.013195667,-0.005394705,0.000592312,-0.045882155,0.327967266,1.013860472,0.816435972,0.14518176,-0.022306469,0.0002079,0,0,0.000430624,-0.002973279,-0.021168641,-0.027541531,0.025595044,0.558119638,1.021338918,0.895577376,0.21045721,-0.045014859,-0.00696458,-0.027611135,0.558591197,0.905885332,0.2373766,-0.02246264,0.000578859,0,0,0,0,0,0,0.000788909,-0.012666803,0.034528952,0.55917183,1.01696184,0.852846524,0.379485481,-0.036285012,0.351571549,1.001970333,0.590072389,-0.014320278,-0.002201083,0,0,0,0,0,0,0,0,0.000949755,-0.024478145,0.076491837,0.750998383,0.991777659,0.873115639,0.666886302,0.819826818,0.77879582,0.258082295,-0.014530739,-0.000781863,0,0,0,0,0,0,0,0,1.63E-18,-0.000365094,-0.006706208,0.072073921,0.302991609,0.563717473,0.800210631,0.556519727,0.057115894,-0.009494928,-0.001058517,5.88E-05,0,0,0,0,0,0,0,0,0,0.000122294,-3.17E-05,-0.012239717,-0.038842995,0.005368208,0.063421079,0.016936506,-0.013514533,-0.000743957,0.000183441,0,0,0,0,0,0,0,0,0,0,0,0,2.14E-05,0.000170547,-0.005576321,-0.012221882,-0.006441509,0.000241694,0,0,0,0,0,0,0,0,0,0,0,0,0,0,0,0,0,0,0,0,0,0,0,0,0,0
0,0,0,0,0,0,0,0,0,0,0,0,0,0,0,0,0,0,0,0,0,0,0,0,0,0,0,0,0,0,0,0,0,0,0,0,0,0,0,0,0,0,0,0,0,0,0,0,0,0,7.13E-05,0.000177327,-0.023433305,-0.049529982,-0.050734173,-0.043222861,-0.008961722,0.001028797,1.22E-05,0,0,0,0,0,0,0,0,0,5.51E-05,4.17E-05,-0.009683994,-0.031754085,0.178867165,0.425041956,0.437156727,0.363767429,0.054474673,-0.011327657,0.000291565,0,0,0,0,0,0,0,0,0.00024948,-0.001626379,-0.029018127,0.10139505,0.470611332,0.86279743,1.066621851,1.065733064,1.025130991,0.533398489,0.012965737,-0.00604405,0,0,0,0,0,0,3.89E-19,0.0004936,-0.004359178,-0.032100201,0.228064083,0.743582993,1.056953976,0.941902423,0.604127077,0.530682462,0.912246017,0.969420956,0.122722423,-0.01864328,0,0,0,0,0,0,0.000502111,-0.010922181,0.00194081,0.386611962,0.890442028,0.98120675,0.605532884,0.266734166,-0.011789965,-0.03629233,0.593327546,1.045225899,0.145200766,-0.020958606,0,0,0,0,0,0.000851168,-0.010037147,-0.001501485,0.477044829,0.996182398,1.010508455,0.45869473,-0.011616934,-0.036253352,-0.007108149,0.011068937,0.718710203,0.975957581,0.124249422,-0.018716114,0,0,0,0,0.000173713,-0.00874663,0.004652352,0.475114498,0.993550304,1.029982656,1.031465976,0.860158241,0.370770612,0.005438917,-0.013110856,0.096456512,0.902373366,0.75583175,0.055964851,-0.01134889,0,0,0,3.67E-05,-0.001840839,-0.017795701,0.465648012,0.983169373,0.979478024,0.55511586,0.369580695,0.546525957,0.650453959,0.058928702,-0.026382132,0.16957324,1.012534926,0.590712265,0.002105958,-0.005593512,0,0,8.81E-19,0.000898863,-0.024826083,0.219353996,0.934692079,1.026508153,0.473536953,-0.015645544,-0.027743379,-0.007159007,0.04103268,0.006426409,-0.027447355,0.522313811,0.971349129,0.313919901,-0.031307376,-0.000518961,0,0,0.000112337,-0.014417472,0.08249743,0.752894114,1.037618141,0.610639417,-0.002734601,-0.010393536,-0.000791003,-0.002433364,-0.004484137,-0.032009583,0.138378676,0.893699959,0.742589035,0.044295888,-0.009699513,5.87E-05,0,0,-0.001470418,-0.029731433,0.407551415,1.020182541,0.910949921,0.204085986,-0.036747055,0.00085606,0,0.000652236,-0.017083826,0.068060228,0.698549403,0.963195922,0.261381212,-0.021358485,0.000313643,0,0,0,-0.007610294,0.020788798,0.643967014,1.052329044,0.789891442,0.066153714,-0.012188404,0.000180249,-0.001251787,-0.016711006,0.012653952,0.65898754,1.009362166,0.50346475,-0.017117102,-0.002366966,6.93E-05,0,0,0,-0.018960546,0.126017845,0.967961397,1.038039556,0.757306083,0.0108814,-0.030827779,-0.028753251,-0.021241183,0.118033888,0.628536152,1.04365067,0.628411952,-0.004413909,-0.008611554,0.000144404,0,0,0,0,-0.01539471,0.095453151,0.844278254,0.969676505,0.978020867,0.662117119,0.219452275,0.163889621,0.435660165,0.895496307,0.990350746,0.602094,0.068994366,-0.018422743,0.000901961,7.35E-06,0,0,0,0,-0.001005413,-0.005370093,0.152664828,0.30342453,0.689048747,1.040725014,0.94299643,0.920055862,1.013836193,0.91205416,0.372427032,0.046945684,-0.012809351,0.000693168,0,0,0,0,0,0,0.000195671,-2.93E-05,-0.021178916,-0.042001243,0.060036026,0.220035329,0.502589087,0.505160664,0.266096792,0.138537072,-0.020040969,-0.012497709,0.000615548,0,0,0,0,0,0,0,0,0,4.08E-05,0.000243736,-0.009979405,-0.020984647,-0.020636643,-0.020590108,-0.021074176,-0.016589052,-0.002159586,0.000322041,0,0,0,0,0,0,0,0,0,0,0,0,0,0,0,0,0,0,0,0,0,0,0,0,0,0,0
0,0,0,0,0,0,0,0,0,0,0,0,0,0,0,0,0,0,0,0,0,0,0,0,0,0,0,0,0,0,0,0,0,0,0,0,0,0,0,0,0,0,0,0,0,0,0,0,0.000397456,-0.004272145,-0.03450532,-0.050819371,-0.04982608,-0.050673434,-0.020414577,0.000975908,6.60E-05,0,0,0,0,0,0,0,0,4.85E-05,-0.000133783,-0.005292487,-0.027176777,0.001063079,0.281678002,0.436135519,0.426766218,0.43457964,0.150224622,-0.026947661,-0.000120251,6.60E-05,0,0,0,0,0,0,0.000761029,-0.005474809,-0.029871051,0.036859093,0.349033582,0.667180487,0.963410692,1.085936938,1.079800066,1.066671671,0.830476716,0.248729694,-0.026910131,0.000975908,0,0,0,0,0,0.000502962,-0.012842644,0.00232678,0.256686189,0.687110374,1.003752077,1.049771974,0.966526229,0.748933824,0.745718292,0.930733932,1.048060645,0.843188964,0.149728894,-0.02043496,0,0,0,6.81E-05,0.00022013,-0.014818559,0.039996783,0.44450337,0.95454279,1.045788322,0.947396225,0.744182632,0.339965584,0.001773693,-0.012510735,0.375128779,0.943701917,1.06579536,0.432350694,-0.050445151,0,0,0,0.000293506,-0.013602577,0.014636888,0.476813539,0.994780737,1.003596759,0.86007705,0.354531579,0.036372872,-0.02469243,-0.006395989,-0.008625736,-0.0203518,0.466532211,1.054947023,0.42672192,-0.049592577,0,0,0,-0.009768008,0.069890445,0.663888038,1.015601324,0.933741456,0.509838678,0.069782809,-0.014094158,-0.011822576,-0.001364379,0.000130719,0.000401023,-0.013085512,0.083562347,0.978923866,0.431214512,-0.049504708,0,0,0,-0.021059538,0.645361838,1.039595946,0.852859562,0.78158078,0.184986349,-0.033386463,-0.000649169,8.51E-05,0,0,0,-0.004093648,0.014649629,0.749794475,0.443945823,-0.049504708,0,0,0,-0.020175313,0.526411632,0.820311087,0.234554075,0.90576908,0.468600371,-0.022411642,-0.002514978,0,0,0,0,-0.003229167,0.002298815,0.686528799,0.447443832,-0.049504708,0,0,0,-0.006481311,0.079827854,0.19833764,0.097565223,0.954320636,0.518429841,-0.0226439,-0.002927219,0,0,0,0,-0.003194444,0.001584627,0.687986452,0.447366217,-0.049504708,0,0,0,0.000782683,-0.011309039,-0.031444091,0.023490991,0.92058387,0.604246634,0.005170834,-0.005981547,0,0,0,2.93E-05,-0.006313848,0.042055392,0.895206592,0.435909428,-0.049504708,0,0,0,0,0,-0.005706801,0.033054841,0.916612234,0.835628166,0.06399785,-0.022672692,-0.000664982,-0.000401042,-0.000434028,-0.000181097,-0.028491422,0.25699217,1.042721286,0.435459099,-0.050346093,0,0,0,0,0,-0.00384758,0.010467882,0.697709286,0.989660063,0.523293859,0.072225014,-0.031059692,-0.032259702,-0.031906488,-0.042871893,0.123971286,0.786428054,0.999982996,0.310144438,-0.037517019,0,0,0,0,0,-4.93E-05,-0.014556185,0.092795735,0.701791173,1.032323115,0.776643672,0.386856294,0.320683007,0.325269097,0.34523652,0.75837163,1.048277812,0.598897076,0.036799751,-0.007536179,0,0,0,0,0,2.10E-05,0.00072646,-0.02704233,0.151046296,0.689775454,0.996898301,1.05341922,1.053914726,1.053575878,1.05413555,1.033096048,0.732142395,0.046802849,-0.011679739,0.000584566,0,0,0,0,0,0,0,-0.000103186,-0.001267529,0.026098557,0.267616519,0.771941081,0.862967674,0.857404577,0.774356025,0.398905602,0.089319076,-0.014308579,0.000149046,0,0,0,0,0,0,0,0,0.000165952,-0.001517395,-0.009880355,-0.019394914,-0.020783292,-0.020672998,-0.020669935,-0.020727005,-0.020695636,-0.011569478,3.32E-05,5.67E-05,0,0,0,0,0,0,0,0,0,0,0,0,0,0,0,0,0,0,0,0,0,0,0
0,0,0,0,0,0,0,0,0,0,0,0,0,0,0,0,0,0,0,0,0,0,0,0,0,0,0,0,0,0,0,0,0,0,0,0,0,0,0,0,0,0,0,0,0,0,0,0,0,0,0,0,0,0,0,0,0,0,0,0,0,0,0,0,0,0,0,0,0,7.08E-05,-0.000459201,-0.002425551,-0.006343759,-0.02038174,-0.026025837,-0.018449704,-0.004982281,0.000386144,1.94E-05,0,0,0,0,0,0,0,0,0,0.000120404,-0.000973652,-0.017749813,-0.009397978,0.048193986,0.297202768,0.399204027,0.260592456,0.047488528,-0.008030146,0.000128336,0,0,0,0,0,0,1.17E-18,0.000208504,-2.93E-05,-0.023232605,-0.047035607,0.205590022,0.572633119,0.836925455,0.977227107,1.00078576,0.989132676,0.511855443,0.000879601,-0.00485192,0,0,0,0,0,2.45E-05,0.000400497,-0.009287854,-0.01962865,0.230361979,0.439177509,0.856476154,1.042308892,1.026573281,1.006800228,0.976173492,1.0234367,0.71011729,0.041800885,-0.009890046,0,0,0,0,6.60E-05,0.000242143,-0.02099038,0.021168997,0.349415526,0.899333157,1.017454853,1.034869451,0.912215955,0.712189786,0.370147857,0.369805586,0.989233878,0.79373794,0.069713056,-0.012845821,0,0,0,0,0.000117953,-0.01547789,0.098305692,0.569248434,1.000288122,1.025621289,0.931306577,0.676245932,0.218332108,-0.014222939,-0.048288773,0.299867,0.98991556,0.952940615,0.121547073,-0.018432564,0,0,0,0.001166687,-0.021834201,0.12672532,0.774851665,0.99866156,1.025263595,0.888901467,0.312562211,0.036658003,-0.023875153,-0.012810475,0.027586261,0.732709491,1.053861366,0.729747804,0.045265786,-0.010338371,0,0,0.000191483,-0.009575792,0.027920139,0.707354626,1.043648455,1.030481073,0.700425907,0.087733626,-0.022327734,-0.013453738,-0.001889365,-0.036752578,0.391720418,0.991659263,0.983452768,0.325728214,-0.036454792,-0.000219567,0,0,-0.001810151,-0.025397813,0.406115894,1.001776144,0.967205933,0.640798424,0.089454262,-0.025733371,-0.010408633,-0.017464495,-0.037492681,0.287212388,0.894040339,1.038517446,0.623331478,0.000892395,-0.004755615,6.13E-05,0,0,-0.017672537,0.113269484,0.938676386,1.034397259,0.875056935,0.198681702,-0.025021503,-0.00103787,0.02687844,0.205918413,0.655574732,0.92729988,1.040747931,0.751061089,0.098165111,-0.015339978,0.000663898,0,0,0,-0.011777812,0.063134554,0.729996902,0.955541292,1.006661407,0.790850609,0.577909754,0.573101477,0.701836874,0.928064185,1.027702699,1.030817248,0.730957125,0.192801385,-0.01905159,-0.000187143,0,0,0,0,6.59E-05,-0.010542426,0.08030273,0.216285063,0.694742205,1.046849435,1.060865062,1.059793522,1.05053702,1.029456155,0.923304824,0.548833856,0.10528862,-0.025712606,-0.000250902,7.53E-05,0,0,0,0,9.80E-05,0.000506298,-0.015568168,-0.0371226,0.146985073,0.545044271,0.656110856,0.643011132,0.656217865,0.565231464,0.147817028,-0.013327253,-0.014623485,0.000195891,9.93E-05,0,0,0,0,0,0,0,4.64E-05,0.000365962,-0.011294679,-0.03409758,-0.040155365,-0.03943413,-0.040163092,-0.035183824,-0.012058619,-0.002105193,-0.000105954,2.17E-05,0,0,0,0,0,0,0,0,0,0,0,0,0,0,0,0,0,0,0,0,0,0,0,0,0,0,0,0,0,0,0,0,0,0,0,0,0,0,0,0,0,0,0,0,0,0,0,0,0,0,0,0,0,0,0,0,0,0,0,0,0,0,0,0,0
0,0,0,0,0,0,0,0,0,0,0,0,0,0,0,0,0,0,0,0,0,0,0,0,0,0,0,0,0,0,0,0,0,0,0,0,0,0,0,0,0,0,0,0,0,0,0,0,0,0,0,0,0,0,0,0,0,0,0,0,0,0,0,0,0,2.55E-05,-0.000137357,-0.002437834,-0.013604984,-0.023456189,-0.040813266,-0.041586397,-0.041470588,-0.042110754,-0.032083487,-0.015145221,-0.000163399,0.00011618,0,0,0,0,0,2.39E-05,0.000731005,-0.010287616,-0.029780501,-0.009184637,0.175202325,0.352519659,0.676955729,0.709672028,0.712134952,0.712124847,0.513833589,0.207565666,-0.018957482,-0.000884391,0.000116422,0,0,0,9.94E-18,0.000907169,-0.02323366,0.039153714,0.242821981,0.588354208,0.96254696,1.029215312,0.992815257,0.832685713,0.791876554,0.896769965,1.015842286,0.866805011,0.198848805,-0.021021972,-0.000373094,0,0,3.40E-05,0.000499368,-0.020811002,0.161699925,0.631804807,0.977402437,0.997917125,0.786891102,0.579284297,0.357624438,0.076749319,0.02257358,0.160277591,0.472469039,0.969497089,0.656742239,0.030909971,-0.0085032,0,0,0.000177327,-0.017914454,0.10796465,0.76971215,1.035923899,0.939366771,0.422978316,0.051705172,-0.000916086,-0.023242683,-0.014073672,-0.006942855,-0.028556622,0.003498906,0.735555114,1.010533203,0.135199867,-0.01991256,0,0,-0.005156931,0.003564775,0.521663705,1.017681373,0.804773557,0.245344176,-0.014449489,-0.015579044,-0.005261778,-0.001561309,0.000112847,0,-0.00203079,-0.013048969,0.515825112,1.043591401,0.143311524,-0.020755038,0,0,-0.010339393,0.046124801,0.727078704,0.981888089,0.23108158,-0.030085512,-0.001898873,0.000268076,0,0,0,0,-0.002831495,-0.002774918,0.595250919,1.045882966,0.145524031,-0.020992647,0,0,-0.016790748,0.106455454,0.920769506,0.716562619,-0.000326814,-0.004735396,0.000146753,1.03E-17,0,0,0,2.48E-18,-0.004502042,0.019667399,0.7494912,0.956280042,0.118127573,-0.018062704,0,0,-0.021007285,0.145560413,1.041442623,0.701237405,0.010162343,-0.016713967,-0.019025417,-0.003390523,0.000331904,0,0,0.000391342,-0.018501021,0.196472886,0.9558686,0.537147484,-0.011443174,-0.004006332,0,0,-0.020661782,0.142455806,1.039262107,0.529571647,0.088212755,0.608126163,0.377331648,-0.012920998,-0.006292956,0.000616363,0.000362806,-0.007466,-0.007040394,0.607465044,0.977782262,0.282865609,-0.039327692,0.000394399,0,0,-0.020832823,0.143620062,1.052083589,0.471043403,-0.015290645,0.444244383,0.948628266,0.364597018,0.000781148,-0.019106771,-0.016976545,-0.023780421,0.323080185,0.956845622,0.712220878,0.029617,-0.007485427,1.02E-05,0,0,-0.018935696,0.130660236,0.961109903,0.323180215,-0.033935798,0.030661492,0.696863781,0.922408037,0.317503745,0.16375771,0.170227839,0.352213373,0.912757966,0.814131587,0.193977941,-0.02140242,0.000733765,0,0,0,-0.006318934,0.050107364,0.260708452,0.039684028,-0.006150531,-0.020252553,0.17111782,0.848388906,0.986267123,0.99927291,0.998127774,0.952162485,0.740329946,0.144690291,-0.033145884,0.000672947,0,0,0,0,0.00042739,-0.003304849,-0.018405382,-0.003657782,0.000477328,-0.001615434,-0.006853216,0.143175773,0.476160675,0.680788075,0.685804228,0.367275913,0.0684471,-0.005610294,-0.001199295,4.92E-05,0,0,0,0,0,0,0,0,0,0.000240512,-0.000582131,-0.022460509,-0.012012301,0.031124648,0.032288941,-0.015728972,-0.013662916,-0.000607802,0.000176104,0,0,0,0,0,0,0,0,0,0,0,0,0.000226205,-0.003465925,-0.00872566,-0.008863017,-0.002232719,0.000180419,0,0,0,0,0,0,0,0,0,0,0,0,0,0,0,0,0,0,0,0,0,0,0,0,0,0
0,0,0,0,0,0,0,0,0,0,0,0,0,0,0,0,0,0,0,0,0,0,0,0,0,0,0,0,0,0,0,0,0,0,0,0,0,0,0,0,0,0,0,0,0,0,0,0,0,0,0.000519751,-0.005586809,-0.02195296,-0.009435001,0.000845868,0,0,0,0,0,0,0,0,0,0,3.11E-19,4.80E-05,-0.000577331,-0.002555351,-0.013997192,-0.045837316,0.010597341,0.164064313,0.046584661,-0.046311921,-0.015553309,-0.000565564,0.000161428,0,0,0,0,0,0,0,0.000758272,-0.008464222,-0.024186302,-0.009550177,0.184604456,0.666702223,0.729060066,0.855470527,0.760660182,0.616877536,0.213044935,-0.011014297,-0.000339978,0,0,0,0,0,2.99E-18,0.001294424,-0.015568406,0.019899748,0.287589631,0.623383851,0.902730035,1.027234001,1.020735362,1.008311168,1.016647638,1.028103316,0.896627689,0.214531403,-0.037136022,0.000804228,0,0,0,0,0.000735294,-0.026591605,0.070581087,0.584747498,0.960476421,1.018928002,0.997245268,0.996661135,1.010048526,1.009633066,1.002158769,0.991181883,1.007580321,0.652554381,0.03172141,-0.008754596,0,0,0,0.001571875,-0.022891851,0.092002211,0.454965893,0.9849396,1.001173109,1.004426848,1.036816732,0.836332141,0.551470469,0.69335983,0.792594133,0.98357675,0.992545028,0.988464851,0.198588336,-0.019861774,0,0,0,-0.012795239,0.08166476,0.720709967,1.023086125,0.992402131,1.00024255,0.874517736,0.626052475,0.36627211,0.00312437,-0.065627166,0.314269642,0.973224316,0.997397621,0.99361392,0.271517977,-0.020046467,0,0,0,-0.044222005,0.373892531,1.008917075,0.992255464,0.996365656,0.917312278,0.362149612,-0.008097001,-0.034640591,-0.002320057,-0.036685113,0.293112064,0.95157067,0.999227175,0.995619638,0.363439865,-0.020127145,0,0,0,-0.041805878,0.351172471,0.991331189,0.995278799,1.010018723,0.338647782,-0.023240196,-0.008753234,7.08E-05,-0.000440904,-0.018030298,0.182185628,0.861170769,1.009739668,1.010445517,0.599861909,-0.020625681,0,0,0,-0.051113693,0.438759123,1.057525854,0.989304739,1.010941074,0.403709932,-0.029590652,-0.000126804,0.00041956,-0.011403697,0.00914163,0.631548713,1.015255225,0.992477107,1.015018127,0.373008234,-0.020690189,0,0,0,-0.026358604,0.207451456,0.85176012,1.00127079,1.00804905,0.698622499,0.00408636,-0.012922832,-0.032673709,-0.031085344,0.384277758,0.976882414,1.000856535,0.938046587,0.728329325,0.130068798,-0.01417662,0,0,0,-0.001176063,-0.023003132,0.553580984,1.017298049,0.994998723,0.963616818,0.523371664,0.112696317,0.216325844,0.478892685,0.898848651,1.003053871,1.006091112,0.864024186,0.200859256,-0.024055158,-0.000407646,0,0,0,0.000193633,-0.023443696,0.328047471,0.800739277,1.003921705,0.999633967,0.960872192,0.815344601,0.905402352,1.00593013,1.003347125,1.013312568,1.0164455,0.476646106,0.008217814,-0.004816712,7.23E-05,0,0,0,0,-0.002909058,-0.001892191,0.607012919,1.023146804,1.00249358,1.026002928,1.031433875,1.007062943,1.009340635,0.968957985,0.637389178,0.592269148,0.148560815,-0.010259089,-3.91E-05,0,0,0,0,0,-0.000152369,-0.014672096,0.128180607,0.630932547,0.868818638,0.658578942,0.802941942,0.98676828,0.921396463,0.607532561,0.009828993,-0.042612286,-0.010456189,0.000439951,2.94E-05,0,0,0,0,0,4.28E-05,6.83E-05,-0.012892361,0.025874404,0.094621876,0.027710754,0.074748532,0.134335993,0.109442593,0.03370536,0.001274663,-0.000273888,0,0,0,0,0,0,0,0,0,0.000104167,-0.000324414,-0.007918709,-0.015549713,-0.008298952,-0.013366524,-0.019794901,-0.017209116,-0.008340637,-0.000514876,7.23E-05,0,0,0,0,0,0,0,0,0,0,0,0,0,0,0,0,0,0,0,0,0,0,0,0,0
0,0,0,0,0,0,0,0,0,0,0,0,0,0,0,0,0,0,0,0,0,0,0,0,0,0,0,0,0.000113358,-0.001287275,-0.009049394,-0.017292347,-0.01765759,-0.002515148,0.000196929,6.13E-06,0,0,0,0,0,0,0,0,0,0,0,0.000263606,-0.001687966,-0.019763717,0.033282021,0.1107303,0.112113766,-0.009093443,-0.002026161,0.000258652,0,0,0,0,0,0,0,0,0,0,0.000190462,-0.002227437,-0.019884855,0.29145081,0.693080593,0.921668607,0.948798595,0.333880804,-0.025594601,-0.002790594,9.60E-05,0,0,0,0,0,0,0,0,4.11E-18,-0.002412854,-0.017130977,0.354638821,0.940179398,1.049137306,1.007277369,1.027571406,0.930341895,0.335669833,-0.013868362,-0.00118076,0,0,0,0,0,0,0,0,-2.07E-17,-0.011815087,0.081868045,0.774987149,1.048121119,0.821274578,0.393159569,0.789564344,1.041955321,0.82080707,0.024076372,-0.00530913,3.06E-05,0,0,0,0,0,0,0,-2.23E-16,-0.02036203,0.388745448,1.023129681,0.874129885,0.183502145,-0.049535641,0.278615901,0.970472001,0.988864549,0.361628098,-0.025077563,0.00011618,0,0,0,0,0,0.000491623,-0.006112266,-0.036775509,-0.049918403,0.486686632,0.946363615,0.271825615,-0.040472429,-0.007789464,-9.66E-05,0.619503604,1.063213638,0.756646471,0.017358376,-0.006433541,0,0,0,0,0,-0.003539522,0.04092453,0.30347035,0.208735226,0.638037721,0.722659246,0.029957516,-0.011579997,0.000445261,-0.034264672,0.234619485,0.946162837,0.913471099,0.206856175,-0.026743101,1.43E-05,0,0,0,0,-0.020890114,0.307687177,0.960738273,0.910294424,0.974240689,0.518047454,-0.026261472,-0.002084559,0,-0.004603155,0.005433313,0.653932751,1.011816636,0.341269659,-0.041380498,5.65E-05,0,0,0,0,-0.031507659,0.498076848,1.01713414,1.023099963,0.976079315,0.323879136,-0.033342644,0.000308824,0,0.000651828,-0.037446181,0.492417535,1.035705644,0.497653459,-0.016647303,-0.003291803,0,0,0,0,-0.031933721,0.506332891,1.011843171,1.013942674,0.891420838,0.113201083,-0.011750238,0,1.87E-05,-0.001574029,-0.023489992,0.592164914,1.057957516,0.620035097,0.010060943,-0.006524374,0,0,0,0,-0.014108424,0.183855513,0.950473228,1.02341296,0.68383132,-0.035063525,8.91E-05,0.000117402,0.000527394,-0.020278114,0.086656798,0.82417893,1.033358947,0.411364804,-0.02655697,-0.001764604,0,0,0,0,-0.003456853,0.001757983,0.712926573,1.039454129,0.737417876,0.164894114,-0.03037083,-0.00664374,-0.013261659,-0.009641066,0.548846933,1.023994502,0.737085716,0.064284109,-0.012664384,0.000129357,0,0,0,0,-0.000453687,-0.02201268,0.240462231,0.926469958,1.052333357,0.850422232,0.307042909,0.026699823,0.033172249,0.499003998,0.99729245,0.930623792,0.231975541,-0.026021157,0.000950634,0,0,0,0,0,7.81E-05,-0.003681968,-0.016761268,0.382010178,0.883486031,1.021486673,1.00210643,0.944557955,0.947530824,1.021762158,0.903296432,0.266100439,-0.025191074,-0.000453431,1.47E-05,0,0,0,0,0,1.53E-07,0.000274765,-0.002970248,-0.004719397,0.16858278,0.494357605,0.866255004,1.025490707,1.035601103,0.92247262,0.279289607,-0.021160012,-0.002891544,0.000110294,0,0,0,0,0,0,0,0,0.00025478,-0.002227793,-0.027044469,-0.004075354,0.090208206,0.143455679,0.146356396,0.107126856,-0.013226122,-0.002016836,0.000293506,0,0,0,0,0,0,0,0,0,0,1.36E-05,0.000366883,-0.004303173,-0.015137868,-0.020812738,-0.021137153,-0.017013337,-0.00170207,0.000187228,0,0,0,0,0,0,0,0,0,0,0,0,0,0,0,0,0,0,0,0,0,0,0,0,0
0,0,0,0,0,0,0,0,0,0,0,0,0,0,0,0,0,0,0,0,0,0,0,0,0,0,0,0,0,2.94E-18,-2.47E-17,-5.17E-17,-9.00E-19,5.19E-19,0,0,0,0,0,0,0,0,0,0,0,0,0,0,0,-0.006606641,0.055445678,0.116158025,0.00202322,-0.001011102,-0.002799315,-0.000316742,2.57E-05,0,0,0,0,0,0,0,0,0,0,0,0,-1.47E-18,0.000100848,-0.000763634,-0.007092913,-0.023836397,-0.008194087,-0.021816738,-0.005231822,0.000661612,0,0,0,0,0,0,0,0,0,0,0,0.000860294,-0.007302254,-0.019677594,0.05950639,0.331693934,0.573688981,0.379784824,0.064844278,-0.008964575,0,0,0,0,0,0,0,0,0,0.000112103,-0.000621255,-0.013443321,0.011316398,0.29681907,0.887987512,0.99528782,1.014848243,0.963739158,0.307771684,-0.037228405,0,0,0,0,0,0,0,0,0.000187228,-0.002065754,-0.006312126,0.035089733,0.415755702,0.930233286,0.998623782,1.013562568,0.998464018,1.046291837,0.429839291,-0.050146345,0,0,0,0,0,0,0,0.000540133,-0.006863764,-0.034034818,0.141664849,0.741440015,0.977421324,1.014148289,0.928802022,0.539047888,0.774272247,1.055099024,0.422855265,-0.04934687,0,0,0,0,0,9.65E-06,0.000102482,-0.006320806,0.020872379,0.269038241,0.813110022,1.019113647,1.034443508,0.882955729,0.343199013,0.007752332,0.60182935,1.075577274,0.432801675,-0.050364437,0,0,0,0,0,0.00038557,-0.00847258,-0.022130566,0.366893314,0.920620541,1.024756689,0.895920752,0.755042416,0.279428751,-0.020073886,-0.031377638,0.66034632,0.974831206,0.288655518,-0.035112715,0,0,0,2.75E-18,0.000326118,-0.006449585,0.018687908,0.428982247,0.919510791,1.027428967,0.768476137,0.153571912,-0.003058807,-0.022254119,-0.022277289,0.204559368,0.885720929,0.804010161,0.097667807,-0.014779667,0,0,0,0.000297862,-0.009125189,-0.012871221,0.489118583,0.936676964,0.982420513,0.818768361,0.111276722,-0.021018553,-0.013723941,-0.004232298,0.09840829,0.669971371,1.017607145,0.623220095,-0.047676266,0.000973462,0,0,0,-0.004820771,0.00829755,0.422890815,0.952330945,0.984601847,0.543454167,0.143291085,-0.026366366,0.01143711,0.016982678,0.495171535,0.793518778,0.993906333,0.753462626,0.2108138,-0.015002242,0,0,0,0,-0.017637527,0.541220853,0.935943764,1.016887936,0.582904276,0.05797886,0.139867158,0.585619094,0.62403622,0.620692215,1.041178802,0.897475167,0.470640659,0.123292484,-0.026763429,0.000569087,0,0,0,0,-0.016517395,0.556370918,0.904949891,1.033975558,0.848452189,0.705733745,0.822398343,1.055631672,1.036479082,0.914309743,0.551362473,0.28894241,-0.002866456,-0.017417279,0.001226767,1.91E-05,0,0,0,0,-0.00386489,0.004175159,0.373082516,0.616871324,0.559398386,0.775950759,0.833599374,0.714506076,0.427106345,0.41162706,-0.024709218,-0.017597292,-0.005539556,0.000474877,0,0,0,0,0,0,0.000284926,-0.002838398,-0.024318627,-0.044748162,0.020636829,0.089724588,0.117396305,0.077805266,0.016638497,-0.031895425,-0.001453227,-0.000836289,6.54E-05,0,0,0,0,0,0,0,0,0,0,0.000682402,-0.005559089,-0.013720598,-0.016928167,-0.012366801,-0.004511842,0.000564999,0,0,0,0,0,0,0,0,0,0,0,0,0,0,0,0,0,0,0,0,0,0,0,0,0,0,0,0,0,0,0,0,0,0,0,0,0,0,0,0,0,0,0,0,0,0,0,0,0
0,0,0,0,0,0,0,0,0,0,0,0,0,0,0,0,0,0,0,0,0,0,0,0,0,0,0,0,0,0,0,0,0,0,0,0,0,0,0,0,0,0,0,0,0,0,0,0,0.000364437,-0.004098488,-0.028436264,-0.048709796,-0.050757245,-0.039341242,-0.008468468,0.000697077,2.20E-05,0,0,0,0,0,0,0,0,0,1.28E-05,0.000376819,-0.006758629,0.007328499,0.22474343,0.418766902,0.438068447,0.32827565,0.045569938,-0.011659109,0.00022549,0,0,0,0,0,0,0,0,0,2.03E-05,-0.005759702,0.02122983,0.525072593,0.94129553,1.046146259,1.059993529,1.003919203,0.60816956,0.046951168,-0.006299581,8.07E-05,0,0,0,0,0,0,0,1.04E-18,-0.002241966,-0.024005476,0.432792041,1.019120047,0.715428649,0.415250153,0.417417231,0.665595061,1.015299411,0.478174462,-0.029641868,-6.07E-05,0,0,0,0,0,0,0.000196078,-0.00085546,-0.022461703,0.038757134,0.735961857,0.675516697,0.0523141,-0.035763821,-0.040146142,0.075509702,0.816663586,0.768406131,0.030509855,-0.007682524,0,0,0,0,0,0,-0.000432922,-0.001722412,0.048611723,0.497239786,0.831106933,0.141114882,-0.029051404,0.000459419,0.000241639,-0.036391301,0.486784664,0.945213811,0.260448633,-0.032009055,0,0,0,0,0,8.10E-05,-0.018161203,0.095623894,0.740239175,0.991448066,0.369631247,-0.026377911,-0.001629902,3.68E-05,8.97E-05,-0.014734137,0.187285948,0.942609154,0.314175722,-0.037388203,0,0,0,0,0,-0.001072968,-0.020590567,0.367008272,1.007288807,0.85770858,0.061295275,-0.008889059,0.000168505,0,0,-0.013192096,0.176131638,0.933197491,0.30318784,-0.036210917,0,0,0,0,0,-0.004367239,0.019050977,0.706474077,1.038368004,0.611517672,-0.02483124,0.00035786,0,0,4.84E-18,-0.015247294,0.223695585,0.847859903,0.17331056,-0.022492357,0,0,0,0,0,-0.008386336,0.079260161,0.95014425,1.025643842,0.347398852,-0.021159535,2.94E-05,0,8.51E-06,0.000707778,-0.036802254,0.479000204,0.807087776,0.064394948,-0.011223758,0,0,0,0,0,-0.008948066,0.088360323,0.972359362,1.017121737,0.233727819,-0.020577874,0,0,0.00038166,-0.013805621,0.045862276,0.772313433,0.542342444,-0.033613897,0.000145228,0,0,0,0,0,-0.007497141,0.065053019,0.929504391,0.834480086,0.092100981,-0.014039862,1.93E-05,1.84E-05,-0.006124013,-0.022947954,0.488800228,0.909206699,0.096745268,-0.009893978,9.38E-05,0,0,0,0,0,-0.003148182,0.001227345,0.634297641,0.885323751,0.093923386,-0.035765897,-0.00908027,-0.022286475,-0.026448563,0.314329912,0.915279633,0.439680283,-0.017416122,-0.00142642,0,0,0,0,0,0,-0.000191942,-0.025111264,0.211229371,0.949705593,0.592388814,0.109343154,0.023924173,0.140981788,0.552659586,0.875115279,0.429735703,-0.008013514,-0.005750051,0.000113205,0,0,0,0,0,0,2.71E-05,-0.004331648,-0.002960563,0.433493583,1.008284569,0.850810458,0.704826559,0.86833187,0.811547488,0.269657423,-0.025594958,-0.003283735,0.000318168,5.06E-06,0,0,0,0,0,0,0,0.000465024,-0.006075459,0.000693238,0.345367324,0.834105978,0.894911354,0.428352883,0.052327395,-0.024376573,-0.002012759,0.000142677,0,0,0,0,0,0,0,0,0,9.19E-06,0.00037837,-0.004922045,-0.019468564,-0.021000136,-0.020831291,-0.020745847,-0.01222835,-0.000725273,0.000153186,0,0,0,0,0,0,0,0,0,0,0,0,0,0,0,0,0,0,0,0,0,0,0,0,0,0
0,0,0,0,0,0,0,0,0,0,0,0,0,0,0,0,0,0,0,0,0,0,0,7.97E-05,-0.0014471,-0.000163739,1.33E-05,0,0,0,0,0,0,0,0,0,0,0,0,0,0,0,0,-0.000555827,0.01009753,0.001142534,-9.26E-05,0,0,0,0,0,0.000829872,-0.007103257,-0.018048592,-0.012637071,-0.000193633,9.76E-05,0,0,0,0,0,-0.004001225,0.07268893,0.008224741,-0.000666871,0,0,8.46E-05,-0.000471201,-0.00338654,-0.037049957,0.025254357,0.126104388,0.079780961,-0.008062585,0.000327341,0,0,0,0,0,-0.001018689,0.018506179,0.002093971,-0.000169781,0,0.000203125,-0.002764093,-0.015517872,-0.000548849,0.452516731,0.744461942,0.868030127,0.724644421,0.149554092,-0.019677551,0,0,0,0,0,0.000137868,-0.002504596,-0.000283395,2.30E-05,0.000193633,-0.001836823,-0.023904718,0.187205576,0.730739362,1.022603814,0.971208078,0.891058211,1.052752621,0.422087963,-0.049347764,0,0,0,0,0,0,0,3.94E-18,0.000347222,-0.008826247,-0.021066653,0.345710716,0.860257949,1.031181475,0.711284803,0.257942045,0.347467542,1.028057513,0.433908752,-0.050162651,0,0,0,0,0,0,0,0.000835677,-0.013257035,-0.002149429,0.44928677,0.982887995,0.876270467,0.37347404,0.030695753,-0.042308083,0.662911367,0.946672425,0.24871715,-0.030878965,0,0,0,0,0,2.70E-05,0.000343035,-0.014631859,0.038015965,0.570768925,0.944265029,0.583361962,0.082500426,-0.02846698,-0.031019441,0.118541462,0.871709746,0.798041837,0.051935372,-0.010061555,0,0,0,0,0,0.000871528,-0.026156012,0.052842371,0.587068832,0.980805138,0.46778639,0.009879545,-0.015965414,-0.006110141,-0.03221018,0.471951985,1.02508107,0.455416718,-0.022793045,-0.000631038,0,0,0,5.53E-05,0.000454782,-0.022142242,0.138534433,0.794688623,0.936400327,0.361475276,-0.024723958,-0.010167075,-0.004659416,-0.017829248,0.324423281,0.986802628,0.756754068,0.026832057,-0.006539369,0.000161428,0,0,0,-0.000201695,-0.02147937,0.061698989,0.708930981,0.888608762,0.32655673,-0.011059374,-0.017197372,-0.023839359,0.001902318,0.394817623,0.912257229,0.924180079,0.252025157,-0.021529208,-0.000488664,0,0,0,0,-0.013175336,0.184175397,0.769548581,1.018338412,0.555736109,0.099337777,0.071332374,0.055943653,0.114781501,0.591516092,1.021532754,0.904995885,0.296653826,-0.020860357,-0.002843647,9.17E-05,0,0,0,0,-0.021333742,0.84603996,1.01886152,0.828561036,0.965575538,0.969924854,0.833631086,0.768760468,0.955410471,0.999785999,0.805867085,0.208234683,-0.028111469,-0.002674377,0.000382966,0,0,0,0,0,-0.016683517,0.711415488,0.67384569,0.166033327,0.325304381,0.720772927,0.829977257,0.827400854,0.810702717,0.44534998,0.087615536,-0.007169534,-0.001673049,3.19E-05,0,0,0,0,0,0,-0.000459218,0.02027596,0.011167484,-0.016596252,-0.024503898,0.011874523,0.023384714,0.02232358,0.021429756,-0.011970622,-0.018800756,-0.001306102,0.000269608,0,0,0,0,0,0,0,0.000100082,-0.00427291,-0.003785539,-0.000326134,-0.000727277,-0.004000408,-0.004915056,-0.004833793,-0.004793862,-0.001793096,0.00011826,0,0,0,0,0,0,0,0,0,0,0,0,0,0,0,0,0,0,0,0,0,0,0,0,0,0,0,0,0,0,0,0,0,0,0,0,0,0,0,0,0,0,0,0,0,0,0,0,0,0,0,0,0,0,0,0,0,0,0,0,0,0,0,0,0,0,0,0
0,0,0,0,0,0,0,0,0,0,0,0,0,0,0,0,0,0,0,0,0,0,0,0,0,0,0,0,0,0,0,0,0,0,0,0,0,0,0,0,0,0,0,0,0,0,0,0,0,0,0,0,0,0,0,0,0,0,0,0,0,0,0,0,0,0,0,0,0.000221661,-0.002645578,-0.018159875,-0.018259549,-0.033988576,-0.044085376,-0.043346099,-0.023988562,-0.004615962,0.000623701,0,0,0,0,0,0,0,0,0.000174632,-0.000586095,-0.016300756,0.002252519,0.256086125,0.258008136,0.546410749,0.736920769,0.714362813,0.364525191,0.036069904,-0.015461966,0.000775123,0,0,0,0,0,2.71E-18,-5.50E-18,-0.000589427,-0.009392401,0.05075994,0.477551709,0.978953193,0.979589001,1.012468951,0.995956427,1.040591861,0.9474519,0.471585818,0.016492601,-0.005778867,0,0,0,0,0,0.000603554,-0.004263344,-0.03238511,0.152616876,0.706257625,0.974153322,1.020397416,1.031695721,0.705795031,0.330979541,0.877480971,1.015068661,1.044903765,0.148894307,-0.02148063,0,0,0,0,0.000453712,-0.013615833,0.013467483,0.290352581,0.62065476,1.032895639,1.029982573,0.791633817,0.335531674,0.030010905,-0.04555119,0.331486962,0.984795616,1.015800348,0.141619628,-0.020606749,0,0,0,6.97E-05,-0.003967473,0.014814066,0.461550824,0.98214277,1.020022149,0.958608745,0.703676011,0.08745447,-0.03021332,-0.010784823,-0.019832074,0.254163126,0.975547607,1.01556073,0.141423199,-0.020582448,0,0,0.000174632,-0.000836798,-0.029824295,0.239013446,0.965188981,1.02000337,1.04658743,0.630107894,0.01910015,-0.012431151,0.000294679,0,-0.01838031,0.260639842,0.975589665,1.015165714,0.141348905,-0.020573257,0,0,-0.000457516,-0.015292487,0.154548747,0.835922352,1.006697934,0.869322134,0.657121975,0.083624677,-0.02364888,0.000297181,0.00065145,-0.011291835,-0.072610311,0.477482758,1.004357298,1.021084695,0.143842026,-0.020845758,0,0,-0.014273046,0.08376865,0.822661748,1.015484018,0.950122821,0.48509421,0.042736436,-0.035663041,-0.019953959,-0.020718273,-0.027553445,0.10802539,0.406436598,0.902219107,1.017834814,0.950501089,0.119281368,-0.018259634,0,0,-0.021220768,0.146570028,1.036690497,0.998322446,0.983648988,0.933764556,0.606573243,0.220242669,0.134710842,0.118319762,0.406554292,0.824614941,1.000116095,1.013071437,1.018540248,0.594008669,0.017360951,-0.006908436,0,0,-0.0078125,0.042236965,0.4630136,0.928512221,1.033184913,1.01384455,1.016221584,1.012640268,1.011444683,1.014729541,1.016701253,1.011249575,1.010673254,1.030761097,0.683647825,0.068447678,-0.015305124,0.000333606,0,0,0.00072338,-0.00805012,-0.022000408,0.216550313,0.609490502,0.828289386,0.979279602,1.021816857,1.029917518,1.003615094,0.978397484,0.973934274,0.830354439,0.599557785,0.096898557,-0.019380974,0.001161795,0,0,0,0,0.000410909,-0.002466912,-0.028783905,-0.009042892,0.102423764,0.295688143,0.637354762,0.725061445,0.484399135,0.25045098,0.258589812,0.108563589,-0.0082516,-0.01455719,0.000778186,0,0,0,0,0,0,1.75E-05,-6.00E-05,-0.002559436,-0.009279871,-0.02030492,-0.039122498,-0.043944444,-0.030701389,-0.017826746,-0.018257358,-0.009625511,-0.002550041,-6.10E-05,1.75E-05,0,0,0,0,0,0,0,0,0,0,0,0,0,0,0,0,0,0,0,0,0,0,0,0,0,0,0,0,0,0,0,0,0,0,0,0,0,0,0,0,0,0,0,0,0,0,0,0,0,0,0,0,0,0,0,0,0,0,0,0,0,0,0
0,0,0,0,0,0,0,0,0,0,0,0,0,0,0,0,0,0,0,0,0,0,0,0,0,0,0,0,0,0,0,0,0,0,0,0,0,0,0,0,0,0,0,0,0,0,0,0,0,0,0,0,0,0,0,0,0,0,0,0,0,0,0,0,0,0,0,0,0,7.72E-05,-0.000214767,-0.005829963,-0.011416473,-0.024315308,-0.016755004,-0.006850184,-0.000539624,0.000101504,0,0,0,0,0,0,0,0,0,0,0.000194853,-0.002020833,-0.029342218,0.043305249,0.133219498,0.368479184,0.230314168,0.057001838,-0.01243624,-0.000471342,0.00010723,0,0,0,0,0,0,0,1.70E-05,0.001003832,-0.011374489,-0.035423169,0.262248604,0.761059317,1.006627991,1.034434249,1.027948002,0.845054228,0.200556764,-0.019487434,-0.000504664,0,0,0,0,0,0,5.53E-05,-0.000397433,-0.022509953,0.086578908,0.40910512,0.97440945,0.993601052,0.702100658,0.49129439,0.557130038,0.925055573,0.606671705,0.005282398,-0.00596235,0,0,0,0,0,0,0.001708298,-0.030398696,0.086707989,0.708313257,1.028937773,0.919276205,0.413330938,0.035192316,-0.032123198,-0.018595009,0.532960659,0.88243019,0.090292609,-0.015056799,0,0,0,0,1.93E-05,0.000970588,-0.033059062,0.195036577,0.749496606,1.037875051,0.76509649,0.239277693,-0.031670888,-0.010227026,-0.002948308,-0.034634821,0.342141442,1.065571521,0.147395438,-0.021194513,0,0,0,0,0.000261949,-0.024114277,0.119827853,0.813983422,1.067024038,0.743280212,0.115702734,-0.034899323,0.000459014,0.000549916,-0.006885621,-0.01691619,0.586322151,0.890923679,0.093098325,-0.015383306,0,0,8.76E-18,-7.02E-17,-0.005164828,0.03474566,0.683506144,1.041324534,0.729476428,0.092696044,-0.022038058,-0.000194853,0.000137255,-0.003069891,-0.002373264,0.352434981,0.994459321,0.567222188,0.001517519,-0.00534501,0,0,0.000430624,-0.002969202,-0.042682598,0.297894897,0.984212878,0.87681873,0.154191618,-0.025168981,-0.004810083,-0.010546977,-0.017616762,-0.041786107,0.238833589,0.930647808,0.907232588,0.210845554,-0.026008622,-7.59E-05,0,0,-0.013589608,0.105405533,0.542936081,0.754111261,1.035798921,0.661005666,-0.023826579,-0.061907298,-0.002569198,0.047800742,0.101305151,0.415591643,0.943924031,0.95569864,0.324768864,-0.010849028,-0.001668287,4.48E-05,0,0,-0.014657714,0.093766,0.771756996,0.983857622,1.03333187,0.82436683,0.454862079,0.41455399,0.581884634,0.747515421,0.923112166,1.012528179,0.812309879,0.305215057,-0.01875817,-0.004155263,0.000350577,0,0,0,-0.000601341,-0.000990023,0.057644812,0.378972392,0.725571198,0.74031296,0.864062988,1.022916633,0.855748536,0.748301385,0.732679449,0.40986303,0.087381451,-0.019514314,-0.002290816,0.000150633,0,0,0,0,0.000189951,-0.000728262,-0.014642157,-0.017104626,0.012553428,0.011981362,0.044611886,0.09978222,0.046469567,0.011613647,0.012675398,-0.018347771,-0.017923815,-0.00091299,0.000248162,0,0,0,0,0,0,0,8.73E-05,-0.00128171,-0.00408124,-0.004025888,-0.00607945,-0.009562194,-0.006189032,-0.004007915,-0.004066636,-0.001369492,8.12E-05,0,0,0,0,0,0,0,0,0,0,0,0,0,0,0,0,0,0,0,0,0,0,0,0,0,0,0,0,0,0,0,0,0,0,0,0,0,0,0,0,0,0,0,0,0,0,0,0,0,0,0,0,0,0,0,0,0,0,0,0,0,0,0,0,0,0
0,0,0,0,0,0,0,0,0,0,0,0,0,0,0,0,0,0,0,0,0,0,0,0,0,0,0,0,0,0,0,0,0,0,0,0,0,0,0,0,0,0,0,0,0,0,0,0,0,0,0,0,0,0,0,0,0,0,0,0,0,0,0,0,0,0,0,0,6.43E-06,-2.97E-05,-0.001133323,-0.000657322,5.46E-05,-6.15E-05,-0.001003625,-0.000276501,1.84E-05,0,0,0,0,0,0,0,0,0.000490196,-0.005333946,-0.010343341,-0.018954963,-0.028453329,-0.021897348,-0.024725133,-0.018657362,-0.014428019,-0.022175568,-0.021686632,-0.00296538,0.000432922,0,0,0,0,3.97E-18,0.000206801,-0.002403748,-0.017465363,0.00600771,0.038635281,0.11433718,0.206139808,0.388753217,0.309990247,0.101237805,0.089182751,0.362446078,0.201922471,0.005641612,-0.002145143,2.55E-05,0,0,0,0.000158983,-0.002953431,0.011447695,0.122262136,0.514713116,0.715187518,0.820638242,0.950341639,1.032521208,0.997525531,0.813844574,0.771183279,1.009656999,0.861867102,0.20221795,-0.027462293,0.000131059,0,0,8.97E-05,-0.004722541,-0.001260157,0.602846144,0.897957618,1.006422435,1.031118079,0.929651258,0.858349571,0.614512114,0.547279344,0.841690776,0.962389239,0.964447485,1.01941506,0.713427619,0.047186152,-0.010357643,0,0,-0.000241183,-0.019473778,0.167519353,0.872118515,1.040315768,0.966591214,0.478783291,0.135654956,-0.008630004,-0.014897365,-0.024972682,0.01862295,0.206820364,0.439707074,0.984826559,0.963357162,0.124064296,-0.018730767,0,0,-0.010050041,0.044372529,0.704469022,1.023149935,0.95197178,0.440719158,-0.023839886,-0.019862303,-0.001056134,-0.000506366,0.000377434,-0.003446744,-0.03728656,0.194500953,0.994809538,0.761234171,0.058866078,-0.011677049,0,0,-0.02131587,0.148005228,1.035568423,1.011241966,0.585124251,-0.025497736,-0.007567415,0.000488324,0,0,7.26E-19,0.000183441,-0.016680453,0.196985549,0.989549717,0.806157833,0.07348243,-0.013251974,0,0,-0.016427356,0.102312075,0.899366285,1.026226614,0.566596184,-0.040173662,-0.013583578,-0.003090448,-0.000759123,-0.000754868,-0.003147978,-0.013894324,-0.028217252,0.411093665,1.010374455,0.879730903,0.095368157,-0.015681339,0,0,-0.006322612,0.012789384,0.568803877,1.033788947,0.925284351,0.477638974,0.067716431,-0.024616302,-0.042459541,-0.042499032,-0.021105013,0.03985521,0.391483463,0.942459065,1.001480355,0.40655791,-0.014866403,-0.002676545,0,0,0.000215312,-0.013502048,0.067784756,0.632888736,0.987354865,1.029622855,0.761810227,0.512736673,0.445293352,0.445210376,0.513779616,0.763678118,1.02695047,1.016544339,0.604159467,0.048708827,-0.011973625,0.000262119,0,0,4.26E-06,-3.34E-05,-0.006488511,0.063693985,0.582722988,0.950892702,1.018364858,1.060095061,1.071906914,1.07163671,1.063166871,1.010378042,0.93006444,0.442465567,0.037841231,-0.013498536,0.000927398,0,0,0,0,0.000110065,-0.000442555,-0.0151178,0.017872226,0.168296041,0.380721502,0.66503702,0.795484835,0.789619077,0.731906658,0.29804866,0.163736435,-0.001142072,-0.015041548,0.000695415,0,0,0,0,0,0,1.52E-05,0.000154871,-0.003814134,-0.013464648,-0.028226275,0.008459797,0.058616728,0.056442334,0.033247889,-0.014413548,-0.01414854,-0.002399918,0.000274459,3.83E-06,0,0,0,0,0,0,0,0,0,2.04E-05,0.000328288,-0.005009987,-0.010859729,-0.010604949,-0.007914476,-0.000617522,0.000122294,0,0,0,0,0,0,0,0,0,0,0,0,0,0,0,0,0,0,0,0,0,0,0,0,0,0,0,0,0,0,0,0,0,0,0,0,0,0,0,0,0,0,0,0,0,0
0,0,0,0,0,0,0,0,0,0,0,0,0,0,0,0,0,0,0,0,0,0,0,0,0,0,0,0,0,0,0,0.000105528,-0.000535037,-0.006599946,-0.01220401,-0.018869315,-0.013541837,-0.00060077,0.000171909,0,0,0,0,0,0,0,0,0,0,0,0.0003465,-0.003902205,-0.030583527,0.010887041,0.063540571,0.124451256,0.085978507,0.002040051,-0.000947271,0,0,0,0,0,0,0,0,0,7.48E-05,-6.09E-05,-0.015376753,-0.011794169,0.307327514,0.624609494,0.78084501,0.972016016,0.726087861,0.047516612,-0.010461601,0,0,0,0,0,0,0,0,0.000711752,-0.006123877,-0.033642276,0.143487847,0.619668471,0.988204568,1.011908871,0.945702121,1.013658633,0.808454316,0.074350821,-0.013382353,0,0,0,0,0,0,9.64E-32,0.000408497,-0.007561045,0.0051306,0.293592422,0.979727686,0.956153237,0.671978041,0.232230784,0.11125623,0.972470197,0.695870302,0.036323224,-0.009266748,0,0,0,0,0,0,5.11E-05,-0.004806645,-0.010695107,0.424112388,0.988464733,0.849611826,0.288248281,-0.017391141,-0.044419747,0.434735856,1.02524886,0.437924769,-0.031139833,-0.001594669,0,0,0,0,0,0.000168766,-0.000262729,-0.035349184,0.328927537,1.000657162,0.703351745,0.0809817,-0.023542049,-0.022662826,0.092216515,0.835083194,0.885748169,0.141829335,-0.022389863,0.00022013,0,0,0,0,1.55E-05,-0.000899152,-0.010674922,0.162217899,0.894011846,0.796192096,0.129202785,-0.027179058,-0.003547113,-0.021925879,0.340215465,0.960127706,0.4811354,-0.021570908,-0.000854021,0,0,0,0,0,0.000160284,-0.017137374,0.074671381,0.727443338,0.973914078,0.274491881,-0.02733187,-0.000402471,-0.015646957,0.130812917,0.810389331,0.912839188,0.072647774,-0.009367749,0.000152868,0,0,0,0,2.04E-05,-0.003552985,0.0043141,0.639731737,1.043769165,0.457279191,-0.026305641,-0.001164573,-0.002011557,-0.016065666,0.660629357,0.9878021,0.345072134,-0.023336193,-0.000797488,0,0,0,0,2.21E-05,0.00045096,-0.026523216,0.27871841,1.024776178,0.74735032,0.042053066,-0.012064866,-0.003410522,-0.030162718,0.335228503,0.991614131,0.523669986,-0.006920054,-0.006120098,9.10E-05,0,0,0,0,0.000238983,-0.01336343,0.05622104,0.783129034,0.926149549,0.22070027,-0.026878596,-0.00717913,-0.039160093,0.38321712,1.003222759,0.767013709,0.036385509,-0.012010229,0.000697077,0,0,0,0,0,-0.0042516,-0.007087512,0.518721354,1.031763123,0.478896327,-0.03229376,-0.024242897,0.003593716,0.347636983,0.959403135,0.800483949,0.123324892,-0.020669764,0.000697849,0,0,0,0,0,0,-0.012476511,0.065701052,0.788147876,1.012407441,0.346637987,0.004117188,0.209697611,0.646758783,0.979427083,0.678180283,0.136475967,-0.020341948,-0.000343137,0,0,0,0,0,0,0,-0.012501702,0.065376768,0.790000783,1.037395527,0.970022093,0.943069325,0.991924979,0.92711586,0.594920037,0.019490536,-0.019368975,-0.000248563,0.000150123,0,0,0,0,0,0,0,-0.003582516,-0.004199177,0.420225065,0.811478792,0.905837776,0.896251532,0.615955662,0.203961652,0.014071759,-0.009014025,-0.000146344,4.40E-05,0,0,0,0,0,0,0,0,0.000440259,-0.007007536,0.011789318,0.07102024,0.105121224,0.099671742,0.016942151,-0.027725786,-0.005293149,0.000480209,1.22E-05,0,0,0,0,0,0,0,0,0,0,0.000578859,-0.004879664,-0.013147127,-0.016684538,-0.016131876,-0.007015103,0.000125102,1.28E-05,0,0,0,0,0,0,0,0,0,0,0,0,0,0,0,0,0,0,0,0,0,0,0,0,0,0,0,0,0,0
0,0,0,0,0,0,0,0,0,0,0,0,0,0,0,0,0,0,0,0,0,0,0,0,0,0,0,0,0,0,0,0,0,0,0,0,0,0,0,0,0,0,0,0,0,0,0,0.000410054,-0.002859239,-0.019365701,-0.023646814,-0.023089153,-0.024084999,-0.014702214,0.000165505,0.000117402,0,0,0,0,0,0,0,0,1.01E-05,0.000112388,-0.001819138,-0.017527669,-0.007719261,0.140655144,0.182120507,0.179311632,0.188948592,0.098391595,-0.030798781,-0.013617545,0.000472478,3.55E-05,0,0,0,0,0,6.62E-05,0.000167586,-0.016452904,-0.015537309,0.175966074,0.600118039,0.86468927,0.880510757,0.845943576,0.850470799,0.809697355,0.482187262,0.167135127,-0.024109392,0.000320207,7.97E-05,0,0,0,0,0.000257966,-0.015347682,0.072712844,0.51168653,0.932650864,0.838437364,0.584650684,0.465154412,0.207180811,0.165649858,0.447300007,0.822446759,0.748387697,0.103991966,-0.012560536,-0.000210035,0,0,0,0.000203824,-0.011576729,0.114175773,0.73004793,0.981670275,0.729811735,0.128673049,-0.023697321,-0.031454657,-0.014350797,-0.014026487,-0.021134668,0.117773489,0.837208095,0.593312772,0.010177429,-0.006196555,0,0,0,0.000363679,-0.038780523,0.58560308,0.875157709,0.272928387,0.036300083,-0.021361746,-0.001255045,0.000293506,0,0.000195264,-0.001911,-0.034102479,0.302300202,0.836403241,0.113503344,-0.016471505,0,0,0.000403391,-0.028779809,0.187467116,0.832775157,0.281669969,-0.038898897,-0.011044189,0.000275735,8.51E-06,0,0,0,0.000128728,-0.023980409,0.136019931,0.826293879,0.147471567,-0.019100626,0,0,-0.006088303,0.007109678,0.624964682,0.578063113,0.005898318,-0.003145476,0,0,0,0,0,0,-0.000540186,-0.026086789,0.323985652,0.720146906,0.06030864,-0.011138174,0,0,-0.015437772,0.109411561,0.759321249,0.189652812,-0.028520101,0.000157731,0,0,0,0,0,6.33E-18,-0.002067964,-0.014851069,0.601408497,0.587852226,-0.004058385,-0.004870132,0,0,-0.017287071,0.129314897,0.786439253,0.161666156,-0.023583691,1.58E-05,0,0,0,0,8.68E-05,0.000156435,-0.030637034,0.280984749,0.885603537,0.280578142,-0.037559109,0.000319649,0,0,-0.004538135,0.028221849,0.260454663,0.080901258,-0.010443011,0,0,0,0,6.33E-18,0.000168664,-0.022587924,0.08782515,0.76401193,0.596497119,-0.00847336,-0.002728814,0,0,0,0.000280842,-0.001895459,-0.014672147,-0.004752349,0.000451185,6.74E-06,0,7.05E-06,-1.52E-05,-0.001098805,-0.015130293,0.091264828,0.721545394,0.777269472,0.064663535,-0.012203789,0.000538095,0,0,0,6.13E-05,0.000295544,-0.008961635,-0.020707516,-0.026853418,-0.019618668,-0.00673505,-0.00530719,-0.018132795,-0.022672641,0.007562755,0.720422442,0.869595435,0.206859732,-0.019096882,-0.000342167,0,0,0,0,-0.000354031,-0.018828829,0.202991983,0.418945891,0.196064696,0.120517378,0.007563321,-0.004820261,0.115407612,0.406032918,0.64102514,0.694759624,0.237320466,-0.023329929,-0.002314338,0.000104779,0,0,0,0,-0.002903731,-0.005613509,0.356952512,0.74404422,0.884690445,0.83027531,0.676559914,0.637463116,0.778064474,0.858039811,0.393957925,0.028509386,-0.02197469,-5.57E-05,0.000159926,0,0,0,0,0,-0.000613509,0.004375744,0.026869879,0.043567425,0.196916215,0.454354983,0.527878773,0.380926905,0.148336459,0.08553305,-0.013106987,-0.011258189,0.000542171,0,0,0,0,0,0,0,7.49E-05,-0.000303697,-0.005292075,-0.010687636,-0.019055862,-0.020524748,-0.020771847,-0.02006587,-0.019232707,-0.01450691,-0.002520084,0.0003465,0,0,0,0,0,0,0,0,0,0,0,0,0,0,0,0,0,0,0,0,0,0,0,0,0,0,0
0,0,0,0,0,0,0,0,0,0,0,0,0,0,0,0,0,0,0,0,0,0,0,0,0,0,0,0,0,0,0,0,0,0,0,0,-7.52E-19,-0.001689529,-7.52E-19,0,0,0,0,0,0,0,0,0,0,0,0,0,0,0,0.000418246,-0.001962007,-0.025001834,-0.025775812,0.000693001,0,0,0,0,0,0,0,0,0,0,0,0,0,0.000105173,-0.000562755,-0.009749081,-0.014846695,0.193199755,0.40230224,-0.005686104,0,0,0,0,0,0,0,0,0,0,0,0,0.000349265,-0.002667441,-0.020070074,0.033436479,0.57264471,0.913682581,0.885975059,-0.019417892,0,0,0,0,0,0,0,0,0,0,2.71E-18,0.0003085,-0.005517004,-0.028808192,0.256281216,0.899554364,0.804541071,0.513956138,0.787008989,-0.010775123,0,0,0,0,0,0,0.0001234,-0.001406761,-0.00709969,0.000121358,-0.00010672,-0.017180607,0.001590839,0.339027302,0.92020144,0.639682496,0.085962129,0.198205133,0.789243185,-0.007841946,0,0,0,0,0,0.000836493,-0.0059355,-0.026608016,0.021791511,-0.014854623,-0.019939923,0.073098579,0.527229594,0.973159135,0.51973345,-0.021693741,-0.063309469,0.401895255,0.847272139,-0.014342906,0,0,0,0,0.000195313,-0.008869485,0.010519557,0.380892055,0.613821967,0.10348446,0.129918096,0.838368345,0.969127196,0.428804013,-0.038494724,-0.022912684,0.061423526,0.792176624,0.72461248,-0.021334252,0,0,0,0,-0.001992953,-0.012001685,0.533941551,0.850064015,0.317010517,0.439293692,0.846741251,0.820114992,0.323905229,-0.013695579,-0.007149714,-0.036086703,0.505744196,0.950683075,0.209433659,-0.017377791,0,0,0,0.000295544,-0.018471286,0.221100286,0.93418527,0.266997413,0.386765351,0.909595452,0.652130583,0.030046637,-0.017361383,-0.001602004,-0.015522501,0.197447304,0.886077768,0.528773029,-0.009815947,-0.005252247,0,0,0,-0.002676206,-0.012057377,0.661640982,0.572499013,0.477467456,0.953773745,0.488424837,-0.005687211,-0.013651042,-0.008506978,-0.044546611,0.183069836,0.910110192,0.637806696,0.033026093,-0.011703253,0.000364583,0,0,0,-0.0252696,0.197699391,0.857768979,0.602659645,1.010873589,0.528530941,0.003656649,-0.018761618,-0.041727916,0.011968479,0.14879441,0.716960988,0.717291488,0.044192281,-0.016543914,0.001113005,0,0,0,0,-0.035830174,0.294277284,0.965722426,1.001545803,0.530452223,-0.00926885,-0.010758851,0.029124557,0.393927628,0.677036714,0.956326587,0.516944189,0.031082261,-0.018801062,0.000562194,0,0,0,0,0,-0.047219437,0.400529735,1.085944155,0.811597886,0.066188504,0.07886195,0.308311938,0.717240332,0.823686002,0.691464733,0.342422377,-0.010569853,-0.00885672,0.000873162,0,0,0,0,0,0,-0.0211887,0.166332925,0.693441125,0.807176675,0.785746783,0.875751736,0.65025514,0.36273092,0.024612081,0.002020204,-0.023391236,-0.004913705,0.000436581,0,0,0,0,0,0,0,0.00134646,-0.014453278,0.004106669,0.226104286,0.354392242,0.27290972,0.019314525,-0.027830372,-0.004749234,-0.003320721,-0.000839193,5.82E-05,0,0,0,0,0,0,0,0,0,0.000385227,-0.004745017,-0.02794831,-0.040615955,-0.032767331,-0.00570095,0.000580898,0,0,0,0,0,0,0,0,0,0,0,0,0,0,0,0,0,0,0,0,0,0,0,0,0,0,0,0,0,0,0,0,0,0,0,0,0,0,0,0,0,0,0,0,0,0,0,0,0,0
0,0,0,0,0,0,0,0,0,0,0,0,0,0,0,0,0,0,0,0,0,0,0,0,0,0,0,0,0,0,0,0,0,0,0,0,0,0,0,0,0,0,0,0,0,0,0,0,0,0,0,0,0,0,0,0,0,0,0,0,0,0,0,0,0,0,0,0,0,0,0,0,0,0,0,0,0,0,0,0,0,0,0,0,0,0,0,0,0,0,0,0,0,0,0,0,0,0,0,0,0,0,0,0,0,0,0,0,7.28E-05,-0.000246375,-0.012777863,-0.017684079,-0.017361111,-0.017906199,-0.008742681,0.000210206,3.57E-05,0,0,0,0,0,0,0,0,0.00059998,-0.006407441,-0.019947889,-0.021735515,-0.017909603,0.124964342,0.180890608,0.177196625,0.183394182,0.078801232,-0.016532033,-0.002941347,0.0003465,0,0,0,0,0,6.97E-05,0.000372997,-0.02147706,0.016043934,0.13505464,0.12279106,0.487563321,0.85127485,0.917345637,0.912733492,0.924325632,0.748026748,0.094203423,-0.001003169,-0.000765191,0,0,0,0,0.000453712,-0.003349826,-0.032190411,0.088889689,0.548748043,0.999688438,1.02597418,1.030378949,1.024444751,1.033104354,1.047868819,1.020599707,1.011297539,0.84717179,0.25151188,-0.030836085,0,0,0,0.00051777,-0.009778546,0.006038331,0.444313385,0.841473158,1.023598975,1.012958688,0.908222307,0.74063237,0.738169152,0.546528629,0.289184824,0.742744894,1.013353894,1.065952785,0.441832584,-0.051475276,0,0,0,-0.003858762,-0.004770647,0.448534892,0.996651535,1.003570432,0.762163314,0.434447196,0.186966129,0.029727958,-0.000390965,-0.009602601,0.007501614,0.544455797,1.032933568,1.041459338,0.407663909,-0.04785129,0,0,0,-0.014509123,0.078447475,0.856006774,1.03380467,0.512937074,0.007181304,-0.059848236,-0.034739651,-0.040331206,0.073038211,0.51458301,0.744362032,0.96779873,1.02469887,0.767773948,0.141429092,-0.019159023,0,0,0,-0.01801564,0.69812483,0.723209307,0.194090539,0.460943364,0.932586387,0.876266722,0.712758296,0.817717752,0.906681461,1.017566667,1.073626251,1.005958396,0.740853291,0.082097975,-0.016208828,0.00085428,0,0,0,-0.003740298,0.175217327,0.096441313,-0.037271242,0.291504715,0.602367324,0.591222484,0.781829248,0.909768587,0.893667382,0.887176403,0.630809877,0.397357962,0.057866541,-0.014781284,-0.000755889,0.000114141,0,0,0,0.000353179,-0.01551226,-0.009957108,0.001467184,-0.026117834,-0.054634821,-0.04799716,0.085634583,0.175073461,0.167332584,0.171929245,-0.021997897,-0.041781471,-0.006909126,0.000202546,3.57E-05,0,0,0,0,0,0,0,0,0,0.000174632,-0.000387978,-0.015522978,-0.025650735,-0.024765931,-0.025288909,-0.003536749,0.000514706,0,0,0,0,0,0,0,0,0,0,0,0,0,0,0,0,0,0,0,0,0,0,0,0,0,0,0,0,0,0,0,0,0,0,0,0,0,0,0,0,0,0,0,0,0,0,0,0,0,0,0,0,0,0,0,0,0,0,0,0,0,0,0,0,0,0,0,0,0,0,0,0,0,0,0,0,0,0,0,0,0,0,0,0,0,0
0,0,0,0,0,0,0,0,0,0,0,0,0,0,0,0,0,0,0,0,0,0,0,0,0,0,0,0,0,0,0,0,0,0,0,0,0,0,0,0,0,0,0,0,0,0,0,0,0,0,0,0,0,0,0,0,0,0,0,0,0,0,0,0,0,0,0,0,0,0,0,0,0,0,0,0,0,0,0,0,0,0,0,0,0,0,3.06E-06,-2.11E-05,-0.000112439,0.000182292,-0.01016636,-0.02214951,-0.021319249,-0.008705882,0.000747855,5.51E-06,0,0,0,0,0,0,0,1.15E-18,7.66E-06,0.001102516,-0.012561104,-0.025962541,-0.046310287,-0.053860379,0.038112269,0.143980443,0.136285533,0.025968801,-0.036526314,-0.016391987,-0.000555726,0.000163059,5.39E-18,0,0,0,0,0.000281352,-0.003729405,-0.031641051,0.121777982,0.280971933,0.533108439,0.587498638,0.712108405,0.866733064,0.860268062,0.684508119,0.325310611,0.167174428,-0.014430828,-0.010433737,0.000413603,0,0,0,0,-0.00245042,0.004108509,0.429080279,0.876052359,0.958839844,0.954075863,0.963495067,0.893172143,0.684877961,0.696674707,0.92314731,0.884699598,0.922189814,0.57951191,0.061492493,-0.008866163,0,0,0,0.000991806,-0.029187602,0.280440581,0.96985158,1.035346031,0.591854643,0.187582976,0.146227958,0.116366507,-0.007989175,-0.003706365,0.134052798,0.161179602,0.709984222,1.03496412,0.607738236,-0.020612405,0,0,0,-0.015076842,0.101789335,0.760953516,1.032642038,0.945177679,0.152343616,-0.037924581,-0.014660352,-0.012021293,-0.001112303,-0.001456626,-0.01362883,-0.044566159,0.102078976,0.815942249,0.913639443,-0.020783463,0,0,0,-0.035662223,0.292532578,0.966229865,1.007691823,0.553032714,0.014644582,-0.006261234,0,7.58E-32,7.83E-18,0.000844238,-0.014853316,0.071312109,0.549842218,0.97706216,0.788981017,-0.021221746,0,0,0,-0.051602462,0.446370268,1.053530739,0.457275412,0.038604082,-0.031188632,-0.010080167,-0.015950266,-0.018074108,-0.017750374,-0.034060882,0.082132387,0.690816891,1.039686326,0.766325027,0.219946513,-0.013146276,0,0,0,-0.034664646,0.284665899,0.969582297,0.598805134,0.07826653,0.107598693,0.047962884,0.098354378,0.118177153,0.110421389,0.278433322,0.752191751,0.936861947,0.672906764,0.168478133,-0.034330307,-0.000458094,0,0,0,-0.000823448,-0.024203568,0.516824363,0.965826746,0.940217882,0.933939369,0.74555627,0.888465329,0.963618992,0.929894148,0.928074868,0.640191245,0.153126004,0.001747889,-0.014063436,-0.000608923,0.000158292,0,0,0,0.000163059,-0.006342031,0.068746902,0.214238375,0.431510723,0.580648992,0.680320976,0.923227992,0.632284756,0.357717048,0.201090049,0.03116088,-0.011875749,-0.003117375,0.000205525,0,0,0,0,0,0,0.000772978,-0.011693627,-0.033152012,-0.016202342,-0.004460988,0.005567028,0.03432678,0.002175841,-0.022903084,-0.031075884,-0.008822304,-0.000318321,0.000115809,0,0,0,0,0,0,0,0,9.19E-07,0.000129749,-0.001528084,-0.002676409,-0.003467627,-0.005810304,-0.00319664,-0.000916667,0.000113734,0,0,0,0,0,0,0,0,0,0,0,0,0,0,0,0,0,0,0,0,0,0,0,0,0,0,0,0,0,0,0,0,0,0,0,0,0,0,0,0,0,0,0,0,0,0,0,0,0,0,0,0,0,0,0,0,0,0,0,0,0,0,0,0,0,0,0
0,0,0,0,0,0,0,0,0,0,0,0,0,0,0,0,0,0,0,0,0,0,0,0,0,0,9.53E-05,0.000122294,-0.011465652,-0.019472699,-0.009047181,-0.007568593,-0.004517753,0.000137868,0,0,0,0,0,0,0,0,0,0,0,9.94E-19,-0.00022013,-0.005947822,0.066328982,0.130305022,0.034292426,0.021627176,-0.00387182,-0.03938272,-0.015629612,0.000411316,6.48E-05,0,0,0,0,0,0,0,5.24E-05,0.000959304,-0.024951763,0.007720164,0.661234086,0.987297794,0.683094788,0.630956648,0.517535482,0.312079759,0.104710648,-0.028340908,-0.00233992,0.000331417,0,0,0,0,0,5.33E-05,8.88E-06,-0.033821198,0.225098414,0.578743851,0.963121919,1.011167416,1.036066125,1.05454233,1.041055314,1.002186479,0.816178513,0.369842133,-0.009794305,-0.008335066,0.000566789,0,0,0,0,-0.000186223,-0.0134271,0.112747192,0.738571623,1.029758333,0.985861724,0.955186819,0.917417943,0.736225269,0.753542677,0.77779565,0.983992375,0.956449227,0.404625289,0.000988528,-0.004100286,0,0,0,0,-0.003166513,0.002037633,0.615669407,1.025681049,1.023349724,0.676124166,0.282641425,0.429407101,0.087132659,-0.004246175,0.022274135,0.439599163,0.986778833,0.912563147,0.115720075,-0.017018144,0,0,0,0,-0.016799305,0.232464144,0.96191669,1.013475365,0.739805724,0.038010511,-0.025475894,0.156772859,0.018488239,-0.008611955,-0.014032805,0.009963702,0.690263629,1.025352734,0.450426805,-0.020315281,0,0,0,0.000591904,-0.042381179,0.590873723,1.029788092,0.91274726,0.184092322,-0.028342525,0.000506366,-0.00582261,-0.003233592,0.000362806,-0.001962163,-0.013639859,0.508168879,1.037388259,0.863897976,-0.020737507,0,0,0,-0.008969467,0.044774425,0.710235975,1.045825776,0.681485958,0.025446493,-0.00897178,0,0,0,0,-0.000220639,-0.03261763,0.284518927,1.031647655,0.667707968,-0.020676232,0,0,0,-0.021565774,0.159938436,0.870813164,0.97852068,0.328955678,-0.027571084,-0.000967627,0,0,0,0,-0.003116064,0.001039403,0.6186739,1.043766612,0.443662984,-0.020848992,0,0,0,-0.040517305,0.33891585,1.002837367,0.887604813,0.187627315,-0.026233541,0.000142293,0,0,0,0.000273124,-0.005495677,-0.005683551,0.645843324,1.007266799,0.316953175,-0.019619247,0,0,0,-0.051848283,0.445848297,1.07487543,0.904736626,0.235552991,-0.026867205,-0.000219111,0,2.48E-19,0.0004158,-0.004280756,-0.030935449,0.301994585,0.965352785,0.747926467,0.059454832,-0.011152046,0,0,0,-0.041742285,0.350164301,0.998868413,1.038373689,0.479310917,-0.049587512,-0.028718682,-0.02589951,-0.025971814,-0.029558211,-0.020554825,0.312773574,0.836956138,0.992667756,0.367056781,-0.025318237,-0.001656114,0,0,0,-0.013669235,0.088685985,0.747911288,1.050543794,0.830016493,0.421614963,0.391328465,0.397145731,0.398299581,0.388997277,0.472416602,0.95556764,1.052472563,0.612910641,0.035664556,-0.009686825,0.000178717,0,0,0,0.000331825,-0.013320738,0.124901978,0.717242766,0.971075504,1.027679874,1.001018944,0.997354643,1.025276671,1.029412616,1.013641345,0.868756757,0.70079136,0.043136761,-0.014825912,0.000958379,0,0,0,0,6.11E-05,-0.000313674,-0.013702972,0.063394523,0.332655007,0.666027747,0.935536748,0.96752645,0.678971405,0.678415237,0.595867695,0.139248434,0.04902131,-0.001865281,-0.000230341,8.56E-06,0,0,0,0,0,4.77E-05,0.000358322,-0.012531949,-0.025177378,0.028527763,0.115662478,0.126650768,0.032430853,0.030207289,0.017679628,-0.02158208,-0.009359586,-0.000351392,6.36E-05,0,0,0,0,0,0,0,0,0.00013191,-0.0011923,-0.008408069,-0.017810968,-0.01898012,-0.008835614,-0.008649918,-0.006924232,0.000177015,0,0,0,0,0,0,0,0,0,0,0,0,0,0,0,0,0,0,0,0,0,0,0,0,0,0
0,0,0,0,0,0,0,0,0,0,0,0,0,0,0,0,0,0,0,0,0,0,0,0,0,0,0,0,0,0,0,0,0,0,0,0,0,0,0,0,0,0,0,0,0,0,0,0,0,0,0,0,0,0,0,0,0,0,0,0,0,0,0,0,0,0,0,0,5.06E-06,0.000108609,-0.001821129,-0.004756025,-0.004610289,-0.004721201,-0.002889297,-8.58E-06,1.47E-05,0,0,0,0,0,0,0,0,1.87E-19,0.000159314,-0.000734377,-0.012543352,-0.023844414,-0.013217712,0.021144778,0.01950729,0.020786969,-0.001307428,-0.025119383,-0.005978248,0.000748441,0,0,0,0,0,1.06E-18,0.000291054,-0.001464631,-0.016593137,-0.031172836,0.056654139,0.141720707,0.475973005,0.82185946,0.817113092,0.825874728,0.603273148,0.170866115,0.021373111,-0.006683839,0.000268076,0,0,0,0,0.000527982,-0.011503608,-0.0038814,0.162498468,0.438980304,0.761480716,0.798883136,0.86668316,0.76064374,0.616422265,0.6637452,0.879542773,0.906990247,0.377994962,-0.009903337,-0.002800756,0,0,4.08E-06,0.001192331,-0.015692287,0.02212454,0.438123225,0.833310743,0.757140589,0.505398968,0.224690867,0.085586248,0.053490023,0.007317772,0.014230362,0.18321588,0.911965319,0.760452115,0.05278377,-0.011133362,0,0,0.000424666,-0.013374964,0.042877298,0.62570944,0.899597886,0.247256927,-0.030100213,-0.024976426,-0.020899084,-0.015052781,-0.011152284,-0.006143757,-0.01065785,-0.017912241,0.589583929,0.895381008,0.094190259,-0.015511812,0,0,-0.007011506,0.021078941,0.584631161,0.814883425,0.224365928,-0.02405096,-0.009433778,0.001321912,0.014960869,0.000180879,-7.30E-05,0,-0.002465891,-0.008823563,0.583457959,1.015345792,0.133360544,-0.019732094,0,0,-0.01958027,0.131078329,1.025592371,0.476810594,-0.050721609,-0.026408003,-6.04E-05,0.472843478,0.467558551,-0.004896344,-0.001992953,8.15E-05,-0.006322287,0.037810645,0.768647433,0.83406347,0.077691645,-0.013726341,0,0,-0.015702785,0.094996484,0.894875596,0.834790152,0.491599026,0.457977703,0.672485155,0.909249217,0.355545837,-0.029493839,-0.007591027,-0.01581859,-0.039393604,0.42598863,1.008183483,0.438056713,-0.020245455,-0.002482469,0,0,-0.001939383,-0.007828153,0.256937684,0.855000849,1.04191027,1.032575653,1.00321455,0.433321274,0.028419653,-0.00664873,0.012025261,0.07016913,0.449941486,0.9763353,0.696310621,0.066457323,-0.015177707,0.000338347,0,0,0.000257013,-0.001349823,-0.027636574,0.131880259,0.667802237,0.823563879,0.93690368,0.817308024,0.656511421,0.585159007,0.632115673,0.87857872,0.901888446,0.504532544,0.044625408,-0.01282581,0.000803066,0,0,0,0,0,0.000519455,-0.014542892,0.045302764,0.111766238,0.259011998,0.623512408,0.810239039,0.824783446,0.691684453,0.491505867,0.208090874,0.003580202,-0.011401603,0.000455423,0,0,0,0,0,0,4.87E-05,0.0001106,-0.010605699,-0.019648012,-0.027779901,-0.001116285,0.019054824,0.021098465,0.006570585,-0.01427257,-0.022066483,-0.005637051,0.000570772,8.27E-06,0,0,0,0,0,0,0,0,9.33E-20,4.24E-05,-0.000290296,-0.002969158,-0.004578074,-0.004699806,-0.003516902,-0.001847509,-0.000294118,3.06E-05,0,0,0,0,0,0,0,0,0,0,0,0,0,0,0,0,0,0,0,0,0,0,0,0,0,0,0,0,0,0,0,0,0,0,0,0,0,0,0,0,0,0,0,0,0,0,0,0,0,0,0,0,0,0,0,0,0,0,0,0,0,0,0,0,0
0,0,0,0,0,0,0,0,0,0,0,0,0,0,0,0,0,0,0,0,0,0,0,0,0,0,0,0,0,0,0,0,0,0,0,0,0,0,0,0,0,0,0,0,0,0,0,0,0,0,0,0.000476948,-0.002942384,-0.025612898,-0.04145734,-0.047495822,-0.022265705,0.000270929,0.000187518,0,0,0,0,0,0,0,0,0,4.44E-06,0.000119843,-0.000821742,-0.019496426,-0.004704048,0.197809726,0.349717456,0.404417603,0.174326934,-0.005959857,-0.001168471,0,0,0,0,0,0,0,0,0,0.000470027,-0.008608881,-0.02611329,0.199253864,0.541584407,0.920411118,1.003955797,1.049346797,0.726202342,0.050928366,-0.010786526,0,0,0,0,0,0,0,2.85E-18,0.000835677,-0.010973516,0.012517889,0.394269353,0.90798075,1.008123769,0.82404856,0.492454674,0.85729376,0.990910335,0.129845604,-0.019384191,0,0,0,0,0,0,4.15E-18,0.000428922,-0.017132744,0.038946555,0.509208555,1.00149457,0.945865281,0.43115101,0.077721916,0.086269114,0.863556356,0.877458521,0.092006747,-0.015310798,0,0,0,0,0,0,0.000835677,-0.015676253,0.018215841,0.548852625,1.034955719,0.809234829,0.246580313,-0.032155554,-0.045593942,0.48249504,1.042306894,0.541583778,-0.004583771,-0.004653805,0,0,0,0,2.02E-05,0.000496936,-0.014466163,0.034164488,0.597874934,1.056618804,0.752746868,0.097913858,-0.028276127,-0.027700936,0.241987286,0.937430862,0.844589614,0.136869894,-0.022391464,0.000275735,0,0,0,0,8.07E-05,-0.012692045,0.061028918,0.594774391,1.05079831,0.751380447,0.122943372,-0.022431934,-0.016980205,0.069327586,0.812032067,1.007426471,0.346868141,-0.022522825,-6.48E-05,0,0,0,0,2.04E-05,-0.003069121,-0.002741643,0.606875817,1.058059266,0.749162573,0.097658888,-0.022431934,-0.004621409,-0.014929585,0.579434967,1.037113528,0.600320108,-0.004134583,-0.004614175,0.000190779,0,0,0,8.17E-05,2.85E-05,-0.03488574,0.377599554,1.014778561,0.805273795,0.124390635,-0.022971286,-0.014082431,-0.014448751,0.391151535,1.023696836,0.71006153,0.067204929,-0.013213542,1.88E-05,0,0,0,0,-3.67E-05,-0.027782811,0.222583126,0.922672418,0.948721804,0.261062856,-0.05760079,-0.044245292,0.030814531,0.457469953,1.027900599,0.76460603,0.048249935,-0.018613897,0.000657332,2.57E-05,0,0,0,0,-0.008354779,0.027254189,0.668845231,1.050554943,0.898653544,0.268268519,0.110943296,0.358877077,0.714669815,1.045028271,0.898220163,0.135926243,-0.027287922,0.000582789,4.29E-05,0,0,0,0,0,-0.018540986,0.120885614,0.966569019,1.032493566,1.037453465,0.907362813,0.853110792,1.032100422,1.040754272,0.775288773,0.205097903,-0.010070574,-0.001715176,0,0,0,0,0,0,0,-0.005762017,0.018489819,0.465508255,0.683074619,0.747767974,0.983780433,0.921050949,0.802465993,0.489358303,0.063549258,-0.025039948,-0.001886287,0.000315564,0,0,0,0,0,0,0,0.00038654,-0.00356452,-0.00983832,-0.031050126,0.039786084,0.308343137,0.209553864,0.056500034,-0.006712657,-0.010485243,-0.000101205,6.48E-05,0,0,0,0,0,0,0,0,0,0.00021479,-0.001988912,-0.00108638,-0.008675146,-0.037304635,-0.026830085,-0.010655089,-0.002479312,0.000352207,0,0,0,0,0,0,0,0,0,0,0,0,0,0,0,0,0,0,0,0,0,0,0,0,0,0,0,0,0,0,0,0,0,0,0,0,0,0,0,0,0,0,0,0,0,0,0,0,0
0,0,0,0,0,0,0,0,0,0,0,0,0,0,0,0,0,0,0,0,0,0,0,0,0,0,0,0,0,1.53E-05,-3.32E-05,-0.0013157,-0.002038237,-0.002018995,-0.001048305,1.69E-05,4.60E-06,0,0,0,0,0,0,0,0,0,0,0,6.11E-06,0.000406119,-0.003299651,-0.023833619,-0.032023293,-0.031824936,-0.02036194,-0.001865242,0.000200715,0,0,0,0,0,0,0,0,0,3.52E-05,-0.000213251,-0.001443576,-0.016524527,0.008870507,0.333302509,0.495534018,0.491306475,0.270656982,-0.003801403,-0.003682241,0.000205454,4.08E-06,0,0,0,0,0,0,7.00E-18,0.000227226,-0.009527486,-0.020159058,0.128697389,0.424161441,0.968036271,1.045434552,1.04520098,0.907539522,0.294193491,-0.003717661,-0.001838388,1.40E-05,0,0,0,0,0,7.00E-18,0.000819121,-0.017951644,0.089334329,0.451539148,0.82599149,1.005463406,1.000364839,0.987009906,0.987544475,1.015413177,0.907849724,0.267120677,-0.021513493,-0.000924224,0,0,0,0,3.52E-05,0.000227226,-0.017951644,0.066238511,0.601472372,0.999285999,1.004630396,1.000966248,1.007265591,1.008242632,0.994383221,0.986965771,1.046815819,0.472897314,-0.037819647,-0.00137306,0,0,0,0,0.000372539,-0.019234795,0.070997123,0.602504535,0.988050759,0.996256285,0.997590379,0.983088218,0.555473907,0.398431142,0.809027183,1.005037164,1.007092387,0.793852676,0.071760938,-0.013045398,0,0,2.30E-05,0.000412896,-0.012357435,0.047115434,0.621445925,0.989887766,0.996100156,1.007639587,1.030269761,0.490981618,-4.83E-05,0.012469681,0.685953074,1.016541479,0.985291054,1.041779003,0.15250428,-0.021745302,0,0,0.000494792,-0.012305909,0.02444407,0.601005344,1.004690972,1.007388634,1.036859739,0.749056543,0.322804347,0.008618464,-0.016952904,0.036635329,0.690411646,1.016615315,1.02191076,0.656166241,0.025675217,-0.008112915,0,0,-0.00829776,0.028736344,0.647603571,1.032974554,1.00594647,0.889951287,0.61406292,0.097473516,-0.038118311,-0.005787939,-0.009212606,0.04293175,0.698814338,1.021516306,1.039986588,0.455141493,-0.038106325,-0.001197746,0,0,-0.02170207,0.151859688,1.042840278,0.995877179,0.951704197,0.424913688,-0.040879533,-0.020164624,0.000153952,-0.003018842,-0.028648574,0.268126197,0.90069904,1.022798952,0.874239311,0.188176181,-0.017165474,-0.000604065,0,0,-0.020014811,0.136441726,0.992480942,0.99190317,0.998627808,0.636495098,0.068667275,0.008500724,-0.028576801,-0.010307094,0.080885563,0.620968979,1.021637027,0.981331597,0.526998084,-0.000561568,-0.004201023,7.34E-05,0,0,-0.007642633,0.020366169,0.65151537,1.031957142,1.000026995,0.904483098,0.723694866,0.524044747,0.201859171,0.370478928,0.756283037,0.972820156,1.025935611,0.666454146,0.048633391,-0.00767116,0.000183441,0,0,0,-0.000520663,-0.025258805,0.256251089,0.896969533,1.009262902,1.019438811,1.021268514,0.972902931,0.889798696,0.939231056,1.037918845,1.01495701,0.887109903,0.303475439,-0.01906987,-0.000779208,0,0,0,0,1.69E-05,-0.001865242,0.004728979,0.165409467,0.510794986,0.867520118,1.024676022,1.043661816,1.054943849,1.049713848,0.871344975,0.542117576,0.15990448,0.017659467,-0.003826338,2.13E-05,0,0,0,0,4.60E-06,0.000200715,-0.00185432,-0.013705746,0.001390591,0.172987643,0.454856712,0.474972852,0.474286646,0.471721865,0.188599997,-0.001478164,-0.01443219,-0.002541973,0.000258425,5.06E-06,0,0,0,0,0,0,2.08E-05,7.38E-05,-0.004046513,-0.016279503,-0.032375989,-0.033629642,-0.033551578,-0.032707136,-0.017070696,-0.004201023,0.000183441,0,0,0,0,0,0,0,0,0,0,0,5.11E-05,-0.000546364,-0.001659125,-0.001730494,-0.001731175,-0.001779514,-0.000614277,7.34E-05,0,0,0,0,0,0,0,0,0,0,0,0,0,0,0,0,0,0,0,0,0,0,0,0,0,0,0
0,0,0,0,0,0,0,0,0,0,0,0,0,0,0,0,0,0,0,0,0,0,0,0,0,0,0,0,0,0,0,0,0,0,0,0,0,0,0,0,0,0,0,0,0,0,0,0,0,0,0,0,0,0,0,0,0,0,0,0,0,0,0,0,0,0,0,0,0.000134957,-0.002055709,-0.004664318,-0.01020721,-0.013433105,-0.013358354,-0.009071895,-0.004312092,-0.001523795,0.000140486,3.57E-06,0,0,0,0,0,0,1.59E-18,0.000284926,-0.003443806,-0.017462878,-0.007074874,0.020219703,0.115566262,0.170568617,0.169160658,0.095969686,0.015021361,-0.010920837,-0.004376045,0.000439985,0,0,0,0,0,1.19E-17,0.000117017,-0.002778544,-0.005507895,0.072347461,0.461222358,0.785781914,0.918903731,0.994938139,0.995268995,0.888918658,0.759086057,0.376840686,0.00065351,-0.003593239,0,0,0,0.0002079,-0.001386336,-0.010607469,-0.016679347,-0.021359018,0.432558022,0.785453346,0.98216665,0.992077717,0.782907475,0.740780237,0.738503132,0.879254528,1.021373536,0.941951491,0.115582528,-0.017887391,0,0,0.000538095,-0.004697319,-0.021317568,0.036149821,0.172621581,0.723981391,1.021264926,1.004794868,0.710947916,0.137417859,0.062179844,0.053026325,0.048256798,0.106902015,0.794210879,1.040981836,0.146992998,-0.021166755,0,0,-0.004173305,0.0139579,0.317778391,0.720971712,0.878316636,1.017601239,0.768448867,0.338043045,0.038322525,-0.025727805,-0.012472256,-0.011025675,-0.017730596,0.040645204,0.83367276,0.880141136,0.095567089,-0.015610532,0,0,-0.018821147,0.124878215,0.963087776,1.015662667,0.801766119,0.389404412,0.090448157,-0.022686547,-0.006633817,0.000578704,1.02E-05,0.000638376,-0.023142565,0.233744111,0.993209508,0.729907424,0.047941737,-0.010517599,0,0,-0.018529922,0.12242005,0.956478248,0.980362983,0.286867885,-0.016570619,-0.022750194,-0.000808994,0.000145527,4.11E-32,0.000182972,-0.005176562,-0.005952751,0.560995472,1.04285723,0.481976188,-0.024492275,-0.002521786,0,0,-0.010141102,0.04458048,0.714029429,1.01552405,0.84327531,0.524686189,0.032565275,-0.007494724,5.21E-05,0.000288841,-0.010848482,-0.03199715,0.301899425,0.949030127,0.890059249,0.207039148,-0.023355092,-0.00025514,0,0,-0.002932514,-0.022231262,0.507343158,1.046289372,0.831501875,0.256069429,-0.006304688,-0.001514614,-0.007881762,-0.028884218,0.021779449,0.26643535,0.924926182,1.032299556,0.51907408,-0.02408478,-0.001422986,4.48E-05,0,0,-0.000526791,-0.029407637,0.295096422,0.967388548,0.834979984,0.176966418,-0.03428147,-0.035110141,0.027589954,0.194995847,0.633021378,0.972240532,0.999340108,0.696790407,0.100557853,-0.011875426,0.000322041,0,0,0,6.38E-05,-0.008358047,0.035052696,0.638418999,1.027273625,0.906044339,0.456428499,0.451856754,0.74293573,0.928420173,1.016662565,0.963473394,0.515745166,0.044894131,-0.013914845,0.000303054,0,0,0,0,0,0.000467979,-0.0074912,0.010370098,0.460226818,0.830886149,0.904076373,0.909017599,0.83086729,0.824585938,0.626722171,0.20045823,-0.013386097,-0.016138855,0.000367647,5.51E-05,0,0,0,0,0,2.69E-05,7.56E-05,-0.008071385,0.003675909,0.079394046,0.22080062,0.229023369,0.086698325,0.081033395,0.006411492,-0.02041366,-0.001928105,0.000227226,0,0,0,0,0,0,0,0,0,0.000462272,-0.003380213,-0.013074477,-0.027723825,-0.028588317,-0.013731197,-0.013215116,-0.004568505,0.000546739,0,0,0,0,0,0,0,0,0,0,0,0,0,0,0,0,0,0,0,0,0,0,0,0,0,0,0,0,0,0,0,0,0,0,0,0,0,0,0,0,0,0,0,0,0,0,0
0,0,0,0,0,0,0,0,0,0,0,0,0,0,0,0,0,0,0,0,0,0,0,0,0,0,0,0,0,0,0,0,0.0002772,-0.00219601,-0.00946538,-0.000654446,7.00E-05,0,0,0,0,0,0,0,0,0,0,0,0,0,0,0.000831601,-0.008533036,-0.019873935,0.077723951,0.007334138,-0.000644338,0,0,0,0,0,0,0,0,0,2.86E-05,-6.36E-05,-0.002072763,-0.011521701,-0.019235549,-0.038605086,0.007116251,0.401101307,0.340824704,-6.17E-05,-0.001907067,3.67E-05,0,0,0,0,0,0,0,0.000681679,-0.007397706,-0.027706881,-0.013020476,0.140080099,0.275675994,0.479717899,0.715872586,0.939279735,0.413366268,0.054177679,-0.023991626,-0.001255045,0.000260417,0,0,0,0,6.26E-05,-2.85E-05,-0.016849214,0.022132608,0.205852578,0.536627536,0.886680113,0.985782765,1.011953857,1.031832817,1.005722307,0.998669781,0.706662701,0.15126765,-0.002427031,-0.001428036,0,0,0,0,4.34E-06,-0.011179449,0.093816211,0.489509634,0.937642507,1.014354167,1.012676998,1.010879238,0.946825895,0.880881198,0.898356669,0.992457431,1.020281386,0.776965891,0.063237078,-0.012783395,0,0,0,6.83E-05,-0.011392626,0.129973061,0.828790289,0.983893951,1.013963222,0.995300946,0.900001223,0.666541791,0.231322086,0.08452927,0.1069652,0.552364882,0.98651188,1.0099245,0.352813272,-0.02036352,0,0,0,0.000392157,-0.041897655,0.616849418,1.034231941,1.003411339,0.987272533,0.565914437,0.366718801,0.427349554,0.037482367,-0.024385132,-0.023129085,0.032292484,0.785167926,1.030509498,0.485626299,-0.020750613,0,0,0,-0.017535363,0.122117222,0.830564713,1.016356379,1.004167382,0.824349208,0.288121375,0.055269438,0.01198892,-0.00820098,0.000733765,-0.00375817,0.006377111,0.737113222,1.031583163,0.478203718,-0.02068253,0,0,0,-0.024645958,0.188981873,0.881827155,1.013736213,1.00084569,0.963628283,0.467170973,0.00474566,-0.011176471,0.000332721,0.00025478,-0.014248792,0.144250289,0.885884327,1.035637408,0.49860588,-0.021045071,0,0,0,-0.024162081,0.184563079,0.876148897,1.010841333,1.014649374,0.677360007,0.011492222,-0.005962963,0.000315257,0.000335308,-0.006441509,-0.023413926,0.511879902,1.020659739,0.947813079,0.282417095,-0.018086874,0,0,0,-0.014977561,0.098598287,0.80239357,1.021745275,0.955907491,0.260426525,-0.024818767,0.000540133,0.001100648,-0.01614267,-0.022318165,0.394455927,0.957763833,0.978307227,0.379402525,-0.018038172,-0.002976166,0,0,0,0.000493253,-0.0465016,0.683544679,1.041360566,0.84911969,0.065951092,-0.027326831,-0.012294424,-0.034680147,0.060455916,0.4412962,0.96160095,0.984452206,0.524009957,0.02638591,-0.010759515,0.000325095,0,0,0,0,-0.039288603,0.638709763,1.052048628,0.940588252,0.310693272,0.132739634,0.149953585,0.360270578,0.711920037,1.012721811,0.989037939,0.572470231,0.015543641,-0.010544935,0.000703192,0,0,0,0,0,-0.018335223,0.275983626,0.719239617,0.973030995,1.003212075,0.970905229,0.990359783,1.025268621,1.00826331,0.894224468,0.521152557,0.00853062,-0.011559913,0.000319444,0,0,0,0,0,0,-0.002195721,0.033068304,0.024656539,0.453678905,0.81894793,0.946273897,0.734470282,0.677078857,0.408142123,0.157199547,0.043104116,-0.010540816,0.000277165,1.50E-05,0,0,0,0,0,0,0.000343647,-0.005195875,-0.01190458,-0.001266612,0.073569723,0.118876778,0.049841272,0.03040194,-0.022778117,-0.024615059,-0.007735111,0.000743957,0,0,0,0,0,0,0,0,0,0,0.000404242,-0.00417773,-0.013376442,-0.018144574,-0.010708572,-0.008651961,-0.002032952,0.000260894,0,0,0,0,0,0,0,0,0,0,0,0,0,0,0,0,0,0,0,0,0,0,0,0,0,0,0
0,0,0,0,0,0,0,0,0,0,0,0,0,0,0,0,0,0,0,0,0,0,0,0,0,0,0,0,0,0,0,0,0,0,0,0,0,0,0,0,0,0,0,0,0,0,0,0,0,0,0,0,0,0,0,0,0,0,0,0,0,0,0,0,0,0,1.48E-05,-5.55E-05,-0.001123366,-0.001673203,-0.001777267,-0.002079708,-0.001759916,-0.001701746,-0.000541922,5.21E-05,7.66E-07,0,0,0,0,0,0,0,3.86E-05,0.000317708,-0.007468784,-0.021934236,-0.022004528,-0.01689294,-0.015433313,-0.01170321,-0.01564731,-0.016972273,-0.022132166,-0.006169033,0.000424377,0,0,0,0,0,0,0.00011489,-0.00014185,-0.02690305,0.013222665,0.153876846,0.405864141,0.49448812,0.503718035,0.536622804,0.502438106,0.495809181,0.265479405,-0.000129936,-0.012790611,0.001062431,8.51E-06,0,0,0,2.85E-05,-0.000866183,-0.015026314,0.254699466,0.655223346,0.876296642,0.823576644,0.682297471,0.68581107,0.684694955,0.678945858,0.751404156,0.907804092,0.555717763,0.074887646,-0.016041777,0.000308075,0,0,0,0.000594335,-0.018466226,0.16366864,0.900736211,0.653594092,0.289272727,0.073201239,0.021784698,0.024378134,0.024605601,0.022108663,0.02919189,0.320154719,0.917304448,0.647862331,0.024341384,-0.008232101,0,0,0,-0.00710448,0.029349486,0.699989022,0.625764723,-0.004452478,-0.026132071,-0.013336227,-0.007759225,-0.007982026,-0.008006536,-0.007737489,-0.010406965,-0.045225967,0.249816823,0.966006638,0.304153401,-0.020445261,0,0,0,-0.034956178,0.292390761,0.907027369,0.158129545,-0.016910965,0.000490808,0,0,0,0,0,3.57E-05,-0.007817368,0.010859086,0.66743927,0.651596398,-0.020161697,0,0,0,-0.051395785,0.447245166,1.009165714,0.367592593,-0.031098158,0.000702377,6.64E-18,0,0,0,0,1.28E-06,0.000204231,-0.05054359,0.549704895,0.752379217,-0.019384532,0,0,0,-0.03677877,0.302358967,1.011560475,0.814277182,0.034773029,-0.013118639,0.000371051,0,0,0,0,0.000381689,-0.022429722,0.078334916,0.791131059,0.50157323,-0.020619213,0,0,0,-0.003065645,0.002893431,0.426569579,0.919278957,0.683081458,0.01729266,-0.012213458,0.000203824,0,7.34E-05,0.000832313,-0.019491154,-0.004188374,0.563534643,0.793297443,0.077402338,-0.012186791,0,0,0,0.000550324,-0.004998213,-0.036519795,0.241750034,0.888204861,0.397940718,-0.031691619,-0.014769693,-0.009474009,-0.015129953,-0.040615038,0.084438096,0.576435475,0.860592269,0.221321776,-0.025652423,-0.000499557,0,0,0,0,6.26E-05,-0.003240213,-0.011019676,0.312792296,0.842708274,0.584980903,0.177797896,0.115014314,0.21085929,0.556692705,0.792308007,0.734798203,0.182392821,-0.014256332,-0.000875066,8.08E-05,0,0,0,0,0,0.000479779,-0.003645306,-0.023705763,0.162029541,0.64581507,0.856030059,0.868947508,0.826599094,0.662941261,0.325471184,0.013319649,-0.023871204,-0.001369536,0.00024948,0,0,0,0,0,0,0,0.000105954,-0.00056347,-0.018133433,0.007536697,0.178564287,0.222855256,0.142079759,-0.02562049,-0.023187534,-0.003945006,-6.56E-05,2.96E-05,0,0,0,0,0,0,0,0,0,0,0.000605318,-0.004556276,-0.023059802,-0.027634014,-0.019181852,-0.001254571,0.0002772,0,0,0,0,0,0,0,0,0,0,0,0,0,0,0,0,0,0,0,0,0,0,0,0,0,0,0,0,0,0,0,0,0,0,0,0,0,0,0,0,0,0,0,0,0,0
0,0,0,0,0,0,0,0,0,0,0,0,0,0,0,0,0,0,0,0,0,0,0,0,0,0,0,0,0,0,0,0,0,0,0,0,0,0,0,0,0,0,0,0,0,0,0,0,0,0.000836493,-0.004810648,-0.038864702,-0.050861793,-0.049547511,-0.050735396,-0.031070075,-0.000479801,0.00024408,0,0,0,0,0,0,0,0,0,1.59E-05,0.000165237,-0.011500153,0.020854916,0.323542569,0.437891511,0.426673611,0.436946504,0.251232792,-0.020162258,-0.003752548,0.000346712,0,0,0,0,0,0,0,3.06E-05,0.000664262,-0.012868651,0.008436581,0.402910301,0.986759361,1.072855825,1.049490792,1.070825521,0.909291411,0.379454095,0.00744563,-0.00489294,0,0,0,0,0,0,8.06E-32,9.11E-05,-0.010121122,0.052755719,0.572251821,1.012671892,0.880712384,0.574450033,0.452106618,0.515476171,0.906600694,0.963991047,0.161915586,-0.018367205,0,0,0,0,9.70E-06,0.000113188,-0.002910029,-0.009272706,-0.014382363,0.473267667,1.020583674,0.912004221,0.267665645,-0.039636684,-0.033864924,-0.043195959,0.447617766,1.004419033,0.541048724,-0.020382285,0,0,0,0,-2.03E-05,-0.000105122,0.005777537,-0.018538244,0.267705346,0.956429637,0.996284191,0.354584624,-0.031404142,-0.002726373,0.000268334,-0.029094105,0.209877485,0.9580197,0.850270221,-0.02068726,0,0,0,0.000695854,-0.006126481,-0.038879289,0.246382268,0.5412372,0.779178404,1.012484562,0.552192062,0.001444768,-0.005394659,0.000256818,2.68E-05,-0.029199483,0.200626736,0.949397672,0.873447882,-0.020588235,0,0,0,-0.009964127,0.071827393,0.409092507,0.72969521,1.024991626,1.027857677,0.765762714,0.099799037,-0.020405263,0.000166156,0,-1.26E-05,-0.028846916,0.205989583,0.951871324,0.666191265,-0.020625,0,0,0,-0.030158983,0.24079136,0.922325487,1.011149067,1.006223158,0.877986306,0.152850694,-0.017701729,-0.000156556,1.75E-05,0,-0.000920956,-0.024622141,0.38337483,1.004241915,0.422733599,-0.02038688,0,0,0,-0.050997921,0.437828585,1.053757676,0.989719533,1.015063538,0.615426654,-0.016744587,-0.001231311,8.82E-05,0,6.52E-05,-0.00715351,0.057554449,0.724084814,0.990594073,0.195860136,-0.019101137,0,0,0,-0.050246711,0.430915542,1.045789868,0.98965243,0.982181474,0.241587788,-0.021396906,0.000152868,0,0,0.00076153,-0.034928916,0.425670376,1.025679497,0.697542599,0.031385177,-0.009628124,0,0,0,-0.036913701,0.304774884,0.963144863,1.024131008,0.723830729,0.029279449,-0.014071606,-0.001964614,-0.001923764,-0.003042024,-0.038754943,0.048745898,0.835064747,0.947483558,0.238120217,-0.017960438,-0.00097869,0,0,0,-0.004908891,0.006258732,0.686450214,1.035622413,0.918364107,0.259613414,-0.012168522,-0.01282307,-0.01338111,-0.004152761,0.353770688,0.815314628,0.965599009,0.290354643,-0.008071232,-0.002652766,0.000119145,0,0,0,0.000829155,-0.019918862,0.156090499,0.690139246,1.038179007,0.969856049,0.644958214,0.490592286,0.490238562,0.711326917,1.017678702,1.010532339,0.456242715,-0.025092882,-0.005044271,0.000403571,0,0,0,0,0,0.00030673,-0.020548322,0.116007098,0.511942623,0.675838854,0.974887153,1.033182649,0.992842014,0.800510553,0.626817496,0.414402437,0.01259729,-0.008982843,0.000177849,0,0,0,0,0,0,5.38E-05,0.000534222,-0.017195487,-0.008452061,0.016471076,0.228624462,0.409605805,0.138087165,0.065044179,0.01192468,-0.006557213,-0.008073764,0.000865843,0,0,0,0,0,0,0,0,3.06E-05,8.68E-05,-0.00410369,-0.008478558,-0.018581495,-0.020341946,-0.018893995,-0.012521106,-0.006709368,-0.00342116,0.000314883,0,0,0,0,0,0,0,0,0,0,0,0,0,0,0,0,0,0,0,0,0,0,0,0,0
0,0,0,0,0,0,0,0,0,0,0,0,0,0,0,0,0,0,0,0,0,0,0,0,0,0,0,0,0,0,0,0,0,0,0,0,0,0,0,0,0,0,0,0,0,0,4.48E-05,0.000296557,-0.007378419,-0.014915821,-0.01439607,-0.013303575,-0.001632895,0.000252741,0,0,0,0,0,0,0,0,0,0,2.48E-05,5.91E-05,-0.003352669,-0.010588898,0.035542296,0.09680319,0.092433041,0.083139059,-0.011800579,-0.010813708,-0.003063623,-9.66E-05,2.19E-05,0,0,0,0,0,0,4.32E-05,0.000324755,-0.013777965,-0.002341299,0.069328978,0.595156965,0.832969022,0.827539318,0.800675109,0.434654706,0.08148029,-0.000876208,-0.011579316,0.000583691,0,0,0,0,0,0,9.46E-05,-0.013433636,0.064754357,0.628118856,0.897636987,1.014210801,0.984459184,0.922309947,0.928782969,1.002896709,0.913644336,0.638549513,0.080823036,-0.017669033,0.001049692,0,0,0,7.15E-05,-7.64E-05,-0.012695925,0.033346507,0.645303717,1.009018995,1.024762053,0.803845044,0.373440411,0.211513276,0.243566517,0.525847635,0.784103673,1.044233064,0.623751923,0.068656641,-0.011778464,6.98E-05,0,0,-0.000365864,0.000398155,0.017494242,0.330557781,0.991104351,0.983788234,0.495627282,0.055703854,-0.018608903,-0.028707503,-0.025418705,-0.036143109,0.313060787,0.980598036,0.928917764,0.238247965,-0.026814067,-0.000252232,0,0,-0.004584525,0.004842088,0.443996715,0.937308772,1.033077768,0.557786203,0.054001739,-0.018392736,-0.002077206,0.000138378,-0.000402539,-0.018593446,0.078053615,0.79447069,1.01890511,0.513129919,0.00038808,-0.004822985,0,0,-0.005700742,0.002717531,0.592904497,1.0300585,1.03836923,0.41074229,-0.060445117,0.000459559,0,0,0,-0.003120541,-0.001365877,0.507342729,1.004715295,0.917671586,0.110304105,-0.017226307,0,0,-0.009633885,0.039534008,0.702021633,1.01957787,1.027641238,0.406999285,-0.047706983,0,0,0,0,-0.000162244,-0.026045615,0.42906153,0.989444836,1.036131587,0.150059415,-0.021475014,0,0,-0.00901314,0.040530247,0.620415816,0.997114754,0.873686887,0.17940305,-0.023594635,0,0,0,0.000134464,-0.010632363,0.046139944,0.690142565,1.022953823,0.881951848,0.098430863,-0.015965754,0,0,0.000333761,-0.025079777,0.156113557,0.840816807,0.989320197,0.312934926,-0.044221597,0.000529942,0,9.81E-18,-0.000306245,-0.031652851,0.186572602,0.878196602,1.018354089,0.517369162,0.000172788,-0.00484455,0,0,5.28E-05,0.000280767,-0.048047896,0.63463043,1.068173577,0.546467116,-0.05005172,-0.032682972,-0.00390865,-0.004912888,-0.029241779,0.129027625,0.768143638,1.042965039,0.832054636,0.131723703,-0.021573621,0.000250204,0,0,0,0,-0.016959712,0.240052185,0.884231073,0.962331614,0.781065115,0.433242494,0.011284756,0.02964054,0.22373383,0.779765586,1.03544007,0.88853605,0.245243141,-0.005449261,-0.001210305,0,0,0,0,0,-6.40E-05,-0.016609647,0.169427747,0.589786186,0.848344612,0.940766289,0.698112064,0.709036441,0.947294441,1.040263901,0.862451151,0.259291565,-0.031698053,-0.002817453,0.000300844,0,0,0,0,0,0.00010049,-0.00056153,-0.016668386,-0.004936275,0.047856624,0.583375868,1.014748996,0.914056832,0.757460274,0.590670903,0.199015863,-0.023667518,-0.001670547,9.76E-05,0,0,0,0,0,0,0,0,0.000356692,-0.003603094,-0.019531738,0.05773686,0.310427877,0.213342336,0.051313542,0.012056127,-0.028501692,0.000570706,0.000183441,0,0,0,0,0,0,0,0,0,0,3.57E-05,0.000438731,-0.007407067,-0.019952342,-0.016540714,-0.011545309,-0.006441509,0.000241694,0,0,0,0,0,0,0,0,0,0,0,0,0,0,0,0,0,0,0,0,0,0,0,0,0,0
0,0,0,0,0,0,0,0,0,0,0,0,0,0,0,0,0,0,0,0,0,0,0,0,0,0,0,0,0,0,0,0,0,0,0,0,0,0,0,0,0,0,0,0,0,0,0,0,0,0,0,0,0,0,0,0,0,0,0,0,0,0,3.55E-05,-0.000253166,-0.001560713,-0.001885315,-0.003507404,-0.013834536,-0.03453942,-0.041210172,-0.040612745,-0.040612745,-0.041485926,-0.033812194,-0.011545905,-0.001979779,-0.000173815,3.55E-05,0,0,0,0,0.000494476,-0.004043369,-0.01375703,-0.014648523,0.00326411,0.179864865,0.553968716,0.675273182,0.664419935,0.664419935,0.680282721,0.540588848,0.13898926,-0.010850643,-0.005065376,0.000487139,0,0,0,0.000340414,-0.012739391,0.059698257,0.408559862,0.488568321,0.710333487,0.933199948,1.021592456,1.055479473,1.059219771,1.058779786,1.059870555,1.028640148,0.908223363,0.496199142,0.052719056,-0.012645275,0.000336159,0,0,-0.00356073,-0.006106559,0.426118004,0.989541139,1.03313831,1.016151586,1.020938778,0.920160335,0.663986417,0.607446895,0.612462725,0.62034397,0.858416156,1.029947338,0.983645084,0.419952699,-0.007375209,-0.003401586,0,0,-0.010068553,0.042934991,0.720153598,1.024630417,0.998450192,1.004322694,0.770298856,0.195576159,0.019726757,0.010167543,0.011800885,-0.014608034,0.329076746,0.93201991,1.019020746,0.881934457,0.095676199,-0.015748441,0,0,-0.01834729,0.120739778,0.94690094,1.0036354,0.980053785,0.581577614,0.012361536,-0.025625681,-0.008417075,-0.006429739,-0.006605733,-0.006887374,-0.0480032,0.500302985,1.005960325,1.023451304,0.145046064,-0.020966095,0,0,-0.013933824,0.079746443,0.821787701,1.031647603,0.775934845,0.074837674,-0.02086569,0.000694955,0,0,0,0,-0.018634498,0.265148438,0.97824263,1.019225746,0.143065305,-0.020749592,0,0,-0.004830304,-0.00388911,0.554172249,1.047528646,0.814636234,0.13086266,-0.017918195,-3.42E-05,0,0,0,0.000550324,-0.036675245,0.494895425,1.005566296,1.011374949,0.141206076,-0.020549258,0,0,0.000330372,-0.039224807,0.288247038,0.961653748,1.011938011,0.554600575,-0.0002852,-0.00615979,1.28E-05,0,8.68E-05,-0.00611726,0.009029071,0.663619128,1.034135791,0.8087981,0.075278168,-0.013454691,0,0,0,-0.009023637,0.043786586,0.737308117,1.029667682,0.975701171,0.326659543,-0.056494962,-0.007976693,0.000564184,0.000221658,-0.049260984,0.243321138,0.9199245,1.036519183,0.51642449,-0.012335497,-0.003819996,0,0,0,0.000587012,-0.033095231,0.423401791,0.99208878,1.018886983,0.825608991,0.303803054,0.037865792,-0.02367613,-0.042957108,0.173793737,0.727974894,1.018347937,1.003170701,0.343519063,-0.043492316,0.00019744,0,0,0,0,-0.003364839,0.012996153,0.515936411,0.987189747,1.046453739,0.994292688,0.633537582,0.256064236,0.47906347,0.843014774,1.040808449,1.013617222,0.703331801,0.130739822,-0.017707798,0,0,0,0,0,0.000390523,-0.013277539,0.018686462,0.403841163,0.787440857,0.893931883,1.029415152,1.011779037,1.038491881,1.035175577,0.849763072,0.510910352,0.049924598,-0.008220146,0.000311035,0,0,0,0,0,8.58E-06,0.000411663,-0.004177934,-0.023565921,0.065861818,0.182397842,0.530971678,0.659260076,0.657788892,0.602260881,0.167281233,-0.016194836,-0.009658139,-0.000299581,7.95E-05,0,0,0,0,0,0,0,5.10E-05,-0.000275162,-0.011558407,-0.027500102,-0.003516061,0.024679487,0.024410542,0.015197996,-0.021289032,-0.00189286,0.00037422,0,0,0,0,0,0,0,0,0,0,0,0,0.00028799,-0.004651757,-0.008023897,-0.008007217,-0.006797012,-7.91E-05,2.13E-05,0,0,0,0,0,0,0,0,0,0,0,0,0,0,0,0,0,0,0,0,0,0,0,0,0
0,0,0,0,0,0,0,0,0,0,0,0,0,0,0,0,0,0,0,0,0,0,0,0,0,0,0,0,0,0,0,0,0,0,0,0,0,0,0,0,0,0,0,0,0,0,0,0,0,0,0.000652236,-0.006954466,-0.013103841,-0.030929029,-0.014553422,-0.00448616,-0.00387632,0.000429581,0,0,0,0,0,0,0,1.73E-18,7.05E-05,-0.002059588,-0.005417841,-0.030042024,-0.047517429,0.024172726,0.081409866,0.248323257,0.095020187,0.003802151,0.023303496,-0.003323244,7.05E-05,0,0,0,0,1.10E-05,-3.68E-05,-0.001765012,-0.004854065,-0.005957717,0.035155416,0.472760178,0.67334569,0.728447815,0.781639371,0.924767565,0.793316891,0.655496136,0.201946044,-0.023489462,-9.40E-05,0,0,0,0,-2.96E-06,0.000676232,-0.005761523,-0.016557683,0.46480207,0.75947578,0.997490656,1.0303646,1.017260366,1.046933149,1.029166241,1.023936411,1.02954102,0.803650616,0.076546054,-0.013531965,0,0,0,0.000203824,-0.00229262,-0.018740468,0.24440659,0.532262085,0.92010361,1.028451389,0.987557462,1.014535692,0.749045496,0.601467242,0.528457772,0.757986452,1.005959525,1.002399714,0.138089458,-0.020229779,0,0,0,-0.000368561,-0.012105092,0.217673879,0.868334166,1.013949136,1.041623993,0.975485559,0.473818689,0.360819388,0.105840977,0.0067152,-0.017556408,0.238553072,0.995546129,0.801373993,0.072061817,-0.013098902,0,0,0.000385008,-0.021602972,0.116521701,0.820624881,1.030904786,1.021494724,0.757297552,0.344511183,-0.029502247,-0.023045479,-0.012557019,-0.005666877,-0.031321759,0.249300007,0.982590959,0.967706955,0.126175604,-0.018931951,0,0,-0.006204725,0.012564204,0.558380344,1.003037292,0.945144029,0.648246051,0.073912431,-0.038155314,0.000889008,0.000158088,0.000232843,-0.014086258,0.070892838,0.641224469,1.038446504,0.741840244,0.049045086,-0.010741422,0,0,-0.010020084,0.042806755,0.717705287,1.032632778,0.532730903,0.006748043,-0.014914445,-0.000346507,-2.76E-06,5.51E-06,-0.001550415,-0.029350465,0.413382489,1.014259361,0.944897093,0.350430573,-0.024845909,-0.001363698,0,0,-0.017233626,0.110395673,0.919706393,0.983851103,0.226666667,-0.023700385,0.000229251,4.14E-05,0,0.000612745,-0.015250715,0.010562537,0.656733047,1.047042858,0.650152318,-0.006526399,-0.004938241,0.000126634,0,0,-0.020296598,0.13901621,1.005546672,0.969011591,0.196511981,-0.004706137,-0.001034899,0.000442705,-0.006483633,-0.019777085,0.006109481,0.392536644,0.974628735,1.016985481,0.389239856,-0.031572449,0.000615082,0,0,0,-0.005872141,0.007626065,0.568775157,1.010742205,0.501504698,0.058028356,-0.011219274,-0.012395833,0.028698308,0.068722188,0.571630651,1.004648574,0.970834729,0.628553649,0.061571112,-0.006321946,0,0,0,0,0.000553173,-0.050818862,0.373753557,1.033320959,0.530554568,-0.032794186,-0.016181396,0.083229031,0.558826934,0.767803019,1.021126106,1.036381874,0.615001362,0.029552509,-0.013339069,0.000266748,0,0,0,0,0,-0.046744935,0.3989271,1.038366268,0.646895425,0.190980052,0.547498284,0.768321998,1.031894608,1.047171415,0.811538552,0.63425071,0.176307411,-0.026916973,0.000196078,3.58E-05,0,0,0,0,0,-0.035819983,0.294896446,0.948505276,1.005737558,0.928968359,1.004933316,1.022182156,0.849488,0.661041871,0.182893859,0.002780309,-0.013914233,0.000965993,2.11E-05,0,0,0,0,0,0,-0.003011947,0.017351005,0.192965499,0.380476846,0.432572884,0.364811752,0.337221441,0.082034008,0.028486252,-0.013558966,-0.005954331,0.0001386,0,0,0,0,0,0,0,0,0.000570706,-0.004525974,-0.017905433,-0.020515897,-0.020420071,-0.020130991,-0.020330882,-0.014797964,-0.008486349,-0.000825844,0.0001386,0,0,0,0,0,0,0,0,0,0,0,0,0,0,0,0,0,0,0,0,0,0,0,0,0,0,0
0,0,0,0,0,0,0,0,0,0,0,0,0,0,0,0,0,0,0,0,0,0,0,0,0,0,0,0,5.36E-05,0.000116932,-0.011637221,-0.021467184,-0.020346025,-0.01044424,-0.00134021,0.000124081,4.60E-06,0,0,0,0,0,0,0,0,0,0,0,0.000488107,-0.015323519,0.058935072,0.149535486,0.139319937,0.046198178,-0.018444519,-0.001225745,0.000113887,0,0,0,0,0,0,0,0,0,6.64E-06,0.000832365,-0.017653391,0.095606856,0.750350967,1.037722222,1.004540904,0.733149714,0.286744009,-0.021709882,-0.001688828,0.000132078,0,0,0,0,0,0,0,7.47E-19,0.000365434,-0.017508713,0.078969703,0.666612762,1.027989226,1.00732627,1.018536563,1.043297556,0.90580833,0.280390182,-0.0116851,-0.000777791,0,0,0,0,0,0,0,1.34E-17,-0.003598175,-0.01566207,0.39742916,0.958707227,1.02039311,0.815651127,0.614008975,0.828317913,1.027497498,0.842656199,0.152822474,-0.02073295,0,0,0,0,0,0,0,0.000663807,-0.024985873,0.338684895,0.929189185,1.025430726,0.824477873,0.201985583,-0.061585494,0.330265012,0.965022552,0.880800909,0.172514297,-0.022898373,0,0,0,0,0,0,0.000396233,-0.009424113,0.041453144,0.779498638,1.034845807,0.970473601,0.17268356,-0.019062513,-0.035506315,0.221144929,0.931886457,0.880952536,0.170776144,-0.022697811,0,0,0,0,0,4.17E-05,-0.002817198,-0.020951117,0.427263174,0.997024802,0.984194002,0.56677708,-0.010322066,-0.006014365,-0.019495995,0.331453414,0.960588695,0.877579963,0.171060713,-0.022729607,0,0,0,0,0,-0.000464103,-0.020230716,0.23010786,0.872882864,1.007150646,0.592002094,0.037281114,-0.009757404,-0.007014382,0.004878895,0.606902369,1.036476954,0.882856073,0.174412292,-0.023156822,0,0,0,0,0,-0.002137408,-0.017185611,0.618123706,1.045404531,0.923672139,0.197319291,-0.028541871,0.001688589,-0.028699483,0.358520579,0.820333095,1.040281029,0.665563419,0.085655007,-0.01289552,0,0,0,0,0,-0.016629085,0.228953772,0.967797539,1.0293013,0.577879961,-0.037534654,-0.006736094,-0.035378404,0.129076797,0.898150656,1.047957465,0.721543999,0.09589425,-0.01648846,0.00080225,0,0,0,0,0,-0.016667278,0.23157656,0.963474243,0.701841463,0.037541433,-0.033646763,0.051124496,0.7672317,0.875652796,1.018811973,0.804310651,0.131865989,-0.028219905,0.000474807,0,0,0,0,0,4.52E-05,-0.011600031,0.164474554,0.468898386,0.505640608,0.229590348,0.327210274,0.629574142,1.012857809,1.025539114,0.953934494,0.383814934,0.002589699,-0.004987405,4.95E-05,0,0,0,0,0,0.000307774,-0.007866966,0.038847767,0.593669458,0.857691347,0.92041969,0.953438147,1.031260893,1.000702223,0.938420888,0.395193667,-0.004979745,-0.005696402,0.0004519,0,0,0,0,0,0,-0.011377848,0.070459133,0.671419935,1.023970044,1.006891714,1.035129615,0.954795462,0.665566364,0.451281948,0.132540492,-0.02358616,-0.005843886,0.0004519,0,0,0,0,0,0,0,-0.024308834,0.184554143,0.900836465,1.03462883,1.024946504,0.666284463,0.318679245,0.042565104,-0.033243515,-0.011601409,-0.000921232,0.000118975,0,0,0,0,0,0,0,0,-0.003312165,0.025027771,0.124582161,0.145173964,0.145515368,0.030666056,-0.019843769,-0.010557254,0.000443928,3.30E-05,0,0,0,0,0,0,0,0,0,0,0.000481024,-0.00363477,-0.018093001,-0.021083538,-0.021032475,-0.008607306,-0.001509736,0.000170207,0,0,0,0,0,0,0,0,0,0,0,0,0,0,0,0,0,0,0,0,0,0,0,0,0,0,0,0,0,0
0,0,0,0,0,0,0,0,0,0,0,0,0,0,0,0,0,0,0,0,0,0,0,0,0,0,0,0,0,0,0,0,0,0,0,0,0,0,0,0,0,0,0,0,0,0,0,0,0,0,0,0,0,0,0,0,0,0,0,0,0,0,0,0,0,0,0,0,1.76E-05,-0.000138685,-0.001979779,-0.00350046,-0.003289104,-0.001209661,6.66E-05,4.60E-06,0,0,0,0,0,0,0,0,0,0,0.000186887,-0.000809894,-0.012876277,-0.026477362,-0.01314277,0.005778952,0.002809099,-0.019851682,-0.015983915,0.0002019,6.80E-05,0,0,0,0,0,0,7.62E-19,7.66E-05,0.000270204,-0.012329197,-0.028858621,0.057402829,0.211833674,0.506257795,0.683723941,0.663237621,0.397385332,0.075440257,-0.021815445,5.41E-05,6.11E-05,0,0,0,0,0,0.000304841,-0.004998468,-0.021272042,0.099581036,0.413480375,0.757902352,0.949019216,0.930740571,0.769223652,0.782531372,0.903953516,0.770976886,0.193800739,-0.021121272,-0.000977335,0.00013957,0,0,0,0.000175738,-0.003316212,-0.007003316,0.358354701,0.871767729,0.893649912,0.642530081,0.384453973,0.126556211,0.052258622,0.045478151,0.181670166,0.769017043,0.905393125,0.257218367,-0.023954925,-0.000626758,0,0,2.86E-05,-0.000629815,-0.023448121,0.40658541,0.965269965,0.732952257,0.183617481,-0.03271378,-0.020910097,-0.016527437,-0.011253745,-0.011516211,-0.025966793,0.084432087,0.80778542,0.71815511,0.036576577,-0.009396786,0,0,0.000186547,-0.022770372,0.150666292,0.88146424,0.589002723,0.037360413,-0.025798598,0.000528833,0,0,0,0,-6.46E-05,-0.032879749,0.281086874,0.922481669,0.132137907,-0.018713916,0,0,-0.006794833,0.014223177,0.62385546,0.847961142,0.191178768,0.228906114,-0.006632136,-0.002884753,1.06E-05,0,0,0,8.43E-05,-0.028947202,0.184789505,0.949959099,0.15794031,-0.02101937,0,0,-0.018879868,0.125311494,1.000024527,0.406142157,0.340573632,0.928819615,0.260597322,-0.027684419,-0.000225099,0.000122549,0,0,6.11E-05,-0.029144131,0.192458044,0.945889519,0.154043812,-0.020668743,0,0,-0.015084825,0.088046412,0.892023137,0.774556106,0.510949666,0.93023061,0.912734017,0.161400694,-0.047407175,-0.00367005,0.00031185,0,-0.000176358,-0.039305895,0.398452485,0.852209076,0.082080639,-0.014067235,0,0,-0.00208844,-0.009364376,0.304275837,0.623002383,0.598379085,0.615744826,0.886577766,0.811074789,0.323369128,-0.0206827,-0.038070159,-0.015311341,-0.033194291,0.139041326,0.895655518,0.561067198,-0.004005799,-0.004788433,0,0,0.000221269,-2.43E-05,-0.023696708,-0.041887527,-0.04247018,-0.023285335,0.144836958,0.636243022,0.957951797,0.726050909,0.586523131,0.226418138,0.303811836,0.812618821,0.800148233,0.101033361,-0.019535078,0.000365605,0,0,0,5.87E-05,-0.000496017,-0.00134375,-0.001068627,-0.00384072,-0.026538207,0.011490911,0.267495404,0.734231022,0.857619604,0.83348722,0.777195874,0.69504393,0.128337248,-0.020740162,0.000979067,9.19E-06,0,0,0,0,0,0,0,2.40E-05,0.000206524,-0.003976665,-0.018429909,0.007482707,0.120575674,0.15477114,0.050362983,0.016732724,-0.010558517,4.78E-05,4.28E-05,0,0,0,0,0,0,0,0,0,0,2.81E-05,1.26E-05,-0.005090294,-0.017274061,-0.020520618,-0.00957034,-0.005875831,-2.45E-06,2.94E-05,0,0,0,0,0,0,0,0,0,0,0,0,0,0,0,0,0,0,0,0,0,0,0,0,0,0,0,0,0,0,0,0,0,0,0,0,0,0,0,0,0,0,0
0,0,0,0,0,0,0,0,0,0,0,0,0,0,0,0,0,0,0,0,0,0,0,0,0,0,0,0,5.11E-06,0.000473175,-0.004207516,-0.018757659,-0.021016265,-0.009068627,0.000377008,4.60E-05,0,0,0,0,0,0,0,0,0,0,0,0,0.000462578,-0.010665077,0.003385105,0.123632292,0.14510087,0.037379234,-0.027865609,-0.000423648,0.000123517,0,0,0,0,0,0,0,0,0,6.13E-06,0.000153479,-0.005340431,0.01526537,0.411819393,0.967238562,1.026842991,0.656341554,0.176403016,-0.016068032,-0.00070624,5.38E-05,0,0,0,0,0,0,0,0,9.29E-05,-0.001600322,-0.028132642,0.5232428,0.963134378,1.003590788,0.994207754,1.006207006,0.86432998,0.210838457,-0.012047556,-0.000333456,0,0,0,0,0,0,0,6.09E-18,-0.001211703,-0.03234788,0.336994366,0.971344567,1.015956376,1.01477868,1.01551778,0.994016187,1.038888378,0.751448223,0.027732281,-0.007467286,0,0,0,0,0,0,0,0.000434028,-0.017365196,0.126753037,0.786236213,1.025337878,0.967821215,0.747052492,0.739378575,0.999213882,1.01610643,0.83829616,0.126994945,-0.018076312,0,0,0,0,0,0,0,-0.002611492,0.008783614,0.550913194,1.020883338,1.011692654,0.834332698,0.185416854,0.195188692,1.012056089,1.000367341,0.971294552,0.320630546,-0.038578468,0,0,0,0,0,0,0.00033364,-0.026499966,0.243588831,0.943446897,1.011581682,0.952656999,0.288052849,-0.010222154,0.131709623,0.917152284,1.019738511,0.877007557,0.184738971,-0.024184909,0,0,0,0,0,4.23E-05,-0.004570159,-0.013021616,0.533956955,1.009425591,1.031423373,0.499252536,0.000403799,-0.025178581,0.152300932,0.963941023,1.028814491,0.765816993,0.025278731,-0.007291998,0,0,0,0,0,-0.000201134,-0.021530995,0.181635842,0.877469567,1.037567041,0.757906284,0.093803122,-0.020151791,-0.02308078,0.331655473,1.020877842,1.001118787,0.469630344,-0.008192096,-0.002214749,0,0,0,0,8.97E-05,-0.002615111,-0.018108098,0.521692096,1.00972052,0.963291566,0.40654759,-0.048996766,-0.004254238,-0.008933092,0.670954405,1.024049513,0.892608303,0.102468239,-0.011029412,0.00015776,0,0,0,0,-0.000373442,-0.006898058,0.120602826,0.91934469,1.021938992,0.66697397,0.02631857,-0.010036586,-0.037697386,0.371854932,0.950285756,1.02471711,0.504879523,-0.019856117,-0.001610258,0,0,0,0,0,-0.005801231,0.015564168,0.676515336,1.022753642,1.014079691,0.427805056,-0.06236392,-0.009824432,0.385754017,0.873730171,1.042851256,0.804118515,0.109504255,-0.020711942,0.000103656,0,0,0,0,0,-0.020923729,0.153591163,0.862158599,1.014550415,1.002918028,0.566005021,0.454586516,0.554937262,0.953270374,1.040783599,0.698335304,0.213828023,-0.010465925,-0.001021446,0,0,0,0,0,0,-0.01815458,0.127904922,0.835704402,1.015718444,0.991954827,0.99766114,1.001303598,1.015538331,1.029018961,0.830195244,0.179860636,-0.028813283,-0.001548237,0.00028125,0,0,0,0,0,0,-0.027853328,0.218520765,0.914992051,1.029874285,1.012780331,1.014649848,1.021676981,0.935810475,0.561292603,0.15628862,-0.01328783,-0.001877042,6.38E-05,0,0,0,0,0,0,0,-0.002359033,0.016033743,0.118254505,0.145890302,0.142326036,0.142326036,0.144428733,0.115394705,0.00393818,-0.025664771,1.34E-05,0.0002079,0,0,0,0,0,0,0,0,0.000436183,-0.003211635,-0.017795309,-0.021117239,-0.020669935,-0.020669935,-0.020897161,-0.017802628,-0.005531386,0.000380923,0,0,0,0,0,0,0,0,0,0,0,0,0,0,0,0,0,0,0,0,0,0,0,0,0,0,0,0
0,0,0,0,0,0,0,0,0,0,0,0,0,0,0,0,0,0,0,0,0,0,0,0,0,0,0,0,0,0,4.68E-05,-0.000189781,-0.00731999,-0.012359409,-0.005242034,-0.000792654,6.79E-05,0,0,0,0,0,0,0,0,0,0,0,0.000177327,-0.001130406,-0.02746591,-0.028006757,0.021238619,0.064922445,-0.000438527,-0.021147579,-0.00680328,0.000810346,0,0,0,0,0,0,0,0,8.17E-06,0.00024948,-0.003558364,-0.014024952,0.210038688,0.243139723,0.606577171,0.779901552,0.568817368,0.250973329,0.042368549,-0.006829573,7.00E-05,0,0,0,0,0,0,0,1.26E-05,-0.002972056,0.002844448,0.383676266,0.89970944,0.909936853,1.022572629,1.017867034,1.03295578,0.849113341,0.251189168,-0.020572439,-0.000841844,0,0,0,0,0,0,0.000776569,-0.009668182,-0.057543499,0.325205695,0.958778425,1.023409756,1.006627859,0.76374448,0.716303309,1.011464597,1.028854405,0.578725916,0.003383423,-0.005636063,0,0,0,0,8.17E-06,1.26E-05,-0.009668182,0.074056117,0.379021612,0.804914352,1.021015999,0.937294833,0.786747345,0.113083123,0.412695312,1.042541071,1.028525259,0.597595299,0.005689383,-0.005983626,0,0,0,0,5.75E-05,8.08E-05,-0.060385804,0.506470401,1.021503633,1.017982111,1.009382482,0.508486031,0.054032092,-0.053390512,0.412128395,1.042618456,1.00748135,0.544071515,0.001027017,-0.005142303,0,0,0,5.14E-05,-0.001384242,-0.010330661,0.251761183,0.808067266,1.031332803,0.919552594,0.53800851,0.030061581,-0.026439185,0.018587247,0.640224299,1.033735669,0.910494247,0.250096814,-0.026625596,-0.000362541,0,0,0,0.000423138,-0.012533139,0.086728656,0.802260791,1.030723124,0.991478605,0.616750919,0.005557513,-0.015927628,-0.016645646,0.078630695,0.860291803,1.0219231,0.74520481,0.081847256,-0.013464086,4.26E-05,0,0,4.68E-05,-0.013735936,0.084490281,0.735995472,1.015245932,1.0098197,0.424520946,-0.006144114,-0.004270935,-0.001799905,-0.011618583,0.316311877,0.926794407,1.031533463,0.63332164,-0.04306701,0.000423546,0,0,0,-0.000102975,-0.029568148,0.247565581,0.918018706,1.030545547,0.649266646,0.056610072,-0.026772416,-0.016506196,-0.011580899,0.098242102,0.824018827,1.016278442,0.965218069,0.368074585,-0.024721558,5.01E-05,0,0,0,-0.011869675,0.063462727,0.735873572,0.989573737,1.020064323,0.611137014,0.081747369,0.081364022,0.072588595,0.316311877,0.823492961,0.995003768,1.041802855,0.583557709,-0.003358472,-0.002781532,0,0,0,0,-0.021574925,0.150542732,1.040520067,0.988112405,0.988881996,0.977707738,0.859631809,0.840274084,0.841642446,0.927598737,1.022793096,0.980755558,0.598813572,0.146557053,-0.015900565,-0.000150633,0,0,0,0,-0.014507932,0.084393777,0.843954197,1.018042518,0.985735141,1.002998587,1.018536529,1.017140914,1.024603401,1.021613392,0.949562415,0.552564884,0.034812177,-0.024148965,0.001067198,3.83E-05,0,0,0,0,-0.003607877,-0.005284589,0.428392038,0.904993328,1.013214563,0.95359249,0.888695715,0.902808126,0.756432224,0.545649663,0.19846332,0.001125905,-0.003245336,7.91E-05,0,0,0,0,0,0,0.000266033,-0.008076974,0.027636012,0.307483184,0.764923969,0.369238988,0.201125735,0.227551198,0.08393447,-0.03824103,-0.015406914,-0.002826475,-0.000227226,3.83E-05,0,0,0,0,0,0,0,0.000810346,-0.008052209,-0.001180853,0.059312452,-0.01687156,-0.029444995,-0.028695936,-0.013222046,0.000423546,5.01E-05,0,0,0,0,0,0,0,0,0,0,0,0.000201695,-0.002931304,-0.011783258,-0.002182224,0.00028943,0,0,0,0,0,0,0,0,0,0,0,0,0,0,0,0,0,0,0,0,0,0,0,0,0,0,0,0,0,0,0,0
0,0,0,0,0,0,0,0,0,0,0,0,0,0,0,0,0,0,0,0,0,0,0,0,0,0,0,0,0,0,0,0,0,0,0,0,0,0,0,0,0,0,0,0,0,0,0,0,0,0,1.64E-17,0.001006889,-0.026767031,-0.037299743,-0.018248746,-0.005722147,0.000396233,0,0,0,0,0,0,0,0,0,0.000260927,-0.001766082,-0.012457976,-0.022186326,-0.035947304,-0.045405195,0.213086707,0.310022008,0.127976154,0.019053002,-0.011731107,0.001029718,0,0,0,0,0,0,0.000193015,-0.000808824,-0.015883544,-0.007201602,0.152500749,0.329737149,0.591708027,0.585603179,0.839434491,0.950299275,0.851760706,0.600987575,0.109687228,-0.018687681,0.000309436,0,0,0,0,1.28E-18,-8.88E-05,-0.004429041,0.041063538,0.344369488,0.967291054,0.994565036,0.956547454,0.950670735,0.86154461,0.89902451,1.037796841,0.962089665,0.341840431,-0.016539634,-0.001984443,0,0,0,0,0.000142463,-0.022111928,0.12601554,0.698356822,1.005953844,1.030283973,0.931375323,0.318902625,0.248438113,0.251083102,0.294367817,0.802459491,1.044915696,0.777594533,0.06178091,-0.012095929,0,0,0,0,-0.002384789,-0.006274595,0.50437596,1.051071637,0.997415024,0.614754053,0.179665152,-0.028655833,-0.032894399,-0.032142486,-0.052640333,0.390435656,1.021423284,0.648240169,0.016730767,-0.007286359,0,0,0,0.000113734,-0.007422028,0.050427798,0.78116859,1.035050381,0.740651641,-0.005889757,-0.021000562,-0.001651859,0.000168505,0.000114141,-0.015019625,0.193487234,0.784384821,0.799287122,0.099318821,-0.015813589,0,0,0,-0.000727651,-0.014003881,0.312854099,0.946482996,0.94316328,0.205941173,-0.019044373,9.66E-05,0,0,0,-0.006750817,0.100578091,0.271906863,0.598761234,0.256495115,-0.016564542,0,0,0,-0.017850475,0.125325129,0.827781761,1.062978469,0.58928331,-0.030686852,-0.029918216,-0.006249574,0.000842525,1.70E-18,0,-0.007574806,0.112456614,0.276232843,0.51251988,0.299116186,-0.010142974,0,0,0,-0.013463781,0.085831461,0.764483405,1.036548509,0.800569206,0.488389215,0.395014382,0.045763293,-0.009590822,5.92E-05,0,-0.011890165,0.179817759,0.497445142,0.327539675,0.037741378,-0.003769914,0,0,0,-0.016512011,0.112490115,0.822616978,1.025828951,1.007274673,1.010888188,1.029586289,0.53255133,-0.005803966,-0.002454802,0.000527213,-0.016372855,0.162706762,0.56481982,0.255292164,-0.032850318,-4.89E-05,0,0,0,-0.00374628,0.009997617,0.413489209,0.960683909,1.006996341,0.985365065,0.754715516,0.34822709,-0.002547743,-0.00284038,-0.008612521,0.029445976,0.236130736,0.176694087,0.139198393,-0.015773919,4.08E-05,0,0,0,0.0003465,-0.004635229,-0.024481499,0.460433432,1.044863613,0.915149148,0.151871358,-0.050214563,-0.018488954,-0.015003064,0.007838432,0.048081972,0.473722937,0.19592402,-0.025952291,0.001396193,0,0,0,0,0,0.000290237,-0.020464699,0.075451542,0.75436666,1.042126663,0.67302902,0.144806475,0.064190053,0.332894761,0.648129883,0.708770748,0.630791411,0.028795701,-0.004360141,0,0,0,0,0,0,3.37E-06,0.000992443,-0.030139944,0.201038824,0.743729142,1.044705644,0.855696929,0.779300381,0.955352601,0.983985281,0.723228503,0.420448904,0.010024969,-0.00252068,0,0,0,0,0,0,0,0,0.000594911,-0.015261897,0.074323066,0.552535414,0.862008938,0.887586744,0.874419187,0.804104493,0.185291587,-0.030813359,-0.000294474,6.89E-05,0,0,0,0,0,0,0,0,0.000148931,-0.001268893,-0.011071875,-0.021027369,-0.020760144,-0.020751634,-0.020828227,-0.020888705,-0.011368294,-0.002303581,-7.95E-05,1.79E-05,0,0,0,0,0,0,0,0,0,0,0,0,0,0,0,0,0,0,0,0,0,0,0
0,0,0,0,0,0,0,0,0,0,0,0,0,0,0,0,0,0,0,0,0,0,0,0,0,0,0,0,0,0,0,0,0,0,0,0,0,0,0,0,0,0,0,0,0,0,0,0,0,0,1.55E-17,0.000354653,-0.018917012,-0.025906812,-0.034431128,-0.01982145,0.000845868,3.91E-05,0,0,0,0,0,0,0,0,0,7.34E-06,3.63E-05,-0.001239839,-0.007616575,-0.021000306,0.138646237,0.200413807,0.280588201,0.147718444,-0.017710716,0.000713791,1.23E-05,0,0,0,0,0,0,0,0.00028799,-0.001325058,-0.020640625,-0.021668062,0.072969669,0.246745472,0.775771609,0.898568015,0.959806424,0.770120694,0.1363197,-0.018089458,-4.39E-05,0,0,0,0,0,0,4.93E-18,-0.001820534,0.000445932,0.132098414,0.420304739,0.804850933,0.942252179,1.030185395,1.043928785,1.023002638,1.029696061,0.451752962,-0.026317822,-0.002134055,0,0,0,0,0,6.13E-06,0.00032884,-0.015872821,0.106488559,0.719538824,1.030144421,1.034646395,1.027552764,0.861783746,0.685926266,0.870787292,1.060464835,0.516668284,-0.022830143,-0.002970622,0,0,0,0,0,0.000955729,-0.009407892,-0.021125752,0.575359736,1.017305739,0.9703545,0.822406564,0.501349007,0.113547075,0.034234064,0.749324104,1.036790676,0.413700114,-0.028364229,-0.001633647,0,0,0,0,6.34E-05,-0.009052849,0.033532186,0.459727822,0.995080001,0.917454333,0.353192453,-0.005490298,-0.014717031,-0.027378045,0.0516218,0.810954112,0.899449432,0.170926266,-0.023464698,5.96E-05,0,0,0,0,-0.000532475,-0.025323887,0.290947985,0.994066772,0.936871221,0.382030961,-0.020019965,-0.006926981,-0.000512749,-0.02645734,0.203276212,0.92294858,0.799377911,0.044224911,-0.009315968,0,0,0,0,0,-0.006441891,0.053588474,0.769615571,0.994656744,0.303587705,0.032770187,-0.010154956,0.0005625,-2.81E-05,-0.033297307,0.273736026,0.973241575,0.797925586,0.049461789,-0.009873629,0,0,0,0,0,-0.015748468,0.211483507,1.007712537,0.838164828,0.078793533,-0.019246834,0.000439134,8.92E-18,-0.002717354,-0.033375848,0.495126021,1.028094499,0.512824363,-0.003227618,-0.002955036,0,0,0,0,0,-0.025230321,0.386258289,1.013000727,0.644376333,0.02817044,-0.008269978,7.34E-05,0.00011618,-0.027399345,0.170451627,0.954856083,0.801131544,0.047129296,-0.009716379,0.000361238,0,0,0,0,0,-0.011044424,0.135223601,0.943727805,0.348016153,-0.033172924,-0.005910982,-0.015437602,-0.023927492,0.032313521,0.753784123,0.977325759,0.270768178,-0.029848243,-0.000183824,0,0,0,0,0,0,-0.01980913,0.29387403,0.967106822,0.350483354,-0.051040979,0.036012357,0.193870847,0.339917994,0.651552951,1.030244979,0.567695602,-0.006647297,-0.005859647,5.87E-05,0,0,0,0,0,0,-0.025984732,0.401536833,1.007390114,0.592721882,0.406765283,0.672594431,0.98729422,1.018085546,1.046760519,0.668526337,0.044736707,-0.013640234,0.000788603,0,0,0,0,0,0,0,-0.016730647,0.235208112,0.87745367,1.029045292,1.019824847,0.897244996,0.822882966,0.772626243,0.545895612,0.068548028,-0.015169696,0.000564236,0,0,0,0,0,0,0,0,-0.000715167,-0.001147816,0.123485607,0.529551197,0.331528616,0.215280716,0.075004195,0.060170906,-0.00017962,-0.012777078,0.000561534,0,0,0,0,0,0,0,0,0,0.00020578,-0.002438896,-0.015772569,-0.021187364,-0.020193667,-0.016696964,-0.013684981,-0.011963167,-0.005059402,0.000133505,3.74E-05,0,0,0,0,0,0,0,0,0,0,0,0,0,0,0,0,0,0,0,0,0,0,0,0,0,0
0,0,0,0,0,0,0,0,0,0,0,0,0,0,0,0,0,0,0,0,0,0,0,0,0,0,0,0,0,0,0,0,0,0,0,0,0,0,0,0,0,0,0,0,0,0,0,0,0,0.000102727,-0.000520158,-0.005378501,-0.009209951,-0.012813583,-0.007142799,-0.001190738,9.78E-05,0,0,0,0,0,0,0,0,0,1.28E-05,0.000122447,-0.001514808,-0.02032935,-0.029423032,0.009893382,0.043178003,0.077453363,0.023669254,-0.020033412,-0.008785948,0.000479852,4.24E-05,0,0,0,0,0,0,0.00010723,-0.000721167,-0.0161274,-0.020963508,0.27873989,0.560652233,0.723102686,0.799895303,0.807291156,0.773315206,0.502703823,0.086217065,-0.016381059,0.000166633,0,0,0,0,1.56E-20,1.29E-17,0.000297437,-0.009524186,0.06661442,0.511199483,0.98890705,1.004414777,0.90853668,0.918364994,1.018063981,1.032101188,1.01155719,0.650981873,0.048716743,-0.009632183,0,0,0,9.78E-05,-0.000361009,-0.009613971,-0.031070347,0.135197355,0.735343358,1.007513736,0.68266796,0.327614362,0.19097835,0.201355003,0.343020323,0.399967542,0.888469005,1.017693849,0.354504131,-0.020242885,0,0,0,0.000283133,-0.005740899,0.031063263,0.184522628,0.79706786,0.945142991,0.406192352,0.027078119,-0.04424733,-0.025227314,-0.025944075,-0.042959623,-0.056669028,0.331435514,1.014863574,0.765279657,-0.020784076,0,0,0,-0.01274999,0.085751668,0.646321912,0.87826845,0.92062357,0.281570309,-0.037857605,-0.008880038,0.000257864,3.52E-05,0,0.000147569,-0.02249486,0.117754102,0.845444172,0.700755116,-0.020669935,0,0,0,-0.02780278,0.218092797,0.919284024,1.026493345,0.441730137,-0.027349391,-0.002726886,0,0,0,0,3.49E-05,-0.020820159,0.12462454,0.845302934,0.613411143,-0.020669935,0,0,0,-0.037865966,0.313907169,0.966940615,1.033711465,0.596213269,0.003013772,-0.006217661,0,0,0,0,-0.000106822,-0.026222665,0.202442096,0.943329333,0.43753854,-0.020989073,0,0,0,-0.050538095,0.432694036,1.064932002,1.003753574,0.913543199,0.158516129,-0.017177968,0,0,0,4.48E-05,-0.002406795,-0.017366251,0.574113137,0.957833384,0.149915328,-0.017462384,0,0,0,-0.015988459,0.119094564,0.610664414,0.98126938,1.025706521,0.469822011,-0.022308677,0.000112103,0,9.38E-05,0.001017814,-0.034266133,0.16953766,0.928451568,0.566813675,-0.003807088,-0.005159458,0,0,0,0.000998736,-0.013087095,-0.003262238,0.760533973,1.031177356,0.645711888,-0.031397791,-0.003443917,-0.002267259,-0.00399646,-0.040239085,0.159187126,0.812158395,0.814895459,0.14391299,-0.023396213,0.000302968,0,0,0,0,-0.001352533,-0.020735737,0.426022723,1.04226171,0.957895707,0.330365724,-0.012151535,-0.010025803,-0.000874523,0.380874319,0.86939951,0.957293011,0.212746766,-0.029121358,0.001370511,0,0,0,0,0,1.71E-05,-0.020463116,0.12482821,0.82850274,1.048038791,0.916640148,0.603689542,0.537661509,0.648199466,1.011022889,0.76316088,0.172016919,-0.019377502,-0.000565717,5.14E-05,0,0,0,0,0,7.05E-06,-0.001697508,-0.005533224,0.215638123,0.713969739,1.033631825,1.038287429,1.050942759,0.947797266,0.56165566,0.144741388,-0.028157816,-0.000669884,9.51E-05,0,0,0,0,0,0,0,0.000293506,-0.000340386,-0.03448154,0.062358299,0.251816749,0.245795116,0.253708997,0.161427293,-0.003807088,-0.023211956,0.001500143,3.67E-05,0,0,0,0,0,0,0,0,0,6.33E-18,0.000430624,-0.010072799,-0.021100558,-0.020669935,-0.020989073,-0.017462384,-0.005159458,0.000302968,0,0,0,0,0,0,0,0,0,0,0,0,0,0,0,0,0,0,0,0,0,0,0,0,0,0
0,0,0,0,0,0,0,0,0,0,0,0,0,0,0,0,0,0,0,0,0,0,0,0,0,0,0,0,0,0,7.31E-18,0.000434028,-0.011321389,-0.02061649,-0.012369111,-0.007925858,-0.008532646,0.000921283,0,0,0,0,0,0,0,0,0,0,0,0.000212792,-0.000442705,-0.028801415,0.098135407,0.506718795,0.743462761,0.834083456,0.381069055,-0.043847748,0,0,0,0,0,0,0,0,0,0,0.000113664,-0.002957159,-0.007137051,0.124931696,0.75544882,0.853457653,0.346897042,0.240203329,0.266383561,-0.028715503,0,0,0,0,0,0,0,0,0,0.001247401,-0.011687551,-0.026928036,0.1419247,0.698730443,0.814503587,0.167429892,-0.04208781,0.016915135,0.032883459,-0.003442175,0,0,0,0,0,0,0,1.80E-31,0.00072338,-0.015133403,0.037084406,0.395399935,0.828343137,0.580946521,0.076910236,-0.02717213,-0.00030707,0.001651093,0.002119519,-0.000224614,0,0,0,0,0,0,0,0.0001234,-0.009219261,0.012824589,0.595309743,1.044554739,1.01183027,0.305783361,-0.048805287,0.000229013,0.000152522,-0.000896872,-0.002856958,-0.000304411,4.94E-05,0,0,0,0,0,0,0.000291723,-0.023974002,0.468340157,1.04771641,0.792516442,0.636213617,0.256486775,-0.030101977,0,1.19E-05,-0.000374118,0.002914527,0.001013695,-0.000107517,0,0,0,0,0,0.000496324,-0.019181985,0.141952785,0.946516347,0.842706784,0.113617256,0.002604218,0.056861383,-0.005929232,8.73E-06,-0.009521293,0.070851069,0.247643127,0.029611359,-0.004540271,0,0,0,0,2.67E-05,-0.006877451,0.008167058,0.605795139,0.981033658,0.257098158,-0.026919526,-0.003538143,-0.005481516,0.000580898,0.00060095,-0.031588491,0.160898931,0.42288671,0.021409849,-0.005376498,0,0,0,0,1.73E-05,-0.031164777,0.218251243,0.99608621,0.693805695,-0.02761186,-0.001035675,0.000159926,1.50E-18,0.000295544,-0.008195193,0.045731907,0.608853758,0.419991336,-0.04511888,-9.55E-05,0,0,0,0,-0.002911254,-0.003109545,0.62235129,1.020477992,0.217073635,-0.020965754,0.000109783,0,0.000194036,-0.004130488,-0.012276348,0.489068781,0.830988783,0.1186354,-0.017257603,2.91E-05,0,0,0,0,-0.010287086,0.112887163,0.992371625,0.764331,0.046120387,-0.011638845,0,0.000580898,-0.009073044,-0.035390224,0.407508781,0.983745431,0.344089519,-0.028144134,0.000562604,0,0,0,0,0,-0.016896446,0.232823989,1.019122753,0.640914011,0.015920825,-0.010050841,-0.00435095,-0.021244077,0.013489379,0.230449941,0.872853384,0.678277659,-0.007584831,-0.003945602,0.000118218,0,0,0,0,0,-0.015868566,0.212945772,1.01271761,0.896264553,0.096504678,-0.021787854,0.022005617,0.222801828,0.618918709,0.748535374,0.586563164,0.060181781,-0.012615724,5.31E-05,0,0,0,0,0,0,-0.005375306,0.031985549,0.824035012,1.03065385,0.703347397,0.619476392,0.752914624,0.917685151,0.571525752,0.065515827,-0.010890591,-0.011734052,0.000588848,2.67E-05,0,0,0,0,0,0,-0.000666616,-0.002214222,0.145466452,0.367428088,0.458165892,0.46014517,0.372735073,0.23669761,0.0297989,-0.014593117,-0.002329146,-1.84E-05,2.67E-05,0,0,0,0,0,0,0,0.000105173,-4.97E-05,-0.01988382,-0.043617056,-0.050725922,-0.050418246,-0.042255921,-0.029350618,-0.006433492,0.000839635,0,0,0,0,0,0,0,0,0,0,0,0,0,0,0,0,0,0,0,0,0,0,0,0,0,0,0,0,0,0,0,0,0,0,0,0,0,0,0,0,0,0,0,0,0,0,0
0,0,0,0,0,0,0,0,0,0,0,0,0,0,0,0,0,0,0,0,0,0,0,0,0,0,0,0,0,0,0,0,0,0,0,0,0,0,0,0,0,0,0,0,0,0,0,0,0,0,0,0,0,0,0,0,0,0,0,0,0,0,0,0,0,0.000140421,-0.001545139,-0.002809608,-0.002372345,-0.007436581,-0.011772161,-0.011738868,-0.010847601,-0.003784416,-0.000368209,7.26E-05,0,0,0,0,0,0,0,7.26E-05,9.71E-05,-0.016476954,-0.014292858,-0.00283777,-0.008711823,0.07181873,0.140347052,0.140137119,0.125747405,0.014829538,-0.013043369,-0.000488971,7.08E-05,0,0,0,0,0,1.04E-17,0.000363256,-0.01528719,0.063933177,0.410881281,0.585651658,0.552465976,0.772820704,0.967434266,0.962428241,0.926141872,0.594986417,0.147481788,-0.058414386,-0.012116251,0.00145734,2.13E-18,0,0,0.000151484,-0.000443826,-0.024862932,0.142484647,0.746937772,0.983092797,1.023300569,1.016511591,1.005081189,0.999247447,0.993552594,0.997486446,1.014811734,0.79159295,0.508933636,0.116646565,-0.017122722,0.000165101,0,0,-0.000374526,-0.014722752,0.143455118,0.752742686,1.027209772,0.996054125,0.998503519,1.007428118,1.008095097,1.002415006,0.984830419,0.985233805,0.989873969,1.022879316,1.011595889,0.424849187,-0.014167012,-0.002897694,0,0,-0.013144063,0.073594228,0.787684164,1.006901808,0.985260246,0.992551232,0.878878783,0.80551811,0.825060628,0.923091537,1.0075144,0.983202903,0.9876731,0.986362337,1.004152454,0.810835631,0.076246127,-0.013554773,0,0,-0.021380379,0.149127736,1.031425483,0.983780042,0.984394914,0.998110873,0.813857041,0.37136717,0.101304602,0.269220061,0.738688402,1.007777948,0.989830474,0.98751634,0.984456955,1.007343835,0.141908453,-0.020586023,0,0,-0.021440802,0.149604939,1.033728809,0.987599486,0.989248366,0.99705593,1.010939797,0.508516868,-0.059530416,-0.051989719,0.263706784,0.884451952,1.003777233,0.992254902,1.024811326,0.606160897,0.010372845,-0.006438419,0,0,-0.013575538,0.076455149,0.811277148,1.004227516,0.983283292,0.989090584,0.997466267,0.865935917,0.303861656,0.006685696,-0.001854048,0.54340654,1.007096269,0.986283701,1.023360056,0.590507217,0.004531002,-0.005826525,0,0,-0.002963597,-0.013593221,0.428421402,0.988549522,1.002078866,0.98979852,0.98472856,0.999874767,0.942196914,0.652393383,0.63502006,0.921634037,0.992559788,1.005277302,0.986450461,0.433705057,-0.01099143,-0.003220755,0,0,0.000166803,-0.017254698,0.105908003,0.717396242,0.936433755,1.006148182,0.99845612,0.992714665,1.004097086,1.01793636,1.013954538,1.023644895,1.008538194,0.939127349,0.712916054,0.10516362,-0.016595838,0.000120847,0,0,0,0.001467531,-0.020665799,0.090364447,0.252677202,0.59099537,0.929887846,0.964271242,0.959110056,0.966661799,0.932273523,0.614059014,0.523525701,0.259302441,0.08864774,-0.020376038,0.001447149,0,0,0,0,0,0.001025735,-0.017262561,-0.025176913,0.013617698,0.120377159,0.134211193,0.132197134,0.13341105,0.123316074,0.011299614,-0.009338184,-0.023214291,-0.017051164,0.001014706,0,0,0,0,0,0,0,7.08E-05,-0.000358354,-0.0036947,-0.010574426,-0.01142739,-0.011302798,-0.011397518,-0.010735754,-0.003662203,-0.002236366,-0.000488562,7.08E-05,0,0,0,0,0,0,0,0,0,0,0,0,0,0,0,0,0,0,0,0,0,0,0,0,0,0,0,0,0,0,0,0,0,0,0,0,0,0,0,0,0,0,0,0,0,0,0,0,0,0,0,0,0,0,0,0,0,0,0,0,0,0,0,0
0,0,0,0,0,0,0,0,0,0,0,0,0,0,0,0,0,0,0,0,0,0,0,0,0,0,0,0,0,3.98E-05,-0.000249694,-0.001357911,-0.00843015,-0.017523148,-0.021406931,-0.016617817,-0.003517497,0.000357201,8.51E-06,0,0,0,0,0,0,0,0,0,0.000245811,-0.002573377,-0.02230866,-0.034431638,0.028537831,0.112940769,0.155933207,0.108549947,0.006023705,-0.002557195,0.00010446,0,0,0,0,0,0,7.93E-19,0.000128676,-0.001036291,-0.014233762,-0.013919935,0.196392957,0.441944223,0.684204068,0.958284212,1.010779786,0.900421415,0.345611111,-0.017195029,-0.001933721,0,0,0,0,0,0,0.000405944,-0.005675041,-0.021691839,0.146597529,0.555319904,0.903411407,1.030109596,0.761080792,0.4674984,0.277433041,0.33767967,0.274049241,-0.006621061,-0.001920105,0,0,0,0,7.00E-19,0.000390625,-0.004451338,-0.009021821,0.382642422,0.878500698,1.031626566,0.758597409,0.347423169,0.061441323,-0.021590788,-0.026776229,-0.025727754,-0.008000868,0.000288665,5.60E-05,0,0,0,0,5.16E-05,-0.00431713,-0.007092695,0.412925773,1.026758319,0.833451423,0.362197934,0.067502519,-0.031297437,-0.00675426,-0.001403186,-0.000375051,-0.001156131,-0.002334984,-0.000105122,2.88E-05,0,0,0,0,-0.000692797,-0.020192512,0.29390404,0.906593953,0.70769685,0.362865711,0.508563994,0.238343049,-0.015000102,0,0,-2.66E-05,0.00018018,0.00095843,0.000167958,-2.19E-05,0,0,0,0,-0.006329044,0.054081699,0.755697168,0.61391973,0.086175451,0.827081836,0.763618413,0.17061489,-0.012792279,0,3.98E-06,-0.005678105,0.043787888,0.133406471,0.012930221,-0.002200266,0,0,0,0,-0.013212418,0.164473941,1.015640608,0.803465771,0.626485145,0.961950878,0.238520153,-0.03998989,0.000477635,0,1.34E-05,-0.016778663,0.135748468,0.317513668,0.013336747,-0.003818934,0,0,0,0,-0.006105545,0.065534926,0.586936172,0.547785692,0.938119981,0.884927305,0.201470895,-0.020489311,-0.00033078,0,-0.000780688,-0.023954844,0.372417484,0.523338933,-0.010048051,-0.003732128,0,0,0,0,0.000386029,-0.004220741,-0.057655212,0.189057036,0.94943388,0.822634293,0.167902369,-0.014427424,-0.000421773,0,-0.002389961,-0.01149246,0.645448751,0.560647467,-0.015166932,-0.00375,0,0,0,0,0,0,-0.00688542,0.057909635,0.904317309,0.782727569,0.082611237,-0.016445212,5.14E-05,0.001239926,-0.027493936,0.211158874,0.942003791,0.455125131,-0.024783678,-0.002216923,0,0,0,0,0,0,0.0004936,-0.026303785,0.873404264,0.932512868,0.185169867,-0.028563385,0.000264297,-0.015777893,0.041207329,0.717745507,0.869702563,0.175020612,-0.023892524,7.66E-05,0,0,0,0,0,0,-2.80E-16,-0.020742613,0.46030706,1.023942249,0.405761421,-0.040424666,-0.03671058,0.008103573,0.5182436,0.996413773,0.376742596,-0.022497702,-0.000209123,0,0,0,0,0,0,0,-1.57E-18,-0.009626736,0.045193106,0.669943304,0.942226733,0.355666292,0.218449363,0.668276365,1.001466129,0.51651697,0.033695227,-0.006841656,0.000234805,0,0,0,0,0,0,0,1.66E-18,0.000254289,-0.017073856,0.085984443,0.521547607,0.977284126,0.986042245,0.996869726,0.522971014,0.036774203,-0.01609472,0.000373315,0,0,0,0,0,0,0,0,0,3.67E-05,0.000898214,-0.013596572,-0.00317109,0.137307692,0.153644827,0.131396186,0.005077657,-0.012399515,0.001175859,0,0,0,0,0,0,0,0,0,0,0,2.85E-05,5.34E-05,-0.0045561,-0.019631672,-0.020984307,-0.019454975,-0.005275054,0.000439474,6.13E-06,0,0,0,0,0,0,0,0,0,0,0,0,0,0,0,0,0,0,0,0,0,0,0,0
0,0,0,0,0,0,0,0,0,0,0,0,0,0,0,0,0,0,0,0,0,0,0,0,0,0,0,0,0,0,0,0,0,0,0,0,0,0,0,0,0,0,0,0,0,3.97E-18,0.000444336,-0.007524579,-0.020576414,-0.041726795,-0.042441808,-0.027955648,-0.032870251,-0.015075211,-0.000898455,0.000227467,0,0,0,0,0,0,0,0,9.19E-07,0.000506332,-0.00916842,0.045380522,0.150241081,0.35039374,0.357244468,0.220563232,0.266477875,0.100974265,-0.013192981,-0.005324295,-1.55E-05,3.06E-05,0,0,0,0,0,0,0.0004519,-0.009836261,0.043162701,0.440470476,0.861352567,0.991178819,0.994253642,0.911954861,0.951363954,0.776405178,0.325376923,0.003281046,-0.006900003,0.000467674,3.06E-06,0,0,0,0,8.62E-18,-0.003089154,-0.016944581,0.52200577,1.005274177,1.012845401,1.005747004,1.010888617,0.898825283,0.942311327,1.066783837,1.014512851,0.613635689,0.029887561,-0.013478558,0.000538875,0,0,0,0,0.000539216,-0.026657271,0.088638753,0.794690325,1.019722545,1.009121477,0.922071044,0.822352958,0.622033956,0.284946275,0.424099622,0.799506025,0.992150054,0.497268297,0.009744932,-0.00606124,0,0,0,0,-0.012786576,0.175529313,0.695762301,0.965513415,1.00185094,0.693909203,0.198759104,0.095663786,0.149305182,-0.021325115,-0.058236211,0.125708559,0.852676019,0.967018976,0.214169572,-0.018216916,0,0,0,0.001116546,-0.042049224,0.490917943,1.018582482,1.006451865,0.920686988,0.186397059,-0.037453704,-0.014005651,-0.013196827,-0.000719498,-0.001234681,-0.031118532,0.385859681,1.017265489,0.660523317,-0.020787718,0,0,0,-0.016622641,0.116308636,0.773678513,1.009807411,1.00808781,0.825177208,0.09137306,-0.009826048,0,0,0,0.000192606,-0.034019778,0.206920854,0.986818372,0.874158276,-0.020643893,0,0,0,-0.050050141,0.429072559,1.043588201,0.992074006,1.029536697,0.888850961,0.125348073,-0.012855733,0,0,0,-0.000502247,-0.026678479,0.293635451,0.996667671,0.852315506,-0.020594533,0,0,0,-0.040623701,0.340084201,0.989696487,0.946462657,0.7267436,0.526084869,0.046866915,-0.005338967,0,0,0.000216053,-0.003932581,-0.017437755,0.528988903,1.033585665,0.861385492,-0.020642191,0,0,0,-0.022515971,0.169072789,0.866902712,1.019416164,0.649451425,0.039283707,-0.016067425,0.000665688,-1.18E-05,-0.0041951,-0.012334989,-0.029331407,0.080267977,0.911131358,1.02279174,0.632756584,-0.020711719,0,0,0,-0.020630631,0.151352056,0.850616268,1.055621392,0.53058992,0.004075133,-0.009983047,-0.006243566,-0.016164897,0.001307053,0.047243403,0.353991626,0.729970656,1.024849554,0.840334048,0.094463791,-0.014456359,0,0,0,-0.00498186,0.008934777,0.650942793,1.028013702,0.930407067,0.238731061,0.021857979,0.03205913,0.22250274,0.649802032,0.80090513,0.972319972,1.028301692,0.957658871,0.460788348,-0.008488443,-0.003820295,0,0,0,0.00068974,-0.011263174,0.024931321,0.664725099,0.979823546,0.981527965,0.963984188,0.957011302,0.971825504,1.030568083,1.028376782,0.961840022,0.645345963,0.045106754,0.003196538,-0.002691034,0.00014791,0,0,0,0,-0.000125511,-0.010382642,0.115166071,0.286343529,0.550838769,0.882858677,0.998888429,1.026629102,0.852036067,0.463593311,0.272503353,0.06255159,-0.015709252,-0.00260095,0.000109912,1.58E-05,0,0,0,0,5.63E-05,0.000619624,-0.015909665,-0.038686662,0.005179123,0.084338235,0.355447546,0.460343188,0.197197712,-0.023903312,-0.036300192,-0.010416208,0.000933105,1.83E-05,0,0,0,0,0,0,0,0,3.21E-18,0.000297862,-0.005500014,-0.01585563,-0.019988596,-0.021056134,-0.014964767,-0.003470948,0.000224673,0,0,0,0,0,0,0,0,0,0,0,0,0,0,0,0,0,0,0,0,0,0,0,0,0,0
0,0,0,0,0,0,0,0,0,0,0,0,0,0,0,0,0,0,0,0,0,0,0,0,0,0,0,0,0,0.000235907,-0.00174343,-0.006706495,-0.006548177,-0.006567096,-0.006396889,-0.001316211,9.91E-05,0,0,0,0,0,0,0,0,0,0,0,0.000596796,-0.010069606,-0.019336503,0.012073193,0.011237442,0.011339581,0.009273216,-0.012272074,0.000630121,0,0,0,0,0,0,0,0,8.81E-05,-0.000684998,-0.004983286,-0.028859375,0.026986656,0.34109232,0.622249745,0.614107422,0.614136285,0.611177032,0.227280705,-0.033035488,0.000646937,9.80E-05,0,0,0,0,2.30E-05,0.000130208,-0.005436836,-0.017546381,0.029892976,0.343887374,0.721828176,0.965552611,1.05226188,1.022288533,1.035166292,1.049872345,0.832830202,0.225786016,-0.013318403,-0.001217831,0,0,0,0,-2.43E-05,-0.001416548,-0.005077699,0.261947678,0.707862501,1.006992579,1.027670088,0.94841219,0.61360963,0.334009128,0.487492596,0.934318696,1.050265421,0.608759974,0.008425665,-0.00630719,0,0,0,0,-0.001470588,-0.01260723,0.42011506,0.891303019,1.050469372,0.940077614,0.46736123,0.23989088,-0.004220435,-0.026038737,-0.016638583,0.50086923,1.016932326,0.875477635,0.096544678,-0.015747889,0,0,1.22E-05,0.001048324,-0.028904091,0.240833571,0.920013113,1.032215326,0.826624414,0.37124859,-0.024039786,-0.037516204,-0.003430353,0.000368561,-0.022431566,0.245182032,0.935708135,1.0361292,0.147811734,-0.021261023,0,0,0.000170547,-0.010380233,0.035658122,0.759066976,1.034892514,0.704792467,0.084131388,-0.029055011,-0.00319938,0.000484069,0,0.000139415,-0.010796671,0.104106805,0.846605171,1.024651603,0.142326036,-0.020669935,0,0,-0.004271684,-0.003753669,0.487970605,0.996634106,0.992905093,0.349010893,-0.04448988,-0.000118975,0,0,0,-0.001652195,-0.012351511,0.445516033,0.989329163,1.030558977,0.147159716,-0.021190768,0,0,-0.010632149,0.048185459,0.736000511,1.031015727,0.984743753,0.326674649,-0.044606569,0.000437943,0,1.34E-31,0.000331904,-0.011189617,0.023740707,0.768218239,1.034306441,0.902858047,0.10653943,-0.016813896,0,0,-0.021374592,0.148865721,1.032909518,0.994730392,0.997276263,0.463706342,-0.028972779,-0.01104405,-0.000303479,-0.000333606,-0.011131025,-0.018661965,0.371390659,0.932763361,1.053523659,0.606173679,0.005817384,-0.006072134,0,0,-0.02014288,0.137307701,0.999003421,0.99450605,0.99651227,0.939650714,0.390275532,0.0055659,-0.038674279,-0.038394684,0.005907101,0.393175439,0.955457856,1.059191058,0.72974184,0.098014468,0.00203044,-0.001359844,0,0,-0.010128847,0.044167941,0.715284297,1.024796398,0.99372418,1.006784246,0.964121435,0.608602345,0.357087112,0.357943627,0.611373757,0.975336836,1.004124932,0.723933041,0.235319904,-0.03005547,-0.000200766,0.000132761,0,0,-0.001173747,-0.013681464,0.22341476,0.84764922,1.01803445,1.007501243,1.012800249,1.022689185,1.016892753,1.023836823,1.026625289,0.981031739,0.582126362,0.049597971,-0.021025293,0.000589665,0,0,0,0,0.000211397,-0.001513085,-0.020230801,0.128866183,0.571970775,0.922978503,0.919817748,0.92635672,0.740074959,0.678526654,0.515841708,0.204222531,0.04032438,-0.016848005,-0.000663909,9.47E-05,0,0,0,0,0,0.000106396,-0.000280484,-0.02051828,0.03461106,0.238474826,0.246998339,0.252840754,0.035902778,-0.051917892,-0.032340686,-0.015313736,-0.005087265,0.000273642,2.21E-05,0,0,0,0,0,0,0,0,0.000990583,-0.007160328,-0.029925401,-0.030778485,-0.031399454,-0.008197383,0.001107986,0,0,0,0,0,0,0,0,0,0,0,0,0,0,0,0,0,0,0,0,0,0,0,0,0,0,0,0,0,0,0,0,0,0,0,0,0,0,0,0,0,0,0,0,0,0,0,0,0
0,0,0,0,0,0,0,0,0,0,0,0,0,0,0,0,0,0,0,0,0,0,0,0,0,0,0,0,0,0,0,0,0,0,0,0,0,0,0,0,0,0,0,0,0,1.02E-17,5.09E-18,-0.011441656,5.09E-18,0,0,0,0,0,0,0,0,0,0,0,0,0,0,0,0,-9.61E-17,-4.80E-17,0.107966722,2.50E-05,-7.45E-05,-0.003832823,-0.013432649,-0.019837145,-0.007701236,-0.002275225,0.000118719,7.81E-06,0,0,0,0,0,0,0,0,-6.76E-17,-3.38E-17,0.075958889,0.000814287,-0.01677051,0.007021072,0.169818644,0.286823033,0.066233337,-0.006469431,-0.002698887,0.000116881,0,0,0,0,0,0,0,0,7.65E-18,1.02E-17,-0.006937956,-0.026041582,0.115967712,0.754382744,0.997148438,0.992240481,0.957913943,0.511811257,-0.004071861,-0.002412173,0,0,0,0,0,0,0,0,4.68E-05,-0.000101273,-0.02745183,0.117748996,0.752265557,1.032723788,0.851348635,0.917290401,1.011304619,0.957848107,0.039014417,-0.006214205,0,0,0,0,0,0,0,0,8.54E-05,-0.011119859,0.061249532,0.690115415,1.033520087,0.929855489,0.275499844,0.581030036,1.017625861,0.936493518,0.037290418,-0.006044851,0,0,0,0,0,0,0,0,-0.004590482,0.031175279,0.617002619,1.032337248,0.998499404,0.39441859,-0.064068798,0.548245214,1.031069972,0.742382115,0.015249694,-0.004261029,0,0,0,0,0,0,0,0,-0.029443253,0.314904514,0.983284738,1.022689049,0.514499234,-0.011724009,-0.022294764,0.772123317,1.045587759,0.67608238,0.006343478,-0.003596609,0,0,0,0,0,0,0,0,-0.052891816,0.583765319,1.067806109,0.645773693,0.020681781,-0.036783667,0.202172709,0.945354365,0.932577291,0.310282118,-0.016717916,-0.000981362,0,0,0,0,0,0,0,0,-0.042050058,0.47143527,0.938230266,0.219017736,-0.016817674,-0.021793624,0.515258102,1.00504124,0.472800756,-0.009170701,-0.005011387,6.91E-05,0,0,0,0,0,0,0,0,-0.02655526,0.303241562,0.653343069,-0.026947213,-0.026334383,0.16357337,0.895195263,0.940916644,0.224064738,-0.027462479,0.000601688,0,0,0,0,0,0,0,0,0,-0.039096541,0.44624166,0.681918525,-0.035875187,-0.017740588,0.535781573,1.052476477,0.612024683,-0.000404071,-0.001782918,0,0,0,0,0,0,0,0,0,0,-0.014248451,0.154755668,0.773298751,0.206439934,0.379817998,0.959006332,1.016189117,0.180788883,-0.022735907,0.000212759,0,0,0,0,0,0,0,0,0,0,-0.028492647,0.303435968,0.973726458,1.015270323,1.025375885,0.991245336,0.507661322,-0.001609647,-0.005320159,0,0,0,0,0,0,0,0,0,0,0,-0.015827121,0.166593222,0.773769363,0.67404982,0.661036833,0.356596575,0.056564934,-0.012637173,0.000376838,0,0,0,0,0,0,0,0,0,0,0,-0.005427232,0.061290561,0.354014044,0.026673733,0.025663752,-0.024742061,-0.010426705,0.00119111,0,0,0,0,0,0,0,0,0,0,0,0,0.000221269,-0.002348856,-0.013202682,-0.008460308,-0.008129425,-0.001443015,0.000113358,0,0,0,0,0,0,0,0,0,0,0,0,0,0,0,0,0,0,0,0,0,0,0,0,0,0,0,0
0,0,0,0,0,0,0,0,0,0,0,0,0,0,0,0,0,0,0,0,0,0,0,0,0,0,0,0,0,0,0,0,0,0,0,0,0,0,0,0,0,0,0,0,0,0,0,1.95E-05,0.000956749,-0.017175003,-0.050116587,-0.044237903,-0.035769107,-0.00697281,0.00068281,0,0,0,0,0,0,0,0,0,0,3.58E-19,0.000141442,-0.000393482,-0.025365979,0.121100694,0.42930833,0.374758953,0.294894029,0.032980579,-0.0175545,0.000539828,3.77E-05,0,0,0,0,0,0,0,0,8.56E-18,-0.001344635,-0.020956766,0.224002774,0.785431066,1.078584321,1.035940836,0.949844839,0.567387017,0.135729303,-0.016948376,-2.07E-05,0,0,0,0,0,0,0,0,0.000776569,-0.023159807,0.21628003,0.836513378,1.042175739,0.788750834,0.642854865,0.938246521,1.035564389,0.767004749,0.054890931,-0.006509038,0,0,0,0,0,0,1.02E-06,0.000379562,-0.011360209,0.062715057,0.753305359,1.04453222,0.695013055,0.1007989,-0.020125664,0.368434277,0.88844424,0.981570721,0.20611826,-0.015383272,0,0,0,0,0,0,5.66E-05,-0.002480637,-0.028887462,0.440650469,1.035244505,0.739914105,0.074946921,-0.026085005,-0.014278583,0.02648278,0.713301961,1.018350743,0.369206531,-0.024367178,0,0,0,0,0,0,-0.000594363,-0.019736009,0.251674581,0.912927219,1.037329128,0.494381298,-0.057252689,0.000227907,-0.003658769,-0.01637902,0.530749336,1.052879136,0.548095384,-0.034209559,0,0,0,0,0,0,-0.00138991,-0.021021072,0.436913211,1.046016476,0.985118422,0.38234392,-0.035352839,0,-0.000720827,-0.042814959,0.445870353,1.059586823,0.541527778,-0.033848039,0,0,0,0,0,0,-0.001323529,-0.020882353,0.42124183,1.045051913,0.839415043,0.071686326,-0.008101426,0,-0.000788909,-0.042183105,0.447810713,1.059416616,0.541527778,-0.033848039,0,0,0,0,0,0,-0.001351103,-0.020738358,0.425979371,1.050269608,0.720575292,-0.011569649,-0.000798271,3.32E-18,-0.002756502,-0.027651152,0.503628728,1.058631451,0.552325197,-0.034451083,0,0,0,0,0,0,-0.000714198,-0.02421375,0.317868853,0.998876948,0.738543899,-0.005193853,-0.001357551,0.000122294,-0.015840671,0.086207574,0.84267286,0.941984003,0.201440643,-0.014993936,0,0,0,0,0,0,2.76E-05,-0.027721507,0.187188981,0.932576729,0.737570829,-0.007575112,-0.001356379,-0.002167535,-0.020846933,0.526901149,1.045288756,0.689361469,-0.00157884,-0.003192402,0,0,0,0,0,0,0,-0.014841912,0.079015114,0.779153459,0.805212164,-0.002164999,-0.02229822,-0.026779548,0.160008442,0.924109902,0.992875426,0.341407084,-0.02047435,-0.000976767,0,0,0,0,0,0,0,-0.009402574,0.032481618,0.678528731,1.037027571,0.574860124,0.119267174,0.438621119,0.809162769,1.039471706,0.640288909,0.028466401,-0.009197695,2.23E-05,0,0,0,0,0,0,0,-0.002860294,0.006812943,0.224841129,0.819184722,1.028450555,0.841303871,1.01294761,0.994214086,0.558023436,0.128256161,-0.019742017,0.000571946,4.75E-06,0,0,0,0,0,0,0,0.000352207,-0.0015965,-0.035432497,0.173125082,0.611102788,0.640159815,0.544416249,0.430399291,0.025085574,-0.025935976,0.001631864,0,0,0,0,0,0,0,0,0,0,5.53E-05,-0.000199993,-0.013773728,-0.021078431,-0.020669935,-0.020827376,-0.019304024,-0.00501814,0.000319138,4.26E-06,0,0,0,0,0,0,0,0,0,0,0,0,0,0,0,0,0,0,0,0,0,0,0,0,0
0,0,0,0,0,0,0,0,0,0,0,0,0,0,0,0,0,0,0,0,0,0,0,0,0,0,0,0,0,0,0,0,0,0,0,0,0,0,0,0,0,0,0,0,0,0,0,0,0,0,0,0,0,0,0,0,0,0,0,0,0,0,0,0,0,0,0,0,2.50E-05,0.000171824,-0.00612357,-0.01480816,-0.02474415,-0.023661612,-0.014680556,-0.002703431,0.000213235,0,0,0,0,0,0,0,0,9.33E-20,0.000128676,0.000278525,-0.017288348,-0.039611503,0.048483796,0.19573206,0.378772743,0.359244894,0.193559266,7.22E-05,-0.01379902,0.001206127,9.19E-06,0,0,0,0,0,7.75E-18,0.000212759,-0.002485532,-0.033966784,0.094567215,0.274603503,0.767560287,0.999549445,1.017795816,1.015549837,1.001165067,0.516369417,0.04367293,-0.01222229,0.000365605,0,0,0,0,5.57E-05,-2.21E-05,-0.012434811,-0.007536935,0.337056836,0.808898693,1.04682564,0.902950351,0.66071892,0.421136742,0.408444002,0.625156097,1.013603282,0.514371494,-0.000231595,-0.00477822,0,0,0,0.000117158,-2.86E-05,-0.034563613,0.086396872,0.617204931,1.005912092,0.865036281,0.50837031,0.150988239,0.021113285,-0.036565825,-0.043929976,0.034952747,0.802878076,0.878265477,0.090405953,-0.015156503,0,0,3.98E-05,-9.08E-05,-0.018521038,0.205534484,0.731635468,0.997505396,0.571232862,0.122565274,-0.029961448,-0.016653901,-0.008110873,-0.001003492,-0.003269046,-0.012284229,0.550241983,1.048357026,0.144663895,-0.020921841,0,0,-5.00E-05,-0.021858363,0.170310321,0.849552219,0.907350592,0.349482009,-0.016034015,-0.018854762,0.000796143,4.60E-05,0,0,-0.000958487,-0.025379034,0.380560917,1.06001828,0.145461049,-0.021006944,0,0,-0.007502213,0.021071043,0.634792382,0.970146497,0.21080639,-0.031478724,-0.00495577,0.000463303,0,0,0,0,-0.00250771,-0.006683602,0.563264451,0.97345624,0.120122651,-0.018284484,0,0,-0.013542518,0.075867831,0.81864774,0.959677917,0.344683194,-0.028926641,0.000426195,1.57E-05,0,0,0,0.000232359,-0.006985856,0.019691908,0.833816823,0.732812551,0.043837237,-0.010126464,0,0,-0.018333775,0.119016907,0.971411649,0.86862385,0.670445695,-0.038936652,-0.010490608,0.000516184,0,6.21E-19,0.000228283,-0.002912688,-0.027917329,0.338331669,0.990113428,0.428648768,-0.020368779,-0.002383039,0,0,-0.003974333,0.003507501,0.406915407,0.545431373,0.738364124,0.435891102,0.019731649,-0.017536952,-0.005098397,-0.005702972,-0.00705467,-0.026627702,0.219750783,0.89370595,0.79612534,0.093858932,-0.01671375,0.000194036,0,0,0.000374455,-0.00497656,0.002756978,-0.018072083,0.407295837,0.952429636,0.676273066,0.149070278,0.022719788,0.032626787,0.025117273,0.446501332,0.907334031,0.868390012,0.211408395,-0.012594856,-0.000278016,0,0,0,0,0.000454935,-0.004161612,-0.007657118,-0.005906676,0.278788177,0.762588969,0.877709099,0.930684862,0.941343086,0.87179102,0.864812907,0.648119043,0.110306424,-0.025855103,-0.001079299,0.000168766,0,0,0,0,0,5.97E-06,0.000208487,-0.001702461,-0.023710767,0.042195844,0.282167552,0.556513242,0.591835495,0.380766987,0.147932361,0.043509855,-0.01759232,-3.47E-06,6.19E-05,0,0,0,0,0,0,0,0,5.96E-18,0.0004851,-0.009779064,-0.027251131,-0.007457605,-0.000487903,-0.023662712,-0.022498072,-0.008389385,0.000794913,0,0,0,0,0,0,0,0,0,0,0,0,8.15E-05,-0.000533429,-0.004480188,-0.00535386,-0.001648965,0.000199747,0,0,0,0,0,0,0,0,0,0,0,0,0,0,0,0,0,0,0,0,0,0,0,0,0,0,0
0,0,0,0,0,0,0,0,0,0,0,0,0,0,0,0,0,0,0,0,0,0,0,0,0,0,0,0,0,0,2.18E-18,0.000154888,-0.003705006,-0.006106856,-0.000803547,0.000134804,0,0,0,0,0,0,0,0,0,0,0,0,0.000733765,-0.010725205,-0.034882394,-0.036495149,-0.007860443,0.009749348,-0.030527954,-0.027095512,0.000527496,0.000107395,0,0,0,0,0,0,0,0,3.73E-05,0.000420845,-0.013344975,0.065308415,0.284790203,0.283751923,0.465281124,0.577579487,0.337718784,0.20270047,-0.013023863,-0.000531114,4.65E-05,0,0,0,0,0,0,6.44E-18,0.000278629,-0.020247289,0.054674479,0.648596507,0.971277131,0.972242834,0.969210828,0.998718359,0.995030944,0.775622787,0.082487694,-0.015636796,0.000202036,0,0,0,0,0,0,0.001914828,-0.031337657,0.065218992,0.655867528,1.051689117,0.989288007,0.678035029,0.229741365,0.258719312,0.77603302,1.018120779,0.705513889,0.053944244,-0.010835206,0,0,0,0,1.53E-05,0.000515727,-0.028663705,0.206772195,0.690619352,1.054294543,0.681546177,0.385250528,0.006480324,-0.024040856,-0.039744638,0.267822049,0.981103009,1.039813317,0.148487577,-0.021368634,0,0,0,0,2.17E-05,-0.00495098,-0.006383759,0.557924599,1.037833787,0.797051469,0.152934331,-0.041818821,-0.006613112,0.000781056,-0.014121367,0.183159896,0.969191533,1.017402742,0.142226726,-0.020659234,0,0,0,2.08E-05,-0.001141289,-0.028940325,0.450923441,1.033153935,0.790416429,0.037889774,-0.007836074,-0.002471065,0.000142974,6.11E-06,-0.014344158,0.185912582,0.990512238,0.801557547,0.070832722,-0.012995983,0,0,0,0.001064368,-0.026989039,0.230751804,0.913763446,0.948939185,0.23850886,-0.017030144,-0.000749762,6.89E-05,5.21E-05,0.000754657,-0.034001906,0.299037326,1.005778646,0.540752366,-0.001792477,-0.004854473,0,0,3.83E-05,-0.012372457,0.073755327,0.710978639,1.018874694,0.518296824,-0.009040449,-0.006281488,6.89E-05,1.56E-18,-0.000196249,-0.009616659,0.056965005,0.735426726,0.924381876,0.200721712,-0.024613856,-0.000105188,0,0,-0.000235737,-0.035080969,0.314841384,0.992064253,0.794654684,0.108621068,-0.022045541,-0.000350116,6.91E-05,-0.000213269,-0.006698325,-0.009068458,0.473779973,1.028795547,0.543590788,-0.031747243,-0.000581509,3.06E-05,0,0,-0.006268259,0.0104153,0.585632074,1.026095553,0.963014196,0.83480827,0.246947632,-0.035732916,-0.002543822,-0.018667248,-0.031748264,0.447581748,0.989591198,0.792943096,0.051988301,-0.006394868,-4.88E-06,0,0,0,-0.014806475,0.087632027,0.859351852,0.823704146,0.678344346,1.054757847,0.714779785,0.140164488,-0.023279276,0.158668437,0.461186598,0.943402803,0.873841044,0.23265465,-0.022080644,-0.000467388,1.63E-05,0,0,0,-0.019031352,0.125516031,1.003603639,0.641822083,0.264429483,0.923122379,1.035405456,0.841281624,0.662620115,0.848471388,1.03759421,0.80221446,0.232063691,-0.019319274,-0.00201794,7.40E-05,0,0,0,0,-0.005812568,0.018685439,0.491392838,0.345422811,-0.021466588,0.20047869,0.725718037,0.968316772,0.983363851,0.905684215,0.703944802,0.104087787,-0.02769441,-0.00201794,0.000325368,0,0,0,0,0,0.000158803,-0.000671141,-0.011625426,-0.013350592,-0.001454606,-0.018117477,0.021401288,0.277265557,0.299734375,0.195123009,-0.027681015,-0.005554502,-0.000557938,7.40E-05,0,0,0,0,0,0,2.45E-05,-9.03E-05,-0.001986874,-0.000846276,0.000133301,0.000320003,-0.006663383,-0.034007175,-0.036290816,-0.025276996,-0.001520117,-0.000383206,5.71E-05,0,0,0,0,0,0,0,0,0,0,0,0,0,0,0,0,0,0,0,0,0,0,0,0,0,0,0,0,0,0,0,0,0,0,0,0,0,0,0,0,0,0,0,0,0,0
0,0,0,0,0,0,0,0,0,0,0,0,0,0,0,0,0,0,0,0,0,0,0,0,0,0,0,0,0,0,4.67E-19,0.000280842,-0.002091232,-0.01692402,-0.021586159,-0.013924462,-0.000667211,0.000154906,0,0,0,0,0,0,0,0,0,0,0,8.81E-05,4.77E-05,-0.01209113,-0.016872842,0.106860299,0.14981661,0.086099986,-0.002352941,-0.000352696,4.08E-06,0,0,0,0,0,0,0,0,1.10E-05,-9.04E-06,-0.000881791,-0.017361928,0.039829385,0.358235634,0.91326891,1.049010263,0.758312347,0.079260587,-0.013088592,2.64E-05,0,0,0,0,0,0,0,0,0.000348539,-0.00301828,-0.034303445,0.23771332,0.746222631,0.961276157,1.031705321,1.013378455,1.002628013,0.375225626,-0.037679008,-0.000546535,0,0,0,0,0,0,4.42E-32,0.000119145,-0.004453345,0.009180215,0.298873145,0.887846609,1.037315036,0.993881738,0.692622072,0.762043692,1.035073189,0.612040339,0.007332049,-0.00623332,0,0,0,0,0,0,0.000140421,-0.002528425,-0.027177619,0.257657816,0.934419356,1.035212248,0.960841146,0.558212738,-0.008547232,0.357060117,1.006146923,0.858431066,0.091032163,-0.015142974,0,0,0,0,0,0,-3.95E-05,-0.01472567,0.167548312,0.857291862,1.032314215,0.874763836,0.292201568,-0.00277402,-0.035846837,0.390279052,1.006594309,0.855244758,0.090038511,-0.015035907,0,0,0,0,0,0.000655331,-0.019485311,0.126859783,0.670224784,1.033304551,0.879706478,0.231722597,-0.02724457,-0.011856732,0.004045837,0.606695925,1.038893093,0.754220027,0.055194193,-0.011348209,0,0,0,0,3.86E-05,-0.010117341,0.036225728,0.610375596,1.030322398,0.994632387,0.472163501,-0.025749711,-0.001789199,-0.017920081,0.109789505,0.844707006,1.010819019,0.404027216,-0.023972372,-0.001905807,0,0,0,0,3.43E-05,-0.030445517,0.214374898,0.948783582,1.04311694,0.673043726,0.032109801,-0.01009906,-0.00025497,-0.04279619,0.346800875,1.006329027,0.664120302,0.011318236,-0.007401145,0.000175994,0,0,0,6.11E-05,-0.004717729,0.01909312,0.642561002,1.008435951,0.879182378,0.212235975,-0.021062177,-0.01048063,-0.031788126,0.102809693,0.748453108,0.992348005,0.367151127,-0.029195925,0.000452794,5.11E-06,0,0,0,0.000320965,-0.014186132,0.126452006,0.986625036,0.881765895,0.383081867,-0.045372726,-0.019772227,0.029746562,0.310735651,0.791035434,1.054071209,0.612318121,0.010617671,-0.003628725,0,0,0,0,0,-0.009347356,0.052076355,0.644891408,1.022008272,0.859333299,0.529177537,0.514483728,0.518403986,0.710456138,0.994247464,0.999368877,0.672152829,0.137278169,-0.018948785,2.30E-06,0,0,0,0,0,-0.018771351,0.13290448,0.854704146,1.015835069,1.003609001,1.032707561,1.05451137,1.052196606,1.019034126,0.891952121,0.646884232,0.042475439,-0.011924054,-4.27E-06,2.94E-05,0,0,0,0,0,-0.017048225,0.11712466,0.834374592,1.016993447,1.014307717,1.032285102,0.897002332,0.538738324,0.330326151,0.144699074,-0.001852265,-0.012698019,-0.000185968,0.000126838,0,0,0,0,0,0,-0.005209327,0.021841844,0.457817419,1.014876021,0.776719397,0.608654678,0.255288331,-0.03280079,-0.023511438,-0.011861315,-0.002944794,9.96E-05,0,0,0,0,0,0,0,0,0.000634608,-0.007308049,0.009860992,0.139004423,0.064655334,0.008162645,-0.009716583,-0.002163385,0.000129632,7.34E-06,0,0,0,0,0,0,0,0,0,0,0,0.000358967,-0.005059913,-0.020426539,-0.012321623,-0.006281168,-0.001788875,0.000170207,0,0,0,0,0,0,0,0,0,0,0,0,0,0,0,0,0,0,0,0,0,0,0,0,0,0,0,0,0,0
0,0,0,0,0,0,0,0,0,0,0,0,0,0,0,0,0,0,0,0,0,0,0,0,0,0,0,0,5.62E-06,-1.87E-06,-0.001207618,-0.000812568,8.97E-05,0,0,0,0,0,0,0,0,0,0,0,0,7.20E-18,0.000362806,-0.010180983,-0.021022737,-0.030433074,-0.031761801,-0.032056887,-0.024427931,-0.005260691,0.000154906,3.67E-05,0,0,0,0,0,0,0,1.53E-05,0.000587725,-0.006790237,-0.032060951,0.055252249,0.156657203,0.248537599,0.401581955,0.358472903,0.180474672,0.01084935,-0.026737779,-0.00330673,-1.95E-05,3.06E-05,0,0,0,0,0,-1.89E-05,-0.011167416,0.074164097,0.451550347,0.781609528,0.864431049,0.898362183,0.972001838,0.951197985,0.865759481,0.707306287,0.396018638,0.004690734,-0.007253149,0.00051812,0,0,0,0,0,-0.00248749,-0.007478486,0.580326763,0.970531676,0.560291247,0.455457635,0.23392402,0.158861673,0.163352192,0.269694078,0.633149118,0.94106187,0.541329095,0.044542688,-0.010852798,0.00023829,0,0,0,0,-0.009217729,0.096712129,0.9399928,0.61185752,-0.021665189,-0.034924837,-0.016127145,-0.012516085,-0.012624898,-0.024918318,0.008468222,0.318866285,0.912705253,0.40631427,-0.025077589,-0.00228588,0,0,0,0,-0.023731707,0.366879119,0.964229376,0.31197208,-0.034536656,-0.000230151,0,0,0,0.000722477,-0.00770362,-0.036572517,0.497120157,0.917699408,0.17098428,-0.016817666,0,0,0,0.000331417,-0.032968444,0.495561564,0.797254187,0.060204895,-0.01122386,3.91E-05,0,0,0,0,0.000137868,-0.015339359,0.057993924,0.731699363,0.550936774,-0.019729541,0,0,0,-0.004009213,-0.001448053,0.684473788,0.92424537,0.187756144,-0.024542416,0,0,0,0,0,0,0.000598346,-0.047896276,0.478251583,0.807501851,-0.017044356,0,0,0,-0.026453467,0.210091912,0.853640897,0.643086789,0.172692419,-0.0215352,0,0,0,0,0,6.07E-19,-0.006851409,0.011914777,0.640131706,0.58892714,-0.019442402,0,0,0,-0.027341323,0.228163143,0.726068491,0.003798611,-0.015333844,0.001263299,0,0,0,0,0,0.000132761,-0.023298135,0.126242613,0.868486673,0.417450912,-0.020996221,0,0,0,-0.0352183,0.301659737,0.791636195,0.026287758,-0.007193347,0.00012082,1.22E-05,0,0,0,0.00021479,-0.002534191,-0.035355978,0.416833293,0.864260392,0.109106107,-0.014913273,0,0,0,-0.022491949,0.174296245,0.824366405,0.322977124,-0.033924224,-0.016452957,-0.008230188,-0.004170854,-0.004542433,-0.00423846,-0.009227202,-0.027532101,0.212590346,0.927022433,0.570429024,0.002360839,-0.005664658,0,0,0,-0.003444621,0.002129374,0.51210786,0.91015722,0.626345792,0.21900354,0.092780705,0.017922249,0.018442759,0.013112064,0.066199605,0.487798237,0.894516868,0.551956665,0.070996919,-0.009414924,-0.000104507,0,0,0,0.000550324,-0.008191687,0.023271923,0.290682819,0.666830865,0.897828037,0.793466418,0.764000749,0.822276008,0.81823543,0.852920539,0.895549854,0.489790935,0.036873196,-0.020694342,0.000870429,6.43E-05,0,0,0,0,0.000303462,-0.003785437,-0.023475337,0.003009106,0.230165182,0.261159297,0.405059164,0.499434675,0.499439951,0.42271111,0.172125681,-0.010492426,-0.008845231,0.000411152,0,0,0,0,0,0,0,0,0.00042803,-0.004223228,-0.028572816,-0.031967154,-0.031834516,-0.03214392,-0.032170009,-0.03329673,-0.023196058,-0.001988912,0.000410909,0,0,0,0,0,0,0,0,0,0,0,0,7.00E-05,-0.001131876,-0.00192436,-0.001920275,-0.001201711,3.91E-05,0,0,0,0,0,0,0,0,0,0,0,0,0,0,0,0,0,0,0,0,0,0,0,0,0,0
0,0,0,0,0,0,0,0,0,0,0,0,0,0,0,0,0,0,0,0,0,0,0,0,0,0,0,0,0,0.000260417,-0.001223788,-0.015246289,-0.020881402,-0.010433347,-0.000964563,0.000193015,0,0,0,0,0,0,0,0,0,0,0,9.76E-05,-2.12E-05,-0.016087298,-0.032575822,0.093449971,0.14420113,0.048087624,-0.034847489,-0.010081631,0.000642045,0,0,0,0,0,0,0,0,1.56E-19,7.05E-05,-0.000463495,-0.012055743,0.082032901,0.405439355,0.844663654,1.019859056,0.713883289,0.396952597,0.05014854,-0.005310458,6.85E-05,0,0,0,0,0,0,0,1.33E-17,-9.70E-05,-0.034610527,0.159740536,0.737147689,1.014622668,0.993097358,0.989240994,1.012669458,1.009835359,0.408164369,-0.024342337,-0.000228283,0,0,0,0,0,0,0,0.001212725,-0.027249115,0.207652647,0.769383868,0.997975984,1.003272978,1.025470929,1.007597615,0.989782663,1.017004357,0.766048543,0.075629817,-0.012430394,0,0,0,0,7.75E-05,-0.000576661,-0.002788841,-0.018735873,0.119164114,0.813003513,1.02268299,1.00923269,0.962510246,0.593855699,0.77490225,1.004111111,1.016905518,0.769854218,0.078924581,-0.012788309,0,0,0,0,0.000872586,-0.007681505,-0.017271259,-0.039523732,0.536017233,1.029788843,0.994477124,0.969227593,0.598563501,-0.015854327,0.549694981,1.013440918,1.008386158,0.642461987,0.034269275,-0.007516036,0,0,0,0,-0.016324243,0.132819972,0.449532663,0.529683789,0.901592133,1.007387982,1.000715261,0.437319615,0.015399408,-0.032279837,0.483040439,1.013243447,0.993907544,0.422003557,-0.029138157,0.000191594,0,0,0,0,-0.023459704,0.177410488,0.880112371,1.022042535,1.002039148,1.010553976,0.858763565,0.139627553,-0.030145289,-0.014952938,0.636672578,1.013392293,0.996718937,0.444732401,-0.028513838,0,0,0,0,0,-0.042502548,0.357583452,0.998665594,0.998193321,1.015268791,0.756020444,0.181885995,-0.01368704,-0.011265455,0.103063725,0.879527452,1.011775242,1.012232877,0.554800398,-0.034587163,0,0,0,0,0,-0.044760507,0.379144029,1.009403084,0.998217167,0.932909263,0.262138994,-0.042303411,0.001077155,-0.016811683,0.143093682,0.902319361,1.006197559,1.007456784,0.521451746,-0.032742034,0,0,0,0,0,-0.038693592,0.32149345,0.976422537,1.01113146,0.840497398,0.570984603,0.110861801,-0.029913715,-0.018435279,0.325975721,0.949533006,1.003251838,0.97545699,0.215985895,-0.015934939,0,0,0,0,0,-0.008958053,0.043637612,0.728786833,1.021169084,0.998971916,1.014651784,0.677034586,0.032766782,0.163621528,0.853183211,1.011261839,1.024958214,0.630829963,0.031359426,-0.00482935,0,0,0,0,0,0.000866251,-0.026771718,0.261642089,0.918091452,1.013157458,0.99242484,1.014237745,0.733625528,0.798115349,1.00739505,1.00896962,0.921068491,0.186601648,-0.030408854,0.000182598,0,0,0,0,0,0,-0.000584508,-0.022148557,0.297795258,0.903677083,1.006821624,0.987930641,1.011109324,1.010516816,0.995203789,0.988854205,0.675878983,0.102051981,-0.016868209,1.91E-05,0,0,0,0,0,0,0.00013174,-0.00367979,-0.012884498,0.222618294,0.884897782,1.022072457,1.009635638,1.015730188,0.983101971,0.589154115,0.07636809,0.014816023,-0.002348192,4.60E-07,0,0,0,0,0,0,0,0.00034487,-0.000753333,-0.033423831,0.099193951,0.14563058,0.141806846,0.14341043,0.130631955,0.033942932,-0.016537035,-0.00219029,0.00034487,0,0,0,0,0,0,0,0,0,1.17E-17,0.000428922,-0.01606182,-0.021016646,-0.020594533,-0.020780059,-0.019461806,-0.008215625,0.000374455,0,0,0,0,0,0,0,0,0,0,0,0,0,0,0,0,0,0,0,0,0,0,0,0,0,0
0,0,0,0,0,0,0,0,0,0,0,0,0,0,0,0,0,0,0,0,0,0,0,0,0,0,0,0,0,0,0,0,0,0,0,0,0,0,0,0,0,0,0,0,0,0,8.15E-06,0.000842076,-0.00771962,-0.024661856,-0.033502099,-0.037707391,-0.021828886,-0.000330194,8.15E-05,0,0,0,0,0,0,0,0,0,0,2.94E-05,0.000220503,-0.017585045,0.036228418,0.188448529,0.272556917,0.312018655,0.162578812,-0.018403084,-0.001048339,0.000226103,0,0,0,0,0,0,0,0,0.000143382,-6.62E-05,-0.025488034,0.104392062,0.645147621,0.917407271,0.968903799,1.000718954,0.872702737,0.32256073,-0.016690649,-0.002473039,4.87E-05,0,0,0,0,0,0,3.32E-05,-0.000121051,-0.020464733,0.13822115,0.802151258,1.031436189,0.864098516,0.808665543,0.807718205,0.949781229,0.922874949,0.207564577,-0.024143621,-0.000217116,0,0,0,0,0,0,0.00026297,-0.024975116,0.142055913,0.783017021,1.024381106,0.60801011,0.129807496,0.066211193,0.058655535,0.373292212,1.000434453,0.597419101,-0.004250255,-0.002749847,0,0,0,0,0,0,-0.010480005,0.126084037,0.793331448,1.013324195,0.439019456,0.009249079,-0.020455138,-0.012313196,-0.021503404,0.020965962,0.677281841,0.969474576,0.145570163,-0.011983511,0,0,0,0,0,0,-0.031726409,0.501859426,1.049895833,0.712594635,0.02708369,-0.018115979,0.000168164,5.51E-05,-0.002159416,-0.031397976,0.491496238,1.024265863,0.184526042,-0.014226409,0,0,0,0,0,0,-0.031557904,0.499633629,1.053173339,0.512094056,-0.022270359,-0.002971303,0,0,-0.000582278,-0.031036902,0.321809011,0.935067436,0.190986622,-0.014019608,0,0,0,0,0,0,-0.032461703,0.515873928,1.055241779,0.546715431,-0.010743447,-0.004197644,0,0,-0.000988051,-0.030330857,0.362246715,0.954366422,0.188686989,-0.014019608,0,0,0,0,0,0,-0.021418505,0.316749132,0.986865894,0.751977209,0.053616614,-0.011249319,0,0,-0.002339325,-0.028589132,0.502415748,1.026966061,0.183967865,-0.014218239,0,0,0,0,0,0,-0.00264074,-0.003625837,0.553545412,0.91905577,0.091482431,-0.016178509,0,8.69E-19,-0.00354959,-0.017734546,0.535803762,0.940892595,0.109251712,-0.009870062,0,0,0,0,0,0,-0.000229524,-0.026371,0.239314781,0.953088031,0.413562754,-0.037007795,-0.001663654,0.00023703,-0.014198325,0.083528715,0.856821283,0.65920641,0.000522212,-0.003167433,0,0,0,0,0,0,4.47E-05,-0.005017038,-0.009345333,0.55064197,0.914137792,0.19936763,-0.01194213,-0.01832227,-0.041809743,0.228829253,1.003777063,0.338796058,-0.025282424,-0.000760263,0,0,0,0,0,0,0,0.000705882,-0.018656148,0.111781488,0.850549628,0.954691091,0.409504187,0.06380913,0.117222103,0.822878314,0.841680556,0.119419543,-0.019907356,1.80E-05,0,0,0,0,0,0,0,0,0.000873162,-0.026801811,0.300190813,0.924213984,1.008199619,0.778336193,0.864071895,0.9817733,0.321466793,-0.02894858,-0.000187245,3.83E-06,0,0,0,0,0,0,0,0,8.88E-18,-0.001655898,-0.006901005,0.138371516,0.465551547,0.837338657,0.812401808,0.345478211,-0.007124166,-0.002076098,0.000139415,0,0,0,0,0,0,0,0,0,1.04E-18,0.000277437,-0.002704571,-0.016769642,-0.021138855,-0.020751634,-0.021046092,-0.018821253,-0.003496902,0.000344669,0,0,0,0,0,0,0,0,0,0,0,0,0,0,0,0,0,0,0,0,0,0,0,0,0
0,0,0,0,0,0,0,0,0,0,0,0,0,0,0,0,0,0,0,0,0,0,0,0,0,0,0,0,0,0,0,0,0,0,0,0,0,0,0,0,0,0,0,0,0.000168766,-0.000267824,-0.015147365,-0.032076991,-0.046834617,-0.050143084,-0.034669194,-0.013347601,-0.00045765,0.000167135,0,0,0,0,0,0,0,0,0,0.000230852,-0.003603758,-0.02154759,0.100538194,0.26273292,0.402899493,0.434114226,0.286598192,0.083125936,-0.022474675,-0.004312585,3.30E-05,2.85E-05,0,0,0,0,0,0,0.000520973,-0.006640523,-0.00817196,0.369453823,0.829334423,0.924740006,1.009519948,1.031659144,0.94866379,0.824674939,0.421584848,-0.006005004,-0.011464478,0.00061826,1.93E-05,0,0,0,0,3.06E-18,-0.002645224,-0.003525174,0.4651194,0.978583895,0.754704555,0.323182623,0.241984715,0.238172352,0.392395629,0.777148761,0.9895647,0.605196946,0.059007353,-0.016387544,0.000260978,6.21E-19,0,0,0,9.36E-05,-0.028697261,0.217070176,0.925777403,0.686002876,0.050346763,-0.031358485,-0.017568406,-0.017823887,-0.028008221,0.04068059,0.510982464,1.023040799,0.541029429,0.025744213,-0.005295445,0.000110065,0,0,0,-0.004306116,-0.010071147,0.554979193,1.032266163,0.30637773,-0.035064918,0.001044662,3.26E-05,6.60E-05,0.00030329,-0.017966315,0.008130558,0.610020484,1.007688095,0.450815788,-0.023086418,-0.000576842,0,0,0,-0.002667994,-0.016919561,0.429180045,0.986469941,0.306731567,-0.046977226,-0.001563532,0.000349265,0,2.44E-18,0.000391476,-0.021632866,0.090286629,0.829684487,0.83179553,0.069648591,-0.012319157,2.30E-05,0,0,0.000234035,-0.011418256,0.045484307,0.646917092,0.79954039,0.428676998,0.028817924,-0.006344975,0,0,0,0.000117402,-0.033417279,0.522374745,0.973128472,0.311471473,-0.034792049,-0.000212929,0,0,0,0.000822225,-0.0293045,0.345889995,0.705780331,0.079359647,-0.003403551,-0.000717933,0,0,0,0.000132078,-0.024390472,0.347696742,1.018869604,0.496758408,-0.018425054,-0.003127042,0,0,0,2.08E-05,-0.031874745,0.537449023,0.688713916,0.057211414,-0.010557764,5.82E-05,0,0,0,0,-0.013582618,0.178244349,0.975471048,0.387910505,-0.03600159,-0.000746868,0,0,0,0,-0.031395581,0.518606423,0.864816881,0.15092023,-0.022277587,0.000154906,0,0,0,0,-0.009371153,0.102599738,0.96057925,0.354819769,-0.042753049,9.38E-05,0,0,0,0,-0.019864634,0.303376957,0.893705116,0.240139195,-0.03392911,-0.002357315,7.63E-05,8.27E-06,0,0.000284946,-0.021905127,0.281574602,0.963081887,0.330479099,-0.039194896,0,0,0,0,0,-0.005603962,0.039120643,0.757977277,0.918665935,0.242406105,-0.029728333,-0.027306679,-0.012201287,-0.006104779,-0.017258367,-0.029471626,0.605015217,0.919688266,0.195860328,-0.025315723,0,0,0,0,0,0.000102533,-0.025517021,0.168223022,0.835962163,0.937833829,0.44629679,0.172270459,0.054158224,0.00402725,0.044765841,0.382270748,0.977191534,0.636086312,0.007960223,-0.004738902,0,0,0,0,0,2.88E-05,-0.001118056,-0.00964168,0.141819887,0.651373076,0.954181509,0.927854882,0.74267596,0.645489532,0.750669221,0.983231022,0.714060287,0.083227397,-0.011606975,0.000377889,0,0,0,0,0,0,0.00022013,-0.000562299,-0.021634106,0.026207427,0.230302797,0.531843263,0.645721349,0.832533682,0.758096485,0.45495611,0.065435334,-0.019747819,0.000515623,0,0,0,0,0,0,0,0,2.13E-05,9.11E-05,-0.008086197,-0.018326525,-0.020924905,-0.020726784,-0.019959321,-0.020509423,-0.020989754,-0.010257693,0.000212248,4.34E-05,0,0,0,0,0,0,0,0,0,0,0,0,0,0,0,0,0,0,0,0,0,0,0
0,0,0,0,0,0,0,0,0,0,0,0,0,0,0,0,0,0,0,0,0,0,0,0,0,0,0,0,0,0,0,0,0,0,0,0,0,0,0,0,0,0,0,0,0,0,0,0,0.000551547,-0.008963352,-0.013191064,-0.030975093,-0.041413457,-0.018772981,-0.009168399,-9.78E-05,5.14E-05,0,0,0,0,0,0,0,9.19E-07,0.00015145,-0.001401705,-0.011718336,-0.031049939,0.044569564,0.080976528,0.24894344,0.347520705,0.133556866,0.047156454,-0.009763429,-0.001227584,0.000152868,0,0,0,0,0,9.19E-07,0.000914828,-0.008319172,-0.017460665,0.144088381,0.392245081,0.712771701,0.810804109,0.936717269,1.002446649,0.845794918,0.701825555,0.128709269,-0.007112966,-0.000307774,0,0,0,0,0,-6.84E-06,-0.006366898,0.025970282,0.422653612,0.875842794,0.999966333,1.047942623,1.010012561,0.907327938,0.916768018,1.038566228,1.035315547,0.825491558,0.214356039,-0.031753445,0.000395731,0,0,0,0,0.000143433,-0.035141255,0.229954299,0.995389331,1.010571165,0.995063079,0.662184215,0.383626736,0.206463337,0.246116886,0.439717678,0.871133289,1.037234528,0.511998706,-0.008671936,-0.004082414,0,0,0,0,-0.000299009,-0.038272441,0.39269725,1.035439291,1.001882365,0.598918087,0.026738362,-0.033105611,-0.028471984,-0.027564613,-0.053985009,0.455160358,1.0204984,0.764353675,0.060742303,-0.01187562,0,0,0,0.000269047,-0.021280842,0.268554994,0.918541888,1.024269182,0.926359402,0.175632489,-0.027245541,-0.001335955,0.000162548,-0.000252232,-0.024309879,0.321058909,0.982314389,1.023721354,0.145012433,-0.020950436,0,0,0,-0.002624842,-0.011783378,0.608212486,1.030944938,0.819757098,0.332923342,0.020647808,-0.003045854,0,0,0,-0.022636183,0.338039675,0.984716861,1.00749954,0.139965809,-0.020401518,0,0,0.001085069,-0.035147823,0.162138276,0.900076882,0.9479303,0.288076236,-0.046467735,-0.006127111,0.000474877,4.15E-18,6.81E-05,0.001314663,-0.058721797,0.611755872,1.040470707,0.76737437,0.0614499,-0.011972018,0,0,-0.011939168,0.071641953,0.671937262,0.859920411,0.91258221,0.220491915,-0.031867365,0.000127996,7.56E-05,-0.000433177,-0.012036016,-0.035819983,0.165885502,0.86883187,1.044912343,0.494429126,-0.013116669,-0.003572304,0,0,-0.021732875,0.16202441,0.97880527,0.452699866,0.458452791,0.026856715,-0.027651363,-0.018879785,-0.029227304,-0.036831951,0.096601783,0.364692577,0.810985352,1.041287283,0.720249242,0.097232159,-0.019742002,0.000440259,0,0,-0.020974946,0.144978191,1.049217831,0.588091214,0.101069138,0.12167276,0.390110863,0.132373247,0.225003302,0.312812074,0.755889263,1.022759671,1.047835733,0.738481209,0.103900054,-0.017805879,0.000884595,0,0,0,-0.016551096,0.10355382,0.902484477,0.984764365,0.850443627,0.83499663,0.995252555,0.866712095,0.923985788,0.962516885,1.006411033,0.946343946,0.629602533,0.128149152,-0.023959355,0.000342984,0,0,0,0,-0.001268893,-0.015545993,0.257571657,0.767247617,0.96904759,0.960634549,0.86196982,0.783023727,0.582400123,0.468600456,0.195629187,0.11482269,0.014207193,-0.014495421,-1.59E-05,5.70E-05,0,0,0,0,0.000143995,-0.001640883,-0.006030995,0.067538518,0.27750994,0.274148795,0.152874849,0.066727873,-0.016279854,-0.03223029,-0.014859988,-0.010312513,-0.003897927,-0.00020338,5.70E-05,0,0,0,0,0,0,0.000205027,-0.001225388,-0.011570666,-0.034035302,-0.033637031,-0.020808225,-0.011487913,-0.00193388,0.000300844,0,0,0,0,0,0,0,0,0,0,0,0,0,0,0,0,0,0,0,0,0,0,0,0,0,0,0,0,0,0,0,0,0,0,0,0,0,0,0,0,0,0,0,0,0,0,0,0,0
0,0,0,0,0,0,0,0,0,0,0,0,0,0,0,0,0,0,0,0,0,0,0,0,0,0,0,0,0,0,0,0,0,0,0,0,0,0,0,0,0,0,0,0,0,0,0,0,0,0,0,8.97E-05,0.000534535,-0.015076026,-0.0155224,-0.003280747,0.000255595,0,0,0,0,0,0,0,0,0,0,0,1.38E-06,0.000137408,-0.001198938,-0.005644625,-0.02535552,0.103098686,0.101857367,0.001312534,-0.005586295,0.000278372,1.89E-05,0,0,0,0,0,0,0,0,0.000154091,-0.000814798,-0.012182751,-0.016295207,0.017436666,0.291828588,0.738151603,0.839999796,0.48597406,0.01540608,-0.005504617,7.03E-05,0,0,0,0,0,0,4.58E-32,7.23E-05,-1.46E-05,-0.011945006,0.027202734,0.353146752,0.867719499,0.988085772,1.027495268,1.030341384,1.003974367,0.473086312,-0.006121693,-0.003959865,0,0,0,0,0,0,7.23E-05,-0.001218682,-0.032112242,0.20374966,0.687054075,0.956503813,1.021855392,0.999656574,0.810193457,0.937933704,1.02787643,0.77484615,0.06261888,-0.012141374,0,0,0,0,0,0.000741103,-0.0051999,-0.034064364,0.163747546,0.692427303,1.050946405,1.036540941,0.928952788,0.548379881,0.062459983,0.378717015,0.987630617,1.002460628,0.137890188,-0.020191968,0,0,0,5.75E-05,-0.000220844,-0.010689287,0.011190615,0.262350541,0.841404974,1.029311904,0.964298611,0.714256383,0.281069325,-0.015265548,-0.024343239,0.043574449,0.953750613,1.023926266,0.143943582,-0.020844227,0,0,0.000153186,-0.00047226,-0.016364958,0.003903322,0.492208095,0.932236383,1.016694149,0.949026518,0.618494468,0.059677254,-0.036548049,-0.000422934,-0.006397535,0.048100184,0.954403629,1.013009293,0.140392565,-0.020461601,0,0,-0.000344669,-0.015136409,0.148550126,0.669714018,0.999086227,1.041371358,0.858499076,0.248226767,0.026015148,-0.015394965,0.000575521,0.000560515,-0.019778765,0.185438674,0.999315138,0.765434589,0.056460856,-0.011516714,0,0,-0.013185083,0.073140873,0.796201372,1.022062619,1.006054739,0.789615128,0.287259879,-0.033692351,-0.004222546,0.000605716,-0.00454696,-0.023100023,0.000796977,0.654624336,0.995160318,0.443425398,-0.004554696,-0.003816891,0,0,-0.020576006,0.142383039,1.00045913,1.004728167,1.010582358,0.645863601,0.051191369,-0.03842468,-0.043426685,-0.045996138,-0.004506458,0.110570655,0.372997364,0.961105489,0.795579437,0.053815071,-0.01290756,0.000214015,0,0,-0.00629085,0.040413355,0.312530586,0.689914488,1.003639961,1.014367409,0.720647123,0.397069036,0.350574278,0.339713797,0.520632234,0.904506356,1.031343903,0.986536101,0.496746851,-0.009997055,-0.002429579,2.04E-05,0,0,0.000587214,-0.004293241,-0.037755038,0.105843733,0.925597784,1.012594482,1.033601463,1.006478486,1.018295173,1.026290203,1.036249762,1.012592383,0.931591588,0.446865775,0.060323512,-0.008165152,0.00025478,0,0,0,0,5.14E-05,-0.00091248,-0.01514968,0.230774646,0.540055453,0.837977627,0.993872345,0.847389808,0.778215788,0.730279684,0.443439746,0.14676634,-0.020262,-0.013628421,0.000740043,0,0,0,0,0,0,8.67E-05,-3.72E-05,-0.019086874,-0.013276569,0.146544491,0.342041667,0.136671501,0.031935185,0.030179534,-0.020538146,-0.013348601,-0.001316789,0.00012883,5.06E-06,0,0,0,0,0,0,0,0,0.00025478,-0.00209327,-0.020066222,-0.040863397,-0.019083608,-0.008008642,-0.007577351,-0.000809125,0.000134524,0,0,0,0,0,0,0,0,0,0,0,0,0,0,0,0,0,0,0,0,0,0,0,0,0,0,0,0,0,0,0,0,0,0,0,0,0,0,0,0,0,0,0,0,0,0
0,0,0,0,0,0,0,0,0,0,0,0,0,0,0,0,0,0,0,0,0,0,0,0,0,0,0,0,0,0,0,0,0,0,0,0,0,0,0,0,0,0,0,0,0,0,0,0,0,0,7.95E-18,0.000521789,-0.01252293,-0.025105377,-0.033443806,-0.027300558,-0.010619624,0.001249689,0,0,0,0,0,0,0,0,0,0,9.80E-06,0.000466401,-0.004468137,-0.031715874,0.074838181,0.192955406,0.271835274,0.212321215,0.073157101,-0.012334342,0.000293607,0,0,0,0,0,0,0,0,0,0.001166769,-0.02843059,0.026578789,0.407990502,0.795902837,0.895143484,0.952389553,0.930033054,0.491833946,-0.007291845,-0.003983694,0,0,0,0,0,0,1.01E-31,0.000272331,7.13E-05,-0.042448529,0.114930981,0.595244094,1.025692947,1.036320727,1.028741132,0.978890948,1.027665067,0.91552645,0.105547929,-0.016849639,0,0,0,0,0,0,0.000272331,-0.005775123,-0.015940375,0.30479393,0.855512306,1.035787973,1.025975814,0.971216267,0.44876571,0.315228605,0.971104371,1.033585784,0.146176012,-0.02112694,0,0,0,0,0,0,-0.000580898,-0.0122335,0.320080807,0.987107181,1.031867484,1.042445953,0.724451816,0.2784998,-0.042183954,0.155865588,0.975715948,1.033339091,0.145872417,-0.021094228,0,0,0,0,1.96E-05,0.001398795,-0.04048012,0.230257983,0.85864605,1.022666888,1.031031607,0.734861673,0.150512272,-0.040889487,-0.037589767,0.532747362,1.021805215,0.967926573,0.125344513,-0.018890761,0,0,0,0,0.001045854,-0.046074414,0.187638395,0.885851052,1.019340036,1.028636012,0.588418301,0.062827921,-0.025463474,0.001887,-0.044161118,0.738924888,1.063295871,0.746037463,0.054156272,-0.011208129,0,0,0,0.000652236,-0.017387834,0.138187296,0.729842218,1.044828942,1.036008435,0.605629698,0.009727584,-0.022119009,0.001364005,-0.036046635,0.233092933,0.939596303,0.980611179,0.299232945,-0.033681566,-0.000220929,0,0,0.000108932,-0.007406954,0.016134753,0.714790203,1.043937636,1.016785454,0.680707778,0.064480341,-0.029641408,-0.009061615,-0.022601341,-0.015905283,0.604256638,1.073014859,0.700447934,0.054238494,-0.010685663,6.54E-05,0,0,-0.000232359,-0.034073158,0.304275492,0.969304859,1.020558035,0.912022747,0.515756032,0.118676895,0.075343341,0.029208739,0.191712782,0.550148274,1.010911279,0.957125134,0.211936784,-0.027945355,0.001249689,0,0,0,-0.009540271,0.037865405,0.70632821,1.032814355,1.003304534,1.021220844,1.029169639,1.059247906,0.831862337,0.705621068,0.900306151,1.068723401,0.909558943,0.442657169,-0.006069478,-0.001885927,0,0,0,0,-0.020499217,0.13941844,1.018875664,1.036218256,0.970583589,0.682568321,0.732750143,0.617872038,0.653255736,0.975249762,0.984246187,0.784908993,0.259750102,0.02566825,0.003228724,-0.000356209,0,0,0,0,-0.016945466,0.113002018,0.865452002,0.86040962,0.583052509,-0.024962112,0.013822901,0.00095287,0.002712435,0.038063708,0.041026127,0.017068845,-0.015681781,-0.008583912,-0.000372549,5.88E-05,0,0,0,0,-0.001550415,0.004779412,0.131608694,0.116530025,0.047825691,-0.007257404,-0.004161316,-0.0031178,-0.003260468,-0.006126787,-0.006366983,-0.004538135,-0.000801164,8.17E-05,0,0,0,0,0,0,0.000260894,-0.001171584,-0.018680038,-0.017140761,-0.008557336,0.000547878,0,0,0,0,0,0,0,0,0,0,0,0,0,0,0,0,0,0,0,0,0,0,0,0,0,0,0,0,0,0,0,0,0,0,0,0,0,0,0,0,0,0,0,0,0,0,0,0,0,0,0,0,0
0,0,0,0,0,0,0,0,0,0,0,0,0,0,0,0,0,0,0,0,0,0,0,0,0,0,0,0,0,0,0,0,0,0,0,0,0,0,0,0,0,0,0,0,0,0,0,0,0,0,0,2.85E-05,0.000194044,-0.004654111,-0.011314663,-0.009017162,-0.001758591,0.000234317,0,0,0,0,0,0,0,0,0,0,0,4.14E-05,-0.000153442,-0.002471065,-0.021791916,0.00468784,0.063078431,0.040426334,-0.008199346,-0.002284762,0.000235907,0,0,0,0,0,0,0,0,0,0.000403493,-0.005762255,-0.023038007,-0.013018519,0.288498685,0.672464835,0.801369179,0.796716282,0.399743039,-0.006587736,-0.003203125,0,0,0,0,0,0,0,5.53E-05,0.000363061,-0.011317538,0.002009583,0.184140404,0.573965771,0.983979709,1.045041582,1.017512595,1.044221507,0.830010791,0.076065336,-0.013720214,0,0,0,0,0,0,0.00013191,-0.001707176,-0.016238722,0.062155212,0.502303036,0.904558024,1.041144863,0.830013181,0.478420513,0.393015608,0.976737711,0.965234715,0.124810291,-0.018804296,0,0,0,0,0,9.54E-05,-5.92E-05,-0.021944461,0.107131127,0.715940545,1.011180241,0.953854477,0.528026018,0.098747285,-0.032581496,0.11054409,0.972020692,0.978382336,0.128444496,-0.019199346,0,0,0,0,5.38E-05,-0.000386795,-0.028125238,0.207679177,0.77519866,1.049672283,0.730192964,0.244825334,-0.00267482,-0.017559483,-0.024409637,0.304297794,1.013364702,0.746025276,0.052944336,-0.011074687,0,0,0,8.07E-05,-0.00056587,-0.026697304,0.168981243,0.818780161,1.040169853,0.691024561,0.149934862,-0.032808824,-0.002435338,0.000735702,-0.030940649,0.395202393,1.036428411,0.617751191,0.009952,-0.006481141,0,0,4.67E-19,0.000295952,-0.013206801,0.120613937,0.83417179,0.997429483,0.510040799,0.03762083,-0.017246324,-0.000214052,0.000317164,-0.01219474,0.037896667,0.757518348,1.032508868,0.394659484,-0.034030411,-0.001007625,0,0,0.000239992,-0.013707044,0.064926113,0.668247719,1.044804705,0.597655688,-0.007277594,-0.021046892,-0.017384429,-0.019672828,-0.022573972,-0.018132754,0.432123077,1.010585001,0.824242834,0.083867528,-0.014592047,8.48E-05,0,0,-0.002152379,-0.025814712,0.449297148,1.054084763,0.792350427,0.084600505,-0.019269911,0.017846857,0.187417316,0.217003672,0.19773968,0.544527062,0.98677505,0.983998121,0.37419369,-0.033261333,0.000878688,0,0,0,-0.011686581,0.058120898,0.765880089,1.02826554,0.677031199,0.390085052,0.575409414,0.648452853,0.918915441,0.990571946,0.959969295,1.030852968,0.967237132,0.444453142,-0.019333878,-0.001941959,6.52E-05,0,0,0,-0.017410812,0.11030064,0.93518956,1.03696492,1.028527437,1.04754119,1.061507463,1.050519846,1.016239958,0.998492528,0.999913467,0.863536987,0.299708929,0.020051556,-0.005541871,3.00E-05,0,0,0,0,-0.012262221,0.076827535,0.666049615,0.747128847,0.738340329,0.749809334,0.707353638,0.589160999,0.487308772,0.381641102,0.334300637,0.078166724,-0.025876191,-0.007919526,0.000595588,1.65E-05,0,0,0,0,-0.000261097,0.001981269,0.011361179,0.006287275,0.003809538,0.012239515,-0.008064082,-0.027319547,-0.031778493,-0.025064542,-0.022471303,-0.008082783,-0.000506536,7.66E-05,0,0,0,0,0,0,0.000101912,-0.00067244,-0.00525906,-0.005256206,-0.00493335,-0.005853818,-0.003561127,-0.000935551,9.17E-05,0,0,0,0,0,0,0,0,0,0,0,0,0,0,0,0,0,0,0,0,0,0,0,0,0,0,0,0,0,0,0,0,0,0,0,0,0,0,0,0,0,0,0,0,0,0,0,0,0,0
0,0,0,0,0,0,0,0,0,0,0,0,0,0,0,0,0,0,0,0,0,0,0,0,0,0,0,0,0,0,0,0,0,0,0,0,0,0,0,0,0,0,0,0,0,0,0,0,0,0,0,0,0,0,0,0,0,0,0,0,0,0,0,0,0,0,0,0,0,0,0,8.17E-06,-3.06E-05,-0.000620149,-0.000963082,-0.000694291,-1.80E-05,6.11E-06,0,0,0,0,0,0,0,0,0,0,0,0.000176471,-0.000723958,-0.011313079,-0.016909828,-0.022614668,-0.026532833,-0.023827393,-0.012437313,-0.000899066,0.000189951,0,0,0,0,0,0,3.32E-32,3.79E-18,-4.41E-17,0.000834865,-0.01383798,-0.030891425,0.050834065,0.10426778,0.283669935,0.392727124,0.310164624,0.065218971,-0.006949013,-0.000741762,0,0,0,0,0.000330882,-0.005327819,-0.010789931,-0.002281454,-0.012857031,-0.030451219,0.117266289,0.413593886,0.659417245,0.789405022,0.952059913,1.055227056,0.974471014,0.691368924,0.147375583,-0.012629698,0,0,0,0.000615082,-0.006836248,0.011849191,0.050496871,-0.026879221,0.120554407,0.532378623,0.903342709,1.025435979,1.057780903,1.034445702,0.935916595,0.934939006,0.992963631,1.032717242,0.775949189,-0.020903822,0,0,0,-0.004394032,0.014679994,0.46621138,0.732319461,0.435172079,0.779533312,1.030097818,0.981186632,0.711613426,0.635049224,0.52930136,0.218771259,0.221121817,0.587767889,1.008644284,0.859812261,-0.0205593,0,0,0,-0.026023399,0.201828346,0.893169611,1.021919986,0.994664267,1.030964562,0.844540288,0.320990519,0.033103707,-0.009604303,-0.009656234,-0.024910437,-0.025354201,0.554870694,1.019140982,0.838767019,-0.020598448,0,0,0,-0.04947495,0.423599605,1.040790799,0.990108303,1.030224333,0.601016639,0.130788739,-0.023645612,-0.013688113,-0.004539522,-0.004904763,-0.036500204,0.195279837,0.915583248,1.017235039,0.4480899,-0.020503132,0,0,0,-0.050548693,0.433766578,1.053271735,0.955499779,0.745784144,0.057381273,-0.02589905,-0.000637153,-0.000221133,-0.009147263,-0.006358536,0.187227465,0.680555845,1.029314764,0.710007064,0.100120307,-0.010563045,0,0,0,-0.023312892,0.176375487,0.885821851,0.947198086,0.349691598,-0.00947071,-0.002614379,0.000572337,-0.006802158,-0.00467057,0.326701782,0.899520692,1.028875437,0.7016409,0.095416684,-0.020440122,-6.27E-05,0,0,0,-0.009384452,0.049754732,0.693921875,1.022949108,0.873893893,0.059323356,-0.060010212,-0.060258885,0.067994707,0.579048543,0.954278651,1.060885723,0.700396174,0.083302594,-0.020039199,-2.60E-05,0.000103826,0,0,0,-0.000617178,-0.017199619,0.350161629,0.960057343,1.035489634,0.795451487,0.740470963,0.738266646,0.813526586,0.935803564,0.756430027,0.436841163,0.075801232,-0.017165016,0.000335274,0,0,0,0,0,0.000154091,-0.003465993,0.005991268,0.324511115,0.661781556,0.803681413,0.793277165,0.809630719,0.674735294,0.212526076,0.025400004,-0.023647689,-0.017035556,0.000806066,4.69E-05,0,0,0,0,0,0,0.00021921,-0.003140625,-0.01580559,0.011495575,0.022507626,0.021511438,0.02314808,0.008796501,-0.018396344,-0.004837654,-0.001250255,0.000131485,0,0,0,0,0,0,0,0,0,0.000110065,-0.000615548,-0.005305532,-0.007043741,-0.006848477,-0.007105295,-0.004936611,0.000299621,0,0,0,0,0,0,0,0,0,0,0,0,0,0,0,0,0,0,0,0,0,0,0,0,0,0,0,0,0,0,0,0,0,0,0,0,0,0,0,0,0,0,0,0,0,0,0,0
0,0,0,0,0,0,0,0,0,0,0,0,0,0,0,0,0,0,0,0,0,0,0,0,0,0,0,0,0,0,0.000285097,-0.00301011,-0.005856875,-0.011910063,-0.007527744,-0.000770187,7.86E-05,0,0,0,0,0,0,0,0,0,0,0,0,0.00037422,-0.003750204,-0.000830225,0.004446222,0.060962558,0.021066253,-0.027386827,-0.007287616,0.000535756,2.85E-05,0,0,0,0,0,0,0,0,0.000215238,-0.001296671,-0.015565717,-0.031856056,0.313631587,0.596276599,0.766923662,0.632416701,0.302602941,0.036868787,-0.004300987,-0.000118124,0,0,0,0,0,0,2.15E-18,0.000701593,-0.009714035,-0.022718205,0.145273386,0.554150225,0.910001719,1.043979353,1.01394293,1.026322832,0.973093307,0.3974928,-0.022920743,-0.001932019,0,0,0,0,0,5.36E-05,0.000132761,-0.012710801,-0.001096198,0.456924309,0.918547981,1.028956121,0.980677832,0.549445243,0.376506774,0.791751634,1.042385417,0.767923713,0.057967521,-0.011700538,0,0,0,0,7.71E-05,-0.000823802,-0.015367647,0.044840601,0.524967932,1.020878081,0.997950112,0.913561343,0.464630174,-0.019971923,-0.062974843,0.459511506,1.003432019,0.977143348,0.130361176,-0.019369553,0,0,0,6.83E-05,-0.000207238,-0.022968438,0.104793425,0.656386868,1.021268875,1.031094805,0.779550993,0.160797324,0.010172588,-0.009792489,-0.025824161,0.407262087,0.992094595,0.991891077,0.13541298,-0.019901859,0,0,5.51E-05,0.00025213,-0.019968529,0.13385112,0.800966742,1.024589376,0.968547875,0.591454929,0.182337027,-0.022789777,-0.005871034,0.001292599,-0.035210529,0.413591316,1.023096626,0.707959372,0.041575812,-0.009828942,0,0,-0.000220078,-0.020358169,0.179022212,0.775304313,1.021630242,0.945348431,0.38422817,-0.008338525,-0.023457925,0.000526365,0.000303224,-0.013564317,0.062116728,0.721468971,1.038633459,0.4768894,-0.021932911,-0.002692844,0,0,-0.007801437,0.022844411,0.645781029,1.049336993,0.963061292,0.32621412,-0.036324684,-0.008178785,0.000574449,1.81E-17,-0.004266068,-0.017139419,0.482279208,1.016423747,0.924092082,0.221445959,-0.029391892,0.000100422,0,0,-0.019143519,0.12811463,0.972213644,1.002854201,0.449602635,-0.030610992,-0.002604714,0.000167484,0.000116422,-5.40E-05,-0.028315632,0.235772594,0.878151365,1.030537701,0.571627485,0.010659807,-0.004851311,1.12E-05,0,0,-0.020826369,0.143935693,1.028294913,0.836391335,0.04342609,-0.013347958,0.000868925,4.36E-05,-0.021488117,-0.044971974,0.122091333,0.79158397,1.033165332,0.848403211,0.108861678,-0.016228751,0.000663898,0,0,0,-0.0154279,0.093352798,0.871094141,0.975772825,0.415892599,-0.024694751,-0.041707635,-0.042903527,0.14572326,0.325360737,0.751638242,1.049737645,0.932249251,0.377282969,-0.015216929,-0.001254238,0,0,0,0,-0.003620302,-0.009082284,0.461538773,1.014130787,0.967130872,0.6952444,0.57330062,0.698530859,0.862203329,0.984557121,1.032998026,0.740646903,0.301494111,-0.002321691,-0.003515965,3.87E-05,0,0,0,0,0.000350116,-0.017895265,0.089450725,0.726384191,1.02865271,1.066775497,1.045925343,1.069140421,0.984205933,0.956261932,0.74692019,0.137145092,-0.028487269,-0.005537548,0.000415135,1.19E-05,0,0,0,0,6.64E-06,-0.000316385,-0.007900718,0.153040765,0.41264791,0.527885587,0.609101902,0.501614345,0.328057666,0.301241353,0.084338661,-0.0141871,-0.001297658,9.70E-05,0,0,0,0,0,0,0,0.000126922,-0.000396182,-0.013230657,-0.030829257,-0.017088429,0.010913274,-0.023208695,-0.032467235,-0.029639283,-0.012174493,0.000180619,0.000101912,0,0,0,0,0,0,0,0,0,3.83E-05,-0.000565257,-0.001430079,-0.003528901,-0.006496372,-0.002806713,-0.000560151,-0.000561172,-8.48E-05,1.22E-05,0,0,0,0,0,0,0,0,0,0,0,0,0,0,0,0,0,0,0,0,0,0,0,0,0,0,0
0,0,0,0,0,0,0,0,0,0,0,0,0,0,0,0,0,0,0,0,0,0,0,0,0,0,0,0,0,0,0.000110635,-0.000941245,-0.007566107,-0.015640319,-0.015703976,-0.012003506,-0.001474333,0.000224206,0,0,0,0,0,0,0,0,0,0,0,0.000425584,-0.0029211,-0.016833496,0.021569704,0.095171314,0.095329583,0.064514543,-0.006830847,-0.002433477,0.000224206,0,0,0,0,0,0,0,0,4.04E-05,5.01E-05,-0.009831444,-0.010622141,0.223981192,0.631543914,0.87507581,0.880713508,0.739910829,0.203293709,-0.005341914,-0.001635689,0,0,0,0,0,0,0,0.000238971,-0.00147548,-0.019002451,0.051043641,0.399262306,0.902754153,1.04238613,1.031333963,1.032310151,1.019264774,0.645680777,0.034370287,-0.008739447,0,0,0,0,0,0,0.000382966,-0.005481005,-0.024081383,0.120839682,0.580576729,0.998178785,0.991817402,0.774052508,0.59027211,0.648202478,0.990890812,0.987850235,0.130440004,-0.019471167,0,0,0,0,0,0.000392157,-0.006766068,0.018800041,0.313726832,0.768067606,1.007590244,0.93500691,0.460197525,0.101121217,-0.033075197,0.162971439,0.971965635,1.022087537,0.142789379,-0.020745336,0,0,0,0,0.000110065,-0.003155191,-0.025505143,0.336824494,0.940205626,1.02677843,0.879058487,0.245436268,-0.006574589,-0.022480427,-0.010992723,0.548374081,1.032789888,0.742850458,0.054137702,-0.011161557,0,0,0,0,-0.000520833,-0.022133221,0.272143042,0.911825504,1.045750394,0.672913841,0.209594414,-0.012897297,-0.006116728,-0.00535343,0.008364175,0.766509549,1.069321061,0.425910318,-0.042425553,-0.000596575,0,0,0,0,-0.008238766,0.084760553,0.792596133,1.034752842,0.754987482,0.145770544,-0.035431492,-0.000871596,0.000401348,-0.02488912,0.149485209,0.868747515,1.016509446,0.34196201,-0.041978874,8.94E-05,0,0,0,0,-0.024430964,0.369683841,1.019818525,0.824499694,0.169056041,-0.023752842,0.000372192,4.96E-05,-0.004675415,-0.000770692,0.529380413,1.047819802,0.719333044,0.006323376,-0.005086217,0,0,0,0,0,-0.02934712,0.459356669,1.034351137,0.699040339,0.029010758,-0.010084167,0.000189185,-0.00125851,-0.031156897,0.186263792,0.937466486,0.986248877,0.318425534,-0.026058772,0.000458603,0,0,0,0,0,-0.013241307,0.167985474,0.966966661,0.839183924,0.096860581,-0.014973554,-0.003043343,-0.021945124,0.145064629,0.702937579,1.024283746,0.616567116,-0.005584991,-0.002690728,0,0,0,0,0,0.000695854,-0.019643536,0.164570636,0.870865588,1.031772978,0.306470249,-0.035301334,-0.020322474,0.232345316,0.816875,1.04072478,0.7260489,0.080972563,-0.019341129,0.000218546,0,0,0,0,0,-0.011792426,0.078303802,0.612495251,0.910187772,0.859817674,0.434967643,0.281004579,0.535371732,0.903493992,1.059374966,0.74305987,0.079085648,-0.023466861,0.001478248,0,0,0,0,0,0,-0.016994008,0.115628779,0.849925415,1.053905893,0.999532356,0.984259729,0.999250766,1.043597767,0.936915101,0.650988749,0.076752222,-0.028278867,0.001478248,0,0,0,0,0,0,0,0.000964902,-0.03906924,0.490569853,0.63792562,0.799845486,0.887283318,0.845619656,0.621963882,0.241642293,-0.002073308,-0.013460723,0.000712827,0,0,0,0,0,0,0,0,0,-0.001665342,0.028710305,0.013407016,0.071735304,0.099413827,0.086147375,0.014412376,-0.031027577,-0.004266031,0.000595555,0,0,0,0,0,0,0,0,0,0,0.000409518,-0.006878745,-0.006963848,-0.013087044,-0.016069293,-0.014629459,-0.006889978,6.57E-05,3.27E-05,0,0,0,0,0,0,0,0,0,0,0,0,0,0,0,0,0,0,0,0,0,0,0,0,0,0,0,0
0,0,0,0,0,0,0,0,0,0,0,0,0,0,0,0,0,0,0,0,0,0,0,0,0,0,0,0,0,0,0,0,0,0,0,0,0,0,0,0,0,0,0,0,0,0,0,0.000654134,-0.004694061,-0.027519873,-0.04977294,-0.050025274,-0.048691108,-0.036173413,-0.01046961,0.000813664,2.45E-05,0,0,0,0,0,0,0,1.84E-06,9.48E-05,-0.000811734,-0.011830592,0.01241362,0.216018025,0.430537548,0.439355477,0.427716648,0.302796262,0.069319598,-0.009147535,-1.37E-05,0,0,0,0,0,0,4.69E-05,0.000380821,-0.013012,-0.025609018,0.037121109,0.54953622,0.936824823,1.027327019,0.925267089,0.900401431,0.93028542,0.548722392,-0.001529701,-0.002665339,0,0,0,0,0,7.13E-05,-0.000152795,-0.017667484,0.048449363,0.369722375,0.760856841,0.949913092,0.718167688,0.305011012,0.045941602,0.014916025,0.206296841,0.80686889,0.254374489,-0.016769914,0,0,0,0,0,0.00010395,-0.011317708,0.132008459,0.653716469,1.012905586,0.754476088,0.24798783,0.051789369,-0.027051045,-0.014577036,0.06065599,0.383642344,0.740200912,0.340893723,-0.02136009,0,0,0,0,0.000260894,-0.020877381,0.126020036,0.790237777,1.044419493,0.60782143,0.058515836,-0.039849561,-0.009693398,0.000636745,-0.018867046,0.523165741,0.918999514,0.803410073,0.152510038,-0.017263819,0.000556502,0,0,0,-0.002250987,-0.026297389,0.466383204,1.04983684,0.70148926,0.060314968,-0.024004559,0.000375306,4.26E-06,-3.38E-16,-0.005038297,0.417103597,0.193084014,0.748074942,0.679583095,-0.007016646,-0.003635655,2.50E-05,0,0,-0.005512493,0.001120062,0.589838457,1.022358013,0.28615225,-0.030061087,0.001046023,0,0,-4.08E-17,0.000436751,0.042050042,-0.047334984,0.51661683,0.958130174,0.278769846,-0.03266525,-0.000106379,0,0,-0.001165748,-0.032052148,0.400312534,0.956873928,0.141131996,-0.011570466,7.34E-06,0,0,7.09E-18,3.06E-06,-0.007939648,-0.012891085,0.14961729,0.992473992,0.548507864,-0.009987567,-0.004236792,0,0,8.58E-05,-0.023812727,0.174328363,0.871628472,0.355816176,-0.026910097,0.000444336,0,0,0,0,0,-0.005182955,0.021907901,0.96674377,0.588080695,0.000697638,-0.005431134,0,0,0,-0.00471888,0.006313219,0.693912159,0.636240658,-0.018477352,-0.005759881,0.000317965,0,0,0,3.91E-05,-0.011923739,0.136947213,0.989669245,0.582830415,0.000147211,-0.005355299,0,0,0,0.000338347,-0.021426045,0.267200623,0.925666445,0.337754953,-0.022254953,-0.002682802,4.85E-05,4.04E-19,0.000142463,-0.000801078,-0.041006876,0.424269965,1.039082312,0.5731226,-0.002560689,-0.005081189,0,0,0,0,-0.002758221,-0.006024272,0.629075266,0.938293301,0.20128786,-0.047235056,-0.018285165,-0.002434743,-0.011709763,-0.03296927,0.190496647,0.827773012,1.005260944,0.352023199,-0.027746627,-0.001157748,0,0,0,0,0.000136183,-0.020708691,0.108215295,0.790955406,0.887341714,0.320966044,0.099230154,-0.025749796,0.02413477,0.371366264,0.928550586,1.031690938,0.560962061,0.03879119,-0.009504606,0.000162377,0,0,0,0,1.33E-05,0.000646599,-0.022697015,0.129935509,0.615556762,1.027647706,0.811928275,0.569295803,0.694519744,1.009418151,1.041344278,0.771443304,0.007861435,-0.009956801,0.000611471,0,0,0,0,0,0,3.67E-05,0.001249185,-0.02186035,0.005591923,0.285502884,0.600219909,0.87681077,0.886023875,0.594386466,0.330824076,0.117015817,-0.009036984,-0.000239238,0,0,0,0,0,0,0,0,1.28E-05,0.000242545,-0.00663752,-0.019894472,-0.020686615,-0.018902676,-0.020047998,-0.020751464,-0.021107196,-0.012797352,-0.000142123,7.10E-05,0,0,0,0,0,0,0,0,0,0,0,0,0,0,0,0,0,0,0,0,0,0,0
0,0,0,0,0,0,0,0,0,0,0,0,0,0,0,0,0,0,0,0,0,0,0,0,0,0,0,0,0,0,0,0,0,0,0,0,0,0,0,0,0,0,0,0,0,0,0,0,0,0,0,0,0,0.000534426,-0.009031022,-0.013523297,0.000766785,0,0,0,0,0,0,0,0,0,0,0,0,0,0.000224673,-0.00198223,-0.017300508,-0.036117341,0.04357484,0.086381893,-0.029874234,-0.000824263,0.000277778,0,0,0,0,0,0,0,0,0,6.53E-05,0.000232843,-0.014965516,-0.015358252,0.242559618,0.497686751,0.76931873,0.776207721,0.335971507,0.006182331,-0.003705236,0,0,0,0,0,0,0,0,7.13E-05,0.00022098,-0.025439389,0.03116876,0.543603605,0.978684471,0.968812381,0.838022603,0.935924871,0.913169203,0.104789858,-0.016721133,0,0,0,0,0,0,1.97E-18,0.000277437,-0.004570577,-0.026693185,0.24251217,0.737247889,1.010829861,0.667714491,0.284891033,0.102758442,0.69773063,1.044015285,0.146234,-0.021087112,0,0,0,0,0,0,0.000458603,-0.006771534,-0.034752565,0.340344105,0.954534314,0.983788455,0.429299577,0.012170336,-0.045509525,0.003710424,0.739453549,1.008157433,0.135438608,-0.019914088,0,0,0,0,0,0.000348346,-0.005811428,0.010014944,0.449417183,0.92354873,0.869673543,0.285782612,-0.00834712,-0.011686811,-0.008027574,0.074904463,0.919024374,0.655738324,0.023586228,-0.007857605,0,0,0,0,0.000184743,-0.006015931,-0.015628319,0.351829861,1.00283439,0.82041619,0.183873621,-0.034685815,-0.002129715,0.000908239,-0.024475814,0.269359188,0.953205593,0.312398965,-0.036875382,-3.40E-05,0,0,0,7.13E-05,-0.001185526,-0.031815887,0.383910471,0.952868975,0.839504505,0.271994468,-0.041217984,-0.001096507,0.000395731,-0.01680029,0.080657765,0.682246987,0.892263838,0.159321895,-0.022413171,7.66E-05,0,0,8.17E-05,-0.000870327,-0.015452121,0.186599673,0.954542756,0.845082772,0.18706679,-0.016874728,-0.000579146,0.000285131,-0.005101103,-0.015288835,0.432143127,1.009416513,0.480273182,0.008987626,-0.003999837,0,0,0,2.04E-05,-0.012454181,0.074150819,0.754883362,1.048950647,0.474338592,-0.062563191,-0.016622913,-0.00213648,-0.002370878,-0.029765807,0.297137476,0.981686692,0.680218295,0.008661031,-0.009062818,0.000546739,0,0,0,-0.008790679,0.040464769,0.59386089,0.992464784,0.974875868,0.743486145,0.287790873,0.058132795,-0.017552543,-0.044501498,0.310643178,0.857856675,0.906274169,0.184862388,-0.025446878,-5.87E-06,0,0,0,0,-0.020414454,0.139312961,1.037486315,0.559014519,0.430299071,0.924244638,0.967903163,0.803270748,0.682138838,0.737883544,0.94591396,0.891604772,0.297718546,-0.004174071,-0.003138702,3.19E-05,0,0,0,0,-0.012508681,0.085298449,0.64795687,0.155453023,-0.033905314,0.160586006,0.534252341,0.849269267,0.813980954,0.880248332,0.59068127,0.178964117,-0.022913943,-0.003650599,0.000496324,0,0,0,0,0,0.000482877,-0.006702693,0.007252315,0.015242222,-0.003589512,-0.016683738,-0.001149923,0.110124728,0.061097529,0.1198253,0.018121766,-0.020176613,-0.000565768,9.70E-05,0,0,0,0,0,0,2.85E-05,0.000154991,-0.004774775,-0.002715747,0.000315519,0.000407647,-0.003236501,-0.016251274,-0.010994252,-0.017371489,-0.005506502,0.000663898,0,0,0,0,0,0,0,0,0,0,0,0,0,0,0,0,0,0,0,0,0,0,0,0,0,0,0,0,0,0,0,0,0,0,0,0,0,0,0,0,0,0,0,0,0,0,0
0,0,0,0,0,0,0,0,0,0,0,0,0,0,0,0,0,0,0,0,0,0,0,0,0,0,0,0,0,0,0,0,0,0,0,0,0,0,0,0,0,0,0,0,0,0,0,0,0,0,0,0,0,0,0,0,0,0,0,0,0,0,0,0,0,0,0,1.59E-05,0.000137817,-0.003894353,-0.015780637,-0.028948836,-0.029169062,-0.019835631,-0.005794935,-7.66E-05,3.77E-05,0,0,0,0,0,0,0,0,6.53E-19,0.00044424,-0.003556113,-0.027404701,0.016593001,0.212396344,0.455520374,0.465677935,0.288064594,0.043155603,-0.013579963,0.000408701,0,0,0,0,0,0,0,4.20E-18,0.000914862,-0.013276995,-0.006019832,0.164473056,0.614779922,1.014299411,1.019709082,0.970743464,1.0041202,0.742470299,0.106750323,-0.010639127,0.000142677,0,0,0,0,0,7.97E-05,-0.000261438,-0.024064713,0.079806815,0.411567948,0.915235192,0.969085444,0.678713286,0.454423305,0.313613625,0.699592252,1.038380855,0.563230869,-0.024464308,-0.001076189,0,0,0,0.000130447,0.000175738,-0.015960417,-0.036191044,0.079602476,0.638038129,1.011072349,0.820683013,0.345006149,0.020533033,-0.02445681,-0.057607147,0.210352581,0.930056629,0.831324566,0.085071508,-0.013667665,0,0,0,-0.000539556,-0.006852758,0.103118175,0.283118651,0.810858694,1.04418876,0.694345828,0.038014791,-0.022551828,-0.00890608,-0.002347324,-0.007510905,0.018759872,0.714962095,0.918366711,0.208338763,-0.026625087,0,0,0,-0.012259668,0.074919235,0.731409841,0.950945568,1.014903952,0.628993226,0.088427568,-0.015395987,0.000314457,3.06E-05,0,0.001026456,-0.044834525,0.572600746,0.938863971,0.246058738,-0.030529942,0,0,0,-0.014907748,0.153792259,0.855848958,1.049372379,0.786537633,0.031798441,-0.03466522,0.000802696,0,0,0,-0.002632995,-0.012464359,0.625901501,1.031187636,0.37451988,-0.044181648,0,0,0,-0.020373604,0.665963543,1.011643433,1.034947457,0.847304534,0.267057019,0.073192797,-0.006770153,0.000229779,0,5.11E-06,-0.011663711,0.066558858,0.799090686,0.931753319,0.225485532,-0.028486813,0,0,0,-0.019753237,0.797920947,0.940446901,0.860747982,0.969471621,0.976921616,0.367544821,-0.035561059,-0.015718581,0.000361991,0.000264054,-0.017605031,0.098722739,0.842316779,0.9014117,0.173303524,-0.023013081,0,0,0,-0.005584491,0.148681685,0.194953619,0.002282527,0.404055539,0.925608898,0.94825233,0.395020646,0.081220861,-0.02500531,-0.01523543,-0.039131609,0.404949057,1.021923952,0.683603452,-0.018808143,-0.002301985,0,0,0,0.000527642,-0.014508428,-0.018952121,-0.007186189,-0.01572178,0.235211244,0.819852601,1.004272944,0.781934964,0.337065411,0.150054994,0.257194383,0.863661697,1.017894284,0.317767616,-0.019072781,-0.000260079,0,0,0,0,0,0,0.000518382,-0.003518655,-0.027481992,0.074963108,0.560897927,0.798699925,0.855486979,0.971112541,1.030455342,0.994707448,0.654645187,0.026812466,-0.005038501,5.14E-05,0,0,0,0,0,0,0,5.87E-05,-9.91E-05,-0.011298102,-0.006121817,0.048508698,0.162740077,0.415024118,0.52630617,0.363847307,0.068653884,-0.007878728,-7.43E-05,0,0,0,0,0,0,0,0,0,0,0.000361238,-0.002901227,-0.009678774,-0.023251294,-0.028327932,-0.022799663,-0.027188863,-0.0125533,0.000484285,4.40E-05,0,0,0,0,0,0,0,0,0,0,0,0,0,0.000144676,-0.001601648,-0.00301846,-0.001300381,0.000119145,0,0,0,0,0,0,0,0,0,0,0,0,0,0,0,0,0,0,0,0,0,0,0,0,0
0,0,0,0,0,0,0,0,0,0,0,0,0,0,0,0,0,0,0,0,0,0,0,0,0,0,0,0,0,0,0,0,0,0,0,0,0,0,0,0,0,0,0,0,0,0,0,0,0,0,0.000417839,-0.004571766,-0.009057401,-0.011412091,-0.034237495,-0.033201256,-0.004184094,0.000624845,0,0,0,0,0,0,0,0,0,5.99E-05,-0.000217269,-0.004909109,-0.025847205,0.00712563,0.041617426,0.064244111,0.279369179,0.270391323,0.02328285,-0.004587512,4.95E-05,0,0,0,0,0,0,3.45E-18,0.000177696,-0.004624659,-0.016818968,0.025373145,0.320927526,0.611159875,0.783776463,0.794143331,0.949892361,0.924448325,0.271808875,-0.030447546,-0.000234035,0,0,0,0,0,0,6.57E-18,-0.00049309,-0.014431926,0.148415016,0.77402371,0.998223175,1.025835121,1.050514604,1.037905739,1.009739566,1.031962912,0.645585784,0.02106238,-0.007650974,0,0,0,0,0,0.000147059,-0.000354371,-0.026688623,0.50940565,0.816567793,1.021176283,1.032987422,0.8539231,0.659253513,0.529417586,0.708173543,1.001137527,0.897259191,0.103910205,-0.016538501,0,0,0,0,0,5.14E-05,-0.013487815,0.126087688,0.912344591,1.065203246,0.882732665,0.472691951,0.091227919,0.024525156,0.005126541,0.581483752,1.01999786,0.900135916,0.104034261,-0.016573417,0,0,4.34E-05,0.000222117,-0.006725082,-0.025989788,0.065243958,0.742845912,1.020212775,0.786449806,0.249238851,-0.035023948,-0.01590882,-0.035941479,0.209723601,0.902409263,1.032464035,0.582171756,0.010189301,-0.006218171,0,0,0.000242885,-0.010159645,0.063049905,0.078193593,0.693176947,1.029114907,0.626937192,0.092257727,-0.007900514,-0.002019216,0.000363988,-0.04606982,0.358061223,1.012057717,0.986670701,0.356275684,-0.031589672,-0.000877757,0,0,-0.010519812,0.053360748,0.683004885,0.821166548,1.015670207,0.80536203,0.099788567,-0.030336363,-0.001766033,0.000325368,-0.002743056,-0.027530523,0.456514587,1.030319325,0.804608473,0.094444155,-0.016336472,0.000147059,0,0,-0.021708027,0.151489391,1.047119383,1.011893961,0.782245455,0.171048917,-0.03604159,0.000965074,-0.002555998,-0.017796501,-0.036831427,0.170399223,0.877367868,1.001592235,0.295970554,-0.00853525,-0.001207859,0,0,0,-0.018551866,0.12217103,0.962412475,0.973850111,0.137814313,-0.03454797,-0.039021066,-0.044705933,-0.019532038,0.143108906,0.24257995,0.780127466,1.010866285,0.604169299,-0.014168484,-0.004368146,0.000224554,0,0,0,-0.007388855,0.021979383,0.608709252,1.004361383,0.643086006,0.28190688,0.309392452,0.351267633,0.444989958,0.930370524,1.021656165,1.042806109,0.708357996,0.039489651,-0.014293505,0.000177696,0,0,0,0,-0.001627008,-0.002087104,0.1640513,0.84155867,1.074578448,0.947708521,0.991226068,1.028853707,1.031893076,1.023462537,1.025395987,0.878933221,0.207116966,-0.015196521,-0.000485907,0,0,0,0,0,0.000232843,-0.004986751,-0.008283412,0.475146463,0.789485243,0.920493924,0.827963767,0.77494281,0.781930045,0.698403084,0.651207653,0.214244952,-0.026802866,-0.000476545,0.000159926,0,0,0,0,0,0,0.000255595,-0.00308604,0.005954095,0.039047964,0.229553411,0.104297878,0.033794458,0.040514638,0.025187908,0.014032441,-0.005453559,-0.001184641,6.38E-05,0,0,0,0,0,0,0,0,0.000245811,-0.003638254,-0.008834944,-0.028931148,-0.015652849,-0.0081823,-0.00891362,-0.00690351,-0.005504871,-0.001033679,0.000134524,0,0,0,0,0,0,0,0,0,0,0,0,0,0,0,0,0,0,0,0,0,0,0,0,0,0,0,0,0,0,0,0,0,0,0,0,0,0,0,0,0,0,0,0,0,0
0,0,0,0,0,0,0,0,0,0,0,0,0,0,0,0,0,0,0,0,0,0,0,0,0,0,0,0,0,0,0,0,0,0,0,0,0,0,0,0,0,0,0,0,0,0.000540133,-0.005440055,-0.016379394,-0.04137418,-0.050274754,-0.04963434,-0.05042273,-0.040804884,-0.014175125,-0.003987608,0.000535649,0,0,0,0,0,0,0,0,0.000432904,-0.00695367,0.024370013,0.110703107,0.347244519,0.431356039,0.425186377,0.432577955,0.341999901,0.089648386,0.01067099,-0.009166973,-0.000313062,6.85E-05,0,0,0,0,0,0,-0.007365809,0.02734295,0.502964274,0.845042973,0.99072932,1.046877911,1.040481311,1.046934572,0.980139602,0.822615809,0.443189628,0.008673662,-0.016423986,-0.000919857,0.000189951,0,0,0,0,1.38E-18,-0.01003125,0.05561986,0.480526144,0.950459487,0.991884327,0.96014088,0.999178258,1.026396208,0.999057026,1.013222375,0.985647586,0.747776042,0.170084321,-0.020358577,-0.000741762,0,0,0,0,0.000377859,-0.004821725,-0.022501906,-0.061995387,0.301271198,0.465104201,0.831581274,0.91365671,0.561308041,0.902904064,1.013894046,0.999862251,1.01052451,0.777973346,0.138352714,-0.012629698,0,0,0,0.00051745,-0.00801654,0.007860649,0.496893404,0.871408728,0.865769588,0.65365439,0.151576865,0.083642279,-0.003208084,0.089947947,0.276648696,0.899249589,1.011702013,1.020227688,0.777189116,-0.020903822,0,0,0,-0.004817985,0.017762646,0.462183296,0.982112439,1.008885093,1.01428908,0.987654054,0.486077342,0.045748077,-0.010950078,-0.016936393,-0.055375204,0.533060338,1.00254325,1.007890472,0.857509053,-0.0205593,0,0,0,-0.003698993,0.00307678,0.529876889,0.997118856,0.985809879,0.990641111,0.992802951,0.973984596,0.22626765,-0.016496272,0,-0.017183211,0.239385212,0.967747958,1.008831291,0.834034538,-0.020500408,0,0,0,-0.009613958,0.051595656,0.701594516,1.008364294,0.994810168,0.749601796,0.779662258,0.720426368,0.05883592,-0.006471763,0.001070075,-0.047273999,0.595278186,1.012389961,1.00847258,0.458133077,-0.020560662,0,0,0,-0.026486486,0.206444955,0.892818713,1.005692759,1.005168284,0.299708124,0.205971882,0.195058926,-0.001813147,-0.000526263,-0.019337437,0.053244043,0.800513395,1.017894233,1.017280025,0.339842648,-0.020871119,0,0,0,-0.021669014,0.16142838,0.853100346,1.004533855,1.005582562,0.124567642,-0.071740077,-0.024112755,0.001020749,-0.014667224,-0.000226791,0.385159509,0.956492669,1.017701735,0.810861444,0.12231897,-0.013375593,0,0,0,-0.014100118,0.089732571,0.807814338,1.010876787,0.998454402,0.602370589,0.154306747,-0.045364481,-0.055300041,0.053690734,0.581820672,0.906610635,1.01802708,0.938318202,0.378435202,-0.005203858,-0.003550517,0,0,0,-0.011052546,0.063990741,0.732075521,1.017813998,0.990708912,1.005309965,0.863267804,0.713175807,0.7086803,0.796242256,0.998608105,1.010731124,0.979386557,0.595041667,0.017209491,-0.00975001,0.000348924,0,0,0,-0.000263748,-0.020038977,0.338627264,0.966358728,0.994761574,0.99381913,1.022299496,1.044659995,1.046696419,1.026564406,0.991781029,1.011642106,0.650319836,0.015288501,-0.006470775,0.000253964,0,0,0,0,6.48E-05,-0.003284722,0.002528033,0.482745915,0.970032067,1.001985056,0.809280025,0.749435049,0.73595624,0.472720997,0.339427544,0.368850235,0.107976375,-0.015402761,-0.000210274,3.06E-05,0,0,0,0,0,0.00028571,-0.011162865,0.026773691,0.284055243,0.333099559,0.123217222,0.053411296,0.054583333,-0.012188252,-0.045702349,-0.043726305,-0.015076842,0.001200522,3.06E-05,0,0,0,0,0,0,1.07E-05,0.000446793,-0.005215652,-0.019061649,-0.020324963,-0.013647195,-0.011525054,-0.011150089,-0.003454521,0.000419877,0,0,0,0,0,0,0,0,0,0,0,0,0,0,0,0,0,0,0,0,0,0,0,0,0,0,0
0,0,0,0,0,0,0,0,0,0,0,0,0,0,0,0,0,0,0,0,0,0,0,0,0,0,0,0,0,0,0,0,0,0,0,0,0,0,0,0,0,0,0,0,0,0,0,0.000312422,-0.002441808,-0.010410909,-0.011875994,-0.011537239,-0.011544576,-0.011983613,-0.004422567,0.000297175,1.10E-05,0,0,0,0,0,0,0,0,3.36E-18,0.000490707,-0.009566518,-0.005187772,0.056804534,0.068182904,0.065469158,0.065531046,0.068144353,0.022902539,-0.001935968,-4.23E-05,0,0,0,0,0,0,3.40E-05,0.000876532,-0.013354473,-0.043972495,0.060554961,0.454859954,0.748454027,0.802365196,0.791655842,0.791821895,0.821846456,0.306793079,-0.048561734,-0.006987592,0.000792467,0,0,0,0,9.07E-18,-0.000152318,-0.007631213,0.087397893,0.248463984,0.671403734,1.010467661,1.018759736,1.045012817,1.04121492,1.024606484,1.035232741,0.810642599,0.230875783,0.040706257,-0.005817945,1.87E-18,0,0,0.000112337,-9.27E-05,-0.013375136,-0.033225184,0.495532475,1.035428564,1.018323193,1.015832397,1.00462066,0.795592933,0.775991949,0.967697675,1.004136455,1.021831189,0.872022433,0.164692998,-0.023295728,9.70E-05,0,0,-7.13E-06,-0.016464517,0.128712564,0.537019791,0.946129319,1.03739357,0.91199937,0.592264431,0.383364875,0.081870151,0.052957992,0.361428244,0.817114281,1.027955257,0.965215102,0.38997741,-0.014985341,-0.002516714,0,0,-0.012164352,0.064552403,0.759053632,1.024833674,0.881790016,0.620456172,0.168855768,0.0039231,-0.023515455,-0.013013174,-0.016770833,-0.016640017,0.424598158,0.942934504,1.039375851,0.611495132,0.009331051,-0.006399782,0,0,-0.020911629,0.145956341,1.012948512,0.929163739,0.224937874,-0.000785386,-0.024425081,-0.002161629,0.000276586,0,0.000387221,-0.008161765,-0.006712095,0.662470095,1.021831342,0.950205219,0.121711253,-0.018447883,0,0,-0.005422283,0.01474945,0.466590891,0.652641068,0.010440717,-0.011009191,0.000785129,0,0,0,0,0.000799804,-0.045327972,0.607566942,1.029771838,0.899483711,0.104863387,-0.016640285,0,0,-0.004777539,-0.006114151,0.572495064,1.036024272,0.216609154,-0.023566108,0.000456056,2.55E-05,0,0,0,0.000591089,-0.0434391,0.610376804,1.061941721,0.539310526,-0.012522828,-0.003994758,0,0,-0.00491453,-0.004847734,0.573191081,1.056945022,0.777234791,0.129991304,-0.039259604,-0.007501223,0.000693001,1.99E-18,0.000403571,-0.009569562,-0.016129133,0.650856128,1.059739394,0.564598586,-0.006008893,-0.004742469,0,0,-0.002325027,-0.011069871,0.332421926,0.905017395,0.989843597,0.506461993,0.130745791,0.03232307,-0.021262085,-0.015354371,-0.033448989,-0.011070975,0.347178036,0.925262306,1.034204248,0.508128574,-0.009117087,-0.004014331,0,0,0.000212759,-0.004341751,-0.018495626,0.572427492,1.041775854,0.968295973,0.845595437,0.619504851,0.192594873,0.208408718,0.462156505,0.550679616,0.897808398,1.014513634,0.713774016,0.135339342,-0.009645551,-0.000704657,0,0,0,0.000535649,-0.02646298,0.324324159,0.775853826,0.989166582,1.034684736,1.010971933,0.913765965,0.918372192,1.004521599,1.009558925,1.001638055,0.721779837,0.074485362,-0.018241183,-0.000198626,0.00010723,0,0,0,0,0.000987694,-0.028756621,0.069311053,0.427727822,0.748116278,1.023873519,1.021051488,1.023295752,1.024815019,0.921741283,0.42514985,0.07004473,-0.016070993,-0.000235039,5.38E-05,0,0,0,0,0,3.42E-05,0.000854429,-0.015581101,-0.015604745,0.090436548,0.307760996,0.301983273,0.304012678,0.307667747,0.234301949,-0.015953436,-0.0152852,0.000884595,3.18E-05,0,0,0,0,0,0,0,0,0.000306373,-0.003062023,-0.011501434,-0.020977499,-0.020676232,-0.020725592,-0.020976648,-0.017544637,-0.003013514,0.000302117,0,0,0,0,0,0,0,0,0,0,0,0,0,0,0,0,0,0,0,0,0,0,0,0,0
0,0,0,0,0,0,0,0,0,0,0,0,0,0,0,0,0,0,0,0,0,0,0,0,0,0,0,0,0,0,0,0,0,0,0,0,0,0,0,0,0,0,0,0,0,0,0,0,0,0,0,0,0,0,0,0,0,0,0,0,0,0,0,0,0,0,0,0,0,0,0.000173611,-0.001855596,-0.00347387,-0.010028186,-0.015839563,-0.00841105,-0.002412786,-0.000241073,4.44E-05,0,0,0,0,0,0,0,0,0,1.47E-05,0.000695466,-0.009559402,-0.009496153,0.004479621,0.115958589,0.213667262,0.087892736,-0.002664182,-0.001557468,-1.79E-05,0,0,0,0,0,1.40E-18,0.000234035,-0.002506298,-0.019166225,-0.015405127,-0.032089631,0.007799173,0.437543896,0.673722824,0.853967252,1.007539982,0.797044424,0.510048747,0.047524612,-0.008447542,0,0,0,0,1.33E-05,0.000409178,-0.008099299,0.009616013,0.197555984,0.153264093,0.266294764,0.51975691,0.990959644,1.008034545,0.746789624,0.764343324,1.007071998,0.954962623,0.251751372,-0.018230358,0,0,0,0,0.000153174,-0.007179589,0.014581703,0.251651261,0.836113175,0.857501851,0.956184471,0.993601752,0.880630919,0.462411064,0.036605486,0.176354086,0.964325683,1.027179147,0.478503647,-0.020996053,0,0,0,0.000443928,-0.005618311,-0.022614873,0.481145731,0.970026331,1.012801863,1.020769812,1.009495881,0.536843188,0.118497753,-0.03424536,-0.022750204,0.124437211,0.963248315,1.01821972,0.862053694,-0.020669935,0,0,0,-0.004809832,0.018507557,0.447650003,0.972437364,1.004332993,1.006154407,0.87109021,0.44924297,0.002274118,-0.017657527,0.001572143,-0.014313589,0.138667535,0.964241336,1.024644761,0.847466743,-0.020887459,0,0,0,-0.040290653,0.336069989,0.995353094,1.007092456,1.000509123,0.892698388,0.212602397,-0.030941857,-0.006655484,0.000519897,-0.001593086,-0.031187432,0.481790577,1.003587946,0.989585172,0.475502392,-0.019825027,0,0,0,-0.050409686,0.432184641,1.05049023,1.007402846,0.958794969,0.329654264,-0.005459218,-0.023755106,-0.020820823,-0.022215329,-0.033256865,0.234843818,0.869328363,1.048218546,0.582531182,0.063541369,-0.006096644,0,0,0,-0.049700379,0.426087637,1.051314103,0.867549563,0.393834213,0.018370273,0.078847156,0.256904206,0.295706249,0.280565407,0.568081763,0.925361872,0.970069147,0.616251512,0.09337296,-0.030238255,0.000741918,0,0,0,-0.049929069,0.428560304,1.062364294,0.69480816,0.340460001,0.68326619,0.783774272,0.9787524,1.042138753,1.029296126,1.004156458,0.935129579,0.412370285,-0.028364056,-0.010075895,0.000957972,0,0,0,0,-0.048786433,0.417890659,1.023810781,0.968626855,0.970102618,0.993320866,0.995069802,0.953956053,0.662943491,0.585914624,0.275195246,0.180267514,0.014881298,-0.005447219,9.72E-05,0,0,0,0,0,-0.010113734,0.086694904,0.210890693,0.202329555,0.205470486,0.200253981,0.200924581,0.187382234,0.012231686,-0.001674224,-0.029358923,-0.027675892,-0.005318321,0.000609681,7.35E-06,0,0,0,0,0,0.000759447,-0.006509038,-0.015871987,-0.015017157,-0.01502451,-0.01502451,-0.015111979,-0.014296518,-0.003860192,-0.002844056,-0.000309863,5.16E-05,0,0,0,0,0,0,0,0,0,0,0,0,0,0,0,0,0,0,0,0,0,0,0,0,0,0,0,0,0,0,0,0,0,0,0,0,0,0,0,0,0,0,0,0,0,0,0,0,0,0,0,0,0,0,0,0,0,0,0,0,0,0,0,0,0,0
0,0,0,0,0,0,0,0,0,0,0,0,0,0,0,0,0,0,0,0,0,0,0,0,0,0,0,0,0.000135315,-0.001621902,-0.009420615,-0.011071453,-0.003941781,0.000124251,0,0,0,0,0,0,0,0,0,0,0,0,0,0.000205027,-0.001489391,-0.013565336,0.03741898,0.052693378,-0.006513223,-0.009772838,0.000845868,0,0,0,0,0,0,0,0,0,0,0,0.000137868,-0.001461722,-0.020234375,0.273950095,0.696926607,0.744617936,0.475179399,0.045586823,-0.013448819,0.000561223,1.21E-05,0,0,0,0,0,0,0,0,1.70E-17,-0.001398591,-0.035671446,0.276850984,0.880916735,1.025267753,1.017663263,0.999605805,0.568474435,0.04156793,-0.018680334,0.000488613,0,0,0,0,0,0,3.27E-19,9.41E-18,0.000563811,-0.019478741,0.200516744,0.800300296,1.014136012,0.986538501,0.987121732,0.989618867,1.015400548,0.587031982,0.029633425,-0.0080561,0.000356692,0,0,0,0,0,3.22E-05,0.000372243,-0.015658616,0.031740111,0.804439553,0.987708367,0.9921987,1.007973584,1.013973312,0.994937137,0.992360873,1.003654463,0.548565717,0.001973192,-0.004128959,3.57E-05,0,0,0,0,7.92E-05,-0.024069137,0.179334583,0.707846925,0.98831484,0.996299478,0.991336234,0.573975837,0.422742058,0.869185742,1.003703375,1.02823346,0.776872749,0.007490964,-0.008547732,0.000247136,0,0,0,8.93E-05,-0.007491013,0.063184641,0.648776808,1.026155042,0.992986799,0.989644965,0.738963559,0.093082584,-0.049790322,0.451459055,0.964011115,1.011945193,0.883892923,0.396041667,0.026934287,-0.005972903,0,0,0,-0.000565407,-0.019877179,0.388485413,0.992979711,0.987445159,0.99588524,0.975181049,0.27818653,-0.036872311,-0.005670769,0.003554414,0.515516391,0.976928122,1.024553768,0.783874762,0.061475786,-0.012122481,0,0,0,-0.01371856,0.086312534,0.80147886,1.018100201,0.989575929,1.007415617,0.918606311,0.187381842,-0.029248911,-0.004596388,-0.051690174,0.258613698,0.950676624,1.024536424,0.772616847,0.063306378,-0.012176096,0,0,0,-0.014373242,0.092480801,0.806521855,1.010320108,0.984003217,1.026948963,0.675422692,0.015177798,-0.024612303,0.036968359,0.064938921,0.497775735,0.983106192,1.003485583,0.55638123,0.009314745,-0.005921841,0,0,0,-0.014996681,0.097673879,0.823200525,1.01117749,0.983790306,1.028776792,0.651058813,0.078630288,0.37878747,0.752364678,0.891270437,0.956891077,0.998249256,1.00014784,0.361439386,-0.046104471,0.000262933,0,0,0,-0.008183523,0.040154242,0.654379017,1.01132787,0.98875577,0.999805892,0.935034212,0.845105528,0.971990315,1.013040152,1.004552403,0.994435866,1.012736094,0.905797352,0.211698342,-0.027512128,3.40E-05,0,0,0,0.000743957,-0.024059198,0.233820449,0.924328091,1.004330984,0.991964657,0.99211363,1.000938862,0.992943304,0.990026808,0.990148791,1.008189764,1.021766714,0.551208146,-0.014085665,-0.002076964,0,0,0,0,0,-0.001296109,-0.018092882,0.396384089,0.97577868,1.025868051,1.022357707,1.006934487,0.997191755,1.028698002,0.998798833,0.817438708,0.512213967,0.047136455,-0.005282424,3.06E-05,0,0,0,0,0,-9.39E-05,-0.007391493,0.063816415,0.376199176,0.587971563,0.578522433,0.739937449,0.886927594,0.579175603,0.504276952,0.136248009,-0.020462844,-0.008134089,0.000253523,1.83E-05,0,0,0,0,0,2.57E-05,0.000725205,-0.011775152,-0.015625994,0.004844886,0.001867739,0.055000764,0.102319718,8.76E-05,-0.004121189,-0.020373099,-0.001210305,0.000300844,0,0,0,0,0,0,0,0,0,0.000217014,-0.002353111,-0.005832416,-0.005506876,-0.01121681,-0.016331019,-0.005369179,-0.004381871,0.000120847,0,0,0,0,0,0,0,0,0,0,0,0,0,0,0,0,0,0,0,0,0,0,0,0,0,0
0,0,0,0,0,0,0,0,0,0,0,0,0,0,0,0,0,0,0,0,0,0,0,0,0,0,0,0,0,0,0,0,0,0,0,0,0,0,0,0,0,0,0,0,0,0,0,0,0,0,0,0,0,0,0,0,0,0,0,0,0,0,0,0,0,0,0,0,0,0,0,0,0,0,0,0,0,0,0,0,0,0,0,0,0,0,0,0,0,0,0,0,0,0,0,0,0,0,0,0,0,0,0,0,0,0,0,0,0,0,0,0,0,0,0,0,0,0,0,0,0,0,0,0,0,0,0,0,0,0,0,0,0,0,0,0,0,0,0,0,0,0,0,0,0,0,0,0,0,0,0,0,0,0,0,0,0,0,0,0,0,3.01E-05,-0.000271035,-0.000938317,0.00011923,-0.000884855,-0.003980699,-0.004510721,-0.004435611,-0.004438164,-0.004330423,-0.005461703,-0.011131884,-0.023784824,-0.033045496,-0.036315564,-0.030529003,-0.003239422,0.000539726,0,0,0.000326968,-0.001276293,-0.024288331,-0.039022586,-0.02643207,0.011655025,0.018250853,0.017356907,0.017141459,0.016995455,0.041941789,0.149506865,0.382197781,0.556850643,0.620426011,0.50491556,0.05185179,-0.008794084,0,0,-0.009156284,0.0686807,0.401137868,0.296250936,0.404284331,0.742438317,0.799374975,0.79428908,0.809610754,0.795108847,0.789372089,0.827673267,0.834910114,0.796051317,0.765444836,0.852520391,0.11776706,-0.017198563,0,0,-0.011985294,0.075334882,0.648798032,0.72828159,0.714930947,0.699052134,0.698731384,0.660157714,0.516614702,0.457076151,0.335956972,0.175461185,0.129769778,0.049377383,-0.002798866,0.118303836,0.016980759,-0.002387663,0,0,-0.000176308,3.02E-05,0.018771656,0.033423525,0.032158544,0.03252186,0.033772076,0.021239962,-0.026836197,-0.037458216,-0.035748135,-0.022973621,-0.018024133,-0.009654723,-0.004177571,-0.016989523,-0.002406629,0.000342424,0,0,0.000119145,-0.000665484,-0.007164011,-0.008985226,-0.008819274,-0.008872038,-0.008998308,-0.007643314,-0.002498468,-0.001120302,-0.000243396,3.26E-05,0,0,0,0,0,0,0,0,0,0,0,0,0,0,0,0,0,0,0,0,0,0,0,0,0,0,0,0,0,0,0,0,0,0,0,0,0,0,0,0,0,0,0,0,0,0,0,0,0,0,0,0,0,0,0,0,0,0,0,0,0,0,0,0,0,0,0,0,0,0,0,0,0,0,0,0,0,0,0,0,0,0,0,0,0,0,0,0,0,0,0,0,0,0,0,0,0,0,0,0,0,0,0,0,0,0,0,0,0,0,0,0,0,0,0,0,0,0,0,0,0,0,0,0,0,0,0
0,0,0,0,0,0,0,0,0,0,0,0,0,0,0,0,0,0,0,0,0,0,0,0,0,2.79E-18,-3.18E-17,-1.03E-17,1.11E-18,0,0,0,0,0,0,0,0,0,0,0,0,0,0,0,0,-0.006262909,0.071397161,0.023249584,-0.002505164,0,0,0,0,0,0,0,0,0,0,0,0,0,0,0,0,-1.39E-18,1.59E-17,5.17E-18,-5.57E-19,0,0,0,0,0,0,3.83E-05,-0.000436581,-0.000142167,1.53E-05,0,0,0,0,0,0,0,0,0,0,0,0,0,0,1.65E-05,0.000226103,-0.00445915,-0.018340686,-0.003673719,0.000457516,0,0,0,0,0,0,0,0,0,0,0,1.58E-33,3.63E-18,6.11E-05,5.04E-05,-0.01281347,-0.016483405,0.208001447,0.057375769,-0.006448121,0,0,0,0,0,0,0,0,0,0,0,8.08E-05,-0.000489345,-0.013412111,-0.023614243,0.099409671,0.576025123,0.851812092,0.136489901,-0.018617409,0,0,0,0,0,0,0,0,0,0,0.00084383,-0.005951908,-0.034771734,0.077453663,0.516508007,0.904031854,1.041036121,0.764537915,0.067940679,-0.012496433,0,0,0,0,0,0,0,0,0.000155314,-0.000668403,-0.020612081,0.010549649,0.302056049,0.793641549,1.050507881,0.919128762,0.498380344,0.085472597,-0.005822225,-0.000500408,0,0,0,0,0,0,6.89E-05,-5.06E-05,-0.016417492,-0.031156539,0.15466665,0.619166735,0.985629562,1.001126958,0.741451951,0.246094312,-0.009675994,-0.012993617,0.000298092,7.66E-05,0,0,0,2.11E-18,-6.57E-18,0.000390625,-0.001899935,-0.027995472,0.059644192,0.393766714,0.894231618,1.052999302,0.888559436,0.340544413,-0.000430947,-0.018292688,-0.005966605,0.000379596,0,0,0,0,0.000117443,-0.000221658,-0.010632659,-0.024882387,-0.007025123,0.303858167,0.758576512,1.047310696,1.005456274,0.654116388,0.145762357,-0.02661391,-0.005011455,-0.000629289,0.000102022,0,0,0,0,0,-6.68E-05,-0.007330993,0.055674538,0.389097418,0.593419534,0.969994701,1.044504662,0.770954388,0.34575425,0.025912383,-0.026861879,0.000292489,0.000163059,0,0,0,0,0,0,0,-0.012640761,0.070613357,0.755414811,1.029360294,1.053805419,0.891976375,0.457157882,0.099328789,-0.031889723,-0.008288569,0.000458197,8.15E-06,0,0,0,0,0,0,0,0,-0.013066789,0.080715727,0.727952206,0.703675568,0.399290594,0.152661016,-0.022344788,-0.013929143,0.001053156,0,0,0,0,0,0,0,0,0,0,0,2.59E-05,-0.001347683,0.00965082,0.010503353,-0.023145153,-0.025184181,-0.001970772,0.000340074,0,0,0,0,0,0,0,0,0,0,0,0,6.03E-05,-0.000318271,-0.003853196,-0.003888736,-0.001133476,7.92E-05,0,0,0,0,0,0,0,0,0,0,0,0,0,0,0,0,0,0,0,0,0,0,0,0,0,0,0,0,0,0,0,0,0,0,0,0,0,0,0,0,0,0,0,0,0,0,0,0,0,0,0,0,0,0,0,0,0,0,0,0,0,0,0,0,0,0,0,0,0,0,0,0,0
0,0,0,0,0,0,0,0,0,0,0,0,0,0,0,0,0,0,0,0,0,0,0,0,0,0,0,0,0,0,0,0,0,0,0,0,0,0,0,0,0,0,0,0,0,0,0,0,0,0,0,0,0,0,0,0,0,0,0,0,0,0,0,0,0,0,0,0,0,0,0,0,0,0,0,0,0,0,0,0,0,0,0,0,0,0,0,0,0,0,0,0,0,0,0,0,0,0,0,0,0,0,0,0,0,0,0,6.21E-19,6.45E-18,-2.22E-16,-1.33E-16,7.95E-18,0,0,0,0,0,0,0,0,0,0,0,0,0,0,0,0.00028943,-0.001937636,-0.016247447,-0.003051811,0.000221609,0,0,0,0,0,0,0,0,0,0,0,0,0,0,0.000407647,-0.004804308,-0.021720493,0.358944023,0.175850013,-0.010710275,0,0,0,0,0,0,0,0,0,0,0.000209123,-0.00154565,-0.008164777,-0.013096814,-0.020728418,-0.031721852,0.324657714,0.840273046,0.101056458,-0.014052951,-0.005151798,-0.004465482,-0.002530944,-0.000421518,-0.00017356,8.87E-06,1.02E-06,0,0,0,-0.000920876,0.004014144,0.078454078,0.163868617,0.230695619,0.610082277,0.818065308,0.352232656,0.006120183,0.024420241,0.026185897,0.017726852,-0.006238154,-0.033092337,-0.025424377,-0.007165729,0.00039488,0,0,0,-0.037320533,0.310253574,0.933796467,1.02384501,1.024097801,1.039510653,0.889509055,0.640007557,0.784565581,0.885068679,0.887616213,0.813083333,0.599674139,0.345894574,0.213288841,0.017521571,-0.002646889,0,0,0,-0.020960417,0.176866183,0.484134174,0.47801411,0.466520952,0.404005119,0.394239754,0.501375528,0.487951491,0.482468546,0.482316338,0.482668607,0.535254187,0.914725065,0.905015404,0.58846395,-0.0172372,0,0,0,0.001752494,-0.014992917,-0.037075639,-0.035292895,-0.035396539,-0.03495388,-0.034855387,-0.035332335,-0.035294118,-0.035294118,-0.035294118,-0.036490461,-0.023719172,0.08434294,0.223706942,0.284471488,-0.006145116,0,0,0,4.89E-05,-0.000393689,-0.001443696,-0.001582244,-0.001479099,-0.001008248,-0.000876566,-0.00161186,-0.001552288,-0.001552288,-0.001552288,-0.00142259,-0.002813862,-0.015315394,-0.019647842,-0.017537334,0.000425517,0,0,0,0,0,0,0,0,0,0,0,0,0,0,0,0,0,0,0,0,0,0,0,0,0,0,0,0,0,0,0,0,0,0,0,0,0,0,0,0,0,0,0,0,0,0,0,0,0,0,0,0,0,0,0,0,0,0,0,0,0,0,0,0,0,0,0,0,0,0,0,0,0,0,0,0,0,0,0,0,0,0,0,0,0,0,0,0,0,0,0,0,0,0,0,0,0,0,0,0,0,0,0,0,0,0,0,0,0,0,0,0,0,0,0,0,0,0,0,0,0
0,0,0,0,0,0,0,0,0,0,0,0,0,0,0,0,0,0,0,0,0,0,0,0,0,0,0,0,0,0,0,0,0,0,0,0,0,0,0,0,0,0,0,0,0,0,0,0,0,0,0,0,0,0,0,0,0,0,0,0,0,0,0,0,0,0,0,0,0,0,0,0,0,0,0,0,0,0,0,0,0,0,0,0,0,0,0,0,0,0,0,0,0,0,0,0,0,0,0,0,0,0,0,0,0,0,0,0,0,0,0,0,0,0,0,0,0,0,0,0,0,0.00018893,-0.001093005,-0.010940564,-0.015925245,-0.005643212,0.000371732,0,0,0,0,0,0,0,0,0,0,0,0,0,0,-0.000713893,0.00296664,0.050723269,0.097659492,0.016030584,-0.014138437,-0.000521111,0.00015083,0,0,0,0,0,0,0,0,0,0,0,0,-0.015046467,0.099327738,0.771785965,0.88524777,0.460938011,0.049277778,-0.031791458,-0.037860158,-0.036495098,-0.036495098,-0.036495098,-0.036495098,-0.036803002,-0.032423713,-0.017195772,-0.008112388,0.000242143,5.72E-05,0,0,-0.009100286,0.037166748,0.661169628,1.029715039,0.9719399,0.769783292,0.610524965,0.591108047,0.593586601,0.593586601,0.593620302,0.59347195,0.596523948,0.515503166,0.238198427,0.084774237,-0.011063043,6.98E-05,0,0,0.000478962,-0.014561269,0.058300858,0.444686036,0.649475865,0.825958827,0.948052294,1.035457857,1.031756536,1.031756536,1.031650327,1.032103036,1.040887544,1.037091197,1.01980416,0.780810458,0.067780461,-0.012616762,0,0,2.45E-05,0.000524642,-0.006326746,-0.032901093,-0.010033633,0.098724605,0.253058018,0.38031233,0.37503268,0.37503268,0.372426641,0.384067421,0.578938164,0.688636506,0.681088031,0.709987251,0.102133066,-0.014676437,0,0,0,0,0,0.000440259,-0.002981941,-0.014946394,-0.03131058,-0.044780074,-0.044221597,-0.044221597,-0.044887591,-0.041900854,0.007799825,0.035506094,0.033141739,0.033832192,0.00475422,-0.000690453,0,0,0,0,0,0,0,0,0,0,0,0,7.66E-05,-0.0002665,-0.005986179,-0.00917756,-0.008905229,-0.009090754,-0.001277465,0.000185526,0,0,0,0,0,0,0,0,0,0,0,0,0,0,0,0,0,0,0,0,0,0,0,0,0,0,0,0,0,0,0,0,0,0,0,0,0,0,0,0,0,0,0,0,0,0,0,0,0,0,0,0,0,0,0,0,0,0,0,0,0,0,0,0,0,0,0,0,0,0,0,0,0,0,0,0,0,0,0,0,0,0,0,0,0,0,0,0,0,0,0,0,0,0,0,0,0,0,0,0,0,0,0,0,0,0,0,0,0,0,0,0,0,0,0,0,0,0,0,0,0
0,0,0,0,0,0,0,0,0,0,0,0,0,0,0,0,0,0,0,0,0,0,0,0,0,0,0,0,0,0,0,0,0,0,0,0,0,0,0,0,0,0,0,0,0,0,0,0,0,0,0,0,0,0,0,0,0,0,0,0,0,0,0,0,0,0,0,0,0,0,0,0,0,0,0,0,0,0,0,0,0,0,0,0,0,0,0,0,0,0,0,0,0,0,0,0,0,0,0,0,0,0,0,0,0,0,0,0,0,0,0,0,0,0,7.65E-18,-5.66E-17,-2.22E-16,-3.07E-17,4.41E-18,0,0,0,0,0,0,0,0,0,0,0,0,6.81E-06,9.99E-05,-0.001335444,-0.006869894,-0.018214359,-0.020573597,-0.002728181,0.000405093,0,0,0,0,0,0,0,0,0,0,0.000440259,-0.002920794,-0.015812645,-0.026194053,-0.031597469,0.004995822,0.182562608,0.40909932,0.058480292,-0.008316178,0,0,3.42E-05,-0.000136511,-0.002464205,-0.004720231,-0.004641697,-0.009493209,-0.013569208,-0.01492453,-0.040537684,-0.016249217,0.105050926,0.192121194,0.411186155,0.630768416,0.972916462,0.878962674,0.090598834,-0.015276416,0,0,0.000356243,-0.003682025,-0.007676454,0.021017957,0.017986469,0.10241328,0.172890034,0.197695585,0.58511729,0.746201338,0.831490094,0.916353814,1.024585359,1.004878132,0.623924905,0.141725933,0.001247758,-0.001612371,0,0,-0.010011574,0.058601158,0.572127128,0.812207533,0.844396633,0.921831001,0.99702329,1.010050603,1.05582324,1.038132932,0.95740511,0.780544634,0.549819138,0.187780824,-0.002402659,-0.025344601,-0.001124597,0.000297181,0,0,-0.016308041,0.108447016,0.836436087,0.790776944,0.755065972,0.756660539,0.736982356,0.577666973,0.49993716,0.410745438,0.29927771,0.012212999,-0.038477516,-0.014391799,-0.002932802,0.000150991,8.56E-06,0,0,0,-0.001160267,0.006503969,0.070892697,0.065147416,0.053992907,0.055983246,0.050959222,-0.001154305,-0.02260237,-0.030435266,-0.022708257,-0.007428167,0.000448412,0,0,0,0,0,0,0,0.000236588,-0.001470079,-0.013096575,-0.012352771,-0.011151961,-0.011366422,-0.010825078,-0.005215993,-0.002833435,-0.00143893,-0.001106516,0.000122294,0,0,0,0,0,0,0,0,0,0,0,0,0,0,0,0,0,0,0,0,0,0,0,0,0,0,0,0,0,0,0,0,0,0,0,0,0,0,0,0,0,0,0,0,0,0,0,0,0,0,0,0,0,0,0,0,0,0,0,0,0,0,0,0,0,0,0,0,0,0,0,0,0,0,0,0,0,0,0,0,0,0,0,0,0,0,0,0,0,0,0,0,0,0,0,0,0,0,0,0,0,0,0,0,0,0,0,0,0,0,0,0,0,0,0,0,0,0,0,0,0,0,0,0,0,0,0
0,0,0,0,0,0,0,0,0,0,0,0,0,0,0,0,0,0,0,0,0,0,0,0,0,0,0,0,0,0,0,0,0,0,0,0,0,0,0,0,0,0,0,0,0,0,0,0,0,0,0,0,0,0,0,0,0,0,0,0,0,0,0,0,0,0,0,0,0,0,0,0,0,0,0,0,0,0,0,0,0,0,0,0,0,0,0,0,0,0,0,0,0,0,0,0,0,0,0,0,0,0,0,2.80E-19,8.49E-18,-1.18E-16,-3.49E-16,-5.49E-17,7.05E-18,0,0,0,0,0,0.00010723,0.001488885,-0.029117732,-0.008900728,0.000974435,0,0,0,0,0.000162377,-0.001510417,-0.018522263,-0.018298952,-0.002198918,0.000323393,0,0,0,0,0,-0.000609681,-0.021453993,0.313625323,0.098824192,-0.010735805,0,0,0,2.93E-05,-0.000553381,-0.021196038,0.262123979,0.553953807,0.083061587,-0.010916459,0,0,0,0,5.38E-05,-0.014052118,0.060611777,0.7588033,0.174435877,-0.020715116,0,0,1.94E-05,0.000304207,-0.022679075,0.250949551,0.919139127,0.599525565,0.051648526,-0.01223349,-0.004258578,-0.006196946,-0.010022314,-0.017907393,-0.030790594,-0.065873536,0.274211516,0.914088235,0.119496097,-0.017600933,0,0,0.000462282,-0.014827565,0.049048935,0.726337384,0.426348975,-0.024313368,-0.029936883,0.001552934,0.021278084,0.057003455,0.126534654,0.280494171,0.518903867,0.648334678,0.804161016,0.995612694,0.130782581,-0.019478826,0,0,-0.007554977,0.024356376,0.614280484,0.847953942,0.461870455,0.447393808,0.496433373,0.629973243,0.741408973,0.81171104,0.859468512,0.775681943,0.626763838,0.58334695,0.828779548,0.644557156,0.013458328,-0.006909552,0,0,-0.01732707,0.118581387,0.861682173,0.743294798,0.652337554,0.710839222,0.581392762,0.471815904,0.361162003,0.257155705,0.198661646,0.070469457,-0.034043386,-0.032293522,0.343818576,0.246423135,-0.019498186,-0.000620915,0,0,-0.001878236,0.013214795,0.091602156,0.053109178,0.013895428,0.03160022,-0.01104828,-0.032651543,-0.042875341,-0.030797766,-0.02511516,-0.011609664,-0.000381966,0.000470119,-0.002181271,-0.007415617,-0.000571147,0.000110065,0,0,0.000302968,-0.002090212,-0.015029616,-0.011004732,-0.006841129,-0.008761574,-0.004193334,-0.0015625,0.000153186,0,0,0,1.63E-05,-5.14E-05,-0.003107128,-0.001786833,0.000199747,0,0,0,0,0,0,0,0,0,0,0,0,0,0,0,0,0,0,0,0,0,0,0,0,0,0,0,0,0,0,0,0,0,0,0,0,0,0,0,0,0,0,0,0,0,0,0,0,0,0,0,0,0,0,0,0,0,0,0,0,0,0,0,0,0,0,0,0,0,0,0,0,0,0,0,0,0,0,0,0,0,0,0,0,0,0,0,0,0,0,0,0,0,0,0,0,0,0,0,0,0,0,0,0,0,0,0,0,0,0,0,0,0,0,0,0,0,0,0,0,0,0
0,0,0,0,0,0,0,0,0,0,0,0,0,0,0,0,0,0,0,0,0,0,0,0,0,0,0,0,0,0,0,0,0,0,0,0,0,0,0,0,0,0,0,0,0,0,0,0,0,0,0,0,0,0,0,0,0,0,0,0,0,0,0,0,0,0,0,0,0,0,0,0,0,0,0,0,0,0,0,0,0,0,0,0,0,0,0,0,0,0,0,0,0,0,0,0,0,0,0,0,0,0,0,0,0,0,0,0,0,0,0,0,0,0,0,0,0,0,0,0,0,0,0,0,0,0,0,0,0,0,0,0,0,0,0,0,0,0,0,0,0,0,0,0,0,0,0,0,0,0,0,0,0,0.000626147,-0.009522645,-0.025019771,-0.025645917,-0.01252293,0.000521789,0,0,0,0.00078146,-0.006277114,-0.023967678,-0.020171569,-0.005426471,-0.00625,-0.00625,-0.00625,-0.00625,-0.005857843,-0.008018375,-0.039350592,0.045135655,0.192343682,0.19734072,0.084034198,-0.004012289,0,0,0,-0.0123774,0.100104116,0.370024357,0.29108558,0.024622549,0.039583333,0.039583333,0.039583333,0.039583333,0.03245915,0.071239197,0.533030484,0.817950929,0.908095792,0.940782271,0.691984343,-0.019262663,0,0,0,-0.034956993,0.28452805,0.982291003,1.020180419,0.957507302,0.960416667,0.959764348,0.970348669,0.985656233,0.992847307,1.019060271,1.037211669,0.941084576,0.883855903,0.786726716,0.272117474,-0.015406454,0,0,0,0.00194937,-0.044666871,0.399268382,0.828950674,1.041089308,1.027083333,1.034519761,0.913858507,0.739352277,0.648249847,0.452876361,0.380317487,0.223178088,0.161393314,0.000637017,-0.023340569,0.000911458,0,0,0,0,-0.000243366,-0.00267753,0.072066671,0.147967317,0.143451143,0.145872722,0.106580908,0.049755157,0.020067517,-0.045981007,-0.046097998,-0.028304594,-0.021739839,-0.004800457,0.000624845,0,0,0,0,0,0.000261438,-0.003586942,-0.013343205,-0.021319955,-0.020833333,-0.021094261,-0.016860532,-0.010737507,-0.007538637,-0.000489177,0.000108932,0,0,0,0,0,0,0,0,0,0,0,0,0,0,0,0,0,0,0,0,0,0,0,0,0,0,0,0,0,0,0,0,0,0,0,0,0,0,0,0,0,0,0,0,0,0,0,0,0,0,0,0,0,0,0,0,0,0,0,0,0,0,0,0,0,0,0,0,0,0,0,0,0,0,0,0,0,0,0,0,0,0,0,0,0,0,0,0,0,0,0,0,0,0,0,0,0,0,0,0,0,0,0,0,0,0,0,0,0,0,0,0,0,0,0,0,0,0,0,0,0,0,0,0,0,0
0,0,0,0,0,0,0,0,0,0,0,0,0,0,0,0,0,0,0,0,0,0,0,0,0,0,0,0,0,0,0,0,0,0,0,0,0,0,0,0,0,0,0,0,0,0,0,0,0,0,0,0,0,0,0,0,0,0,0,0,0,0,0,0,0,0,0,0,0,0,0,0,0,0,0,0,0,0,0,0,0,0,0,0,0,0,0,0,0,0,0,0,0,0,0,0,0,0,0,0,0,3.32E-18,-1.49E-17,-2.39E-16,-2.06E-16,-3.32E-19,9.96E-19,0,0,0,0,0,0,0,0,0,0,0,0,0,0,0.000434028,-0.002988565,-0.021267361,-0.021222426,-0.017936751,-0.010221439,-0.008957374,0.000217865,0,0,0,0,0,0,0,0,0,0,0,0,-0.006717181,0.037322117,0.413595281,0.395165539,0.11885733,0.043691808,0.032609492,-0.046177082,-0.044764176,-0.026499124,-0.024890547,-0.02504586,-0.024968815,-0.025996087,-0.034748278,-0.010234397,0.001249689,0,0,0,-0.021982741,0.152375718,1.077791513,0.87729519,0.920985277,0.719781658,0.688264696,0.366701423,0.37865751,0.206303275,0.191124285,0.192589869,0.191862847,0.201556475,0.284144642,0.051913228,-0.018068413,0.000911458,0,0,-0.009378064,0.046679609,0.610433177,0.851674513,1.022325231,1.05119967,1.036047671,1.014126208,1.018013838,0.89675577,0.886076746,0.887107843,0.886596354,0.893416207,0.951030076,0.809383068,0.096927663,-0.01521344,0,0,0.0003782,-0.013050936,0.060807938,0.349172113,0.618378728,0.860217167,1.032096021,1.059834967,1.056430453,1.066699176,1.050284041,1.03106683,1.018193968,1.017962316,1.014363545,1.017461652,0.138710764,-0.020422964,0,0,3.27E-05,0.000399902,-0.00641202,-0.027105647,-0.0101763,0.141936445,0.399341191,0.431968614,0.421495098,0.460923203,0.661837725,0.879583231,1.026993975,1.020833333,1.042389621,0.796359018,0.066417034,-0.012644846,0,0,0,0,0,0.00046961,-0.002843749,-0.019727691,-0.046956107,-0.050413762,-0.051715788,-0.038876524,0.026548755,0.088524758,0.229723989,0.20273613,0.141102737,0.096700349,0.004381236,-0.001243325,0,0,0,0,0,0,0,0,0,0,0.000196078,-0.001187364,-0.008236996,-0.015877189,-0.021049496,-0.020833333,-0.02137374,-0.01510672,-0.00098243,0.000217865,0,0,0,0,0,0,0,0,0,0,0,0,0,0,0,0,0,0,0,0,0,0,0,0,0,0,0,0,0,0,0,0,0,0,0,0,0,0,0,0,0,0,0,0,0,0,0,0,0,0,0,0,0,0,0,0,0,0,0,0,0,0,0,0,0,0,0,0,0,0,0,0,0,0,0,0,0,0,0,0,0,0,0,0,0,0,0,0,0,0,0,0,0,0,0,0,0,0,0,0,0,0,0,0,0,0,0,0,0,0,0,0,0,0,0,0,0,0,0,0,0
0,0,0,0,0,0,0,0,0,0,0,0,0,0,0,0,0,0,0,0,0,0,0,0,0,0,0,0,0,0,0,0,0,0,0,0,0,0,0,0,0,0,0,0,0,0,0,0,0,0,0,0,0,0,0,0,0,0,0,0,0,0,0,0,0,0,0,0,0,0,0,0,0,0.000213542,-0.002222069,-0.019634957,-0.023347631,-0.001939434,0.000364073,0,0,0,0,0,0,0,0,0,0,0,0,0,0.000264156,-0.003956904,7.82E-05,0.283746528,0.352246341,0.025757307,-0.005198461,0,0,0,0,0,0,0,0,0,0,0,1.75E-31,0.000519131,-0.004949961,-0.041430556,0.437378064,0.960867545,0.975887102,0.127213781,-0.019080712,0,0,0,0,0,0,0,0,0,0,1.53E-05,0.000571044,-0.013732298,0.006205855,0.371787429,0.879278527,1.045444138,0.772082244,0.060421151,-0.011941551,0,0,0,0,0,0,0,0,0,0.000134524,-6.96E-05,-0.032680945,0.007211216,0.465370314,0.971133175,1.030561534,0.962059843,0.338228585,-0.034257134,-0.000499028,0,0,0,0,0,0,3.11E-20,5.87E-05,-0.000350016,-0.003938623,-0.020728367,0.200795735,0.644348278,1.00627096,1.007231481,0.825102397,0.350657986,0.034734562,-0.007119563,0.000102124,0,0,0,0,0,0,8.76E-18,5.09E-05,-0.011596976,-0.008391408,0.28641345,0.858998383,1.043240111,0.950554299,0.601799769,0.230022297,-0.022646974,-0.006359358,0.000631854,0,0,0,0,0,0,0,0.000425517,-0.017021889,0.139370032,0.61861797,0.906159518,1.028993566,0.980177373,0.536071518,0.034943338,-0.013862949,-0.003806985,0.000229779,0,0,0,0,0,0,9.55E-05,-0.00057564,-0.017972154,0.01230239,0.656335674,1.055843597,1.02391076,0.928378387,0.532900906,0.003208933,-0.013090499,-0.000669118,0.000120404,0,0,0,0,0,0,0.000888451,-0.007353502,-0.031708349,0.038844863,0.506179018,0.97775289,0.809374363,0.586414503,0.192516765,0.016649444,-0.005228854,0.000155416,0,0,0,0,0,0,0,0.000301777,-0.009268018,0.033518604,0.322706053,0.804193679,1.052590771,0.716216556,0.038789914,-0.02041939,-0.017498638,-0.006892191,0.000122804,5.62E-05,0,0,0,0,0,0,0,-0.003941483,-0.000471088,0.417785046,0.963051266,1.053661816,0.846084984,0.158363329,-0.021917126,-3.15E-05,6.81E-06,2.55E-06,0,0,0,0,0,0,0,0,0,-0.020795377,0.141621978,1.035889485,1.001545735,0.667063181,0.189847188,-0.025879381,-0.000684062,0,0,0,0,0,0,0,0,0,0,0,0,-0.016421058,0.115413711,0.801387119,0.488043845,0.014997413,-0.019813215,0.000327698,0.00010672,0,0,0,0,0,0,0,0,0,0,0,0,-0.001377339,0.010107505,0.065295901,7.97E-05,-0.008621948,0.000404182,0,0,0,0,0,0,0,0,0,0,0,0,0,0,0.000260417,-0.001862439,-0.012567572,-0.004587929,0.000240332,1.43E-05,0,0,0,0,0,0,0,0,0,0,0,0,0,0,0,0,0,0,0,0,0,0,0,0,0,0,0,0,0,0,0,0,0
0,0,0,0,0,0,0,0,0,0,0,0,0,0,0,0,0,0,0,0,0,0,0,0,0,0,0,0,0,0,0,0,0,0,0,0,0,0,0,0,0,0,0,0,0,0,0,0,0,0,0,0,0,0,0,0,0,0,0,0,0,0,0,0,0,0,0,0,0,0,0,0,0,0,0,0,0,0,0,0,0,0,0,0,0,0,0,0,0,0,0,0,0,0,0,0,0,0,0,0,0,0,0,0,0,0,0,0,0,0,0,0,0,0,0,0,0,0,0,0,0,0,0,0,0,0,0,0,0,0,0,0,0,0,0,0,0,0,0,0,0,0,0,0,0,0,0,0,0,0,0,0,0,0,0,0,0,0,0,0,0,0.00041105,-0.002655467,-0.02219807,-0.014194496,-0.009969516,-0.010452717,-0.009976458,-0.014094261,-0.025390778,-0.02717979,-0.02681296,-0.027146723,-0.037164318,-0.044173866,-0.044033701,-0.037138787,-0.003896447,0.000653084,0,0,-0.006321657,0.041254484,0.339396344,0.183847001,0.107928564,0.116666224,0.108179701,0.182820942,0.388081495,0.420703925,0.413841656,0.420021147,0.601761523,0.734651552,0.731897008,0.622279973,0.067661174,-0.01113477,0,0,-0.018107809,0.116917625,0.955678768,1.001175245,0.980566738,0.982737371,0.979637975,0.990222767,1.0129247,1.014378762,1.023870081,1.037889439,1.061226154,1.029961857,1.039160607,0.794563317,0.055199085,-0.011707687,0,0,-0.004295684,0.012483898,0.347955882,0.712372464,0.760099826,0.753072883,0.750851576,0.752465959,0.750020425,0.755544407,0.670510876,0.49987954,0.491361656,0.392325283,0.379318491,0.317337367,0.008957798,-0.003584729,0,0,0.000458603,-0.003800935,-0.019819361,0.038530686,0.058715758,0.056349007,0.056028,0.056349007,0.056270484,0.058482176,0.030259417,-0.024985959,-0.028755503,-0.029942012,-0.030975653,-0.022472891,-0.002055916,0.000372488,0,0,6.81E-06,0.000152868,-0.001735941,-0.009600184,-0.011646752,-0.011394676,-0.011348056,-0.011394676,-0.011383272,-0.011612711,-0.008586091,-0.00262491,-0.002259157,-0.001320466,-0.001130685,-0.001194513,6.68E-05,5.11E-06,0,0,0,0,0,0,0,0,0,0,0,0,0,0,0,0,0,0,0,0,0,0,0,0,0,0,0,0,0,0,0,0,0,0,0,0,0,0,0,0,0,0,0,0,0,0,0,0,0,0,0,0,0,0,0,0,0,0,0,0,0,0,0,0,0,0,0,0,0,0,0,0,0,0,0,0,0,0,0,0,0,0,0,0,0,0,0,0,0,0,0,0,0,0,0,0,0,0,0,0,0,0,0,0,0,0,0,0,0,0,0,0,0,0,0,0,0,0,0,0,0
0,0,0,0,0,0,0,0,0,0,0,0,0,0,0,0,0,0,0,0,0,0,0,0,0,0,0,0,0,0,0,0,0,0,0,0,0,0,0,0,0,0,0,0,0,0,0,0,0,0,0,0,0,0,0,0,0,0,0,0,0,0,0,0,0,0,0,0,0,0,0,0,0,0,0,0,0,0,0,0,0,0,0,0,0,0,0,0,0,0,0,0,0,0,0,0,0,0,0,0,0,0,0,0,0,0,0,0,0,0,0,0,0,0,0,0,0,0,0,0,0,0,0,0,0,0,0,0,0,0,0,0,0,0,0,0,0,0,0,0,0,0,0,0,0,0,0,0,0,0,0,0,0,0,0,0,0,0,0,0,0,0.000118464,-0.000881741,-0.00510912,-0.005603962,-0.016802696,-0.02995864,-0.034587308,-0.034077104,-0.037041769,-0.036922794,-0.036781863,-0.036779432,-0.036910948,-0.037125613,-0.02959135,-0.01133124,-0.000117097,0.000119485,0,0,-0.001102601,0.008553361,0.044383953,0.040950759,0.234840125,0.473807445,0.563667366,0.548878234,0.602829078,0.611358915,0.615218954,0.616068155,0.625439781,0.623637408,0.474872464,0.137423986,-0.006147069,-0.000886949,0,0,-0.016078942,0.116615966,0.725367953,0.839671449,0.997795411,1.029453125,0.986499446,1.033615639,1.039173237,0.946130872,0.887176113,0.879246124,0.819252928,0.870985822,0.952546126,0.896029684,0.102818016,-0.0164231,0,0,-0.003789828,0.023856651,0.197640506,0.34846635,0.394204027,0.386239532,0.315101012,0.385352465,0.383289897,0.246733779,0.168932938,0.157764801,0.068056202,0.125311019,0.408631502,0.710022689,0.068145968,-0.011740366,0,0,0.000476948,-0.003088832,-0.024237088,-0.040269047,-0.045879499,-0.045316131,-0.037842567,-0.045271697,-0.045108638,-0.030653459,-0.02238433,-0.02120038,-0.011711712,-0.02418552,0.005735498,0.037541886,-0.00442578,4.69E-05,0,0,0,0,0,0,0,0,0,0,0,0,0,0,0,0.000520833,-0.004345384,-0.009449891,-0.00025478,0.000102124,0,0,0,0,0,0,0,0,0,0,0,0,0,0,0,0,0,0,0,0,0,0,0,0,0,0,0,0,0,0,0,0,0,0,0,0,0,0,0,0,0,0,0,0,0,0,0,0,0,0,0,0,0,0,0,0,0,0,0,0,0,0,0,0,0,0,0,0,0,0,0,0,0,0,0,0,0,0,0,0,0,0,0,0,0,0,0,0,0,0,0,0,0,0,0,0,0,0,0,0,0,0,0,0,0,0,0,0,0,0,0,0,0,0,0,0,0,0,0,0,0
0,0,0,0,0,0,0,0,0,0,0,0,0,0,0,0,0,0,0,0,0,0,0,0,0,0,0,0,0,0,0,0,0,0,0,0,0,0,0,0,0,0,0,0,0,0,0,0,0,0,0,0,0,0,0,0,0,0,0,0,0,0,0,0,0,0,0,0,0,0,0,0,0,0,0,0,0,0,0,0,0,0,0,0,0,0,0,0,0,0,0,0,0,0,0,0,0,0,0,0,0,0,0,0,0,0,0,0,0,0,0,0,0,0,0,0,0,0,0,0,0,0,0,0,0,0,0,0,0,0,0,0,0,0,0,0,0,0,0,0,0,0,0,0,0.00046961,-0.003434838,-0.013401003,-0.015810687,-0.033065101,-0.036530105,-0.036332396,-0.036191757,-0.036189332,-0.036291223,-0.03695365,-0.03191309,-0.007613224,0.000623624,2.85E-05,0,0,0.000418199,-0.002889354,-0.020321589,-0.024503881,-0.003246187,0.082698325,0.105720024,0.268610158,0.301286492,0.29930239,0.298116217,0.29809576,0.298955133,0.305233354,0.257021514,0.035737098,-0.00943872,0.000347052,0,0,-0.006289318,0.043851097,0.301854592,0.291449261,0.615594584,0.820578176,0.827604579,0.960937619,0.995019795,0.995936887,0.99253268,0.992475966,0.994971439,0.998805249,0.953974163,0.635909995,0.051668654,-0.010047147,0,0,-0.019628949,0.132069422,0.988850184,1.004181577,0.900053888,0.984395357,1.014708141,0.823417671,0.726554194,0.727902522,0.72497355,0.724905392,0.72685929,0.727131366,0.9098237,1.012708623,0.134449625,-0.01997498,0,0,-0.006056304,0.036895051,0.339011285,0.386458929,0.194489362,0.2950072,0.344640251,0.093104967,-0.041742732,-0.045077972,-0.043394914,-0.043390964,-0.045994996,-0.051635978,0.533972188,0.714314577,0.038597947,-0.009401382,0,0,0.000729689,-0.0045167,-0.040216461,-0.045140842,-0.025072357,-0.035887245,-0.041129917,-0.014465778,-0.000178957,0.000154091,0,0,-0.000513381,-0.003128983,0.139104959,0.120525288,-0.011017974,-0.000169174,0,0,0,0,0,0,0,0,0,0,0,0,0,0,3.57E-05,0.000282203,-0.010027574,-0.011774237,1.43E-05,0.000102124,0,0,0,0,0,0,0,0,0,0,0,0,0,0,0,0,0,0,0,0,0,0,0,0,0,0,0,0,0,0,0,0,0,0,0,0,0,0,0,0,0,0,0,0,0,0,0,0,0,0,0,0,0,0,0,0,0,0,0,0,0,0,0,0,0,0,0,0,0,0,0,0,0,0,0,0,0,0,0,0,0,0,0,0,0,0,0,0,0,0,0,0,0,0,0,0,0,0,0,0,0,0,0,0,0,0,0,0,0,0,0,0,0,0,0,0,0,0,0,0,0
0,0,0,0,0,0,0,0,0,0,0,0,0,0,0,0,0,0,0,0,0,0,0,0,0,0,0,0,0,0,0,0,0,0,0,0,0,0,0,0,0,0,0,0,0,0,0,0,0,0,0,0,0,0,0,0,0,0,0,0,0,0,0,0,0,0,0,0,0,0,0,0,0,0,0,0,0,0,0,0,0,0,0,0,0,0,0,0,0,0,0,0,0,0,0,0,0,0,0,0,0,0,0,0,0,0,0,0,0,0,0,0,0,1.60E-18,-1.37E-18,0.000542535,-0.006184896,-0.029833,0.000217014,0,0,0,0,0,0,0,0,0,0,0,0,1.36E-05,0.000293506,-0.003606175,-0.014804432,-0.027067759,0.058157935,0.337520213,-0.002325878,0,0,0,0,0,0,0,0,0,0,0,6.33E-18,0.00071746,-0.015191538,-0.013876931,0.090738623,0.518860914,0.805433057,0.732713489,-0.016919578,0,0,0,0,0,3.68E-06,2.75E-05,-0.000611162,-0.001820961,-0.006370864,-0.004831393,-0.007399101,-0.036397059,0.067854806,0.501487932,0.868266663,0.735383255,0.357125987,0.059732142,-0.004133476,0,0,0,0,2.76E-06,0.000196385,-0.001559113,-0.012688334,-0.012723849,0.064141953,0.04001988,0.069038977,0.448017736,0.809744473,0.854982792,0.437543199,0.038579402,-0.026097478,-0.007671484,0.0003702,0,0,0,1.02E-05,0.000838167,-0.016429143,-0.039065887,0.194962674,0.463635978,0.619878847,0.493977822,0.868083691,0.897048373,0.551317619,0.079379919,-0.024506008,-0.011958367,-0.000669322,0.000139415,0,0,0,0,0.000666504,-0.016566738,0.138746119,0.534403305,0.822613086,1.00592395,0.955403152,0.961536152,0.500809045,0.199479065,-0.021960937,-0.011166275,-0.001102379,6.81E-05,5.21E-06,0,0,0,0,0,-0.027394317,0.217500561,0.851566929,1.033749032,0.967129109,0.857263977,0.532165118,0.162520365,-0.021491073,-0.028713617,-0.001110564,0.000334271,0,0,0,0,0,0,0,0,-0.022302393,0.191276382,0.468191211,0.41012723,0.257373706,0.102917907,-0.017292688,-0.01884072,-0.002972324,0.000242034,0,0,0,0,0,0,0,0,0,0,0.001956708,-0.016748366,-0.041556883,-0.03761957,-0.024371936,-0.010837478,-0.000327648,6.38E-05,0,0,0,0,0,0,0,0,0,0,0,0,0,0,0,0,0,0,0,0,0,0,0,0,0,0,0,0,0,0,0,0,0,0,0,0,0,0,0,0,0,0,0,0,0,0,0,0,0,0,0,0,0,0,0,0,0,0,0,0,0,0,0,0,0,0,0,0,0,0,0,0,0,0,0,0,0,0,0,0,0,0,0,0,0,0,0,0,0,0,0,0,0,0,0,0,0,0,0,0,0,0,0,0,0,0,0,0,0,0
0,0,0,0,0,0,0,0,0,0,0,0,0,0,0,0,0,0,0,0,0,0,0,0,0,0,0,0,0,0,0,0,0,0,0,0,0,0,0,0,0,0,0,0,0,0,0,0,0,0,0,0,0,0,0,0,0,0,0,0,0,0,0,0,0,0,0,0,0,0,0,0,0,0,0,0,0,0,0,0,0,0,0,0,0,0,0,0,0,0,0,0,0,0,0,0,0,0,0,0,0,0,0,0,0,0,0,0,0,0,0,0,5.59E-18,8.55E-05,-0.000449772,-0.014359086,-0.010600916,-0.011846405,0.0001234,0,0,0,0,0,0,0,0,0,0,0,0,0.000224673,-0.001106763,-0.015732996,-0.015844141,0.149097818,0.11531633,0.132737489,-0.001311445,0,0,0,0,0,0,0,0,0,0,0,0.00102931,-0.012828666,-0.0380958,0.125446119,0.528813797,0.818030163,0.816126024,0.619192907,-0.016024112,0,0,0,0.00037422,-0.00353125,-0.002484375,0.00028125,1.33E-05,3.06E-07,-0.001017259,-0.008088286,-0.037873094,0.0559327,0.38609185,0.871004766,0.864930181,0.486825453,0.147942538,0.061140071,-0.002667143,0,0,0,-0.006798337,0.064151042,0.045132813,-0.005109375,0.000516408,-0.013110044,-0.023933126,0.08257661,0.431709406,0.72452531,1.025381269,0.720779514,0.147387357,0.012191517,-0.017732333,-0.005778827,0.00023829,0,0,0,-0.000769231,0.007258681,0.005106771,9.21E-05,-0.014022927,0.075863618,0.39617116,0.800447729,1.038911816,0.920423288,0.514326651,0.038179194,-0.023920956,-0.006644914,0.000441176,0,0,0,0,0,0.000384412,-0.002726682,-0.017469312,-0.028056253,0.046633051,0.608809109,1.032587486,0.915624813,0.544713423,0.219003387,-0.024422262,-0.008639536,0.00010723,4.60E-05,0,0,0,0,0,0,-0.002751188,0.009855557,0.256871119,0.673304543,0.909465387,0.941173233,0.68855151,0.186613978,-0.020633331,-0.022545809,-0.000951454,0.0002665,0,0,0,0,0,0,0,0,-0.031914313,0.25632227,0.969610039,0.856210035,0.637635229,0.292225874,-0.008832806,-0.018990077,-0.004435423,-0.000426368,1.38E-05,5.11E-06,0,0,0,0,0,0,0,0,-0.025990787,0.225807938,0.517989788,0.160642174,0.002402761,-0.016043696,-0.002606294,0.000202121,0,0,0,0,0,0,0,0,0,0,0,0,0.000679956,-0.005751123,-0.015429126,-0.019638378,-0.006301164,-0.001106151,0.000153186,0,0,0,0,0,0,0,0,0,0,0,0,0,9.54E-05,-0.000827512,-0.001946998,-0.000175858,1.75E-05,0,0,0,0,0,0,0,0,0,0,0,0,0,0,0,0,0,0,0,0,0,0,0,0,0,0,0,0,0,0,0,0,0,0,0,0,0,0,0,0,0,0,0,0,0,0,0,0,0,0,0,0,0,0,0,0,0,0,0,0,0,0,0,0,0,0,0,0,0,0,0,0,0
0,0,0,0,0,0,0,0,0,0,0,0,0,0,0,0,0,0,0,0,0,0,0,0,0,0,0,0,0,0,0,0,0,0,0,0,0,0,0,0,0,0,0,0,0,0,0,0,0,0,0,0,0,0,0,0,0,0,0,0,0,0,0,0,0,0,0,0,0,0,0,0,0,0,0,0,0,0,0,0,0,0,0,0,0,0,0,0,0,0,0,0,0,0,0,0,0,0,0,0,0,0,0,0,0,0,0,0,0,0,0,0,0,0,0,0,0,0,0,0,0,0,0,0,0,0,0,0,0,0,0,0,0,0,0,0,0,0,0,0,0,0,0,0,0,0,0,0,0,0,0,0,0,0,0,0,0,0,0,0,0,0,0.000610248,-0.005035743,-0.016256076,-0.014622294,-0.006586091,-0.005519751,-0.005647774,-0.005426215,-0.009803564,-0.019887868,-0.017178162,-0.018731464,-0.028343801,-0.030200572,-0.029573683,-0.022503414,0.000597937,0,0,0,-0.0092324,0.076492307,0.242562023,0.197701559,0.051613051,0.03032622,0.034435134,0.034747106,0.123194887,0.304627757,0.255460472,0.283413143,0.461856226,0.506992102,0.505504034,0.396731296,-0.010269778,0,0,0,-0.033149077,0.274120404,0.85201508,0.970544203,0.929397825,0.930542528,0.922858524,0.889310917,0.83141316,0.887602839,0.880356963,0.885887953,0.873349911,0.768115707,0.632409007,0.269200858,-0.012096099,0,0,0,-0.001028495,-5.64E-05,0.156580389,0.362844056,0.425160114,0.570067092,0.458998077,0.347952461,0.22213254,0.214267667,0.215625535,0.218714154,0.16711169,0.035470588,-0.021716708,-0.017920081,0.000692402,0,0,0,0.000292896,-0.001548245,-0.020813664,-0.043499501,-0.038166962,-0.003483835,-0.029963312,-0.042460662,-0.027353145,-0.026919408,-0.027002568,-0.027357221,-0.022074518,-0.008064082,-0.001468754,0.000205027,0,0,0,0,0,0,0,8.08E-05,-0.000856992,-0.004920305,-0.001811002,0.000161697,0,0,0,0,0,0,0,0,0,0,0,0,0,0,0,0,0,0,0,0,0,0,0,0,0,0,0,0,0,0,0,0,0,0,0,0,0,0,0,0,0,0,0,0,0,0,0,0,0,0,0,0,0,0,0,0,0,0,0,0,0,0,0,0,0,0,0,0,0,0,0,0,0,0,0,0,0,0,0,0,0,0,0,0,0,0,0,0,0,0,0,0,0,0,0,0,0,0,0,0,0,0,0,0,0,0,0,0,0,0,0,0,0,0,0,0,0,0,0,0,0,0,0,0,0,0,0,0,0,0
0,0,0,0,0,0,0,0,0,0,0,0,0,0,0,0,0,0,0,0,0,0,0,0,0,0,0,0,0,0,0,0,0,0,0,0,0,0,0,0,0,0,0,0,0,0,0,0,0,0,0,0,0,0,0,0,0,0,0,0,0,0,0,0,0,0,0,0,0,0,0,0,0,0,0,0,0,0,0,0,0,0,0,0,0,0,0,0,0,0,0,0,0,0,0,0,0,0,0,0,0,0,0,0,0,0,0,0,0,0,0,0,0,0,0,0,0,0,0,0,0,0,0,0,0,0,0,0,0,0,0,0,0,0,0,0,0,0,0,0,0,0.000252741,-0.000558943,-0.022423872,-0.039828788,-0.020639191,-0.00263381,0.000400291,0,0,0,0,0,0,0,0,0,0,0,0,0,-0.001767599,0.001586105,0.176551113,0.334187755,0.151738698,-0.018642685,-0.048013279,-0.037068679,-0.028096099,-0.022393791,-0.013342065,-0.012461783,-0.003517106,-0.001279105,1.63E-05,6.28E-06,0,0,0,0,-0.012741013,0.07038115,0.7720761,0.998341776,0.884966673,0.771369707,0.76530137,0.634221371,0.452009719,0.338744826,0.169128574,0.153833211,0.005187074,-0.02195384,-0.036053836,-0.016264348,-3.39E-05,0.00015625,0,0,-0.003864039,0.013259243,0.302273097,0.47146732,0.68812997,0.752822985,0.749358652,0.765311598,0.916784399,0.988275752,1.010040799,0.989379781,0.703741898,0.4264415,0.262385161,0.092087248,-0.006283733,-0.000393008,0,0,0.0002548,-0.000947322,-0.019318525,-0.029620864,-0.04072692,-0.043543556,-0.049201724,-0.003387885,0.235913484,0.386238732,0.532780961,0.565240478,0.738244519,0.993381059,1.049211193,0.775693644,0.075478069,-0.013215891,0,0,0,0,0,0,0,0,0.000605318,-0.004120908,-0.030828747,-0.034455077,-0.014127533,-0.006120305,0.0448321,0.117459932,0.321617002,0.525083109,0.073196026,-0.010564524,0,0,0,0,0,0,0,0,0,0,0.000122549,-0.000869758,-0.003773489,-0.004693381,-0.010252587,-0.0185032,-0.021016136,-0.020084933,-0.002633403,0.00039488,0,0,0,0,0,0,0,0,0,0,0,0,0,0,0,0,0,0,0,0,0,0,0,0,0,0,0,0,0,0,0,0,0,0,0,0,0,0,0,0,0,0,0,0,0,0,0,0,0,0,0,0,0,0,0,0,0,0,0,0,0,0,0,0,0,0,0,0,0,0,0,0,0,0,0,0,0,0,0,0,0,0,0,0,0,0,0,0,0,0,0,0,0,0,0,0,0,0,0,0,0,0,0,0,0,0,0,0,0,0,0,0,0,0,0,0,0,0,0,0,0
0,0,0,0,0,0,0,0,0,0,0,0,0,0,0,0,0,0,0,0,0,0,0,0,0,0,0,0,0,0,0,0,0,0,0,0,0,0,0,0,0,0,0,0,0,0,0,0,0,0,0,0,0,0,0,0,0,0,0,0,0,0,0,0,0,0,0,0,0,0,0,0,0,3.68E-06,-2.24E-05,-0.000587112,-0.000455627,-3.10E-05,6.64E-06,0,0,0,0,0,0,0,0,0,0,0,0,0,0.000564999,-0.004295037,-0.020408292,-0.029591061,-0.02829359,-0.003589693,0.000546194,0,0,0,0,0,0,0,0,0,0,1.21E-18,4.32E-18,0.000612745,-0.012872012,-0.001336635,0.133057479,0.337394914,0.298659603,0.03177026,-0.00527148,0,0,0,0,0,0,0,0,0,3.68E-05,0.000150123,-0.008262187,-0.026184811,0.061853403,0.471240588,0.833094771,1.044059028,0.998300449,0.126267631,-0.019245472,0,0,0,0,0,0,0,0,0.000126922,-0.000611879,-0.016899433,0.029990471,0.267846144,0.796361564,1.003562092,1.042029728,0.919222939,0.609437684,0.043850443,-0.009168501,0,0,0,0,0,0,7.91E-05,-0.000574449,-0.006105336,-0.02274263,0.086863137,0.63040562,0.97569213,1.025049665,0.982589342,0.764018842,0.187642736,0.013802373,-0.007676511,0.000399986,0,0,0,0,7.35E-06,0.000405637,-0.004377179,-0.019887459,0.024527231,0.369999013,0.789084729,1.015463644,1.021709457,0.86044792,0.319002264,0.085590874,-0.013531471,-0.004089937,0.000438221,0,0,0,7.83E-18,-4.65E-17,0.000624387,-0.012604524,-0.023096507,0.260158616,0.768504987,0.970652216,1.031703329,1.00051171,0.662152931,0.147054,-0.032472035,-0.01735592,-0.000478248,0.000111213,0,0,0,0,0.000434028,-0.002996718,-0.029148352,0.077055777,0.529846831,0.898344499,1.027242723,1.024802492,0.912769046,0.470604201,0.071883238,-0.021324345,-0.000697593,7.79E-05,0,0,0,0,0,0,-0.011785768,0.072836924,0.642795714,0.825170855,1.033381589,1.017268847,0.958054313,0.635184868,0.168124074,-0.009571563,-0.015346806,0.000970218,4.48E-05,0,0,0,0,0,0,0,-0.02210529,0.152626014,1.080663875,1.055333027,0.838134668,0.446383017,0.26460961,0.011385059,-0.020500494,-0.00412003,0.000301266,0,0,0,0,0,0,0,0,0,-0.007151757,0.049353777,0.350303036,0.344417722,0.155392514,-0.036149203,-0.026992751,-0.002836074,0.0003085,0,0,0,0,0,0,0,0,0,0,0,0.000630106,-0.004353369,-0.03078748,-0.03044264,-0.018775123,-0.000786458,0.000198117,0,0,0,0,0,0,0,0,0,0,0,0,0,1.23E-05,-8.44E-05,-0.000602635,-0.000583844,-0.000190257,1.29E-05,0,0,0,0,0,0,0,0,0,0,0,0,0,0,0,0,0,0,0,0,0,0,0,0,0,0,0,0,0,0,0,0,0,0,0,0,0,0,0,0,0,0,0,0,0,0,0,0,0,0,0,0,0,0,0,0,0,0,0,0,0,0,0,0,0,0,0,0,0,0,0,0,0
0,0,0,0,0,0,0,0,0,0,0,0,0,0,0,0,0,0,0,0,0,0,0,0,0,0,0,0,0,0,0,0,0,0,0,0,0,0,0,0,0,0,0,0,0,0,0,0,0,0,0,0,0,0,0,0,0,0,0,0,0,0,0,0,0,0,0,0,0,0,0,0,0,0,0,0,0,0,0,0,0,0,0,0,0,0,0,0,0,0,0,0,0,0.000359375,-0.005773284,-0.012962929,-0.001502145,0.000227467,0,0,0,0,0,0,0,0,0,0,9.33E-20,2.30E-18,-8.92E-18,0.000310628,-0.010479088,-0.024826934,0.006637578,0.062591469,-0.017611707,-0.003368544,0.000395731,0,0,0,0,0,0,0,0,0.000256818,-0.001900531,-0.009955236,-0.015362371,-0.02451491,0.098857568,0.221742358,0.557544237,0.733986435,0.349883034,0.00968606,-0.004082414,0,0,0,0,0,0,1.99E-18,0.000444336,-0.006250075,-0.016457136,0.038702611,0.112299913,0.479358889,0.857458038,0.931085888,1.005424718,1.027331845,0.915652389,0.106925236,-0.01696391,0,0,1.89E-05,-0.00013009,-0.000808109,-0.001973499,-0.009942657,-0.037899986,-0.010784042,0.331485498,0.722643893,0.861417347,1.023853316,1.007931665,1.002447185,0.998786475,1.015305334,0.990236503,0.12863754,-0.01936717,0,0,0.000542109,-0.003740115,-0.027956887,-0.016955882,0.114533786,0.535826951,0.679021646,0.936536526,1.027656437,1.002113,0.991252468,1.008138648,1.017779548,1.008616302,0.720776757,0.330948683,0.021807203,-0.004931577,0,0,-0.007821181,0.053898384,0.370132285,0.568559589,0.828375187,1.014651842,1.015258381,1.001484239,0.988356873,1.003079368,1.038615707,0.816119808,0.614048645,0.482193321,0.040004817,-0.025250136,-0.003843963,0.000490707,0,0,-0.021988528,0.151982644,1.073656165,1.025338423,1.003650327,0.996465057,1.004883685,1.014042756,1.008899016,0.833711278,0.571539011,0.136756468,-0.047942827,-0.030604167,-0.005561938,-0.000686172,2.19E-05,7.66E-06,0,0,-0.008706161,0.037575248,0.612867834,0.973730756,1.019694927,0.997069524,0.894809563,0.71107675,0.541486096,0.114728914,-0.008680292,-0.026093777,0.001031348,0,0,0,0,0,0,0,0.000434028,-0.010199849,0.025034858,0.374636574,0.688809964,0.421801777,0.164538067,0.01363043,-0.024326236,-0.01444921,-0.004873877,0.000587012,0,0,0,0,0,0,0,0,0,0.000631854,-0.005918233,-0.006587827,0.047058772,-0.044876396,-0.016245601,-0.003019046,0.000329776,0,0,0,0,0,0,0,0,0,0,0,0,0,0.0001875,-0.002827206,-0.011001225,0.000610294,0,0,0,0,0,0,0,0,0,0,0,0,0,0,0,0,0,0,0,0,0,0,0,0,0,0,0,0,0,0,0,0,0,0,0,0,0,0,0,0,0,0,0,0,0,0,0,0,0,0,0,0,0,0,0,0,0,0,0,0,0,0,0,0,0,0,0,0,0,0,0,0,0,0,0,0,0,0,0,0,0,0,0,0,0,0,0,0,0,0,0,0,0
0,0,0,0,0,0,0,0,0,0,0,0,0,0,0,0,0,0,0,0,0,0,0,0,0,0,0,0,0,0,0,0,0,0,0,0,0,0,0,0,0,0,0,0,0,0,0,0,0,0,0,0,0,0,0,0,0,0,0,0,0,0,0,0,0,0,0,0,0,0,0,0,0,0,0,0,0,0,0,0,0,0,0,0,0,0,0,0,0,0,0,0,0,0.000147059,-0.001535233,-0.015738971,-0.006538909,0.000755778,0,0,0,0,0,0,0,0,0,0,0,0,5.31E-18,5.53E-05,0.000638223,-0.01164888,-0.028141612,0.084920054,0.021991796,-0.008510456,0.00047658,0,0,0,0,0,0,0,0,0,0,0.000189951,-0.000899203,-0.011460376,-0.02768852,0.095269523,0.473936394,0.793685611,0.468677373,0.008446252,-0.005000681,0,0,0,0,0,0,0,0,0,2.32E-05,-0.000545228,-0.010857826,0.107932378,0.691054816,0.860507012,1.009891668,1.035032425,0.973127454,0.123068787,-0.018774883,0,0,0,0,0,0,0,1.07E-05,2.64E-05,-0.00120767,-0.024065189,0.115322576,0.709941993,1.012767349,1.026435423,1.031984205,1.035403527,1.018891953,0.136773878,-0.020285948,0,0,0,0,0,0,1.87E-18,0.000440666,-0.005876799,-0.021831836,0.057818559,0.64983832,1.022112796,1.023577735,0.875329163,0.492135689,0.411735141,0.352000528,0.035825129,-0.00610209,0,0,0,0,4.84E-18,0.000160846,0.000355733,-0.027420769,0.002175513,0.369732945,0.788795275,1.025812568,1.008742851,0.640242278,0.164597273,-0.026593205,-0.022841554,-0.023438096,-0.003544138,0.000498196,0,0,3.40E-05,9.58E-05,-0.003956631,-0.019273386,-0.025256842,0.213677066,0.549892687,0.978950742,1.048119536,0.920806594,0.488293999,0.034270328,-0.021481839,-0.001227431,-0.00120144,-0.000908139,-5.49E-05,1.28E-05,0,0,0.000536056,-0.00631618,-0.014223177,0.184707394,0.386705087,0.88725215,1.054151567,0.981290901,0.761147952,0.302793319,-0.016312931,-0.008638702,0.000427011,0,0,0,0,0,0,0,-0.008308143,0.043643349,0.507872583,0.936244587,1.051203687,0.969232043,0.770729553,0.458977567,0.010572661,-0.024716265,-0.00435049,9.27E-05,3.74E-05,0,0,0,0,0,0,0,-0.018316653,0.124164221,0.915619043,0.910096201,0.817582874,0.358162888,0.067174103,0.006417058,-0.00757421,0.00066636,0,0,0,0,0,0,0,0,0,0,-0.000801845,0.005866506,0.036335018,0.032534501,0.022655978,-0.016185815,-0.015446017,-0.005037446,0.000482537,0,0,0,0,0,0,0,0,0,0,0,0.000116932,-0.000806378,-0.00571921,-0.005694496,-0.004912786,-0.001225643,7.41E-05,6.64E-06,0,0,0,0,0,0,0,0,0,0,0,0,0,0,0,0,0,0,0,0,0,0,0,0,0,0,0,0,0,0,0,0,0,0,0,0,0,0,0,0,0,0,0,0,0,0,0,0,0,0,0,0,0,0,0,0,0,0,0,0,0,0,0,0,0,0,0,0,0,0,0
0,0,0,0,0,0,0,0,0,0,0,0,0,0,0,0,0,0,0,0,0,0,0,0,0,0,0,0,0,0,0,0,0,0,0,0,0,0,0,0,0,0,0,0,0,0,0,0,0,0,0,0,0,0,0,0,0,0,0,0,0,0,0,0,0,0,0,0,0,0,0,0,0,0,0,0,0,0,0,0,0,0,0,0,0,0,0,0,0,0,0,0,0,0,0,0,0,0,0,0,0,0,0,0,0,0,0,0,0,0,0,0,0,0,0,0,0,0,0,0,0,0,0,0,0,0,0,0,0,0,0,0,0,0,0,0,0,0,0,0,0,0,0,0,0,0,0,0,4.65E-05,8.72E-05,-0.009981656,-0.017498675,-0.031531879,-0.047762423,-0.035918226,-0.045208512,-0.037471363,-0.003351218,0.000611471,0,0,0,0,0.000112898,-0.001676113,-0.004141953,-0.010050654,-0.013531858,-0.027131689,-0.036080899,0.054587265,0.121651893,0.254308494,0.407464529,0.295674496,0.383110703,0.31516505,0.027146009,-0.005058721,0,0,0,0.000895194,-0.008211959,-0.01254056,0.015123451,0.113575861,0.172072684,0.411384804,0.566666939,0.712178258,0.832348397,0.92810179,1.051664011,0.979064287,1.052420275,0.929723703,0.103997391,-0.016853214,0,0,0.000519131,-0.01023878,0.011925279,0.428040731,0.698442844,0.885894506,0.98611675,1.014559947,1.052420377,1.057923526,1.058840703,0.991762073,0.844727618,0.805571844,0.733994026,0.36548989,-0.000950532,-0.003350694,0,0,-0.005918096,0.015336411,0.496793335,0.997201048,1.046004902,0.963887766,0.889320876,0.762972273,0.536235073,0.526411254,0.532318815,0.394401523,0.140867205,0.070965993,-0.025152795,-0.025101665,-0.000329736,0.00024663,0,0,-0.015792942,0.10545984,0.80406822,0.81354103,0.562741293,0.260644049,0.102388551,0.058505327,-0.01347815,-0.017376177,-0.015857079,-0.023551938,-0.020431291,-0.012118136,-0.001950185,0.000156537,0,0,0,0,0.000207653,-0.000932494,-0.014403254,-0.020924905,-0.020795718,-0.018604473,-0.016174942,-0.01180113,-0.003885144,-0.003490605,-0.003669662,-0.001855645,7.49E-05,0,0,0,0,0,0,0,0,0,0,0,0,0,0,0,0,0,0,0,0,0,0,0,0,0,0,0,0,0,0,0,0,0,0,0,0,0,0,0,0,0,0,0,0,0,0,0,0,0,0,0,0,0,0,0,0,0,0,0,0,0,0,0,0,0,0,0,0,0,0,0,0,0,0,0,0,0,0,0,0,0,0,0,0,0,0,0,0,0,0,0,0,0,0,0,0,0,0,0,0,0,0,0,0,0,0,0,0,0,0,0,0,0,0,0,0,0,0,0,0,0,0,0,0,0,0
0,0,0,0,0,0,0,0,0,0,0,0,0,0,0,0,0,0,0,0,0,0,0,0,0,0,0,0,0,0,0,0,0,0,0,0,0,0,0,0,0,0,0,0,0,0,0,0,0,0,0,0,0,0,0,0,0,0,0,0,0,0,0,0,0,0,0,0,0,0,0,0,0,0,0,0,0,0,0,0,0,0,0,0,0,0,0,0,0,0,0,0,0,0,0,0,0,0,0,0,0,0,0,0,0,0,0,0,0,0,0,5.19E-20,3.12E-18,-2.17E-17,-2.50E-16,-3.38E-16,-1.50E-16,1.04E-17,5.70E-19,0,0,0,0,0,0,0,0,0,9.70E-06,-4.61E-05,-0.001604882,-0.001763685,-0.006720408,-0.016389229,-0.021168641,-0.020972903,-0.018661492,-0.002155436,0.000343818,0,0,0,0,0,0,0,0,0.000263606,-0.001368014,-0.019768405,-0.031741725,-0.033701099,0.009163729,0.12683083,0.42746518,0.524218047,0.291204242,0.001240791,-0.002796292,0,0,0,0,6.07E-05,-0.000872396,-0.002333946,-0.006739481,-0.019403153,-0.023930709,0.149003149,0.441974282,0.478987745,0.618618721,0.895149459,1.042736877,1.055210427,0.999148778,0.127082263,-0.019333469,0,0,0.000159314,-0.000253149,-0.015289216,-0.022600133,-0.010061683,0.055817164,0.232224872,0.583329248,0.841698768,1.045481379,1.073546994,1.047716172,1.015556764,0.810732945,0.486641357,0.498399016,0.071452703,-0.010300075,0,0,-0.000364754,-0.004850546,0.069965397,0.337793505,0.556705491,0.82827228,0.971050474,1.037013327,1.044745694,0.901538773,0.713870813,0.534671878,0.358970946,0.082733388,-0.01606987,-0.014850405,-0.002019333,0.000293267,0,0,-0.013884974,0.083966767,0.774235277,1.006127979,1.049416803,1.030668505,1.038839003,0.826131434,0.448400089,0.203424564,0.022528135,-0.030700593,-0.024768927,-0.008162326,-0.001788399,-0.001895016,-0.000270729,3.93E-05,0,0,-0.010940579,0.076254857,0.528847547,0.495172876,0.489207533,0.49672479,0.220885483,0.080342305,-0.030996834,-0.027337858,-0.006834719,-0.000284353,9.38E-05,0,0,0,0,0,0,0,0.000417007,-0.002834679,-0.020747379,-0.020789931,-0.020751634,-0.020768655,-0.021355971,-0.013925994,-0.001776791,9.19E-05,9.19E-06,0,0,0,0,0,0,0,0,0,0,0,0,0,0,0,0,0,0,0,0,0,0,0,0,0,0,0,0,0,0,0,0,0,0,0,0,0,0,0,0,0,0,0,0,0,0,0,0,0,0,0,0,0,0,0,0,0,0,0,0,0,0,0,0,0,0,0,0,0,0,0,0,0,0,0,0,0,0,0,0,0,0,0,0,0,0,0,0,0,0,0,0,0,0,0,0,0,0,0,0,0,0,0,0,0,0,0,0,0,0,0,0,0,0,0,0,0,0,0,0,0,0,0,0,0,0,0,0
0,0,0,0,0,0,0,0,0,0,0,0,0,0,0,0,0,0,0,0,0,0,0,0,0,0,0,0,0,0,0,0,0,0,0,0,0,0,0,0,0,0,0,0,0,0,0,0,0,0,0,0,0,0,0,0,0,0,0,0,0,0,0,0,0,0,0,0,0,0,0,0,0,0,0,0,0,0,0,0,0,0,0,0,0,0,0,0,0,0,0,0,0,0,0,0,0,0,0,0,0,0,0,0,3.73E-19,-1.87E-18,-2.09E-17,-4.80E-18,5.70E-19,0,0,0,0,1.09E-19,-9.70E-19,-1.52E-17,-4.03E-18,4.97E-19,0,0,0,0,0,4.08E-05,3.95E-05,-0.007848414,-0.019188113,-0.006732468,0.000425517,0,0,0,0,0.000168505,-0.001957721,-0.016001838,-0.005735294,0.000509559,1.36E-05,0,0,0,0,0.000863397,-0.019682443,0.025262491,0.151066932,0.051925066,-0.003566745,0,0,0,0,-0.000612439,0.003427823,0.114891515,0.022292575,-0.007385047,0.000366883,0,0,0.000166462,0.000262627,-0.032793709,0.134262697,0.648391885,0.996737524,0.337625929,-0.025481856,-0.004101103,-0.007820261,-0.008460631,-0.020252028,-0.039879596,0.178978843,0.890482298,0.462351954,0.001894032,-0.004444104,0,0,-0.001855937,-0.011936325,0.288703363,0.830396872,1.039756076,0.717486145,0.114318515,0.00088431,0.013540084,0.070765404,0.079577308,0.296282289,0.385169441,0.505490656,1.017964563,0.795782458,0.066029514,-0.012577614,0,0,-0.015360498,0.091225898,0.877692521,1.042725133,0.953512697,0.756622481,0.727092573,0.738858847,0.74593013,0.951781795,1.000775735,1.013780098,0.939279871,1.009500085,0.989143467,1.010734273,0.140767142,-0.020523046,0,0,-0.009035948,0.038987811,0.638598635,0.972670837,0.984897314,0.852471354,0.728067785,0.736280893,0.733195415,0.623612541,0.64101428,0.466551642,0.270515846,0.411795105,0.683195125,1.052318627,0.145842658,-0.0211266,0,0,0.000469814,-0.009560308,0.030125403,0.127218367,0.131688985,0.084552709,0.042457763,0.04510925,0.044246769,0.012131232,0.01718499,-0.026561394,-0.034306184,-0.061186968,0.348168202,0.977407906,0.127044443,-0.018785754,0,0,4.43E-05,0.00041682,-0.008237166,-0.019104882,-0.019544867,-0.014465891,-0.009930122,-0.010215822,-0.010122889,-0.006662411,-0.007246051,-0.002201976,-4.23E-05,-0.010422369,0.08902999,0.203089937,0.011313236,-0.002672249,0,0,0,0,0,0,0,0,0,0,0,0,0,0,8.94E-06,0.000847205,-0.00875034,-0.01972869,-0.001253516,0.000272331,0,0,0,0,0,0,0,0,0,0,0,0,0,0,0,0,0,0,0,0,0,0,0,0,0,0,0,0,0,0,0,0,0,0,0,0,0,0,0,0,0,0,0,0,0,0,0,0,0,0,0,0,0,0,0,0,0,0,0,0,0,0,0,0,0,0,0,0,0,0,0,0,0,0,0,0,0,0,0,0,0,0,0,0,0,0,0,0,0,0,0,0,0,0,0,0,0,0,0,0,0
0,0,0,0,0,0,0,0,0,0,0,0,0,0,0,0,0,0,0,0,0,0,0,0,0,0,0,0,0,0,0,0,0,0,0,0,0,0,0,0,0,0,0,0,0,0,0,0,0,0,0,0,0,0,0,0,0,0,0,0,0,0,0,0,0,0,0,0,0,0,0,0,0,0,0,0,0,0,0,0,0,0,0,0,0,0,0,0,0,0,0,0,0,0,0,0,0,0,0,0,0,0,0,0,0,0,0,0,0,0,0,0,0,0,0,0,0,0,0,0,0,0,0,0,0,0,0,0,0,0,0,0,0,0,0,0,0,0,0,0,0,0,0,0,0,0,0.0002079,-0.000455209,-0.018543883,-0.030565407,-0.029546288,-0.029546288,-0.029546288,-0.029546288,-0.029546288,-0.029546288,-0.030161836,-0.02530784,0.000615548,0,0,0,0.000117402,-0.000797028,-0.005651859,-0.009663399,-0.021007455,-0.032913813,0.133309504,0.244833197,0.235400327,0.235400327,0.235292708,0.236313981,0.237793199,0.237735192,0.242681441,0.207978289,-0.004952682,0,0,0,0.000423138,-0.006836499,0.040215959,0.102180334,0.271169577,0.60561266,0.80684232,0.921436887,0.910236417,0.923327717,0.93624803,0.929001106,0.919396821,0.919779514,0.938983184,0.720738436,-0.019162922,0,0,0,-0.027123639,0.221307292,0.737649254,0.967749302,0.987649697,1.031590046,1.058827785,1.052928922,1.062736673,0.950147825,0.862349086,0.703638889,0.466076695,0.47533844,0.486305317,0.180405558,-0.009924598,0,0,0,-0.047883087,0.410726103,0.995991285,0.929740349,0.937458384,0.839338711,0.477770118,0.48657067,0.503263719,0.304114243,0.125128307,0.065739822,-0.033711806,-0.029882353,-0.03004953,-0.012559618,0.000613256,0,0,0,-0.005682182,0.04865247,0.119547206,0.113499755,0.116483225,0.085495471,-0.032002364,-0.029032653,-0.029542212,-0.023449411,-0.01869973,-0.011048571,0.000494069,5.14E-05,0,0,0,0,0,0,0.000880519,-0.007540339,-0.018507285,-0.017562296,-0.017885349,-0.01454639,-0.001885893,-0.002205882,-0.002308007,-0.001087623,6.27E-05,5.11E-06,0,0,0,0,0,0,0,0,0,0,0,0,0,0,0,0,0,0,0,0,0,0,0,0,0,0,0,0,0,0,0,0,0,0,0,0,0,0,0,0,0,0,0,0,0,0,0,0,0,0,0,0,0,0,0,0,0,0,0,0,0,0,0,0,0,0,0,0,0,0,0,0,0,0,0,0,0,0,0,0,0,0,0,0,0,0,0,0,0,0,0,0,0,0,0,0,0,0,0,0,0,0,0,0,0,0,0,0,0,0,0,0,0,0,0,0,0,0,0,0,0,0,0,0,0,0
0,0,0,0,0,0,0,0,0,0,0,0,0,0,0,0,0,0,0,0,0,0,0,0,0,0,0,0,0,0,0,0,0,0,0,0,0,0,0,0,0,0,0,0,0,0,0,0,0,0,0,0,0,0,0,0,0,0,0,0,0,0,0,0,0,0,0,0,0,0,0,0,0,0,0,0,0,0,0,0,0,0,0,0,0,0,0,0,0,0,0,0,0,0,0,0,0,0,0,0,0,0,0,0,0,0,0,0,0,0,0,0,0,0,0,0,0,0,0,0,0,0,0,0,0,0,0,0,0,0,0,0,0.000232359,-0.001285233,-0.016494758,-0.021788875,-0.01560849,-0.001160267,0.000236588,0,0,0,0,0,0,0,0,0,0.00104317,-0.016512576,-0.033414048,-0.033043496,-0.034558064,-0.02549096,0.104631385,0.152743977,0.094538798,0.003742204,-0.001172496,0,0,0,0,0.000181985,-0.002814951,-0.005166973,-0.014272212,-0.028570737,-0.053807292,0.112379459,0.27183061,0.26834501,0.255694988,0.34607947,0.886807513,1.048145408,0.885300466,0.095626299,-0.015783122,0,0,8.88E-05,0.000620949,-0.016778186,-0.002598141,0.030534109,0.189167279,0.445180146,0.718428241,0.825325249,0.944550517,0.947994451,0.959291645,1.001488834,0.997337112,0.983061649,0.911727448,0.111495557,-0.01728656,0,0,5.34E-05,-0.010706759,0.062774272,0.59321201,0.762754289,0.907785063,1.035506145,1.064621681,1.050225865,0.990631587,0.945803445,0.808305325,0.737105171,0.388722001,0.253971984,0.170522093,0.005609943,-0.002023761,0,0,-0.010624149,0.051627176,0.700973243,1.027724673,1.032206393,1.028486605,0.678960754,0.611574414,0.622984171,0.442290084,0.263377042,0.075352394,-0.050870626,-0.025397774,-0.018044475,-0.013238154,-0.00079797,0.000185866,0,0,-0.008446286,0.032372785,0.640492608,0.882279734,0.484011421,0.12215299,0.031878371,0.011133922,0.014179711,-0.009856049,-0.035129785,-0.012567271,0.000688924,0,0,0,0,0,0,0,-0.001022944,0.000873894,0.106505481,0.128609835,-0.017769438,-0.021683347,-0.008796013,-0.006547352,-0.006892361,-0.003382183,0.00021395,0,0,0,0,0,0,0,0,0,0.000119145,-0.000259875,-0.010948563,-0.013109766,-0.000245949,7.15E-05,0,0,0,0,0,0,0,0,0,0,0,0,0,0,0,0,0,0,0,0,0,0,0,0,0,0,0,0,0,0,0,0,0,0,0,0,0,0,0,0,0,0,0,0,0,0,0,0,0,0,0,0,0,0,0,0,0,0,0,0,0,0,0,0,0,0,0,0,0,0,0,0,0,0,0,0,0,0,0,0,0,0,0,0,0,0,0,0,0,0,0,0,0,0,0,0,0,0,0,0,0,0,0,0,0,0,0,0,0,0,0,0,0
0,0,0,0,0,0,0,0,0,0,0,0,0,0,0,0,0,0,0,0,0,0,0,0,0,0,0,0,0,0,0,0,0,0,0,0,0,0,0,0,0,0,0,0,0,0,0,0,0,0,0,0,0,0,0,0,0,0,0,0,0,0,0,0,0,0,0,0,0,0,0,0,0,0,2.94E-05,-0.000212571,-0.000907731,-0.000782887,1.89E-05,0,0,0,0,0,0,0,0,0,0,0,0,0,0,0.000276654,-0.003530331,-0.017991336,-0.026084984,-0.022107877,0.000535982,0,0,0,0,0,0,0,0,0,0,1.96E-18,-7.85E-18,-1.19E-16,0.001324854,-0.013077887,-0.014157407,0.153830593,0.375855307,0.321999986,-0.007784075,0,0,0,0,0,0,0,0,0,0,0.000539216,-0.003695023,-0.018518689,-0.03591561,0.097254851,0.462772791,0.825767923,1.053007847,0.894263211,-0.021613732,0,0,0,0,0,0,1.37E-18,6.52E-05,-0.002140175,-0.001538462,-0.009823591,0.006903085,0.2557765,0.731838377,0.898058834,1.006969702,1.048198011,0.748966631,0.166953656,-0.012236388,0,0,0,0,0,0,0.000165952,-0.001861383,-0.006095417,-0.006842525,-0.015105035,0.403473839,0.958174717,1.014349123,1.016478231,0.93897612,0.548179058,0.176831801,-0.005318356,-0.002531829,0,0,0,0,5.79E-05,0.000113051,-0.013727499,-0.019441517,0.418751546,0.32823189,0.391934436,0.947872481,1.004301147,1.011041403,0.885652267,0.516449772,-0.001353707,-0.019274629,-0.001438741,0.000259566,0,0,0,0.00042803,-0.003146293,-0.025670122,0.035995949,0.416673032,0.97788786,0.921720146,0.937889263,1.015492119,1.012280876,0.657612748,0.147773863,0.012693593,-0.006084338,-0.000173152,3.67E-05,0,0,0,0,-0.003848192,0.020474809,0.258206972,0.68684072,0.949788109,1.010575157,1.000530603,1.016478469,0.928054824,0.545246221,0.055919568,-0.022589478,-0.003234426,7.47E-05,1.58E-05,0,0,0,0,0,-0.022504174,0.170302067,0.837404746,1.039021748,1.030644847,0.997182317,0.976790184,0.923580775,0.545272173,-0.021944682,-0.006323604,0.000133505,0,0,0,0,0,0,0,0,-0.050719498,0.434045054,1.084383034,0.902934777,0.690273114,0.549788669,0.439265999,0.292783803,-0.025532033,-0.006681985,-0.000286372,7.83E-05,0,0,0,0,0,0,0,0,-0.046173821,0.4161843,0.650920309,0.177961857,0.032172777,0.014259372,-0.007410063,-0.002838525,-0.002090346,0.000104677,0,0,0,0,0,0,0,0,0,0,-0.011937141,0.113360396,0.067800041,-0.035478775,-0.009789471,-0.006471811,-0.003313725,-0.002484375,0.00028125,0,0,0,0,0,0,0,0,0,0,0,0.000851168,-0.007961091,-0.006936428,0.00049423,1.18E-05,0,0,0,0,0,0,0,0,0,0,0,0,0,0,0,0,0,0,0,0,0,0,0,0,0,0,0,0,0,0,0,0,0,0,0,0,0,0,0,0,0,0,0,0,0,0,0,0,0,0,0,0,0,0,0,0,0,0,0,0,0,0,0,0,0,0,0,0,0,0,0,0,0
0,0,0,0,0,0,0,0,0,0,0,0,0,0,0,0,0,0,0,0,0,0,0,0,0,0,0,0,0,0,0,0,0,0,0,0,0,0,0,0,0,0,0,0,0,0,0,0,0,0,0,0,0,0,0,0,0,0,0,0,0,0,0,0,0,0,0,0,0,0,0,0,0,0,0,0,0,0,0,0,0,0,0,0,0,0,0,0,0,0,0,0,0,0,0,0,0,0,0,0,0,0,0,0,0,0,0,0,0,0,0,0,0,0,0,0,0,0,0,0,0,0,0,0,0,0,0,0,0,0,0,0,0,0,0,0,0,0,0,0,0,0,0,0,6.60E-05,-0.000338755,-0.003560393,-0.002929367,-0.003556316,-0.004636582,-0.001538462,-0.001104317,-2.56E-05,1.22E-05,0,0,0,0,0,0,0,0.000581087,-0.003908218,-0.029268791,-0.030293096,-0.027445874,-0.00648829,-0.010394025,-0.00650531,0.000340193,-0.019683517,-0.022415901,-0.030073326,-0.025284978,-0.013609937,-0.01171201,-0.00483221,0.000142473,3.47E-05,0,0,-0.009946044,0.067579644,0.495352107,0.489713559,0.496253574,0.680671364,0.647450607,0.693306628,0.765124898,0.573021259,0.538496681,0.47786442,0.383281199,0.173425483,0.139135621,0.030391272,-0.008228364,0.000349946,0,0,-0.011453057,0.066196191,0.667434709,0.843474043,0.960706359,1.047053428,0.975641263,0.938258561,0.911326831,0.931710342,0.98765128,1.044935167,1.040665969,0.999576253,0.982859579,0.668922896,0.049829247,-0.010186377,0,0,-0.000621766,0.002394266,0.043525514,0.106555062,0.296031369,0.467867596,0.312306232,0.228953448,0.181087878,0.233654122,0.344986537,0.506660127,0.538725354,0.737418454,0.84448846,0.811922113,0.094103023,-0.014946725,0,0,0.000130447,-0.000634608,-0.008320492,-0.016294586,-0.032913864,-0.02257567,-0.028968785,-0.029677041,-0.02381558,-0.030162142,-0.03111247,-0.020391153,-0.014485549,0.049381395,0.093072252,0.079460784,0.001515686,-0.000834488,0,0,0,0,0,4.60E-05,-0.000231481,-0.00256587,-0.000703022,6.98E-05,0,7.66E-05,-0.000803377,-0.00306381,-0.003813317,-0.010777846,-0.014516953,-0.012394131,-0.000950328,0.00018893,0,0,0,0,0,0,0,0,0,0,0,0,0,0,0,0,0,0,0,0,0,0,0,0,0,0,0,0,0,0,0,0,0,0,0,0,0,0,0,0,0,0,0,0,0,0,0,0,0,0,0,0,0,0,0,0,0,0,0,0,0,0,0,0,0,0,0,0,0,0,0,0,0,0,0,0,0,0,0,0,0,0,0,0,0,0,0,0,0,0,0,0,0,0,0,0,0,0,0,0,0,0,0,0,0,0,0,0,0,0,0,0,0,0,0,0,0,0,0,0,0
0,0,0,0,0,0,0,0,0,0,0,0,0,0,0,0,0,0,0,0,0,0,0,0,0,0,0,0,0,0,0,0,0,0,0,0,0,0,0,0,0,0,0,0,0,0,0,0,0,0,0,0,0,0,0,0,0,0,0,0,0,0,0,0,0,0,0,0,0,0,0,0,0,0,0,0,0,0,0,0,0,0,0,0,0,0,0,0,0,0,0,0,0,0,0,0,0,0,0,0,0,4.77E-18,-2.47E-17,-3.10E-16,-3.13E-16,-7.59E-17,5.54E-18,0,0,0,0,0,0,0,0,0,0,0,0,0,0,0.000328499,-0.002013269,-0.018230018,-0.02123315,-0.018384566,-0.009584695,-0.002714592,0.000149782,0,0,0,0,0,0,0,0,0,0,0,0,-0.00829036,0.04731526,0.497234044,0.501732706,0.207808623,0.032242265,-0.015974119,-0.012216787,-0.00099466,3.42E-05,7.34E-06,0,0,0,0,0,0,0,0,0,-0.010477771,0.048568393,0.712927305,1.046541548,0.968512442,0.714251123,0.424471213,0.053732945,-0.027484205,-0.017762408,-0.010669373,-0.005083619,-0.005008119,-0.002581291,1.53E-05,1.29E-05,0,0,0,0,3.64E-05,-0.011231197,0.090192215,0.240892106,0.435995336,0.948081223,0.997352975,0.829080014,0.620973141,0.246965363,0.121348278,0.026149566,0.023959099,-0.005054092,-0.035168096,-0.020500306,-0.00088327,0.000260417,0,0,8.88E-05,0.000701663,-0.015430351,-0.038669458,-0.009386268,0.126633715,0.431824409,0.834814645,0.909892855,0.988917484,0.950908565,0.835779728,0.843249115,0.559959831,0.255123621,0.125310219,0.000360106,-0.001219533,0,0,0,0,2.45E-06,0.000243668,-0.001948734,-0.011543267,-0.028562024,0.062477465,0.195769267,0.482727839,0.641102533,0.822292287,0.894103673,0.986481022,1.034232656,0.859351188,0.095930048,-0.015590959,0,0,0,0,0,0,3.73E-19,6.52E-05,0.000108616,-0.011513595,-0.026045921,-0.009023786,0.016113336,0.075061713,0.09297119,0.204633066,0.304278175,0.452166408,0.075445173,-0.010132587,0,0,0,0,0,0,0,0,0,1.63E-05,6.50E-05,-0.003765319,-0.007136949,-0.013442175,-0.015931883,-0.018905059,-0.020875715,-0.021188555,-0.002976846,0.000432326,0,0,0,0,0,0,0,0,0,0,0,0,0,0,0,0,0,0,0,0,0,0,0,0,0,0,0,0,0,0,0,0,0,0,0,0,0,0,0,0,0,0,0,0,0,0,0,0,0,0,0,0,0,0,0,0,0,0,0,0,0,0,0,0,0,0,0,0,0,0,0,0,0,0,0,0,0,0,0,0,0,0,0,0,0,0,0,0,0,0,0,0,0,0,0,0,0,0,0,0,0,0,0,0,0,0,0,0,0,0,0,0,0,0,0,0,0,0,0,0,0
0,0,0,0,0,0,0,0,0,0,0,0,0,0,0,0,0,0,0,0,0,0,0,0,0,0,0,0,0,0,0,0,0,0,0,0,0,0,0,0,0,0,0,0,0,0,0,0,0,0,0,0,0,0,0,0,0,0,0,0,0,0,0,0,0,0,0,0,0,0,0,0,0,0,0,0,0,0,0,0,0,0,0,0,0,0,0,0,0,0,0,0,0,0,0,0,0,0,0,0,0,0,0,0,0,0,0,0,0,0,0,0,0,6.38E-06,0.000572321,-0.006201917,-0.01092516,-4.20E-05,9.79E-05,0,0,0,0,0,0,0,0,0,0,0,0,0.000241694,-0.001444091,-0.013620217,-0.025682104,0.049671756,0.105153101,-0.001913141,-0.000746358,0,0,0,0,0,0,0,0,0,7.34E-06,0.000445151,-0.004461294,-0.020087848,-0.029637717,0.062901227,0.308359236,0.748822289,0.82222725,0.103034143,-0.015707166,0,0,0,0,0,2.76E-05,-0.000169526,-0.000892055,-0.009895438,-0.01441105,-0.030176062,0.004303002,0.11749309,0.403807173,0.818614362,0.98799389,1.013241983,0.803639859,0.096267529,-0.015141782,0,0,0.000735294,-0.005070319,-0.035966605,-0.035705576,-0.03099006,-0.023029037,0.111717775,0.186223669,0.39520384,0.642735039,0.84882918,1.028189672,1.041230784,0.885804041,0.459666088,0.152974282,0.010051058,-0.002351239,0,0,-0.005516408,0.038293486,0.267655654,0.257255362,0.258813725,0.355215329,0.858535408,0.99600497,1.029793045,1.053279088,1.035872906,0.78570822,0.519189662,0.134519438,-0.021615417,-0.01819281,-0.002629632,0.000370711,0,0,-0.020389093,0.137696078,1.022143416,1.038546398,1.005617953,1.000801403,1.035465109,0.886829555,0.659429483,0.597865383,0.410747004,0.053823224,-0.031845282,-0.012016987,-0.001312296,-0.000184896,3.30E-05,0,0,0,-0.005218227,0.019385544,0.397312584,0.594494891,0.625565016,0.642847995,0.311301132,0.143336611,0.020560736,0.007097142,-0.032121448,-0.012373635,-8.56E-05,8.15E-05,0,0,0,0,0,0,0.000391476,-0.002597733,-0.020019744,-0.021290339,-0.01689517,-0.01530416,-0.021477246,-0.016031624,-0.008081597,-0.006094771,-0.001304636,0.000171212,0,0,0,0,0,0,0,0,0,0,0,3.83E-05,-0.000338286,-0.000480835,5.10E-05,0,0,0,0,0,0,0,0,0,0,0,0,0,0,0,0,0,0,0,0,0,0,0,0,0,0,0,0,0,0,0,0,0,0,0,0,0,0,0,0,0,0,0,0,0,0,0,0,0,0,0,0,0,0,0,0,0,0,0,0,0,0,0,0,0,0,0,0,0,0,0,0,0,0,0,0,0,0,0,0,0,0,0,0,0,0,0,0,0,0,0,0,0,0,0,0,0,0,0,0,0,0,0,0,0,0,0,0,0,0,0,0
0,0,0,0,0,0,0,0,0,0,0,0,0,0,0,0,0,0,0,0,0,0,0,0,0,0,0,0,0,0,0,0,0,0,0,0,0,0,0,0,0,0,0,0,0,0,0,0,0,0,0,0,0,0,0,0,0,0,0,0,0,0,0,0,0,0,0,0,0,0,0,0,0,9.19E-07,4.75E-05,-0.00060575,-0.000893127,2.61E-05,5.62E-06,0,0,0,0,0,0,0,0,0,0,0,0,0,0,0.000129289,-0.000930351,-0.018800228,-0.020782561,-0.003420723,0.000463814,0,0,0,0,0,0,0,0,0,0,0,0,6.01E-18,0.000438221,-0.003415918,-0.038672045,0.24503365,0.327508408,0.017777761,-0.004316959,0,0,0,0,0,0,0,0,0,0,0,8.51E-05,-0.000546364,-0.017127308,0.000943032,0.40078542,0.918983779,0.970830525,0.116118687,-0.018107639,0,0,0,0,0,0,0,0,0,0,0.000352207,-0.001842363,-0.028550643,0.09181821,0.618947896,1.011921361,0.991010354,0.521022074,0.015939338,-0.006164649,0,0,0,0,0,0,0,1.58E-05,0.000119695,-0.002581291,-0.009598601,-0.02106793,0.22533175,0.781477773,1.000300228,0.718780722,0.318408837,0.015868345,-0.008621744,0.000401688,0,0,0,0,0,0,0.00111826,-0.012266306,-0.029987006,-0.003504766,0.037615383,0.455573002,0.924471524,0.978112762,0.415578636,0.038712554,-0.032908939,-0.003683058,0.000519751,0,0,0,5.70E-19,7.00E-18,5.23E-05,0.000664233,-0.024460869,0.059162326,0.186411734,0.547793556,0.976105835,1.021765182,0.817881366,0.338119522,-0.026633425,-0.013963865,0.000313725,5.15E-05,0,0,0,0,0.000297862,-0.001737088,-0.017878625,-0.028488137,0.131356975,0.655033616,0.95075712,1.01302068,0.836047981,0.49674583,0.102970639,-0.02592857,-0.002152352,0.000154463,0,0,0,0,0,0,-0.002369791,0.001115852,0.236014227,0.581722684,0.894210845,1.036704578,0.855015424,0.511183893,0.11138274,-0.015708542,-0.016389619,9.40E-05,0.000130447,0,0,0,0,0,0,0,-0.018066619,0.115546808,0.965432207,1.006375017,0.646560236,0.491392616,0.125417074,-0.030088848,-0.013965312,-0.003896889,7.98E-05,2.04E-05,0,0,0,0,0,0,0,0,-0.009635757,0.067198035,0.472269455,0.345467797,-0.010862558,-0.049195057,-0.012839621,0.000812738,0,0,0,0,0,0,0,0,0,0,0,0,0.000381434,-0.002633759,-0.018522825,-0.021210376,-0.004607605,0.00033752,0,0,0,0,0,0,0,0,0,0,0,0,0,0,3.22E-05,-0.000221505,-0.00161443,-0.00096538,-2.55E-06,4.90E-06,0,0,0,0,0,0,0,0,0,0,0,0,0,0,0,0,0,0,0,0,0,0,0,0,0,0,0,0,0,0,0,0,0,0,0,0,0,0,0,0,0,0,0,0,0,0,0,0,0,0,0,0,0,0,0,0,0,0,0,0,0,0,0,0,0,0,0,0,0,0,0,0,0
0,0,0,0,0,0,0,0,0,0,0,0,0,0,0,0,0,0,0,0,0,0,0,0,0,0,0,0,0,0,0,0,0,0,0,0,0,0,0,0,0,0,0,0,0,0,0,0,0,0,0,0,0,0,0,0,0,0,0,0,0,0,0,0,0,0,0,0,0,0,0,0,0,0,1.84E-05,-5.00E-05,-0.001511438,-0.000392565,4.49E-05,0,0,0,0,0,0,0,0,0,0,0,0,0,0,0.000227022,-0.002261029,-0.023750477,-0.019201151,-0.000634096,0.000223992,0,0,0,0,0,0,0,0,0,0,0,1.30E-19,8.51E-05,0.000708287,-0.016443168,-0.028519199,0.168302509,0.446035505,0.083716318,-0.01069104,0,0,0,0,0,0,0,0,0,0,8.58E-05,-3.44E-05,-0.009861452,-0.027604867,0.140712214,0.513382693,0.894330593,1.069999438,0.151300701,-0.021822236,0,0,0,0,0,0,0,0,0,0.000293506,-0.003720191,-0.026024435,0.022474165,0.297391709,0.868984414,1.049433506,0.944995023,0.684554526,0.074153634,-0.012298384,0,0,0,0,0,0,2.96E-19,5.82E-05,-5.25E-06,-0.010957618,-0.007267719,0.204020731,0.671174939,1.00455738,0.98337306,0.64354473,0.220100524,-0.019232673,-0.004835718,0.000432326,0,0,0,0,0,0,6.89E-05,-0.000725592,-0.030805392,0.084336874,0.534040067,0.913180385,1.046373928,0.871617121,0.34771218,0.015318542,-0.025982111,-0.000455082,0.000163059,0,0,0,0,0,2.44E-18,0.000398284,-0.001680368,-0.038089852,0.251862966,0.747606924,1.040712435,0.981070381,0.609090788,0.11114571,-0.026311309,-0.00993396,0.000486826,2.85E-05,0,0,0,0,0,0.000216053,-0.001284041,-0.018150361,-0.009703499,0.341898829,0.937523032,1.048506502,0.779216486,0.281625051,0.014960733,-0.015602299,-0.000810015,0.000109783,0,0,0,0,0,0,0.000370959,-0.003231619,-0.020138345,0.088948643,0.552551177,0.982819018,0.91886573,0.498006043,0.085506757,-0.039866037,-0.006112113,0.00058091,1.63E-05,0,0,0,0,0,0,0,-0.002651825,-0.000365048,0.270707346,0.821064355,1.049924479,0.829710359,0.282129907,-0.035766612,-0.012202989,-2.06E-05,6.18E-05,0,0,0,0,0,0,0,0,0,-0.017462214,0.11122284,0.938336976,0.97097498,0.528878421,0.13352274,-0.021658497,-0.000732401,0,0,0,0,0,0,0,0,0,0,0,0,-0.008890421,0.054760864,0.50719167,0.308557343,-0.009928649,-0.018251583,-0.001266357,0.00020527,0,0,0,0,0,0,0,0,0,0,0,0,0.000226886,-0.000960978,-0.016660182,-0.01793156,-0.002671926,-9.77E-05,3.30E-05,0,0,0,0,0,0,0,0,0,0,0,0,0,3.26E-05,-0.00024408,-0.001482206,-0.000307366,4.40E-05,0,0,0,0,0,0,0,0,0,0,0,0,0,0,0,0,0,0,0,0,0,0,0,0,0,0,0,0,0,0,0,0,0,0,0,0,0,0,0,0,0,0,0,0,0,0,0,0,0,0,0,0,0,0
0,0,0,0,0,0,0,0,0,0,0,0,0,0,0,0,0,0,0,0,0,0,0,0,0,0,0,0,0,0,0,0,0,0,0,0,0,0,0,0,0,0,0,0,0,0,0,0,0,0,0,0,0,0,0,0,0,0,0,0,0,0,0,0,0,0,0,0,0,0,0,0,0,0,0,0,0,0,0,0,0,0,0,0,0,0,0,0,0,0,0,0,0,0,0,0,0,0,0,0,0,0,0,0,0,0,0,0,0,0,0,0,0,0,0,0,0,0,0,0,0,0,0,0,0,0,0,0,0,0,0,0,0,0,0,0,0,0,0,0,0,1.63E-05,-9.28E-05,-0.000966124,-0.001194407,-0.001174025,-0.000851983,-0.004560634,-0.01360768,-0.017954425,-0.021956708,-0.021523786,-0.021523786,-0.021523786,-0.021523786,-0.022390037,-0.012096939,0.000128142,0.000101912,0,0,0.00046092,-0.002656027,-0.027016442,-0.033040407,-0.032498723,-0.035553428,-0.000547725,0.084828023,0.125844635,0.163611315,0.159526144,0.159526144,0.159526144,0.159526144,0.167649272,0.070245949,-0.007271004,-7.42E-05,0,0,-0.010565428,0.060775651,0.620198972,0.759623332,0.747108439,0.745165696,0.769665661,0.829662463,0.85852594,0.885096303,0.882222222,0.882222222,0.882222222,0.882222222,0.888265846,0.831704538,0.104120246,-0.01596218,0,0,-0.012403152,0.070399138,0.736186513,0.911732707,0.895931117,0.89789854,0.894041553,0.886669935,0.883458742,0.880450776,0.880776144,0.880776144,0.880776144,0.880776144,0.88866779,0.80916088,0.097052454,-0.015192844,0,0,-0.001885553,0.009631589,0.121080644,0.161178343,0.157687398,0.157592422,0.157651305,0.157682802,0.157679739,0.157679739,0.157679739,0.157679739,0.157679739,0.157679739,0.161604711,0.116220044,0.008048795,-0.001715005,0,0,0.000264971,-0.001394917,-0.016660552,-0.021776528,-0.021328115,-0.021328115,-0.021328115,-0.021328115,-0.021328115,-0.021328115,-0.021328115,-0.021328115,-0.021328115,-0.021328115,-0.021776528,-0.016660552,-0.001394917,0.000264971,0,0,0,0,0,0,0,0,0,0,0,0,0,0,0,0,0,0,0,0,0,0,0,0,0,0,0,0,0,0,0,0,0,0,0,0,0,0,0,0,0,0,0,0,0,0,0,0,0,0,0,0,0,0,0,0,0,0,0,0,0,0,0,0,0,0,0,0,0,0,0,0,0,0,0,0,0,0,0,0,0,0,0,0,0,0,0,0,0,0,0,0,0,0,0,0,0,0,0,0,0,0,0,0,0,0,0,0,0,0,0,0,0,0,0,0,0,0,0,0,0,0,0,0,0,0,0,0,0,0,0,0,0,0,0,0,0,0,0,0,0
0,0,0,0,0,0,0,0,0,0,0,0,0,0,0,0,0,0,0,0,0,0,0,0,0,0,0,0,0,0,0,0,0,0,0,0,0,0,0,0,0,0,0,0,0,0,0,0,0,0,0,0,0,0,0,0,0,0,0,0,0,0,0,0,0,0,0,0,0,0,0,0,0,0,0,0,0,0,0,0,0,0,0,0,0,0,0,0,0,0,0,0,0,0,0,0,0,0,0,0,0,0,0,0,0,0,0,0,0,0,0,0,0,0,0,0,0,0,0,0,0,0,0,0,0,0,0,0,0,0,0,0,0,0,0,0,0,0,0,0,0,0,0,0,0,0,0,0.000146448,-0.001193592,-0.003495577,-0.007417961,-0.0341951,-0.046967497,-0.041439811,-0.015147772,0.000264156,7.34E-05,0,0,0,0,0.000440666,-0.003311881,-0.019636336,-0.008440972,-0.004531658,-0.008468035,-0.017000428,-0.018977788,-0.009982009,0.026496919,0.27944584,0.39997194,0.347643655,0.099475916,-0.029280739,-0.007190359,6.05E-05,6.33E-05,0,0,-0.007251157,0.05681984,0.303712061,0.082113647,0.015332346,0.084377825,0.209649984,0.484022484,0.730509515,0.765982792,0.938724673,1.029398312,1.010888497,0.834179228,0.411821981,0.055702138,-0.007655008,-5.79E-05,0,0,-0.013435798,0.074736354,0.816579793,0.921609494,0.832705797,0.884472886,0.979037561,1.017317896,1.040974231,1.041244979,1.032380974,0.989592047,0.865554228,0.915718307,1.027425654,0.777411612,0.073523603,-0.013058619,0,0,-0.001491694,-0.018922792,0.313703806,0.828583895,1.022764434,1.028003064,0.883567238,0.813015863,0.815400003,0.829219158,0.693958282,0.401759305,0.158833708,0.202923662,0.647508749,0.686395901,0.064043965,-0.011317742,0,0,1.53E-06,-0.001251673,0.007052709,0.067398852,0.266948878,0.465856688,0.152173426,0.070190507,0.077846806,0.081440983,0.036350587,-0.026735606,-0.023331346,-0.027242214,0.026010813,0.033661082,-0.00489777,0.000109046,0,0,1.87E-05,0.000225735,-0.003638514,-0.013160403,-0.020570874,-0.020819036,-0.015949207,-0.013580814,-0.01372549,-0.014138242,-0.009306066,-0.001660144,0.000155059,9.28E-05,-0.008045854,-0.008876634,-0.000168155,9.19E-05,0,0,0,0,0,0,0,0,0,0,0,0,0,0,0,0,0,0,0,0,0,0,0,0,0,0,0,0,0,0,0,0,0,0,0,0,0,0,0,0,0,0,0,0,0,0,0,0,0,0,0,0,0,0,0,0,0,0,0,0,0,0,0,0,0,0,0,0,0,0,0,0,0,0,0,0,0,0,0,0,0,0,0,0,0,0,0,0,0,0,0,0,0,0,0,0,0,0,0,0,0,0,0,0,0,0,0,0,0,0,0,0,0,0,0,0,0,0,0,0,0
0,0,0,0,0,0,0,0,0,0,0,0,0,0,0,0,0,0,0,0,0,0,0,0,0,0,0,0,0,0,0,0,0,0,0,0,0,0,0,0,0,0,0,0,0,0,0,0,0,0,0,0,0,0,0,0,0,0,0,0,0,0,0,0,0,0,0,0,0,0,0,0,0,0,0,0,0,0,0,0,0,0,0,0,0,0,0,0,0,0,0,0,0,0,0,0,0,0,0,0,0,0,0,0,0,0,0,0,0,0,0,0,0,0,0,0,0,0,0,0,0,0,0,0,0,0,0,0,0,0,0,0,0,0,0,0,0,0,0,0,0,0,0.000615082,-0.003946435,-0.034690392,-0.043590559,-0.04246056,-0.042600092,-0.04246056,-0.042453222,-0.043585259,-0.031203783,-0.008347942,-0.007048632,-0.005620236,-0.000135747,3.30E-05,0,0,0,0,0,-0.004551792,0.02730673,0.287992919,0.367595486,0.357606209,0.358678186,0.357606209,0.357549837,0.368105528,0.251222495,0.035726954,0.023105426,0.014096337,-0.01713991,-0.005096865,-0.001401951,9.19E-05,0,0,0,-0.025948799,0.19989585,0.91420658,1.037290543,1.00097406,1.006153914,0.993602431,0.990621119,1.000458691,0.919049666,0.76437027,0.762293045,0.670867239,0.264769931,0.022235566,-0.001692094,-0.000358456,0,0,0,-0.018329461,0.141482281,0.630675126,0.816714716,0.956391374,0.958798017,1.004390999,1.022634906,1.023241371,1.033711159,1.046545086,1.048462725,1.051540305,0.939504868,0.785801998,0.306142857,-0.016065325,0,0,0,0.001093311,-0.008744332,-0.046920445,0.082887255,0.29733701,0.315427299,0.585019318,0.681444461,0.675099826,0.675892395,0.672935639,0.671753268,0.679630821,0.911443559,0.966562057,0.454363272,-0.018300313,0,0,0,0,3.30E-05,0.000913538,-0.013431576,-0.037371693,-0.031334886,0.016360676,0.033072694,0.03174682,0.031798031,0.031606984,0.030873385,0.033214283,0.174588701,0.195017767,0.057445189,-0.003103556,0,0,0,0,0,0,0,0.000105528,-0.00054319,-0.006741047,-0.008930249,-0.008768893,-0.008780297,-0.008737754,-0.008696895,-0.008872719,-0.016864447,-0.018140659,-0.008180296,0.000319989,0,0,0,0,0,0,0,0,0,0,0,0,0,0,0,0,0,0,0,0,0,0,0,0,0,0,0,0,0,0,0,0,0,0,0,0,0,0,0,0,0,0,0,0,0,0,0,0,0,0,0,0,0,0,0,0,0,0,0,0,0,0,0,0,0,0,0,0,0,0,0,0,0,0,0,0,0,0,0,0,0,0,0,0,0,0,0,0,0,0,0,0,0,0,0,0,0,0,0,0,0,0,0,0,0,0,0,0,0,0,0,0,0,0,0,0,0,0,0,0,0
0,0,0,0,0,0,0,0,0,0,0,0,0,0,0,0,0,0,0,0,0,0,0,0,0,0,0,0,0,0,0,0,0,0,0,0,0,0,0,0,0,0,0,0,0,0,0,0,0,0,0,0,0,0,0,0,0,0,0,0,0,0,0,0,0,0,0,0,0,0,0,0,0,0,0,0,0,0,0,0,0,0,0,0,0,0,0,0,0,0,0,0,0,0,0,0,0,0,0,0,0,0,0,0,0,0,0,0,0,0,0,0,0,0,0,0,0,0,0,0,0,0,0,0,0,0,0,0,0,0,3.79E-18,0.000211057,-0.005706215,-0.010341776,-0.010130719,-0.010330712,-0.008061853,-0.000710835,0.000131059,0,0,0,0,0,0,0.000234397,-0.001995434,-0.008945531,-0.036072724,-0.039892381,-0.039525498,-0.041276344,0.007814475,0.046265949,0.044515103,0.046167349,0.026606895,-0.011049958,-0.0002665,0,0,0,3.67E-06,0.000203738,-0.002785029,-0.021603128,-0.013759668,0.04049575,0.29692436,0.333029003,0.329566993,0.321589052,0.545200936,0.720559385,0.712688674,0.720302883,0.640623383,0.151904427,-0.011798237,0,0,0,0.000982023,-0.011109426,0.003846082,0.277340959,0.531544322,0.785176375,0.967411663,0.993096405,0.990522876,0.989575674,1.013354123,1.044196878,1.053875698,1.053843359,1.06520144,0.731419632,-0.021596031,0,0,0,-0.006875382,0.036510468,0.488709593,0.974264008,1.009207806,1.030309914,0.950134293,0.935715891,0.937017974,0.938232741,0.934866665,0.797384855,0.681366166,0.690982435,0.707280603,0.380081445,-0.014459933,0,0,0,-0.041462231,0.346823972,1.007902744,1.010996255,1.0275585,0.785155993,0.290200504,0.257336091,0.26125,0.26259021,0.263947098,0.093505413,-0.05453142,-0.042083333,-0.042960069,-0.023357486,0.000876736,0,0,0,-0.052587845,0.452488722,1.078831597,0.95340299,0.458829559,0.06853976,-0.031717181,-0.032813073,-0.032285679,-0.032428356,-0.032572473,-0.01443072,0.001324854,0,0,0,0,0,0,0,-0.035956545,0.299375545,0.932857128,0.594222869,-0.004849077,-0.018730552,-0.000442538,7.66E-05,0,0,0,0,0,0,0,0,0,0,0,0,-0.002586523,0.015652114,0.171038654,0.114492834,-0.01152194,0.000478986,0,0,0,0,0,0,0,0,0,0,0,0,0,0,0.000587012,-0.004297488,-0.025645527,-0.016953738,0.001016544,0,0,0,0,0,0,0,0,0,0,0,0,0,0,0,0,0,0,0,0,0,0,0,0,0,0,0,0,0,0,0,0,0,0,0,0,0,0,0,0,0,0,0,0,0,0,0,0,0,0,0,0,0,0,0,0,0,0,0,0,0,0,0,0,0,0,0,0,0,0,0,0,0,0,0,0,0,0,0,0,0,0,0,0,0,0,0,0,0,0,0,0,0
0,0,0,0,0,0,0,0,0,0,0,0,0,0,0,0,0,0,0,0,0,0,0,0,0,0,0,0,0,0,0,0,0,0,0,0,0,0,0,0,0,0,0,0,0,0,0,0,0,0,0,0,0,0,0,0,0,0,0,0,0,0,0,0,0,0,0,0,0,0,0,0,0,0,0,0,0,0,0,0,0,0,0,0,0,0,0,0,0,0,0,0,0,0,0,0,0,0,0,0,0,0,0,0,0,0,0,0,0,0,0,0,0,0,0,0,0,0,0,0,0,0,0,3.73E-05,-0.000656318,-0.000458878,2.71E-05,0,0,0,0,0,0,0,0,0,0,0,0,0,0,0.000224206,-0.000430801,-0.020517559,-0.034144959,-0.034112348,-0.021560118,-0.006771185,0.000260894,0,0,0,0,0,0,0,0,0,0,0,0,-0.001360975,-0.000960214,0.150841112,0.358595486,0.334411203,0.157169747,0.022778695,-0.039561853,-0.037245507,-0.038099265,-0.029162377,-0.021264879,-0.021321793,-0.030771446,-0.035583129,-0.015621528,-0.000165556,0.000161867,0,0,-0.015014127,0.093196619,0.820653356,0.973090635,0.972749796,0.885953176,0.743709966,0.611841588,0.616004885,0.628638021,0.457476307,0.312948276,0.313486196,0.492440513,0.58546235,0.225399016,-0.004509141,-0.001803343,0,0,-0.004768519,0.027564306,0.278588644,0.330332074,0.445893672,0.744127179,0.851815288,0.953665441,0.956022535,0.983848805,1.038195449,1.030919058,1.036733728,0.993967933,0.958393382,0.863226392,0.104478364,-0.016292382,0,0,0.000310458,-0.001795279,-0.018119485,-0.021837827,-0.034408037,0.02155142,0.103373538,0.262017412,0.262900378,0.307727124,0.458356056,0.476912376,0.482234035,0.360707006,0.263943474,0.28054902,0.040497738,-0.005812908,0,0,0,0,0,0,0.000642045,-0.006671151,-0.015549115,-0.032255106,-0.032957075,-0.032910756,-0.033259091,-0.03339243,-0.033489004,-0.033297511,-0.032870603,-0.033555552,-0.004715625,0.000684848,0,0,0,0,0,0,0,0,0,0,4.90E-05,-0.000343648,-0.001598414,-0.001736069,-0.001775429,-0.000757251,3.28E-05,2.55E-06,0,0,0,0,0,0,0,0,0,0,0,0,0,0,0,0,0,0,0,0,0,0,0,0,0,0,0,0,0,0,0,0,0,0,0,0,0,0,0,0,0,0,0,0,0,0,0,0,0,0,0,0,0,0,0,0,0,0,0,0,0,0,0,0,0,0,0,0,0,0,0,0,0,0,0,0,0,0,0,0,0,0,0,0,0,0,0,0,0,0,0,0,0,0,0,0,0,0,0,0,0,0,0,0,0,0,0,0,0,0,0,0,0,0,0,0,0,0,0,0,0,0,0
0,0,0,0,0,0,0,0,0,0,0,0,0,0,0,0,0,0,0,0,0,0,0,0,0,0,0,0,0,0,0,0,0,0,0,0,0,0,0,0,0,0,0,0,0,0,0,0,0,0,0,0,0,0,0,0,0,0,0,0,0,0,0,0,0,0,0,0,0,0,0,0,0,0,0,0,0,0,0,0,0,0,0,0,0,0,0,0,0,0,0,0,0,0,0,0,0,0,0,0,0,0,0,0,0,0,0,0,0,0,0,0,0,0,0,0,0,0,0,0,0,0,0,0,0,0,0,0,0,0,0,0,0,0,0,0,0,0,0,0,0,0,0,0,0,0,0,0,2.81E-05,-0.000134116,-0.004650035,-0.005599038,-0.006018606,-0.018839835,-0.037765277,-0.050433329,-0.044979414,-0.005237956,0.000831601,0,0,0.000229269,-0.000570961,-0.019905535,-0.032308313,-0.021560815,-0.013987337,-0.015201836,-0.026350797,-0.030697525,0.002768501,0.009135536,0.013381979,0.135557411,0.316991711,0.437416428,0.385057326,0.043892728,-0.007043505,0,0,-0.003353077,0.005668949,0.314188538,0.529825044,0.339840635,0.196930368,0.219435018,0.416800415,0.524696334,0.720112166,0.783508238,0.789317106,0.861206206,0.954070806,1.026588184,1.005861758,0.134161724,-0.019954895,0,0,-0.012708844,0.072583109,0.750988903,0.919698734,0.846393314,0.878056321,0.875880162,0.900509991,0.911922811,0.933327461,0.850615145,0.773972236,0.62374217,0.272223907,0.176985515,0.196990009,0.02849573,-0.004085138,0,0,-0.002929092,0.016350281,0.176778578,0.21392053,0.156401961,0.224257166,0.219620718,0.218778816,0.217561428,0.226186853,0.09674149,-0.002520009,-0.016586874,-0.020441602,-0.013820517,-0.014736877,-0.0020709,0.000300756,0,0,0.000370959,-0.0020759,-0.022332966,-0.027131792,-0.02079369,-0.027852921,-0.027374383,-0.027486038,-0.027458726,-0.028527985,-0.014875056,-0.004318182,-0.00209327,0.000193633,0,0,0,0,0,0,0,0,0,0,0,0,0,0,0,0,0,0,0,0,0,0,0,0,0,0,0,0,0,0,0,0,0,0,0,0,0,0,0,0,0,0,0,0,0,0,0,0,0,0,0,0,0,0,0,0,0,0,0,0,0,0,0,0,0,0,0,0,0,0,0,0,0,0,0,0,0,0,0,0,0,0,0,0,0,0,0,0,0,0,0,0,0,0,0,0,0,0,0,0,0,0,0,0,0,0,0,0,0,0,0,0,0,0,0,0,0,0,0,0,0,0,0,0,0,0,0,0,0,0,0,0,0,0,0,0,0,0,0,0,0,0,0,0,0
0,0,0,0,0,0,0,0,0,0,0,0,0,0,0,0,0,0,0,0,0,0,0,0,0,0,0,0,0,0,0,0,0,0,0,0,0,0,0,0,0,0,0,0,0,0,0,0,0,0,0,0,0,0,0,0,0,0,0,0,0,0,0,0,0,0,0,0,0,0,0,0,0,0,0,0,0,0,0,0,0,0,0,0,0,0,0,0,0,0,0,0,0,0,3.86E-05,-0.000287377,-0.001095895,-0.00014767,2.14E-05,0,0,0,0,0,0,0,0,0,0,0,1.58E-32,4.41E-18,-3.73E-17,0.000989328,-0.015623026,-0.033229643,-0.029557411,-0.021506852,0.000606277,0,0,0,0,0,0,0,0,0,0,0,0.000217014,-0.002045037,-0.014187491,-0.03220818,0.153135961,0.390721133,0.440056543,0.244267763,-0.008911526,0,0,0,0,0,0.000190779,-0.000115772,-0.020286984,-0.033060226,0.000651013,0.000843423,-0.011950033,-0.028383185,0.122958968,0.478413912,0.841499073,0.999438873,1.037046492,0.839802733,-0.02112684,0,0,0,0.000239697,-0.001113868,-0.021543505,-0.033449772,0.147293488,0.28510857,-0.007200793,-0.031913075,0.046531386,0.414876532,0.840592804,1.033225592,1.03917293,0.93117036,0.787044084,0.606348362,-0.016252723,0,0,0,-0.001399454,-0.004451678,0.285100337,0.554692691,0.862804926,0.649798096,-0.039492324,0.35800463,0.738871085,1.0152388,1.029499681,0.839165186,0.547739498,0.273007966,0.085461295,0.035328666,-0.001985805,0,0,0,-0.034433574,0.281605767,0.94091008,1.016539709,1.023029054,0.682076335,0.595790952,0.957262697,1.050451831,0.878363358,0.451228717,0.078822185,-0.013428836,-0.020761642,-0.016801471,-0.008990461,0.000346201,0,0,0,-0.051795687,0.444561445,1.072710001,1.001842099,1.004026093,1.02751369,1.039901161,0.996996324,0.638428105,0.151213712,-0.034585677,-0.009625477,-0.002121426,-0.000647978,4.78E-05,0,0,0,0,0,-0.027548901,0.22325464,0.779657423,0.945000849,0.937349136,0.821669827,0.496855849,0.261782914,0.021703389,-0.027555083,0.000576029,0.000163059,0,0,0,0,0,0,0,0,0.001039501,-0.013590686,0.040678956,0.258053683,0.232120098,0.056404227,-0.023492987,-0.019859749,-0.007687228,0.000505004,0,0,0,0,0,0,0,0,0,0,0,0.00041105,-0.005480664,-0.024448529,-0.022178819,-0.006762277,0.00023829,0,0,0,0,0,0,0,0,0,0,0,0,0,0,0,0,0,0,0,0,0,0,0,0,0,0,0,0,0,0,0,0,0,0,0,0,0,0,0,0,0,0,0,0,0,0,0,0,0,0,0,0,0,0,0,0,0,0,0,0,0,0,0,0,0,0,0,0,0,0,0,0,0,0,0,0,0,0,0,0,0,0,0,0,0,0,0,0,0,0,0,0,0,0,0,0,0,0,0,0,0,0,0,0,0,0,0,0,0,0,0
0,0,0,0,0,0,0,0,0,0,0,0,0,0,0,0,0,0,0,0,0,0,0,0,0,0,0,0,0,0,0,0,0,0,0,0,0,0,0,0,0,0,0,0,0,0,0,0,0,0,0,0,0,0,0,0,0,0,0,0,0,0,0,0,0,0,0,0,0,0,0,0,3.30E-05,-0.000173407,-0.001996885,-0.007484324,-0.015977277,-0.003887989,0.000316074,0,0,0,0,0,0,0,0,0,0,0,0,0.000128676,2.02E-05,-0.015208435,-0.014566908,0.070064015,0.216762187,0.023961858,-0.004252111,0,0,0,0,0,0,0,0,0,0,1.03E-18,2.53E-17,-0.000502621,-0.026712,0.132083691,0.530555573,0.817328789,0.968313521,0.52714071,-0.019557802,0,0,0,0,0,0,0,0,0,2.71E-05,0.000251396,-0.007046569,-0.027823563,0.194382295,0.6527003,1.031572917,1.016008153,1.032390131,0.780932901,-0.021113324,0,0,0,0,0,0,0,0,0,-6.16E-05,-0.003975429,0.018583799,0.380800501,0.904709566,0.977242282,1.004998692,0.962633369,0.771754769,0.179143162,-0.013697804,0,0,0,0,0,0,3.27E-19,4.80E-05,-6.04E-05,-0.009115145,-0.038914233,0.481168556,0.973125494,1.013412808,1.024484528,0.904897484,0.305888634,0.065420854,-0.013209307,-0.000541258,0,0,0,0,0,5.51E-06,0.000234681,-0.00311986,-0.027293679,0.057830219,0.590431628,0.946849333,1.019059692,1.00421392,0.67479182,0.193744451,-0.02761746,-0.009116047,-6.62E-05,8.51E-05,0,0,0,0,0.000134038,-0.000598907,-0.023745047,-0.025434385,0.227300609,0.705013021,1.023133289,1.022403561,0.79198846,0.350447444,0.033462742,-0.030044833,-0.000979473,0.000154412,0,0,0,0,0,0.000383189,-0.004258493,-0.010903339,0.223073751,0.4962484,0.893466396,1.025749745,1.027251498,0.794623264,0.163498383,-0.035081224,-0.006306645,0.000142004,3.77E-05,0,0,0,0,0,0,-0.002296793,-0.003463373,0.402095376,0.934262804,1.007634473,1.023208819,0.96738326,0.504312333,0.065931678,-0.017900565,-0.000344153,0.000126371,0,0,0,0,0,0,0,0,-0.020637153,0.151081342,0.856002451,1.024166173,1.003143484,0.957235165,0.412625783,-0.030550194,-0.016404378,-0.000419901,0.000126371,0,0,0,0,0,0,0,0,0,-0.043653744,0.367938606,1.01619727,1.025075317,0.659877757,0.212799774,0.039860771,-0.0069287,0.000268076,0,0,0,0,0,0,0,0,0,0,0,-0.048527985,0.421140336,0.963778901,0.455119043,0.062163756,-0.038749745,-0.008573666,0.00078125,0,0,0,0,0,0,0,0,0,0,0,0,-0.014402593,0.128062704,0.239183841,-0.008675654,-0.008920343,0.000469304,3.17E-05,0,0,0,0,0,0,0,0,0,0,0,0,0,0.001757376,-0.015558273,-0.0302132,-0.002093677,0.000242143,0,0,0,0,0,0,0,0,0,0,0,0,0,0,0,0,0,0,0,0,0,0,0,0,0,0,0,0,0,0,0,0,0,0,0,0,0,0,0,0,0,0,0,0,0,0,0,0,0,0,0,0,0
0,0,0,0,0,0,0,0,0,0,0,0,0,0,0,0,0,0,0,0,0,0,0,0,0,0,0,0,0,0,0,0,0,0,0,0,0,0,0,0,0,0,0,0,0,0,0,0,0,0,0,0,0,0,0,0,0,0,0,0,0,0,0,0,0,0,0,0,0,0,0,0,0,0,0,0,0,0,0,0,0,0,0,0,0,0,0,0,0,0,0,0,0,0,0,0,0,0,0,0,0,0,0,0,0,0,0,0,0,0,0,0,1.86E-18,-1.63E-17,-3.61E-17,-1.29E-18,2.18E-19,0,0,0,0,0,0,0,0,0,0,0,9.45E-05,-0.001468376,-0.003368226,-0.003131978,-0.011755704,-0.015185526,-0.015952819,-0.014611247,-0.010765931,-0.003211583,0.000165101,0,0,0,0,0,0,7.45E-19,0.000110065,-0.000755428,-0.012544383,-0.023900116,-0.018749185,-0.020577687,0.05751282,0.10970894,0.139114233,0.087542225,0.049134259,-0.012597578,-0.000500897,0,0,0,0,2.97E-05,0.000180351,-0.006621119,-0.023339614,-0.025998685,0.063675739,0.352569564,0.524425756,0.514134106,0.760080833,0.862942147,0.88490579,0.843912173,0.739743175,0.455659692,-0.013533156,0,0,0,0,0.000783139,-0.022337333,0.056398982,0.330102533,0.532608095,0.802966554,0.976873638,1.06999794,1.077311717,1.034145486,0.956807717,0.95349537,0.995845044,1.072455423,0.903366811,-0.022108864,0,0,0,0.000529942,-0.015933483,0.132492051,0.772205627,1.003742034,1.034284528,1.021228894,0.909394795,0.777208538,0.721811921,0.565143203,0.144973226,0.138430862,0.348024714,0.688687721,0.48385677,-0.014899578,0,0,0,-0.005466553,0.012691585,0.667724741,1.041496324,0.984973788,0.806176878,0.538433398,0.207305726,0.043350065,-0.049991319,-0.035146193,-0.011954453,-0.011592371,-0.023175245,-0.042034212,-0.030094065,0.00090431,0,0,0,-0.040684878,0.33851139,1.027929168,0.981573417,0.599976373,0.100739639,0.003702951,-0.031446639,-0.009388427,0.000633484,0,0,0,0,0,0,0,0,0,0,-0.018472545,0.145808262,0.616642446,0.449813147,0.007039539,-0.01855951,-0.005872992,0.000396582,1.53E-05,0,0,0,0,0,0,0,0,0,0,0,-0.000183441,0.001103758,0.013078159,-0.003887221,-0.004622855,0.000489177,0,0,0,0,0,0,0,0,0,0,0,0,0,0,0.000183441,-0.001408395,-0.006901654,-0.003768995,0.000230699,0,0,0,0,0,0,0,0,0,0,0,0,0,0,0,0,0,0,0,0,0,0,0,0,0,0,0,0,0,0,0,0,0,0,0,0,0,0,0,0,0,0,0,0,0,0,0,0,0,0,0,0,0,0,0,0,0,0,0,0,0,0,0,0,0,0,0,0,0,0,0,0,0,0,0,0,0,0,0,0,0,0,0,0,0,0,0,0,0,0,0,0,0
0,0,0,0,0,0,0,0,0,0,0,0,0,0,0,0,0,0,0,0,0,0,0,0,0,0,0,0,0,0,0,0,0,0,0,0,0,0,0,0,0,0,0,0,0,0,0,0,0,0,0,0,0,0,0,0,0,0,0,0,0,0,0,0,0,0,0,0,0,0,0,0,0,0,0,0,0,0,0,0,0,0,0,0,0,0,0,0,0,0,0,0,0,0,0,0,0,0,0,0,0,0,0,0,0,0,0,0,0,0,0,0,0,0,0,0,0,0,0,0,0,0,0,0,0,0,0,0,0,0,0,0,0,0,0,0,0,0,0,0,0,0,0,0,0,0,0,0,0,0,0,0,0,0,0,0,0,0,0,0,0,0.000417688,-0.002348967,-0.024708078,-0.035615145,-0.037494434,-0.031390165,-0.030934838,-0.034416922,-0.028560713,-0.036281403,-0.02569761,-0.019179151,-0.019910437,-0.020523744,-0.025080576,-0.0200048,-0.002851443,0.000414114,0,0,-0.006601648,0.037018772,0.390226631,0.585049717,0.626486707,0.50411106,0.506399827,0.570112983,0.451729592,0.596868719,0.41041156,0.296040996,0.304890285,0.302617851,0.380698427,0.304632421,0.046313236,-0.006542756,0,0,-0.016758749,0.104331,0.920350354,0.964078125,0.903488086,0.993236928,0.898472205,0.901308704,0.995373485,0.968958452,0.894860107,0.84579797,0.886911952,0.990847358,1.038741949,0.906372464,0.104234948,-0.01666973,0,0,-0.002058824,-0.000114957,0.230396548,0.281754834,0.189829146,0.333750579,0.202008819,0.19613928,0.347524748,0.283796943,0.213942368,0.162948497,0.220690155,0.567434964,0.654977192,0.28941008,-0.008764573,-0.002023931,0,0,0.000305736,-0.000582131,-0.028774612,-0.034320248,-0.024611716,-0.039765603,-0.025790304,-0.025226448,-0.041167502,-0.034559537,-0.02695895,-0.021991199,-0.026758795,0.013379907,0.016351351,-0.011120572,-0.002629962,0.000301659,0,0,0,0,0,0,0,0,0,0,0,0,0,4.48E-05,-6.67E-05,-0.006317742,-0.007319581,-0.001936104,0.000240512,0,0,0,0,0,0,0,0,0,0,0,0,0,0,0,0,0,0,0,0,0,0,0,0,0,0,0,0,0,0,0,0,0,0,0,0,0,0,0,0,0,0,0,0,0,0,0,0,0,0,0,0,0,0,0,0,0,0,0,0,0,0,0,0,0,0,0,0,0,0,0,0,0,0,0,0,0,0,0,0,0,0,0,0,0,0,0,0,0,0,0,0,0,0,0,0,0,0,0,0,0,0,0,0,0,0,0,0,0,0,0,0,0,0,0,0,0,0,0,0,0,0
0,0,0,0,0,0,0,0,0,0,0,0,0,0,0,0,0,0,0,0,0,0,0,0,0,0,0,0,0,0,0,0,0,0,0,0,0,0,0,0,0,0,0,0,0,0,0,0,0,0,0,0,0,0,0,0,0,0,0,0,0,0,0,0,0,0,0,0,0,0,0,0,0,0,0,0,0,0,0,0,0,0,0,0,0,0,0,0,0,0,0,0,0,0,0,0,0,0,0,0,0,0,0,0,0,0,0,0,0,0,0,0,0,0,0,0,0,0,0,0,0,0,0,0,0,0,0,0,0,1.53E-05,0.000362541,-0.005556407,-0.014634034,-0.015082721,-0.015005787,-0.010646446,-0.007029208,-0.006088215,0.00014808,0,0,0,0,0,0,0,0,0,0.000265379,-0.002776793,-0.028021993,0.006226153,0.085507878,0.090033937,0.093763299,0.05367056,0.014122029,0.013894049,-0.00033478,0,0,0,0,0,0,4.98E-05,-0.000206036,-0.004958624,-0.022620098,-0.010506008,0.18127422,0.558788467,0.879608234,0.894960784,0.853294969,0.725877519,0.676035982,0.570164927,-0.013897569,0,0,0,0,0,0.000386029,-0.002239328,-0.023371375,0.030665654,0.30083638,0.616593001,0.893365332,0.783287429,0.518616546,0.406132506,0.332216639,0.335850643,0.442020221,0.366047909,-0.008924122,0,0,0,0,0.000215737,-0.004482656,-0.02273846,0.212517446,0.717635594,0.950611111,0.676108098,0.388624592,0.058183058,-0.018565641,-0.02483221,-0.026540322,-0.026814015,-0.024807785,-0.020889317,0.000510451,0,0,0,0.000521789,-0.006536543,-0.010910012,0.37052594,0.895822866,0.712630583,0.273103452,0.022203057,-0.032265387,-0.006587878,-0.001712884,-0.001030025,-0.000620762,-0.000576338,-0.001103299,-0.000902735,2.20E-05,0,0,0,-0.002372457,-0.006067272,0.472096667,0.90723418,0.392059333,0.014772737,-0.037621377,-0.006338816,0.000797766,6.11E-06,0,0,0,0,0,0,0,0,0,0,-0.037695161,0.324182258,0.808276331,0.304826491,-0.031036714,-0.010189148,0.000299564,8.51E-06,0,0,0,0,0,0,0,0,0,0,0,0,-0.02389181,0.222305419,0.217117715,-0.036128949,-7.90E-05,9.17E-05,0,0,0,0,0,0,0,0,0,0,0,0,0,0,0.000860951,-0.007528595,-0.016535539,-0.000577206,9.93E-05,0,0,0,0,0,0,0,0,0,0,0,0,0,0,0,8.07E-05,-0.000761642,-0.000535846,6.07E-05,0,0,0,0,0,0,0,0,0,0,0,0,0,0,0,0,0,0,0,0,0,0,0,0,0,0,0,0,0,0,0,0,0,0,0,0,0,0,0,0,0,0,0,0,0,0,0,0,0,0,0,0,0,0,0,0,0,0,0,0,0,0,0,0,0,0,0,0,0,0,0,0,0,0
0,0,0,0,0,0,0,0,0,0,0,0,0,0,0,0,0,0,0,0,0,0,0,0,0,0,0,0,0,0,0,0,0,0,0,0,0,0,0,0,0,0,0,0,0,0,0,0,0,0,0,0,0,0,0,0,0,0,0,0,0,0,0,0,0,0,0,0,0,0,0,0,0,0,0,0,0,0,0,0,0,0,0,0,0,0,0,0,0,0,0,0,0,0,0,0,0,0,0,0,0,0,0,0,0,0,0,0,0,0,0,0,0,0,0,0,0,0,0,0,0,0,0,0,0,0,0,0,0,3.98E-05,-0.00016459,-0.002559572,-0.003721142,-0.003566687,-0.00356124,-0.009739413,-0.011375613,-0.001021157,0.000183824,0,0,0,0,0,0,0,0,0.000117158,-0.000298398,-0.013116363,-0.033045483,-0.021585239,-0.015712445,-0.01659915,-0.016649698,0.040698045,0.054721271,0.002309607,-0.000666504,0,0,0,0,5.67E-06,1.79E-06,-0.000930658,-0.00383461,-0.019412631,-0.031244894,0.078096354,0.288526416,0.458671892,0.540376038,0.531282016,0.537982537,0.716721031,0.784905416,0.096000163,-0.014812092,0,0,0,2.94E-05,0.00029376,-0.009226392,-0.023155927,0.010846269,0.259084814,0.556151705,0.78514631,0.972170769,1.031955814,1.033315652,1.026251719,0.908063981,0.846153476,0.657115809,0.058410175,-0.010727124,0,0,2.13E-05,0.001601902,-0.021592542,0.030031607,0.357899714,0.693641595,1.011787262,0.986550926,0.803131553,0.564861622,0.56138174,0.308212449,0.222123775,0.09171075,0.018523437,0.001037633,-0.003872804,0.00029633,0,0,4.34E-05,-0.023827861,0.185982622,0.694797505,1.031579606,0.8343878,0.538437215,0.328955014,0.092321181,-0.038954623,-0.035339869,-0.021043578,-0.016299939,-0.008812551,-0.00466973,-0.003185968,-0.000122753,3.93E-05,0,0,-0.01129693,0.05797764,0.732401536,0.835220775,0.401202186,0.11621552,-0.016945049,-0.030717052,-0.015107313,0.00045045,5.75E-05,0,0,0,0,0,0,0,0,0,-0.008140999,0.064643207,0.334223686,0.067233967,-0.026727175,-0.013661748,-0.004085307,-0.000701253,7.66E-05,0,0,0,0,0,0,0,0,0,0,0,0.000714869,-0.005605153,-0.029941108,-0.007689951,0.000474452,2.43E-05,0,0,0,0,0,0,0,0,0,0,0,0,0,0,0,0,0,0,0,0,0,0,0,0,0,0,0,0,0,0,0,0,0,0,0,0,0,0,0,0,0,0,0,0,0,0,0,0,0,0,0,0,0,0,0,0,0,0,0,0,0,0,0,0,0,0,0,0,0,0,0,0,0,0,0,0,0,0,0,0,0,0,0,0,0,0,0,0,0,0,0,0,0,0,0,0,0,0,0,0,0,0,0,0,0,0,0,0,0,0,0,0,0
0,0,0,0,0,0,0,0,0,0,0,0,0,0,0,0,0,0,0,0,0,0,0,0,0,0,0,0,0,0,0,0,0,0,0,0,0,0,0,0,0,0,0,0,0,0,0,0,0,0,0,0,0,0,0,0,0,0,0,0,0,0,0,0,0,0,0,0,0,0,0,0,0,0,0,0,0,0,0,0,0,0,0,0,0,0,0,0,0,0,0,0,0,0,0,0,0,0,0,0,0,0,0,0,0,0,0,0,0,0,0,0,0,0,0,0,0,0,0,0,0,0,0,0,0,0,0,0,0,1.53E-05,0.00046041,-0.006745302,-0.012077915,-0.011092048,-0.002597699,0.00036152,0,0,0,0,0,0,0,0.000118625,-0.000246219,-0.020106804,-0.034068729,-0.024106559,-0.045526069,-0.04533478,-0.04930328,0.014730443,0.062146627,0.053275447,-0.022798806,-0.035159798,-0.004931311,0.000502805,1.63E-05,0,0,0,0.000726428,-0.006569444,-0.024795275,0.146098414,0.277820159,0.183897925,0.386018519,0.382435355,0.368219278,0.600381876,0.771939621,0.741139502,0.473036765,0.245198615,0.013936496,-0.011458817,0.00033684,0,0,0,-0.009557295,0.067101767,0.417026076,0.852494026,0.945701542,0.878045212,1.020237745,1.018116217,1.018744979,1.025215329,1.043102095,1.046044084,1.030398778,0.949315274,0.550995336,0.056554139,-0.007515489,0,0,0,-0.050149607,0.428919594,1.062836142,1.01770338,1.007962776,1.015313787,0.998495558,1.009517565,1.04402771,0.994235958,0.837063953,0.829181236,0.991909416,1.05995784,1.067610277,0.827975623,-0.021469737,0,0,0,-0.027711467,0.219368192,0.874040577,1.029280688,1.017223601,1.016830065,1.025872294,0.896971473,0.437769812,0.343444836,0.125931237,0.114193049,0.342608337,0.41994281,0.421258681,0.639338235,-0.008627451,0,0,0,0.000331949,-0.015858404,0.18063683,0.591829369,0.809086003,0.654077123,0.323281154,0.202481877,-0.043635791,-0.042852004,-0.017963473,-0.016720884,-0.040926583,-0.049140271,-0.049137826,0.130900653,0.001002813,0,0,0,0.000228283,-0.00133204,-0.014915577,-0.021181917,-0.020765931,-0.020751634,-0.021065666,-0.016566585,-0.00071555,0.000113868,0,0,0,0,-4.28E-18,-0.009612837,-4.28E-18,0,0,0,0,0,0,0,0,0,0,0,0,0,0,0,0,0,0,0,0,0,0,0,0,0,0,0,0,0,0,0,0,0,0,0,0,0,0,0,0,0,0,0,0,0,0,0,0,0,0,0,0,0,0,0,0,0,0,0,0,0,0,0,0,0,0,0,0,0,0,0,0,0,0,0,0,0,0,0,0,0,0,0,0,0,0,0,0,0,0,0,0,0,0,0,0,0,0,0,0,0,0,0,0,0,0,0,0,0,0,0,0,0,0,0,0,0,0,0,0,0
0,0,0,0,0,0,0,0,0,0,0,0,0,0,0,0,0,0,0,0,0,0,0,0,0,0,0,0,0,0,0,0,0,0,0,0,0,0,0,0,0,0,0,0,0,0,0,0,0,0,0,0,0,0,0,0,0,0,0,0,0,0,0,0,0,0,0,0,0,0,0,0,0,0,0,0,0,0,0,0,0,0,0,0,0,0,0,0,0,0,0,0,0,0,0,0,0,0,0,0,0,0,0,0,0,0,5.19E-20,-1.09E-19,-4.99E-18,-2.34E-18,2.80E-19,0,0,0,0,0,0,0,0,0,0,0,0,0,0,5.19E-20,0.000173611,-0.001221074,-0.009093478,-0.003956291,-0.001786663,-0.000942096,-0.000988205,-0.001996528,-0.001960784,-0.002007591,-0.001468035,-0.000107517,2.21E-05,0,0,0,0,0,0.000110065,-3.47E-05,-0.012704503,-0.021753018,0.039643156,-0.010350033,-0.034299815,-0.031081845,-0.031034464,-0.031517773,-0.031502996,-0.031506818,-0.032115741,-0.004504954,0.000654784,0,0,2.55E-05,0.000318271,-0.005401552,-0.013231209,-0.017479711,0.05916265,0.304056517,0.690809743,0.538068117,0.484442521,0.3590072,0.363956456,0.485491898,0.481298509,0.486760025,0.428969141,0.048738688,-0.007839222,0,0,0.00041122,-0.010384004,0.043131349,0.147815734,0.251427645,0.72695098,0.944876143,1.029513344,1.039691942,1.050272569,0.981159569,0.982844071,1.04678845,1.042535284,1.061605154,1.06591476,0.14375535,-0.021265999,0,0,-0.008592559,0.03323453,0.641714376,0.977730971,0.978248434,1.042474026,1.032624825,1.018602124,1.020189338,1.019161322,1.027028663,1.027755731,1.038937568,1.033850694,0.893540424,0.78326811,0.111861675,-0.016199789,0,0,-0.015851716,0.109080143,0.777401076,0.761307785,0.759390523,0.754224775,0.753630491,0.753648999,0.754890165,0.754461261,0.757862864,0.736717555,0.534585376,0.629212861,0.397400991,0.010465465,0.004608251,-0.000669254,0,0,-0.001276956,0.008996483,0.060826352,0.056996504,0.057209245,0.057209245,0.057209245,0.057216583,0.057083282,0.057129347,0.058192491,0.051714395,-0.014492224,0.014600149,0.026570309,-0.010126014,-0.001150837,0.000167135,0,0,0.000241694,-0.001668297,-0.011808109,-0.011515353,-0.011519608,-0.011519608,-0.011519608,-0.011519608,-0.011519608,-0.011519608,-0.011635349,-0.010926481,-0.003802934,-0.006983081,-0.005959116,0.000349775,0,0,0,0,0,0,0,0,0,0,0,0,0,0,0,0,0,0,0,0,0,0,0,0,0,0,0,0,0,0,0,0,0,0,0,0,0,0,0,0,0,0,0,0,0,0,0,0,0,0,0,0,0,0,0,0,0,0,0,0,0,0,0,0,0,0,0,0,0,0,0,0,0,0,0,0,0,0,0,0,0,0,0,0,0,0,0,0,0,0,0,0,0,0,0,0,0,0,0,0,0,0,0,0,0,0,0,0,0,0,0,0,0,0,0,0,0,0,0,0,0,0,0
0,0,0,0,0,0,0,0,0,0,0,0,0,0,0,0,0,0,0,0,0,0,0,0,0,0,0,0,0,0,0,0,0,0,0,0,0,0,0,0,0,0,0,0,0,0,0,0,0,0,0,0,0,0,0,0,0,0,0,0,0,0,0,0,0,0,0,0,0,0,0,0,0,6.59E-06,2.91E-05,-0.001539063,-0.003091605,-0.000421915,6.13E-05,0,0,0,0,0,0,0,0,0,0,0,0,0,0,0.00034615,-0.005526535,-0.014358609,-4.48E-05,-0.000112511,1.63E-05,0,0,0,0,0,0,0,0,0,0,0,0,6.22E-18,0.001304472,-0.014818866,0.001547743,0.410482009,0.625821844,0.086687966,-0.012554126,0,0,0,0,0,0,0,0,0,0,6.74E-05,0.000196078,-0.009443423,-0.034507018,0.091517259,0.514517821,0.997847648,1.012217099,0.135595063,-0.020094975,0,0,0,0,0,0,0,0,0,5.63E-05,1.61E-05,-0.017179895,0.035913232,0.161919099,0.642872963,0.996020545,0.796177439,0.266349908,-0.001846363,-0.002479516,0,0,0,0,0,0,8.71E-19,5.36E-05,-0.001208522,-0.004082006,-0.015571521,0.097310049,0.648167347,0.996448371,0.99721218,0.603484001,0.022779208,-0.020176573,-0.002968693,0.000377859,0,0,0,0,0,9.93E-05,-0.000279412,-0.007946181,-0.016721105,0.004453789,0.060418658,0.801668794,1.020908871,0.930591904,0.366430419,0.034388838,-0.011016544,-0.000183075,4.08E-05,0,0,0,2.59E-18,4.08E-05,8.51E-06,-0.005613698,-0.030872855,0.012032816,0.358604011,0.694918028,0.979331631,0.990453006,0.667870507,0.244755615,-0.029104371,-0.011606005,0.000724877,2.57E-05,0,0,0,0,0.000401688,-0.003165383,-0.020356413,0.031693151,0.369636983,0.619201355,0.986224437,1.011874217,0.721203568,0.382990536,0.014593342,-0.01805012,-0.001229745,0.00011489,0,0,0,0,0,0,-0.005731863,0.024396506,0.395224919,0.832582515,0.963397793,0.896606726,0.845706671,0.390438085,0.050452268,-0.013469335,-0.008158554,6.83E-05,6.52E-05,0,0,0,0,0,0,0,-0.020026212,0.139459765,0.977996868,0.789285131,0.431191159,0.045754374,0.035767498,-0.018372311,-0.010193355,-0.002848414,0.000207312,0,0,0,0,0,0,0,0,0,-0.005030807,0.037201653,0.231190053,0.081688453,-0.002033769,-0.00845658,-0.004979244,-0.000119145,2.13E-05,0,0,0,0,0,0,0,0,0,0,0,0.000683211,-0.004975847,-0.03190625,-0.015208333,-0.003720282,0.000283088,0,0,0,0,0,0,0,0,0,0,0,0,0,0,0,0,0,0,0,0,0,0,0,0,0,0,0,0,0,0,0,0,0,0,0,0,0,0,0,0,0,0,0,0,0,0,0,0,0,0,0,0,0,0,0,0,0,0,0,0,0,0,0,0,0,0,0,0,0,0,0,0,0,0,0,0,0,0,0,0,0,0,0,0,0,0,0,0,0,0,0,0,0
0,0,0,0,0,0,0,0,0,0,0,0,0,0,0,0,0,0,0,0,0,0,0,0,0,0,0,0,0,0,0,0,0,0,0,0,0,0,0,0,0,0,0,0,0,0,0,0,0,0,0,0,0,0,0,0,0,0,0,0,0,0,0,0,0,0,0,0,0,0,0,0,0,0,0,0,0,0,0,0,0,0,0,0,0,0,0,0,0,0,0,0,0,0,0,0,0,0,0,0,0,0,0,0,0,0,0,0,0,0,0,0,0,0,0,0,0,0,0,0,0,0,0,0,0,0,0,0,0,0,0,0,0,0,0,0.000242545,-0.002765012,-0.005852459,9.70E-05,0,0,0,0,0,0,0,0,0,0,0,0.000519751,-0.005692797,-0.011482743,-0.011024826,-0.012011333,-0.037337196,-0.018268976,0.012223119,5.35E-05,0,0,0,0,0,0,2.19E-18,7.15E-05,-0.002956616,-0.003285335,-0.006091656,-0.020614175,0.015555198,0.064767233,0.06069761,0.071177934,0.284337061,0.452719754,0.53265083,-0.010936989,0,0,0,0.001871102,-0.016028493,-0.039241115,-0.037194853,-0.038087554,-0.000950685,0.002546552,0.04552034,0.208368856,0.657279378,0.799292732,0.808160182,0.814532952,0.941412173,1.006389417,0.826618836,-0.020821249,0,0,0,-0.013949696,0.119506621,0.292410846,0.277091605,0.269389297,0.600486918,0.654625204,0.822358541,1.020886744,1.064010536,1.02682249,0.88950143,0.630582006,0.34801411,0.34889231,0.168342743,-0.007103758,0,0,0,-0.052886144,0.452940359,1.110790662,1.053679432,1.05433415,1.048127115,0.973163807,0.792948019,0.500716299,0.493108422,0.41180328,0.153500034,-0.011156846,-0.027123213,-0.023047028,-0.012616893,0.000471814,0,0,0,-0.023686335,0.193460095,0.652373324,0.694833986,0.695034174,0.515837172,0.217705352,0.069187542,-0.027694244,-0.029838674,-0.029285631,-0.021464372,-0.002656639,0.000462272,0,0,0,0,0,0,0.001031348,-0.008831359,-0.021687602,-0.020585172,-0.020588235,-0.020915542,-0.018473754,-0.012453023,-0.00249966,-0.002188521,-0.001539888,4.60E-05,0,0,0,0,0,0,0,0,0,0,0,0,0,0,0,0,0,0,0,0,0,0,0,0,0,0,0,0,0,0,0,0,0,0,0,0,0,0,0,0,0,0,0,0,0,0,0,0,0,0,0,0,0,0,0,0,0,0,0,0,0,0,0,0,0,0,0,0,0,0,0,0,0,0,0,0,0,0,0,0,0,0,0,0,0,0,0,0,0,0,0,0,0,0,0,0,0,0,0,0,0,0,0,0,0,0,0,0,0,0,0,0,0,0,0,0,0,0,0,0,0,0,0,0,0,0
0,0,0,0,0,0,0,0,0,0,0,0,0,0,0,0,0,0,0,0,0,0,0,0,0,0,0,0,0,0,0,0,0,0,0,0,0,0,0,0,0,0,0,0,0,0,0,0,0,0,0,0,0,0,0,0,0,0,0,0,0,0,0,0,0,0,0,0,0,0,0,0,0,0,0,0,0,0,0,0,0,0,0,0,0,0,0,0,0,0,0,0,0,0,0,0,0,0,0,0,0,0,0,0,0,0,0,0,0,0,0,3.21E-18,-1.72E-17,5.23E-05,0.000526365,-0.01551394,-0.020584406,-0.000454782,0.000217014,0,0,0,0,0,0,0,0,0,0,6.43E-05,-0.000261949,-0.003868124,-0.012888114,-0.021617051,-0.026771429,0.155952053,0.215426113,0.002859392,-0.002111417,0,0,0,0,0,0,0,0,0,2.57E-05,0.0005757,-0.010947526,-0.014623368,0.089037529,0.357079868,0.640884306,0.900708882,0.92520435,0.114144409,-0.017564171,0,0,0,0,0,0,0,6.28E-05,-0.000241684,-0.004240809,-0.030163756,0.090674003,0.509172096,0.795456616,1.029324125,1.039889859,1.037298679,0.719672181,0.059105265,-0.011399612,0,0,0,0,0,6.07E-05,0.000475184,-0.012286867,-0.024634493,0.011620558,0.233233779,0.798009787,1.040577614,1.039616608,0.926686615,0.695092763,0.308577972,0.073775378,-0.010722606,9.45E-05,0,0,2.64E-18,-5.74E-19,0.000605086,-0.009137255,-0.031096541,0.045734171,0.222747782,0.714433177,0.961677185,1.036951134,0.892343376,0.573645965,0.111110056,0.011447968,-0.031836635,-0.014786356,0.000555827,9.19E-05,0,0,0.000328499,-0.002021422,-0.025050041,0.076402539,0.280061768,0.68385495,0.916491463,1.035438708,1.019587503,0.658039216,0.21009038,-0.027084352,-0.013328499,-0.003918045,-0.000351307,4.01E-05,0,0,0,0,-0.004984509,0.01187561,0.425696177,0.883297783,0.987922544,1.063419619,1.018306643,0.809341581,0.386646573,0.029275373,-0.020317405,-0.002362694,0.000334271,0,0,0,0,0,0,0,-0.018979609,0.127316202,0.967910386,0.834864754,0.75523526,0.640077529,0.406010286,0.063862677,-0.029022501,-0.008914931,-0.000623979,0.000122294,0,0,0,0,0,0,0,0,-0.008835614,0.069429752,0.366897621,0.120616336,0.07283204,-0.007983813,-0.043417207,-0.007416769,0.000744656,0,0,0,0,0,0,0,0,0,0,0,0.000463303,-0.002887673,-0.025872787,-0.019139127,-0.014308211,-0.005021446,0.000601688,0,0,0,0,0,0,0,0,0,0,0,0,0,2.55E-05,-0.000224716,-0.000843035,-1.74E-05,9.19E-06,0,0,0,0,0,0,0,0,0,0,0,0,0,0,0,0,0,0,0,0,0,0,0,0,0,0,0,0,0,0,0,0,0,0,0,0,0,0,0,0,0,0,0,0,0,0,0,0,0,0,0,0,0,0,0,0,0,0,0,0,0,0,0,0,0,0,0,0,0,0,0,0,0,0
0,0,0,0,0,0,0,0,0,0,0,0,0,0,0,0,0,0,0,0,0,0,0,0,0,0,0,0,0,0,0,0,0,0,0,0,0,0,0,0,0,0,0,0,0,0,0,0,0,0,0,0,0,0,0,0,0,0,0,0,0,0,0,0,0,0,0,0,0,0,0,0,0,0,0,0,0,0,0,0,0,0,0,0,0,0,0,0,0,0,0,0,0,0,0,0,0,0,0,0,0,0,0,0,0,0,0,0,0,0,0,0,6.21E-18,3.96E-05,0.00064551,-0.012752332,-0.031943593,-0.00433635,0.000629766,0,0,0,0,0,0,0,0,0,0,0,8.51E-06,9.02E-05,-0.002052165,-0.014307343,-0.028361843,0.12473286,0.34352788,0.046607354,-0.006764025,0,0,0,0,0,0,0,0,0,0,0.000352207,-0.001488219,-0.023634075,-0.036006374,0.127950281,0.441082338,0.834090454,1.014379204,0.143358546,-0.020673841,0,0,0,0,0,0,3.19E-05,-0.000288246,-0.001916504,-0.003462367,-0.023671058,-0.025808704,0.169596456,0.470817537,0.830850626,1.054957976,0.990482639,0.768606447,0.079572072,-0.013469158,0,0,0,0.00046961,-0.003884498,-0.01164277,-0.016208555,-0.026925364,-0.013290785,0.000106941,0.294984307,0.656642293,0.885288977,1.042598871,0.905534246,0.473955576,0.28401651,0.099596661,-0.008488188,-0.00028782,0,0,0.000617,-0.007357171,-0.004772842,0.050573904,0.084689968,0.249344822,0.487110595,0.758423917,0.999782101,0.946384872,0.828866507,0.444319025,0.113336908,-0.023314951,-0.027291667,-0.013830338,-0.000261608,0.000150123,0,0,-0.006991251,0.030462119,0.491673118,0.738454895,0.783537922,0.965868022,0.9991791,0.969723771,0.616293199,0.224461635,0.082229916,-0.01547389,-0.012383034,-0.001349877,-0.000433824,-0.000133068,1.71E-05,0,0,0,-0.015910311,0.102187389,0.842664027,0.925970269,0.877085355,0.498467313,0.138806251,0.118558236,0.012756206,-0.033131752,-0.013577005,-0.001325354,0.000236436,0,0,0,0,0,0,0,-0.000965925,0.005091772,0.06069453,0.082003591,0.055280246,-0.017131332,-0.020006319,-0.018549326,-0.006679943,0.000388753,1.94E-05,0,0,0,0,0,0,0,0,0,0.000106379,-0.000559241,-0.006695517,-0.009027352,-0.00665722,-0.000297862,7.13E-05,0,0,0,0,0,0,0,0,0,0,0,0,0,0,0,0,0,0,0,0,0,0,0,0,0,0,0,0,0,0,0,0,0,0,0,0,0,0,0,0,0,0,0,0,0,0,0,0,0,0,0,0,0,0,0,0,0,0,0,0,0,0,0,0,0,0,0,0,0,0,0,0,0,0,0,0,0,0,0,0,0,0,0,0,0,0,0,0,0,0,0,0,0,0,0,0,0,0,0,0,0,0,0,0,0,0,0,0,0,0,0,0
0,0,0,0,0,0,0,0,0,0,0,0,0,0,0,0,0,0,0,0,0,0,0,0,0,0,0,0,0,0,0,0,0,0,0,0,0,0,0,0,0,0,0,0,0,0,0,0,0,0,0,0,0,0,0,0,0,0,0,0,0,0,0,0,0,0,0,0,0,0,0,0,0,0,0,0,0,0,0,0,0,0,0,0,0,0,0,0,0,0,0,0,0,0,0,0,0,0,0,0,0,0,0,0,0,0,0,0,0,0,0,0,0,0,0,0,0,0,0,0,0,0,0,0,0,0,0,0,0,0,0,0,0,1.94E-05,0.000345861,-0.006828704,-0.012421194,-0.000911602,0.000182121,0,0,0,0,0,0,0,0,0,0,0,0.000264971,-0.002270596,-0.025961974,-0.036743202,-0.039790469,0.015189352,0.064613703,0.001358763,-0.00065886,0,0,0,0,0,9.74E-05,-0.000684436,-0.002887868,-0.006723584,-0.02256444,-0.030443781,-0.033314015,-0.0187011,0.201997541,0.303807785,0.292605596,0.60587466,0.791338457,0.087637836,-0.01411986,0,0,2.14E-05,0.000593433,-0.007215074,-0.019777574,-0.023542075,-0.003281352,0.054515205,0.337210359,0.488845639,0.501316211,0.691976035,0.921574029,0.9609503,0.959655688,1.032869604,1.028523863,0.14247228,-0.02083095,0,0,0.000533939,-0.009377064,0.021047369,0.100918216,0.304477362,0.628018893,0.874609966,1.028535233,0.974645135,0.907961346,0.887722443,0.637819528,0.416117817,0.85703011,0.903435236,0.33952148,0.00255493,-0.003496051,0,0,-0.008447712,0.039525906,0.571060645,0.825994026,0.997541224,0.935743685,0.712558412,0.50050834,0.301851733,0.216682241,0.152043284,-0.027115928,0.038482877,0.639999234,0.341134838,-0.007344465,-0.00474043,0.000276757,0,0,-0.016630148,0.106029716,0.891451361,0.939364834,0.593896464,0.172319803,0.03026907,-0.019660888,-0.039976102,-0.027338877,-0.020691778,-0.004059457,0.014755004,0.061131426,-0.003037738,-0.004072245,0.000410054,0,0,0,-0.001651008,0.002993152,0.158101341,0.175451048,-0.018356737,-0.01793156,-0.009641202,-0.003061172,0.000293607,0,0,0.000240512,-0.001755855,-0.010809504,-0.00305947,0.000204759,0,0,0,0,0.000170207,-0.000407647,-0.015366285,-0.017234307,-0.000237013,9.06E-05,0,0,0,0,0,0,0,0,0,0,0,0,0,0,0,0,0,0,0,0,0,0,0,0,0,0,0,0,0,0,0,0,0,0,0,0,0,0,0,0,0,0,0,0,0,0,0,0,0,0,0,0,0,0,0,0,0,0,0,0,0,0,0,0,0,0,0,0,0,0,0,0,0,0,0,0,0,0,0,0,0,0,0,0,0,0,0,0,0,0,0,0,0,0,0,0,0,0,0,0,0,0,0,0,0,0,0,0,0,0,0,0,0
0,0,0,0,0,0,0,0,0,0,0,0,0,0,0,0,0,0,0,0,0,0,0,0,0,0,0,0,0,0,0,0,0,0,0,0,0,0,0,0,0,0,0,0,0,0,0,0,0,0,0,0,0,0,0,0,0,0,0,0,0,0,0,0,0,0,0,0,0,0,0,0,0,0,9.19E-07,0.000125919,-0.001539573,-0.000496362,5.36E-05,0,0,0,0,0,0,0,0,0,0,0,0,0,0,2.94E-05,0.000684743,-0.01217402,-0.016220571,0.000336972,0.000113868,0,0,0,0,0,0,0,0,0,0,0,0,1.40E-18,9.61E-18,0.000499745,-0.016485975,0.034190683,0.428004,0.098629387,-0.011703772,0,0,0,0,0,0,0,0,0,0,0,3.27E-18,0.000379562,-0.006161591,-0.028924649,0.090405978,0.653177764,1.012472988,0.144589295,-0.020664488,0,0,0,0,0,0,0,0,0,0,0.000154091,0.000381558,-0.025881945,-0.003625452,0.397117712,0.87644049,0.799635223,0.334792456,0.000885349,-0.003274258,0,0,0,0,0,0,0,1.07E-05,8.39E-05,-0.001417739,-0.011499949,-0.032233711,0.143755872,0.618400476,0.924047283,0.569359562,0.097177202,-0.029359818,-0.002629326,0.00039488,0,0,0,0,0,0,8.77E-18,0.000596916,-0.015795983,-0.021439032,0.112578772,0.455683755,0.864660029,0.841224709,0.340504476,-0.006194904,-0.014015693,0.000600541,0,0,0,0,0,0,1.40E-05,0.000271055,-0.003305845,-0.036519438,0.068160797,0.474002553,0.931107043,0.965559198,0.586862013,0.113692505,-0.021237371,-0.00722995,0.000390625,1.93E-05,0,0,0,0,4.60E-05,0.00018497,-0.006393229,-0.021118856,0.018040492,0.311550756,0.790663871,0.949573921,0.562018382,0.256118277,-0.002490162,-0.01519827,-0.000824653,0.000119996,0,0,0,0,0,0,0.000523317,-0.008061504,-0.000627879,0.254527723,0.730003958,0.921268378,0.672801854,0.189874784,-0.007673233,-0.033860014,-0.003592291,0.000546739,0,0,0,0,0,0,0,0,-0.009984511,0.052309068,0.625774016,0.919891799,0.662539675,0.245376991,-0.01433049,-0.020482537,-0.00518093,0.000179739,2.14E-05,0,0,0,0,0,0,0,0,0,-0.01142259,0.084207839,0.522513327,0.274751906,0.018604218,-0.020578516,-0.00140725,0.000268076,0,0,0,0,0,0,0,0,0,0,0,0,0.000121868,-5.89E-05,-0.012359307,-0.028750681,-0.008845588,-0.000197304,8.07E-05,0,0,0,0,0,0,0,0,0,0,0,0,0,4.80E-05,-0.000381864,-0.001968035,-0.000302185,4.78E-05,0,0,0,0,0,0,0,0,0,0,0,0,0,0,0,0,0,0,0,0,0,0,0,0,0,0,0,0,0,0,0,0,0,0,0,0,0,0,0,0,0,0,0,0,0,0,0,0,0,0,0,0,0,0,0,0,0,0,0,0,0,0,0,0,0,0,0,0,0,0,0,0,0,0
0,0,0,0,0,0,0,0,0,0,0,0,0,0,0,0,0,0,0,0,0,0,0,0,0,0,0,0,0,0,0,0,0,0,0,0,0,0,0,0,0,0,0,0,0,0,0,0,0,0,0,0,0,0,0,0,0,0,0,0,0,0,0,0,0,0,0,0,0,0,0,0,0,1.53E-07,2.75E-05,-0.000104167,-0.002332976,-0.000600618,6.89E-05,0,0,0,0,0,0,0,0,0,0,0,0,0,0,0.00019664,-0.002017753,-0.020331087,-0.008774118,0.001923637,-7.51E-05,0,0,0,0,0,0,0,0,0,0,0,3.32E-32,8.87E-18,0.00085606,-0.007740809,-0.0283165,0.14934838,0.535637476,0.10733582,-0.013373502,0,0,0,0,0,0,0,0,0,0,0,0.000574449,-0.006116388,-0.028738297,0.044289914,0.463341333,0.872045956,1.031349963,0.140186499,-0.020572576,0,0,0,0,0,0,0,0,0,0.000177327,-0.001175655,-0.026522003,8.86E-05,0.220923655,0.774559724,1.020910905,0.740222576,0.245439495,0.002454224,-0.002633403,0,0,0,0,0,0,2.49E-19,8.22E-05,-0.000294169,-0.009486571,-0.019405722,0.139615843,0.574217644,0.997543092,0.913565802,0.455146582,0.038780314,-0.025762442,-0.002629326,0.00039488,0,0,0,0,0,0,0.000643382,-0.007573359,-0.029123541,0.074737541,0.493407629,0.89596618,1.020273693,0.732922561,0.218735737,-0.024330695,-0.009806832,0.000494026,0,0,0,0,0,2.61E-18,0.000119996,-0.000599129,-0.021294594,0.005153356,0.293609056,0.827757183,1.006072304,0.819974724,0.365220758,0.002782636,-0.021272706,-0.002958129,0.000457721,0,0,0,0,0,0.000115741,-0.000205862,-0.01194904,-0.013803105,0.149378064,0.573391885,0.981595736,0.861593222,0.417490809,0.053476477,-0.016969039,-0.005096511,-0.000352839,5.36E-05,0,0,0,0,0,0,-3.87E-05,-0.008158984,0.055120205,0.464958386,0.945032527,0.960451062,0.565963454,0.094207924,-0.027669344,-0.014272451,-0.00072439,0.000156211,0,0,0,0,0,0,0,0,-0.012781182,0.070944723,0.772870779,0.988951559,0.688220656,0.252769829,-0.028427194,-0.016461567,-0.001892702,0.000321691,0,0,0,0,0,0,0,0,0,0,-0.011816449,0.088505157,0.525736775,0.304553258,0.02506296,-0.015220588,-0.000910175,0.000178717,0,0,0,0,0,0,0,0,0,0,0,0,0.000186206,-0.000656007,-0.014430998,-0.024210086,-0.008843393,-0.000929381,0.000154091,0,0,0,0,0,0,0,0,0,0,0,0,0,4.80E-05,-0.000381864,-0.001948734,-0.000652829,8.12E-06,3.22E-06,0,0,0,0,0,0,0,0,0,0,0,0,0,0,0,0,0,0,0,0,0,0,0,0,0,0,0,0,0,0,0,0,0,0,0,0,0,0,0,0,0,0,0,0,0,0,0,0,0,0,0,0,0,0,0,0,0,0,0,0,0,0,0,0,0,0,0,0,0,0,0,0,0
0,0,0,0,0,0,0,0,0,0,0,0,0,0,0,0,0,0,0,0,0,0,0,0,0,0,0,0,0,0,0,0,0,0,0,0,0,0,0,0,0,0,0,0,0,0,0,0,0,0,0,0,0,0,0,0,0,0,0,0,0,0,0,0,0,0,0,0,0,0,0,0,0,0,0,0,0,0,0,0,0,0,0,0,0,0,0,0,0,0,0,0,0,0,0,0,0,0,0,0,0,0,0,0,0,0,0,0,0,0,0,0,0,0,0,0,0,0,0,0,0,0,0,0.000452921,-0.007209797,-0.016688623,-0.0030593,0.000407647,0,0,0,0,0,0,0,0,0,0,0,0,0,0,0,-0.002202672,0.032928183,0.112951724,0.023231116,-0.003011947,0,0,0,0,0,0,0.000102727,7.09E-05,-0.012206596,-0.019084614,-0.006347071,0.000591089,0,0,0,-0.029931117,0.49406267,0.838640778,0.13511797,-0.021307733,-0.003071283,-0.007977992,-0.017626072,-0.028704912,-0.027729964,-0.032031301,-0.042890114,-0.041732486,0.074539182,0.136186713,0.036848448,-0.003481584,0,0,0,-0.044061785,0.762261812,0.7628782,-0.010547488,-0.011592067,-0.000596337,0.077337537,0.255121119,0.456600831,0.452124268,0.542195278,0.725984715,0.720810883,0.798319768,0.89658405,0.450183483,-0.041035199,0,0,0,-0.031047079,0.506220248,0.890911237,0.531372838,0.561512015,0.65701537,0.900683858,0.95690945,0.975960563,0.856576373,0.756252162,0.729747719,0.537276501,0.461481226,0.582855197,0.236784961,-0.02161203,0,0,0,-0.006414982,0.050671518,0.81120224,1.017313368,0.80460144,0.77627434,0.570183841,0.316478622,0.318477124,0.153635536,0.008529105,-0.047279378,-0.031542892,-0.027889144,-0.03496907,-0.0144327,0.001317402,0,0,0,-0.000136052,-0.005073275,0.085416972,0.132337094,0.064943021,0.056995944,0.001500296,-0.039881324,-0.038338174,-0.020602384,-0.005258652,0.000529942,0,0,0,0,0,0,0,0,8.07E-05,-0.000265863,-0.01425194,-0.019641714,-0.012335922,-0.011489992,-0.005318117,0.000177185,1.99E-05,0,0,0,0,0,0,0,0,0,0,0,0,0,0,0,0,0,0,0,0,0,0,0,0,0,0,0,0,0,0,0,0,0,0,0,0,0,0,0,0,0,0,0,0,0,0,0,0,0,0,0,0,0,0,0,0,0,0,0,0,0,0,0,0,0,0,0,0,0,0,0,0,0,0,0,0,0,0,0,0,0,0,0,0,0,0,0,0,0,0,0,0,0,0,0,0,0,0,0,0,0,0,0,0,0,0,0,0,0,0,0,0,0,0,0,0,0,0,0,0,0,0,0,0,0,0,0,0
0,0,0,0,0,0,0,0,0,0,0,0,0,0,0,0,0,0,0,0,0,0,0,0,0,0,0,0,0,0,0,0,0,0,0,0,0,0,0,0,0,0,0,0,0,0,0,0,0,0,0,0,0,0,0,0,0,0,0,0,0,0,0,0,0,0,0,0,0,0,0,0,0,0,5.24E-05,-0.000243209,-0.003160846,-0.002440738,8.78E-05,0,0,0,0,0,0,0,0,0,0,0,0,0,0,0.000115809,-0.000734375,-0.019530756,0.000849571,-0.001706293,-0.000311138,0,0,0,0,0,0,0,0,0,0,0,3.37E-18,2.98E-05,0.000783447,-0.010377128,-0.035243226,0.174146872,0.6285128,0.504503366,-0.015316415,0,0,0,0,0,0,0,0,0,2.91E-05,-9.85E-05,-0.004579248,-0.013192572,-0.029595121,0.08452405,0.326058449,0.848499711,1.056096031,0.869400758,-0.021376464,0,0,0,0,0,0,0,0,0,0.000584719,-0.011032316,-0.008592223,0.101859416,0.55842701,0.786959018,0.973260313,1.046255571,0.788383423,0.365714458,-0.013457802,0,0,0,0,0,0,6.05E-18,0.000560662,-0.009925655,-0.042565411,0.071770731,0.533419135,0.790598669,1.016858227,1.031384515,1.02712066,0.570327529,0.166234052,-0.01802364,-0.001364209,0,0,0,0,0,0,0.000750613,-0.017219669,0.13037349,0.531741626,0.800524408,1.025382472,1.041315904,0.971390265,0.669763736,0.396702853,-0.002159705,-0.014928683,-0.000566783,0.000157441,0,0,0,0,6.51E-05,-0.000802951,-0.011035369,0.02463414,0.571843688,1.023492579,1.033866098,0.976659875,0.836778169,0.283553038,-0.008263889,-0.020895816,-0.004383629,-0.000333487,6.60E-05,0,0,0,0,0,-0.000212163,0.001047539,0.02017259,0.410880736,0.997145737,1.023418999,0.904734681,0.448170377,0.103381247,-0.011297338,-0.0049936,-0.001213286,-2.65E-05,7.81E-06,0,0,0,0,0,0.000956794,-0.015861206,0.063647341,0.650178465,0.981576967,0.959165335,0.47342288,0.087917142,-0.007829124,-0.019041621,-0.000849398,0.000228283,0,0,0,0,0,0,0,0,-0.007041295,0.036686921,0.511987796,1.02689711,0.936369332,0.301193031,-0.012359154,-0.018998247,-0.003708299,0.000277778,0,0,0,0,0,0,0,0,0,0,-0.041015857,0.344750545,0.978775991,0.938290696,0.362348312,-0.024347679,-0.005312585,0.000202121,0,0,0,0,0,0,0,0,0,0,0,0,-0.028202682,0.231846371,0.793666462,0.347264961,-0.030804568,-0.004693449,0.000459559,0,0,0,0,0,0,0,0,0,0,0,0,0,-0.000418654,-0.001410982,0.101348499,-0.009392242,-0.00160672,0.000184664,0,0,0,0,0,0,0,0,0,0,0,0,0,0,0.00021479,-0.001271045,-0.015155925,-0.001392116,0.000125963,0,0,0,0,0,0,0,0,0,0,0,0,0,0,0,0,0,0,0,0,0,0,0,0,0,0,0,0,0,0,0,0,0,0,0,0,0,0,0,0,0,0,0,0,0,0,0,0,0,0,0,0,0
0,0,0,0,0,0,0,0,0,0,0,0,0,0,0,0,0,0,0,0,0,0,0,0,0,0,0,0,0,0,0,0,0,0,0,0,0,0,0,0,0,0,0,0,0,0,0,0,0,0,0,0,0,0,0,0,0,0,0,0,0,0,0,0,0,0,0,0,0,0,0,0,0,0,0,0,0,0,0,0,0,0,0,0,0,0,0,0,0,0,0,0,0,0,0,0,0,0,0,0,0,0,0,0,0,0,0,0,0,0,0,0,0,0,0,0,0,0,0,0,0,0,0,0,0,0,0,0,0,0,0,0,0,0,0,0,0,0,0,0,0,0,0,0,0,0,0,0,0,0,3.10E-18,0.000110065,-0.004246178,-0.004504097,-0.019510008,-0.031770413,-0.032001141,-0.026816254,0.000652236,0,0,0,0.000412132,-0.003556117,-0.008520731,-0.003856567,-0.00313414,-0.003684471,-0.007451236,-0.007578789,-0.013711244,-0.029290952,0.000231102,-0.001058109,0.140853826,0.256487932,0.260107554,0.222555253,-0.005327989,0,0,0,-0.003811096,0.033023812,0.07814008,0.012013668,0.001130396,0.009295296,0.064915322,0.063867051,0.177613766,0.45320544,0.696784324,0.765570823,0.859832823,0.956273046,0.94930062,0.730513636,-0.019011778,0,0,0,-0.04968978,0.42845544,1.016416241,0.666934147,0.624483303,0.658947709,0.913124404,0.985787343,0.99892116,0.924626464,0.907797141,0.920202631,0.906287735,0.776508698,0.499570415,0.068661965,-0.007379834,0,0,0,-0.03044882,0.248165135,0.83709249,1.036511234,1.036509191,1.037635662,0.892045547,0.737417433,0.444195823,0.255241898,0.196200641,0.203332618,0.198516578,0.018931594,-0.035458078,-0.006507633,0.000474367,0,0,0,-0.000385646,-0.002399617,0.096415539,0.215164231,0.215333371,0.217296762,0.135103814,0.045861546,-0.034682035,-0.029417778,-0.025664196,-0.026135502,-0.025627573,-0.006628755,0.000470833,0,0,0,0,0,0.000309812,-0.002212691,-0.013446691,-0.020736996,-0.020648829,-0.02075588,-0.016118941,-0.010665339,-0.001337827,-0.000158973,2.85E-05,0,0,0,0,0,0,0,0,0,0,0,0,0,0,0,0,0,0,0,0,0,0,0,0,0,0,0,0,0,0,0,0,0,0,0,0,0,0,0,0,0,0,0,0,0,0,0,0,0,0,0,0,0,0,0,0,0,0,0,0,0,0,0,0,0,0,0,0,0,0,0,0,0,0,0,0,0,0,0,0,0,0,0,0,0,0,0,0,0,0,0,0,0,0,0,0,0,0,0,0,0,0,0,0,0,0,0,0,0,0,0,0,0,0,0,0,0,0,0,0,0,0,0,0,0,0,0
0,0,0,0,0,0,0,0,0,0,0,0,0,0,0,0,0,0,0,0,0,0,0,0,0,0,0,0,0,0,0,0,0,0,0,0,0,0,0,0,0,0,0,0,0,0,0,0,0,0,0,0,0,0,0,0,0,0,0,0,0,0,0,0,0,0,0,0,0,0,0,0,0,0,0,0,0,0,0,0,0,0,0,0,0,0,0,0,0,0,0,0,0,0,0,0,0,0,0,0,0,0,0,0,0,0,0,0,0,0,1.30E-18,0.000187228,-0.002745676,-0.009174156,-0.008986928,-0.009306066,-0.005535982,-0.00010446,5.96E-05,0,0,0,0,0,0,1.14E-18,4.60E-05,-0.001598148,-0.002193117,-0.002393961,-0.012597869,-0.01882404,0.011519778,0.083828636,0.081781046,0.085266033,0.043755957,-0.001205617,-0.000309777,0,0,0,0,0,0,0.000529942,-0.005436489,-0.025352638,-0.029970497,-0.027287157,0.067411897,0.089951575,0.520953224,0.89943303,0.883192695,0.911287673,0.581309788,0.022398966,-0.007161856,0,0,8.07E-05,-0.000373303,-0.005422845,-0.007860549,-0.029274884,0.009450606,0.381850176,0.493859018,0.49196155,0.782772927,0.899463423,0.986391708,1.011631093,1.009232026,1.01339231,0.982830457,0.129331407,-0.019361554,0,0,-0.000267395,-0.000677663,0.033026059,0.068595571,0.364084916,0.623358558,0.968563705,1.045792228,1.037846797,1.011578755,1.010243311,1.018104168,1.016556883,1.016568627,1.016686496,1.036403442,0.145390373,-0.021131366,0,0,-0.013631196,0.07882567,0.796426709,0.971597426,0.990432785,1.011431475,0.997568281,0.996134004,1.005760655,1.014845452,0.960342286,0.835509984,0.826393995,0.828194444,0.840741677,0.702410046,0.072226774,-0.012235158,0,0,-0.02168624,0.150974532,1.048862115,0.999700385,1.00255833,1.012232128,1.018944669,0.96305547,0.857743566,0.840055402,0.454097137,0.111638437,0.114507591,0.117230392,0.12253319,0.059220792,-0.002868564,-0.000321181,0,0,-0.011896342,0.062933226,0.742769166,1.01942165,0.984073332,0.753584937,0.465982073,0.326290187,0.103541149,0.078914893,0.00447123,-0.022567177,-0.016797623,-0.017023358,-0.017634829,-0.01040724,-0.000172076,0.000110065,0,0,4.43E-05,-0.014947413,0.107325708,0.596281063,0.374959321,0.028032067,-0.020605985,-0.019554058,-0.015228418,-0.014273727,-0.004649544,0.000498859,5.11E-06,0,0,0,0,0,0,0,3.40E-05,0.001049692,-0.015926607,0.030482026,-0.025131825,-0.005048254,-2.42E-05,5.53E-05,0,0,0,0,0,0,0,0,0,0,0,0,0,0,0.00046875,-0.008515625,-0.000963542,7.81E-05,0,0,0,0,0,0,0,0,0,0,0,0,0,0,0,0,0,0,0,0,0,0,0,0,0,0,0,0,0,0,0,0,0,0,0,0,0,0,0,0,0,0,0,0,0,0,0,0,0,0,0,0,0,0,0,0,0,0,0,0,0,0,0,0,0,0,0,0,0,0,0,0,0,0,0,0,0,0,0,0,0,0,0,0,0,0,0,0,0,0,0,0,0
0,0,0,0,0,0,0,0,0,0,0,0,0,0,0,0,0,0,0,0,0,0,0,0,0,0,0,0,0,0,0,0,0,0,0,0,0,0,0,0,0,0,0,0,0,0,0,0,0,0,0,0,0,0,0,0,0,0,0,0,0,0,0,0,0,0,0,0,0,0,0,0,0,0,0,0,0,0,0,0,0,0,0,0,0,0,0,0,0,0,0,0,0,0,0,0,0,0,0,0,0,0,0,0,0,0,0,0,0,0,0,0,0,0,0,0,0,0,0,0,0,2.21E-05,-9.53E-05,-0.001572712,-0.002286901,-0.002131332,-0.000672828,8.15E-05,0,0,0,0,0,0,0,0,0,0,0,0,0,0.000597713,-0.004108324,-0.029350618,-0.028851046,-0.028794281,-0.028940575,-0.026711706,-0.007217806,-0.012608536,-0.029223839,-0.023597897,-0.00462857,-0.002396967,-0.002746729,-0.002817252,-0.00107782,0.000126922,0,0,0,-0.00764791,0.046630131,0.426378625,0.496760893,0.477326559,0.307836482,0.199335925,0.024850694,0.075702819,0.232371085,0.17942402,0.000416701,-0.02064134,-0.017373979,-0.017911169,-0.016155416,-0.001774897,0.000290033,0,0,-0.015461431,0.09191151,0.882020918,1.050906114,1.048412377,0.97268139,0.901375369,0.768503625,0.795866711,0.908798203,0.868871834,0.755763235,0.739839665,0.731570364,0.758097069,0.439329827,0.005298347,-0.004491592,0,0,-0.000548917,-0.013919989,0.177145016,0.404599009,0.555770833,0.825019148,0.916924504,1.001108167,1.07143544,1.056893178,1.058915203,0.965451554,0.976582329,1.071476375,1.042964325,0.760559896,0.072416534,-0.012839052,0,0,9.34E-05,0.000380182,-0.013319291,-0.026698308,-0.032188317,0.082623026,0.216768596,0.352083742,0.494590039,0.483491779,0.487770867,0.279594527,0.29735609,0.480938828,0.40098509,0.143753387,0.007730576,-0.002039931,0,0,0,0,4.89E-06,3.51E-05,-0.000244588,-0.013475704,-0.028290039,-0.028959327,-0.029680353,-0.029728507,-0.029613346,-0.028564985,-0.028787707,-0.029657474,-0.030118065,-0.020075619,-0.001194772,0.000281277,0,0,0,0,0,0,0,5.11E-06,5.86E-05,-0.00105273,-0.002222052,-0.002124183,-0.002168437,-0.000460302,-0.000595214,-0.002106141,-0.001385655,8.37E-05,0,0,0,0,0,0,0,0,0,0,0,0,0,0,0,0,0,0,0,0,0,0,0,0,0,0,0,0,0,0,0,0,0,0,0,0,0,0,0,0,0,0,0,0,0,0,0,0,0,0,0,0,0,0,0,0,0,0,0,0,0,0,0,0,0,0,0,0,0,0,0,0,0,0,0,0,0,0,0,0,0,0,0,0,0,0,0,0,0,0,0,0,0,0,0,0,0,0,0,0,0,0,0,0,0,0,0,0,0,0,0,0,0,0,0,0,0,0,0,0,0,0,0
0,0,0,0,0,0,0,0,0,0,0,0,0,0,0,0,0,0,0,0,0,0,0,0,0,0,0,0,0,0,0,0,0,0,0,0,0,0,0,0,0,0,0,0,0,0,0,0,0,0,0,0,0,0,0,0,0,0,0,0,0,0,0,0,0,0,0,0,0,0,0,0,0,0,0,0,0,0,0,0,0,0,0,0,0,0,0,0,0,0,0,0,0,0,0,0,0,0,0,0,0,0,0,0,0,0,0,0,0,0,1.58E-33,1.04E-18,1.37E-17,0.000108507,0.000262544,-0.024169815,-0.039942896,-0.004543995,0.000719124,0,0,0,0,0,0,0,0,0,0,0,0.000319138,-0.00320755,-0.012714015,-0.022209882,-0.023690513,0.254773369,0.438426862,0.050047644,-0.007901859,0,0,0,0,0,0,0,0,0,0.00012474,-0.000931882,-0.015353481,-0.01149931,0.052057751,0.416096232,0.823307397,0.96100728,1.024233793,0.135194782,-0.020157828,0,0,0,0,0,0,1.51E-18,9.96E-05,-0.002056887,-0.007937092,-0.016664267,0.064188913,0.4270056,0.801289457,1.02879119,0.991286663,0.849210886,0.5014319,0.042917329,-0.008152914,0,0,0,0.000425584,-0.003404718,-0.012895833,-0.013799326,-0.018993056,-0.009426882,0.053641561,0.39837374,0.816553377,0.998015199,0.988494575,0.566833776,0.229391902,0.133232367,-0.01759152,-0.008079267,0.0007404,0,0,0.0009872,-0.010434552,-0.019264161,0.062623877,0.070150276,0.094396191,0.494611393,0.861524425,0.993870285,0.955589529,0.689843154,0.202039239,-0.011397638,-0.032087469,-0.021571385,-0.002797794,0.000418246,0,0,0,-0.011071964,0.069496046,0.596325623,0.737843342,0.755027335,0.810464835,1.000106073,0.974638344,0.589413211,0.233594397,0.051861996,-0.02469243,-0.002395084,1.06E-05,2.48E-05,0,0,0,0,0,-0.020211161,0.139596256,0.986691601,0.96225818,0.961674684,0.804712014,0.350880328,0.122892395,0.0180695,-0.032389273,-0.009868788,0.000971438,1.63E-05,0,0,0,0,0,0,0,-0.004795581,0.033185816,0.233602516,0.229407424,0.210433262,0.044176879,-0.028975752,-0.018680726,-0.006798747,0.000223822,2.71E-05,0,0,0,0,0,0,0,0,0,0.000455304,-0.003145255,-0.022222648,-0.021923083,-0.020274629,-0.005688317,0.000703192,0,0,0,0,0,0,0,0,0,0,0,0,0,0,0,0,0,0,0,0,0,0,0,0,0,0,0,0,0,0,0,0,0,0,0,0,0,0,0,0,0,0,0,0,0,0,0,0,0,0,0,0,0,0,0,0,0,0,0,0,0,0,0,0,0,0,0,0,0,0,0,0,0,0,0,0,0,0,0,0,0,0,0,0,0,0,0,0,0,0,0,0,0,0,0,0,0,0,0,0,0,0,0,0,0,0,0,0,0,0,0,0
0,0,0,0,0,0,0,0,0,0,0,0,0,0,0,0,0,0,0,0,0,0,0,0,0,0,0,0,0,0,0,0,0,0,0,0,0,0,0,0,0,0,0,0,0,0,0,0,0,0,0,0,0,0,0,0,0,0,0,0,0,0,0,0,0,0,0,0,0,0,0,0,0,3.98E-06,0.000134702,-0.00177068,-0.005558466,-0.000821664,0.00011489,0,0,0,0,0,0,0,0,0,0,0,0,0,0,0.000756944,-0.013553173,-0.015073683,0.030436462,0.004796635,-0.00064185,0,0,0,0,0,0,0,0,0,0,0,9.00E-32,8.08E-05,0.00084969,-0.02269727,0.042701253,0.466846797,0.890039777,0.129323407,-0.01829759,0,0,0,0,0,0,0,0,0,0,0,0.000323393,-0.004179432,-0.027997483,0.141634719,0.67232484,1.033447457,1.043386285,0.146429212,-0.021267021,0,0,0,0,0,0,0,0,0,0,0.000557662,-0.005328564,-0.016789708,0.297251481,0.818308925,1.04832856,0.979231432,0.612163368,0.051227201,-0.009823964,0,0,0,0,0,0,0,0,0.00010395,-0.000721712,-0.008435202,-0.011325112,0.384736332,0.963113425,1.04231204,0.837753983,0.393149629,0.00145624,-0.007949126,0.000428922,0,0,0,0,0,0,0,0.000462623,-0.00371907,-0.020619724,-0.004845129,0.381641612,0.954645918,1.032105125,0.781328074,0.179084355,-0.048376804,-0.002893553,0.000438221,0,0,0,3.63E-19,6.81E-18,-8.80E-17,0.000314032,-0.001008051,-0.027084014,-0.040182847,0.29136169,0.672908973,0.961371596,1.042439917,0.785342016,0.172674922,-0.030144999,-0.000837929,9.28E-05,0,0,0,0,0.000262119,-0.001405365,-0.016263276,-0.024582142,-0.009123519,0.235736486,0.584366312,0.940182955,1.042797471,1.011469737,0.640601818,0.140940205,-0.022644216,0.000375868,8.82E-05,0,0,0,0,0,-0.001809105,-0.001725391,0.199394711,0.551254688,0.692885346,0.946391624,1.062311636,1.00065317,0.732724953,0.260402042,0.013863428,-0.030378601,0.00098243,0,0,0,0,0,0,0,-0.017009464,0.106194713,0.926681475,1.051180385,1.055204333,1.024180964,0.7953465,0.594400803,0.114854626,-0.033320278,-0.00805479,0.000917207,0,0,0,0,0,0,0,0,-0.009698053,0.061175961,0.528743873,0.504285658,0.282266595,0.260555436,0.096122967,0.076254834,0.031048407,-0.004407288,2.43E-05,0,0,0,0,0,0,0,0,0,0.00037837,-0.003366811,-0.011389314,-0.011071589,-0.036809062,-0.035621834,-0.016875994,-0.013108456,-0.00432261,0.000556985,0,0,0,0,0,0,0,0,0,0,3.22E-05,-0.000160358,-0.002150991,-0.002106005,-3.97E-05,1.16E-05,0,0,0,0,0,0,0,0,0,0,0,0,0,0,0,0,0,0,0,0,0,0,0,0,0,0,0,0,0,0,0,0,0,0,0,0,0,0,0,0,0,0,0,0,0,0,0,0,0,0,0,0,0,0,0,0,0,0,0,0,0,0,0,0,0,0,0,0,0,0,0,0,0
0,0,0,0,0,0,0,0,0,0,0,0,0,0,0,0,0,0,0,0,0,0,0,0,0,0,0,0,0,0,0,0,0,0,0,0,0,0,0,0,0,0,0,0,0,0,0,0,0,0,0,0,0,0,0,0,0,0,0,0,0,0,0,0,0,0,0,0,0,0,0,0,0,0,0,0,0,0,0,0,0,0,0,0,0,0,0,0,0,0,0,0,0,0,0,0,-2.38E-18,-0.005348233,-2.38E-18,0,0,0,0,0,0,0,0,0,0,0,2.53E-32,4.46E-18,-5.91E-17,1.02E-05,0.001137834,-0.009914982,-0.042728758,0.005492829,0.000944649,0,0,0,0,0,0,0,0,0,0,0,0.000242545,-0.002334389,-0.014177469,-0.021119962,-0.033653493,0.092120183,0.470138889,0.53879102,-0.010477941,0,0,0,0,0,0,0,0,0,0.000110065,0.00012474,-0.024905171,-0.02803074,0.148509159,0.387011163,0.415091874,0.828190181,1.041751423,0.794340768,-0.020947644,0,0,0,0,0,0,8.09E-19,0.00013123,-0.001333058,-0.010844261,-0.028884906,0.164722392,0.448290033,0.841703678,1.05009695,1.043939032,0.854275531,0.494490673,0.10155847,-0.007917177,0,0,0,0,0.000387868,-0.005447304,-0.019122549,-0.029231958,-0.017520365,0.113553785,0.432598124,0.869173356,0.995240605,0.822569402,0.597852192,0.395070006,0.137341946,-0.023648386,-0.013945518,0.000727635,0,0,0,0.001131222,-0.01184758,0.003498094,0.116169135,0.181478214,0.38906394,0.791867017,1.018396838,0.824027114,0.41871172,0.038927717,-0.005953363,-0.02282884,-0.020357571,-0.002321895,0.000359545,0,0,0,0,-0.011925727,0.082791548,0.556623945,0.829340465,0.927902999,0.980870854,0.902488,0.496050977,0.096516612,-0.020620047,-0.00746586,-0.002674224,-0.001124694,-4.49E-05,7.97E-06,0,0,0,0,0,-0.048315632,0.409960611,1.084208722,0.991397212,0.905681145,0.504753161,0.083323125,-0.001303759,-0.019769373,-0.000734988,0.000175738,0,0,0,0,0,0,0,0,0,-0.031620399,0.272526501,0.659322593,0.326868702,0.138139025,-0.004723105,-0.018702172,-0.004529208,0.00041088,8.17E-06,0,0,0,0,0,0,0,0,0,0,-0.000685663,0.005968018,0.015584133,-0.027297113,-0.014412343,-0.00128409,0.00023829,0,0,0,0,0,0,0,0,0,0,0,0,0,0.000352207,-0.003036765,-0.007547794,-0.000324755,4.78E-05,0,0,0,0,0,0,0,0,0,0,0,0,0,0,0,0,0,0,0,0,0,0,0,0,0,0,0,0,0,0,0,0,0,0,0,0,0,0,0,0,0,0,0,0,0,0,0,0,0,0,0,0,0,0,0,0,0,0,0,0,0,0,0,0,0,0,0,0,0,0,0,0,0,0,0,0,0,0,0,0,0,0,0,0,0,0,0,0,0,0,0,0,0
0,0,0,0,0,0,0,0,0,0,0,0,0,0,0,0,0,0,0,0,0,0,0,0,0,0,0,0,0,0,0,0,0,0,0,0,0,0,0,0,0,0,0,0,0,0,0,0,0,0,0,0,0,0,0,0,0,0,0,0,0,0,0,0,0,0,0,0,0,0,0,0,0,0,0,0,0,0,0,0,0,0,0,0,0,0,0,0,0,0,0,0,0,0,0,0,0,0,0,0,0,0,0,0,0,0,0,0,0,0,0,0,0,0,0,0,0,0,0,0,0,0.000417007,-0.003132261,-0.018743022,-0.00574823,0.000340414,1.74E-05,0,0,0,0,0,0,0,0,0,0,0,0,0,0,-0.00337685,0.026825153,0.139847591,0.005041988,-0.03429742,-0.008308773,-0.001669507,0.000118218,0.000190779,-0.001511964,-0.004370388,-0.000389308,6.93E-05,0,0,0,0,0,0,0,-0.016539182,0.110696924,0.854821725,0.5988069,0.243831529,0.033520084,-0.021514716,-0.034827087,-0.034958078,-0.018703414,-0.000123128,-0.007033651,-0.005841384,-0.002469567,-0.002545037,-0.002240605,-1.68E-05,2.14E-05,0,0,-0.002232094,0.002536688,0.200212146,0.684469329,0.923708299,0.799533939,0.647775706,0.568701695,0.548344227,0.544875204,0.709832108,0.123206181,0.022371102,-0.006747889,-0.006276654,-0.005107911,-0.003423831,0.000326797,0,0,0.000370711,-0.002199564,-0.025249319,0.015081972,0.352437364,0.675715108,0.778615374,0.794014927,0.879417756,0.979515744,1.045365281,1.01165476,0.952070772,0.559703721,0.558894063,0.501777642,0.032571084,-0.007160778,0,0,0,4.16E-05,-8.25E-05,-0.003939696,-0.024994979,-0.014465295,0.005632329,0.040769387,0.164436938,0.30077274,0.445645442,0.555595284,0.592775174,0.887017004,1.041620609,0.758683789,0.060739676,-0.011855256,0,0,0,0,0,0,0.000234397,-0.002557988,-0.005123646,-0.008768089,-0.021861318,-0.038618279,-0.026722718,-0.008304211,0.002667085,0.092047868,0.140049631,0.07400055,0.000133939,-0.000698096,0,0,0,0,0,0,0,0,0,0,0,0.000187228,-0.00203908,-0.004442678,-0.005625511,-0.015252417,-0.020490536,-0.012667824,-0.000535037,0.000159995,0,0,0,0,0,0,0,0,0,0,0,0,0,0,0,0,0,0,0,0,0,0,0,0,0,0,0,0,0,0,0,0,0,0,0,0,0,0,0,0,0,0,0,0,0,0,0,0,0,0,0,0,0,0,0,0,0,0,0,0,0,0,0,0,0,0,0,0,0,0,0,0,0,0,0,0,0,0,0,0,0,0,0,0,0,0,0,0,0,0,0,0,0,0,0,0,0,0,0,0,0,0,0,0,0,0,0,0,0,0,0,0,0,0,0,0,0,0,0,0,0
0,0,0,0,0,0,0,0,0,0,0,0,0,0,0,0,0,0,0,0,0,0,0,0,0,0,0,0,0,0,0,0,0,0,0,0,0,0,0,0,0,0,0,0,0,0,0,0,0,0,0,0,0,0,0,0,0,0,0,0,0,0,0,0,0,0,0,0,0,0,0,0,0,0,0,0,0,0,0,0,0,0,0,0,0,0,0,0,0,0,0,0,0,0.000435662,-0.007914522,-0.000895527,7.26E-05,0,0,0,0,0,0,0,0,0,0,0,5.91E-19,6.43E-19,-1.07E-16,0.001076559,-0.020792144,-0.056792075,0.017887,-0.044546024,-0.020018178,0.002293017,7.57E-18,0,0,0,0,0,0,0,0,2.85E-05,1.87E-05,-0.003987949,-0.018441074,-0.033052492,0.216446282,0.57746184,0.671836499,0.588662905,0.198966554,-0.0290938,0.000428922,0,0,0,0,0,0,1.24E-18,0.000562554,-0.005143172,-0.031111043,-0.009401132,0.255250448,0.427068471,0.855851856,1.053039284,1.030475521,1.051650633,0.768890333,0.060039505,-0.011895493,0,0,0,0,4.35E-05,-0.000443423,-0.003432394,-0.016417024,0.013235923,0.241295615,0.501521106,0.953852992,1.014592848,1.000366951,0.99206941,0.995747753,1.019037343,0.940467933,0.114640353,-0.017801947,0,0,0.000260417,-0.001455607,-0.015523386,-0.024870881,0.002037667,0.123691074,0.540190439,0.924169526,1.00625034,1.000021395,0.993317147,1.004735097,0.996018774,0.947991915,0.65167453,0.30346155,-0.000300997,-0.002851818,0,0,-0.001223788,0.005434858,0.074977431,0.264874455,0.705352397,0.982238715,1.002347098,1.006195636,0.993743736,1.007417586,0.987598788,0.879975388,0.430349486,0.080962776,-0.0036875,-0.0162644,-0.003788981,0.00044424,0,0,-0.015457346,0.103074528,0.778159092,0.943873689,1.013191483,0.994795752,0.999565176,1.005049173,1.013937721,0.926885366,0.513805045,0.191627091,-0.022071232,-0.009662582,-0.002965993,-0.000974265,0.000121071,0,0,0,-0.01370307,0.075259011,0.835956443,1.041717877,1.029160739,1.043493556,0.958453672,0.833331856,0.46701811,0.197751468,0.001551812,-0.029939867,-0.000825486,0.000122294,0,0,0,0,0,0,-0.001994826,-0.012416127,0.31370527,0.791256485,0.643091044,0.570644557,0.314055939,0.087406471,-0.031306424,-0.01745915,-0.005447985,0.000413762,2.04E-05,0,0,0,0,0,0,0,0.000212759,-0.002670397,-0.004446946,0.096650054,0.001698495,-0.055720129,-0.029356138,-0.009474146,0.0009255,0,0,0,0,0,0,0,0,0,0,0,0,0.000352207,-0.002508272,-0.016896752,-0.006030944,0.000387868,0,0,0,0,0,0,0,0,0,0,0,0,0,0,0,0,0,0,0,0,0,0,0,0,0,0,0,0,0,0,0,0,0,0,0,0,0,0,0,0,0,0,0,0,0,0,0,0,0,0,0,0,0,0,0,0,0,0,0,0,0,0,0,0,0,0,0,0,0,0,0,0,0,0,0,0,0,0,0,0,0,0,0,0,0,0,0,0,0,0,0,0,0
0,0,0,0,0,0,0,0,0,0,0,0,0,0,0,0,0,0,0,0,0,0,0,0,0,0,0,0,0,0,0,0,0,0,0,0,0,0,0,0,0,0,0,0,0,0,0,0,0,0,0,0,0,0,0,0,0,0,0,0,0,0,0,0,0,0,0,0,0,0,0,0,0,0,0,0,0,0,0,0,0,0,0,0,0,0,0,0,0,0,0,0,0,0,0,0,0,0,0,0,0,0,0,0,0,0,0,0,0,0,0,0,0,0,0,0,0,0,0,0,0,0,0,0,0,0,0,0,0,0,0,0,0,0,0,0,0,0,0,0,0,0,0,0,0,0,0,0,0,0,0.00017325,-0.001901675,-0.003659979,-0.003482125,-0.003419347,-0.013443806,-0.018060821,-0.001802531,0.000305736,0,0,0.000227737,-0.001467837,-0.012576134,-0.003729116,-0.000843086,-0.003142157,-0.005011312,-0.007215227,-0.017009549,-0.026962503,-0.018949857,-0.009461854,-0.010615332,-0.010243413,0.08360575,0.133375221,0.013161357,-0.00223703,0,0,-0.003010451,0.018714331,0.174385927,0.0269335,-0.029303224,0.001239481,0.025398373,0.062780076,0.248638038,0.409202053,0.633615809,0.779150938,0.775671671,0.764157833,0.834761029,0.760151212,0.080565662,-0.013399203,0,0,-0.013422862,0.097233399,0.627261829,0.352847426,0.438735311,0.655971746,0.834812601,0.960981311,0.912069359,0.83638734,0.853135961,0.823990376,0.761983949,0.650738664,0.742496341,0.611034126,0.03637418,-0.008474265,0,0,-0.012627145,0.069210234,0.769578516,1.014962248,0.759861826,0.671397263,0.65278819,0.400943508,0.263439219,0.128712367,0.122087027,0.060453678,-0.03437466,-0.039795071,0.058899612,0.037979643,-0.01039924,0.00051011,0,0,-3.06E-06,-0.008111286,0.070361108,0.169976153,0.048450855,0.022176379,0.015926168,-0.029765552,-0.032571848,-0.018044209,-0.017422445,-0.011016957,-0.000990176,0.000187925,-0.010441482,-0.007559415,0.000829872,0,0,0,0.000112337,-0.000153887,-0.010795888,-0.019303853,-0.010466027,-0.007769267,-0.007163895,-0.001358762,4.22E-05,9.19E-06,0,0,0,0,0,0,0,0,0,0,0,0,0,0,0,0,0,0,0,0,0,0,0,0,0,0,0,0,0,0,0,0,0,0,0,0,0,0,0,0,0,0,0,0,0,0,0,0,0,0,0,0,0,0,0,0,0,0,0,0,0,0,0,0,0,0,0,0,0,0,0,0,0,0,0,0,0,0,0,0,0,0,0,0,0,0,0,0,0,0,0,0,0,0,0,0,0,0,0,0,0,0,0,0,0,0,0,0,0,0,0,0,0,0,0,0,0,0,0,0,0,0,0,0,0,0,0,0,0
0,0,0,0,0,0,0,0,0,0,0,0,0,0,0,0,0,0,0,0,0,0,0,0,0,0,0,0,0,0,0,0,0,0,0,0,0,0,0,0,0,0,0,0,0,0,0,0,0,0,0,0,0,0,0,0,0,0,0,0,0,0,0,0,0,0,0,0,0,0,0,0,0,0,0,0,0,0,0,0,0,0,0,0,0,0,0,0,0,0,0,0,0,0,0,0,0,0,0,0,0,0,0,0,0,0,0,0,0,0,0,0,6.58E-18,2.30E-05,-7.66E-05,-0.004044118,-0.005732996,-0.003121476,0.00011489,0,0,0,0,0,0,0,0,0,0,0,2.54E-18,0.000224673,-0.003941102,-0.015185185,-0.020095146,0.025408497,0.0442556,0.021084291,-0.000879119,0,0,0,0,0,0,0,0,0,1.59E-05,0.000266194,-0.004562798,-0.021052546,-0.014330495,0.136731007,0.532993169,0.829084882,0.921949642,0.686200201,-0.018803928,0,0,0,0,0,0,2.33E-19,5.82E-05,-0.000448973,-0.004145782,-0.019810032,0.003283803,0.128836533,0.479430839,0.855737456,1.038669815,0.977224367,0.801938113,0.451232471,-0.015611894,0,0,0,0,0,0,0.001102941,-0.012534212,-0.02674147,0.010327478,0.238024527,0.679186223,0.849856362,1.021859484,1.029903425,0.845904122,0.357709304,0.079895663,-0.008661337,-0.001304977,0,0,0,1.86E-17,0.000125102,-0.000171909,-0.032798032,0.052133289,0.282502531,0.739196589,0.998291939,1.045440206,1.044101528,0.819077052,0.519964001,0.079340176,-0.026461516,-0.017212571,-0.003123395,0.000269608,0,0,0,0.001039501,-0.010330882,-0.019840856,0.228251464,0.653360822,0.987258843,1.037540867,0.986529463,0.734506944,0.459949619,0.081071756,-0.014359188,-0.010484171,-0.00066876,8.90E-05,0,0,0,0,0,-0.028399926,0.236698871,0.685671531,0.941606726,1.028429878,0.957432418,0.697985542,0.352870008,0.04403374,-0.026763075,-0.015863368,-0.00195467,0.000244588,0,0,0,0,0,0,0,-0.050060332,0.427104388,1.085955389,0.950506025,0.808034007,0.327541308,-0.006547777,-0.022176011,-0.010771718,-0.002235839,0.000214015,6.81E-06,0,0,0,0,0,0,0,0,-0.013854714,0.116550807,0.333829742,0.227358337,0.132113188,-0.021494741,-0.003865656,0.000223397,0,0,0,0,0,0,0,0,0,0,0,0,0.001410053,-0.012029565,-0.030583657,-0.027318917,-0.018913075,-0.001112674,0.00026348,0,0,0,0,0,0,0,0,0,0,0,0,0,1.83E-05,-0.000149357,-0.000542228,-0.000173764,-7.24E-05,8.56E-06,0,0,0,0,0,0,0,0,0,0,0,0,0,0,0,0,0,0,0,0,0,0,0,0,0,0,0,0,0,0,0,0,0,0,0,0,0,0,0,0,0,0,0,0,0,0,0,0,0,0,0,0,0,0,0,0,0,0,0,0,0,0,0,0,0,0,0,0,0,0,0,0
0,0,0,0,0,0,0,0,0,0,0,0,0,0,0,0,0,0,0,0,0,0,0,0,0,0,0,0,0,0,0,0,0,0,0,0,0,0,0,0,0,0,0,0,0,0,0,0,0,0,0,0,0,0,0,0,0,0,0,0,0,0,0,0,0,0,0,0,0,0,0,0,0,0,0,0,0,0,0,0,0,0,0,0,0,0,0,0,0,0,0,0,0,0,0,0,0,0,0,0,0,0,0,0,0,0,0,0,0,0,0,0,0,1.68E-18,-1.99E-17,-1.19E-16,-3.41E-16,-8.19E-17,9.64E-18,0,0,0,0,0,0,0,0,0,0,0,3.99E-18,0.000294458,-0.006513527,-0.014348278,-0.015113017,-0.020414624,-0.021050858,-0.002953406,0.000428922,0,0,0,0,0,0,0,0,0,3.30E-05,0.000209123,-0.007413069,-0.027834882,0.014934644,0.081589876,0.113338989,0.274382414,0.528360459,0.112392627,-0.013789695,0,0,0,0,0,0,0.000126379,-0.001360039,-0.003080184,-0.00561443,-0.025399765,0.026527352,0.185084457,0.573113985,0.837696215,0.858490707,1.012169016,1.039218444,0.145898251,-0.021188725,0,0,0,0,9.38E-05,-0.000301471,-0.017390165,-0.014747532,-0.000503173,0.031426011,0.349852056,0.766124132,0.895331087,1.01575639,1.00502788,0.962812857,0.9113133,0.930470231,0.130786658,-0.018994077,0,0,0.000217014,0.000360513,-0.027262544,-0.047959116,0.074920701,0.375521106,0.629039124,0.796298696,1.034099486,1.060602362,0.949212912,0.622150442,0.355980954,0.195008698,0.030747021,0.034968461,0.005004382,-0.000726784,0,0,-0.002043335,-0.007079053,0.278826236,0.564391919,0.77430273,0.973608796,1.051206908,0.976474775,0.666897603,0.429530739,0.262635944,0.019787208,-0.028951559,-0.014705014,-0.005604422,-0.005919169,-0.000836798,0.000121528,0,0,-0.018568342,0.119333143,0.984858495,1.045898353,0.941625613,0.684012882,0.481335975,0.174050436,0.033563977,-0.041387887,-0.030107364,-0.006254549,0.000542171,0,0,0,0,0,0,0,-0.014224707,0.098804523,0.701638583,0.484446385,0.214020935,-0.002760212,-0.024210183,-0.018867613,-0.008304398,-0.000803207,-0.000191142,2.85E-05,0,0,0,0,0,0,0,0,-0.000357775,0.002453324,0.019629545,-0.016683245,-0.022796467,-0.001619724,0.000295544,0,0,0,0,0,0,0,0,0,0,0,0,0,0.000162377,-0.001118075,-0.0082644,-0.002776961,0.000224265,5.51E-06,0,0,0,0,0,0,0,0,0,0,0,0,0,0,0,0,0,0,0,0,0,0,0,0,0,0,0,0,0,0,0,0,0,0,0,0,0,0,0,0,0,0,0,0,0,0,0,0,0,0,0,0,0,0,0,0,0,0,0,0,0,0,0,0,0,0,0,0,0,0,0,0,0,0,0,0,0,0,0,0,0,0,0,0,0,0,0,0,0,0,0,0,0
0,0,0,0,0,0,0,0,0,0,0,0,0,0,0,0,0,0,0,0,0,0,0,0,0,0,0,0,0,0,0,0,0,0,0,0,0,0,0,0,0,0,0,0,0,0,0,0,0,0,0,0,0,0,0,0,0,0,0,0,0,0,0,0,0,0,0,0,0,0,0,0,0,0,0,0,0,0,0,0,0,0,0,0,0,0,0,0,0,0,0,0,0,0,0,0,0,0,0,0,0,0,0,0,0,0,0,0,0,0,0,0,0,0,0,0,0,0,0,0,0,0,0,0,0,0,0,0,0,0,0,0,0,0,0,0,0,0,0,0,0,0,0,0,0,0,0,0,0,0,0,0,0,0,0,0,0,0,0,0,0,0.000601511,-0.003870307,-0.032636744,-0.021280893,-0.006569496,-0.016237183,-0.020837206,-0.020343137,-0.020343137,-0.020343137,-0.0203125,-0.019901044,-0.027433211,-0.035600337,-0.035811479,-0.025281965,-0.001637367,0.000364073,0,0,-0.010065189,0.065213454,0.543915424,0.320305998,0.046024595,0.221384566,0.304837994,0.296074244,0.296574857,0.296645016,0.29607741,0.288602618,0.425444189,0.573691891,0.576184045,0.398436972,0.023737974,-0.005573768,0,0,-0.015531216,0.097743213,0.837855937,0.970146906,0.982435917,1.007865843,1.018873076,1.022765999,1.03109838,1.031125,1.030990945,1.030145173,1.045556832,1.063848516,1.072319002,0.924609869,0.100448106,-0.016530161,0,0,-0.001197066,-0.000520209,0.124096031,0.38494007,0.650865979,0.652735856,0.659142904,0.577925296,0.426238988,0.417989583,0.420054126,0.420122702,0.41835483,0.423377332,0.49052708,0.282881247,0.011942033,-0.003592048,0,0,0.000211977,-0.000512568,-0.019033926,-0.02412315,0.020743549,0.02261618,0.025063404,-0.000344921,-0.047026772,-0.049332885,-0.048722025,-0.048722025,-0.048880702,-0.046871408,-0.031872427,-0.033552851,-0.001985591,0.000460642,0,0,0,0,0.000125102,-0.001698666,-0.007611656,-0.007797181,-0.008059021,-0.005292926,-0.000191142,6.74E-05,0,0,1.74E-05,-0.000201865,-0.002000613,-4.97E-05,1.63E-05,0,0,0,0,0,0,0,0,0,0,0,0,0,0,0,0,0,0,0,0,0,0,0,0,0,0,0,0,0,0,0,0,0,0,0,0,0,0,0,0,0,0,0,0,0,0,0,0,0,0,0,0,0,0,0,0,0,0,0,0,0,0,0,0,0,0,0,0,0,0,0,0,0,0,0,0,0,0,0,0,0,0,0,0,0,0,0,0,0,0,0,0,0,0,0,0,0,0,0,0,0,0,0,0,0,0,0,0,0,0,0,0,0,0,0,0,0,0,0,0,0,0
0,0,0,0,0,0,0,0,0,0,0,0,0,0,0,0,0,0,0,0,0,0,0,0,0,0,0,0,0,0,0,0,0,0,0,0,0,0,0,0,0,0,0,0,0,0,0,0,0,0,0,0,0,0,0,0.00042803,-0.00487954,-0.001588961,0.000171212,0,0,0,0,0,0,0,0,0,0,0,0,0,1.22E-06,8.33E-05,-0.000511693,-0.015032578,0.010710018,0.008851351,-0.000809845,0,0,0,0,0,0,0,0,0,0,0,0,4.90E-05,0.000931474,-0.014081223,-0.033460512,0.13167596,0.599116524,0.111653571,-0.01425194,0,0,0,0,0,0,0,0,0,0,0,2.10E-17,0.00033718,-0.022250112,0.062868617,0.390598346,0.811383885,1.035553649,0.145762861,-0.02103639,0,0,0,0,0,0,0,0,0,1.07E-05,0.000308926,-0.003989311,-0.026714325,0.12389181,0.643761642,1.021345061,1.006076917,1.020483762,0.144941859,-0.020954691,0,0,0,0,0,0,0,0,0.00045887,-0.003825415,-0.013519679,-0.019819259,0.257343667,0.835252099,1.000718733,0.995389711,1.017491456,0.92172975,0.108477533,-0.017138009,0,0,0,0,0,0,9.32E-05,-0.000820823,-0.006611227,0.010735532,0.049754783,0.470911748,0.925056441,1.018730042,0.998894318,1.019914063,0.818323768,0.291967507,-0.012859137,-0.001802492,0,0,0,0,9.19E-07,0.000782782,-0.006448955,-0.020514076,-0.015335969,0.391724469,0.76039151,0.981177543,1.009933262,1.018103182,0.954006196,0.647987081,0.131519046,-0.012767106,-0.002119869,0.000195738,0,0,0,0.000326118,-0.002006774,-0.025315649,-0.005817555,0.314898795,0.582988192,0.946559487,1.019279276,1.003703516,0.992005923,0.796851229,0.363952546,0.004473686,-0.021105562,-0.00200914,0.000300844,0,0,0,0.000309777,-0.005606172,0.005536271,0.179328533,0.53067739,0.945381536,1.022760334,1.012689781,1.01933798,0.938165765,0.498090278,0.087456467,-0.03159649,-0.003396242,5.57E-05,2.28E-05,0,0,0,0,-0.001843586,-0.01828393,0.345490281,0.901841496,1.002717072,1.006729241,1.010760673,0.890123466,0.675465211,0.265600804,-0.010353532,-0.020957521,0.000778607,0,0,0,0,0,0,0,-0.018183892,0.119480963,0.939308024,1.004684487,1.012562398,1.002260672,0.699517413,0.18638191,-0.005342201,-0.02147995,-0.004683926,0.000587012,0,0,0,0,0,0,0,0,-0.012686036,0.069312859,0.776372124,1.009200078,0.77326331,0.21976348,0.073624394,-0.024561717,-0.001369741,0.000314032,0,0,0,0,0,0,0,0,0,0,-0.004258919,0.030227162,0.203306441,0.153274237,0.083145697,-0.041600388,-0.01376972,0.000643382,0,0,0,0,0,0,0,0,0,0,0,0,0.000295139,-0.00202611,-0.014642821,-0.012601052,-0.008069751,0.000496477,0,0,0,0,0,0,0,0,0,0,0,0,0,0,0,0,0,0,0,0,0,0,0,0,0,0,0,0,0,0,0,0,0,0,0,0,0,0,0,0,0,0,0,0,0,0,0,0,0,0,0,0,0,0,0,0,0,0,0,0,0,0,0,0,0,0,0,0,0,0,0,0,0
0,0,0,0,0,0,0,0,0,0,0,0,0,0,0,0,0,0,0,0,0,0,0,0,0,0,0,0,0,0,0,0,0,0,0,0,0,0,0,0,0,0,0,0,0,0,0,0,0,0,0,0,0,0,0,0,0,0,0,0,0,0,0,0,0,0,0,0,0,0,0,0,0,0,0,0,0,0,0,0,0,0,0,0,0,0,0,0,0,0,0,0,0,0,0,0,0,0,0,0,0,0,0,0,0,0,0,0,0,0,0,0,4.22E-18,-2.47E-17,-2.80E-16,-3.50E-16,-1.14E-16,1.37E-17,0,0,0,0,0,0,0,0,0,0,0,0,8.30E-18,0.000406795,-0.012110357,-0.019998298,-0.020441006,-0.020682019,-0.020306032,-0.002756206,0.000406795,0,0,0,0,0,0,0,0,0,0.000111288,-0.001573112,-0.004590518,-0.02476224,0.062299228,0.163502932,0.454931532,0.535345498,0.267952268,0.003848175,-0.00282143,0,0,0,1.83E-05,-8.95E-05,-0.001478707,-0.001961091,-0.004325623,-0.005299774,-0.010445364,-0.012968376,-0.000149782,0.142959865,0.72963964,0.997129987,1.007542177,1.017571657,1.016291735,0.139121978,-0.020447815,0,0,3.06E-05,0.000656109,-0.009151246,-0.016250664,-0.01353748,0.016143467,0.025204588,0.09903799,0.442639212,0.746698121,0.856873502,0.985741816,1.00683655,1.013409041,1.000524918,0.603744417,0.029605448,-0.007987303,0,0,0.000474026,-0.014126157,0.057041343,0.413318934,0.495315053,0.748470027,0.908798238,0.914043199,0.990866541,1.046195636,1.039592371,1.032449078,0.920045803,0.582386693,0.408599537,0.037003625,-0.011383759,0.000414624,0,0,-0.008730767,0.037552128,0.61413688,1.006479813,1.043006264,1.023365094,1.020205845,1.022379698,1.010947763,0.794157373,0.726195449,0.675661612,0.263121187,-0.008255753,-0.032303666,-0.0050072,0.000377889,2.45E-05,0,0,-0.018906689,0.127908486,0.943248814,1.006740417,0.923102707,0.919131881,0.713592043,0.436834295,0.203617413,0.091606437,0.047142391,0.029810963,-0.035097937,-0.002841303,0.000587012,0,0,0,0,0,-0.003776893,0.023071318,0.199537718,0.441182087,0.206458844,0.176402676,0.015689417,-0.024789114,-0.02050194,-0.012999557,-0.010582108,-0.008619536,0.000219567,0,0,0,0,0,0,0,0.000357435,-0.002175818,-0.019022331,-0.04054245,-0.019923577,-0.017287071,-0.003189417,0.000357435,0,0,0,0,0,0,0,0,0,0,0,0,0,0,0,0,0,0,0,0,0,0,0,0,0,0,0,0,0,0,0,0,0,0,0,0,0,0,0,0,0,0,0,0,0,0,0,0,0,0,0,0,0,0,0,0,0,0,0,0,0,0,0,0,0,0,0,0,0,0,0,0,0,0,0,0,0,0,0,0,0,0,0,0,0,0,0,0,0,0,0,0,0,0,0,0,0,0,0,0,0,0,0,0,0,0,0,0,0,0,0
0,0,0,0,0,0,0,0,0,0,0,0,0,0,0,0,0,0,0,0,0,0,0,0,0,0,0,0,0,0,0,0,0,0,0,0,0,0,0,0,0,0,0,0,0,0,0,0,0,0,0,0,0,0,0,0,0,0,0,0,0,0,0,0,0,0,0,0,0,0,0,0,0,0,0,0,0,0,0,0,0,0,0,0,0,0,0,0,0,0,0,0,0,0,0,0,0,0,0,0,0,0,0,0,0,0,0,0,0,0,0,0,0,0,0,0,0,0,0,0,0,0,0,0,0,0,0,0,0,0,0,0,0,3.57E-05,-0.000180419,-0.005987881,-0.005432156,-0.00042752,8.34E-05,0,0,0,0,0,0,0,0,0,0,0,0.000101912,-0.000273124,-0.03049698,-0.043800395,-0.041162407,0.006984836,0.001533825,-0.032984409,0.00019618,0,0,0,0.000150422,-0.001262714,-0.003532322,-0.004620098,-0.003968699,-0.0061674,-0.016261489,-0.022597171,-0.025481737,-0.03438831,0.244382635,0.365692879,0.365955508,0.585659178,0.572509412,0.333623765,-0.010654276,0,0,0,-0.000402348,0.003498111,0.006994843,0.019319444,0.010933092,0.040140214,0.222347324,0.336944717,0.371566279,0.606721269,0.946698174,1.042753728,1.036319734,1.060792007,1.069652727,0.73443427,-0.021579691,0,0,0,-0.027476662,0.229945091,0.660567691,0.784131808,0.722940513,0.92334417,0.978392991,1.018489941,1.03252114,1.009227397,0.799558178,0.715166565,0.720191074,0.723105188,0.64883912,0.117582345,-0.012051334,0,0,0,-0.037321756,0.307701134,0.979406488,1.039514706,1.034140217,1.033773627,0.88375434,0.678813334,0.523129545,0.332645748,0.05645007,-0.050072338,-0.043406863,-0.043805147,-0.039770731,-0.009414822,0.000744996,0,0,0,-0.004574059,0.029677806,0.238882434,0.467070272,0.48969457,0.402260638,0.198522889,0.022334427,-0.016951918,-0.042577912,-0.010581274,0.00070523,0,0,0,0,0,0,0,0,0.000701154,-0.005742613,-0.018997821,-0.02085512,-0.020688657,-0.021065353,-0.015899374,-0.008765999,-0.003475967,0.00023029,0,0,0,0,0,0,0,0,0,0,0,0,0,0,0,0,0,0,0,0,0,0,0,0,0,0,0,0,0,0,0,0,0,0,0,0,0,0,0,0,0,0,0,0,0,0,0,0,0,0,0,0,0,0,0,0,0,0,0,0,0,0,0,0,0,0,0,0,0,0,0,0,0,0,0,0,0,0,0,0,0,0,0,0,0,0,0,0,0,0,0,0,0,0,0,0,0,0,0,0,0,0,0,0,0,0,0,0,0,0,0,0,0,0,0,0,0,0,0,0,0,0,0,0,0,0,0,0
0,0,0,0,0,0,0,0,0,0,0,0,0,0,0,0,0,0,0,0,0,0,0,0,0,0,0,0,0,0,0,0,0,0,0,0,0,0,0,0,0,0,0,0,0,0,0,0,0,0,0,0,0,0,0,0,0,0,0,0,0,0,0,0,0,0,0,0,0,0,0,0,0,0,0,0,0,0,0,0,0,0,0,0,0,0,0,0,0,0,0,0,0,0,0,0,0,0,0,0,0,0,0,0,0,0,0,0,0,0,0,0,0,0,0,0,0,0,0,0,0,0,0,0,0,0,0,0,0,0,0,0,0,0,0,0,0,0,0,0,0,0,0,0,0,0,0,0,0,0,0,0,0,0,0,0,0,0,0,0,0,0.000404922,-0.008996678,-0.019505719,-0.035669424,-0.042120098,-0.041348039,-0.041348039,-0.041336091,-0.041565104,-0.0413726,-0.041398131,-0.041957982,-0.031116575,-0.008490094,-0.003809896,-0.001021548,0.000130855,0,0,0,-0.005907033,0.129219593,0.281381655,0.590650276,0.714487337,0.700146038,0.691093175,0.676188623,0.697743209,0.691311598,0.677923969,0.6888584,0.491558568,0.086082942,0.005280433,-0.003317725,0.00024255,0,0,0,-0.020791462,0.496947672,1.035479984,0.923499115,0.878018791,0.879219261,0.959186217,1.088850184,0.936648642,0.961353333,1.084102345,1.075352292,1.037073359,0.867846201,0.752691159,0.229942759,-0.028062859,0,0,0,-0.00791088,0.176764706,0.412403918,0.223707363,0.139140114,0.143230869,0.256894593,0.441378813,0.221554126,0.259600831,0.428480188,0.454835327,0.711308875,0.954700776,1.092471933,0.445895323,-0.051998288,0,0,0,0.00092536,-0.020856634,-0.047961763,-0.028170478,-0.01932249,-0.019742367,-0.031787756,-0.051337491,-0.028056745,-0.032076149,-0.052212405,-0.039455478,0.035260843,0.224334532,0.799025315,0.336221533,-0.038855499,0,0,0,0,0,0,0,0,0,0,0,0,0,0.000182121,-0.001082814,-0.011033582,-0.009100541,0.11583895,0.025634702,-0.003259141,0,0,0,0,0,0,0,0,0,0,0,0,0,0,0,8.81E-05,-0.000802951,-0.012104269,-0.003029684,0.000377074,0,0,0,0,0,0,0,0,0,0,0,0,0,0,0,0,0,0,0,0,0,0,0,0,0,0,0,0,0,0,0,0,0,0,0,0,0,0,0,0,0,0,0,0,0,0,0,0,0,0,0,0,0,0,0,0,0,0,0,0,0,0,0,0,0,0,0,0,0,0,0,0,0,0,0,0,0,0,0,0,0,0,0,0,0,0,0,0,0,0,0,0,0,0,0,0,0,0,0,0,0,0
0,0,0,0,0,0,0,0,0,0,0,0,0,0,0,0,0,0,0,0,0,0,0,0,0,0,0,0,0,0,0,0,0,0,0,0,0,0,0,0,0,0,0,0,0,0,0,0,0,0,0,0,0,0,0,0,0,0,0,0,0,0,0,0,0,0,0,0,0,0,0,0,0,0,0,0,0,0,0,0,0,0,0,0,0,0,0,0,0,0,0,0,0,0,0,0,0,0,0,0,0,0,0,0,0,0,0,0,0,0,1.80E-31,8.76E-18,0.000580898,-0.004078585,-0.0255136,-0.051480375,-0.052990536,-0.007402623,0.001076559,0,0,0,0,0,0,0,0,0,0,0.00051777,-0.003492817,-0.018389842,-0.027666184,0.025782186,0.270136761,0.566172981,0.582953602,0.081428855,-0.01184215,0,0,0,0,0,0,0,0,0,0.000206677,-0.005710631,-0.002052556,0.113065339,0.43107128,0.702677157,0.9300924,1.041003102,1.061709487,0.148346167,-0.021592916,0,0,0,0,0,0,5.77E-18,0.00073172,-0.011101973,-0.041412786,-0.050079793,0.38132341,0.931283769,1.023493624,1.016115826,1.039250511,1.027710376,1.039478639,0.147374496,-0.021325742,0,0,0,0,0.000238051,-0.002468137,-0.019279718,-0.050952751,0.139171083,0.641489243,0.730950044,0.935449908,0.999141885,1.035491844,0.948890744,0.396691176,0.397168794,0.58261603,0.045638987,-0.008833061,0,0,1.32E-17,0.001161795,-0.01123652,-0.015336431,0.11870338,0.27252771,0.76309508,1.033059487,1.02690882,1.028468444,0.939424173,0.726224794,0.36377342,-0.025867987,-0.026018059,-0.003713065,-0.004556378,0.000416326,0,0,0.000430624,-0.016217745,0.080111026,0.433762357,0.809743396,1.04964311,1.012832759,1.008484579,1.015709712,0.836275497,0.35118573,-0.035574936,-0.028491319,-0.000974469,-0.000966044,-0.002765217,-5.87E-05,2.86E-05,0,0,-0.018620317,0.125895132,0.929559044,0.984827684,1.029787174,1.033903445,1.016854875,0.730536039,0.208268704,0.066562615,-0.011511404,-0.004982893,0.000464718,0,0,0,0,0,0,0,-0.01446538,0.085234041,0.830404412,1.032508919,0.899087146,0.656973414,0.415300776,0.081960699,-0.030794611,-0.013960716,-0.002464086,0.000338347,0,0,0,0,0,0,0,0,-0.000466027,-0.015165403,0.176609903,0.488509123,0.248194206,0.001736179,-0.046547803,-0.008997566,0.000882949,0,0,0,0,0,0,0,0,0,0,0,0.000174632,-0.000814378,-0.012009974,-0.014005447,-0.019739175,-0.007055147,0.000836493,0,0,0,0,0,0,0,0,0,0,0,0,0,0,6.85E-05,-0.000564747,-0.001910131,-0.000574755,3.86E-05,0,0,0,0,0,0,0,0,0,0,0,0,0,0,0,0,0,0,0,0,0,0,0,0,0,0,0,0,0,0,0,0,0,0,0,0,0,0,0,0,0,0,0,0,0,0,0,0,0,0,0,0,0,0,0,0,0,0,0,0,0,0,0,0,0,0,0,0,0,0,0,0,0
0,0,0,0,0,0,0,0,0,0,0,0,0,0,0,0,0,0,0,0,0,0,0,0,0,0,0,0,0,0,0,0,0,0,0,0,0,0,0,0,0,0,0,0,0,0,0,0,0,0,0,0,0,0,0,0,0,0,0,0,0,0,0,0,0,0,0,0,0,0,0,0,0,0,3.68E-06,3.90E-05,-0.000861111,-0.008946996,2.86E-05,0,0,0,0,0,0,0,0,0,0,0,0,0,0,2.76E-06,0.000676164,-0.005525259,-0.020852669,0.104675699,0.00041939,0,0,0,0,0,0,0,0,0,0,0,0,8.30E-19,0.000203824,-0.000718376,-0.027032935,-0.004166275,0.322054228,0.753244143,-0.008979269,0,0,0,0,0,0,0,0,0,0,0,5.11E-05,-0.000231481,-0.009866767,-0.010985652,0.201829316,0.561403544,0.958511983,0.568960193,-0.020436581,0,0,0,0,0,0,0,0,0,4.16E-05,-0.000432106,-0.003976397,-0.018387211,0.001509126,0.384688863,0.931815798,0.911461026,0.409114335,0.016912098,-0.005090328,0,0,0,0,0,0,0,1.07E-05,0.000134065,-0.002002145,-0.010915067,-0.006692606,0.150279037,0.635366424,0.985488188,0.82869133,0.242508068,-0.037888327,-0.006546818,0.000382966,0,0,0,0,0,3.31E-05,0.000220895,-0.005745302,-0.023766408,-0.018513038,0.205866285,0.65316202,0.834737183,1.012760164,0.601161101,0.132061002,-0.025349112,0.000525429,0,0,0,0,0,5.22E-18,0.000105954,1.75E-06,-0.024959814,-0.000555402,0.127958094,0.505354013,0.926601375,1.002318627,0.77797418,0.342730576,0.070462146,-0.028722461,-0.00030239,0.000105699,0,0,0,0,0,0.000876442,-0.008577495,-0.024616575,0.239802798,0.618103996,0.878183557,0.905822712,0.691268161,0.359761761,0.115716469,-0.03079476,-0.007760298,0.000431015,2.39E-05,0,0,0,0,0,0,-0.011895238,0.080824773,0.578489242,0.955447682,0.987937474,0.819753308,0.305054981,0.0169314,-0.026550283,-0.017857507,0.000809125,9.38E-05,0,0,0,0,0,0,0,0,-0.044698137,0.377577955,1.051237966,0.784939849,0.272927288,0.027710397,-0.021420547,-0.009111009,-0.001311955,0.0001154,0,0,0,0,0,0,0,0,0,0,-0.013343932,0.09851794,0.573492851,0.295194257,-0.045831563,-0.004500649,0.000374455,0,0,0,0,0,0,0,0,0,0,0,0,0,0.0013966,-0.013435253,-0.004543573,0.000491558,-0.000199244,2.20E-05,0,0,0,0,0,0,0,0,0,0,0,0,0,0,1.47E-05,7.97E-06,-0.002686377,-0.001600592,9.59E-05,0,0,0,0,0,0,0,0,0,0,0,0,0,0,0,0,0,0,0,0,0,0,0,0,0,0,0,0,0,0,0,0,0,0,0,0,0,0,0,0,0,0,0,0,0,0,0,0,0,0,0,0,0,0,0,0,0,0,0,0,0,0,0,0,0,0,0,0,0,0,0,0,0
0,0,0,0,0,0,0,0,0,0,0,0,0,0,0,0,0,0,0,0,0,0,0,0,0,0,0,0,0,0,0,0,0,0,0,0,0,0,0,0,0,0,0,0,0,0,0,0,0,0,0,0,0,0,0,0,0,0,0,0,0,0,0,0,0,0,0,0,0,0,0,0,0,0,0,0.000103401,-0.001178768,-0.000383851,4.14E-05,0,0,0,0,0,0,0,0,0,0,0,0,0,0,8.55E-05,-0.000148897,-0.016407322,-0.018144455,-0.000984621,0.000240502,0,0,0,0,0,0,0,0,0,0,0,3.63E-32,6.12E-18,0.000478986,-0.003702189,-0.026598686,0.070363885,0.364105971,0.084913579,-0.01005787,0,0,0,0,0,0,0,0,0,0,4.29E-05,-6.83E-05,-0.003647365,-0.021763789,0.011423373,0.299132898,0.764276637,0.999655007,0.154307917,-0.021412377,0,0,0,0,0,0,0,0,0,8.93E-05,0.000188537,-0.021416626,-0.022152701,0.175502692,0.640141335,0.971891145,1.055768195,0.928321053,0.11125135,-0.017436101,0,0,0,0,0,0,1.40E-19,7.05E-05,-0.000268283,-0.006400633,-0.035565496,0.166082891,0.523841197,0.894406601,1.048852516,1.007477124,0.663560883,0.217514672,-0.002076454,-0.001993124,0,0,0,0,0,0.000253676,-0.000915748,-0.018381638,-0.031261924,0.036494536,0.444945959,0.876191159,1.065073802,1.026432388,0.738134038,0.288213406,0.036634446,-0.02810483,-7.90E-05,0.000212759,0,0,1.40E-18,1.66E-18,0.000457006,-0.007475099,-0.028567521,0.094997855,0.296339852,0.773581733,1.034579997,1.016769795,0.803024731,0.3908591,0.052667126,-0.033611588,-0.010788143,0.000688879,0,0,0,0,0.000323393,-0.00196588,-0.02328925,0.035357724,0.40910495,0.798498792,1.005063729,1.037149135,0.790407612,0.411987762,0.069125936,-0.022630396,-0.007789233,-0.000134293,4.55E-05,1.38E-06,0,0,0,0,-0.003840549,0.012009396,0.294483222,0.76180311,1.020565033,1.023040014,0.78655638,0.407091962,0.077234061,-0.027135003,-0.014068984,-0.00030632,0.00015083,0,0,0,0,0,0,0,-0.016140727,0.097621887,0.909277744,1.036468035,0.792228503,0.410506587,0.023172075,-0.027998196,-0.012402642,-0.002027335,0.000172079,0,0,0,0,0,0,0,0,0,-0.00406284,0.017425401,0.295646259,0.328530263,0.108392157,-0.03017613,-0.005829053,0.000634021,0,0,0,0,0,0,0,0,0,0,0,0,0.000551471,-0.004037748,-0.024690019,-0.026976358,-0.018444598,-0.000824295,0.000198117,0,0,0,0,0,0,0,0,0,0,0,0,0,0,6.11E-05,-0.000563215,-0.000656403,1.76E-05,2.30E-06,0,0,0,0,0,0,0,0,0,0,0,0,0,0,0,0,0,0,0,0,0,0,0,0,0,0,0,0,0,0,0,0,0,0,0,0,0,0,0,0,0,0,0,0,0,0,0,0,0,0,0,0,0,0,0,0,0,0,0,0,0,0,0,0,0,0,0,0,0,0,0,0,0
0,0,0,0,0,0,0,0,0,0,0,0,0,0,0,0,0,0,0,0,0,0,0,0,0,0,0,0,0,0,0,0,0,0,0,0,0,0,0,0,0,0,0,0,0,0,0,0,0,0,0,0,0,0,0,0,0,0,0,0,0,0,0,0,0,0,0,0,0,0,0,0,0,0,0,0,0,0,0,0,0,0,0,0,0,0,0,0,0,0,0,0,0,0,0,0,0,0,0,0,0,0,0,0,0,0,0,0,0,0,0,0,0,0,0,0,0,0,0,0,0,0,0,0,0,0,0,0,0,0,0,0,0,0,0,0,0,0,0,0,0,0,0,0,0,6.33E-18,0.000179365,-0.008780777,-0.004807387,-0.004258693,-0.011194407,-0.011183808,-0.011153235,-0.011153235,-0.011153235,-0.011479353,-0.007667849,-0.000389308,0.000101912,0,0,0.000137357,0.000163416,-0.016128217,-0.031571436,-0.031110856,-0.032540424,0.042243845,0.009077768,0.004542194,0.062243141,0.062270731,0.062018365,0.061929024,0.061952972,0.064632744,0.033473499,-0.000817792,-0.000245268,0,0,-0.001926403,-0.005254882,0.251563981,0.505228622,0.495461891,0.485490656,0.722796309,0.617784552,0.603415816,0.804119077,0.79153462,0.785565968,0.78751171,0.787065972,0.79527611,0.706706393,0.081163579,-0.012982877,0,0,-0.010712486,0.053031165,0.698669135,1.011369638,1.017701083,1.052844227,1.04967553,1.033903254,1.04498143,0.940187381,1.025210529,1.070003363,1.054342439,1.037114719,1.077184028,0.804864226,0.064169673,-0.012548169,0,0,0.00059181,-0.019517498,0.09690591,0.399092473,0.430959814,0.487877451,0.623501811,0.734620524,0.49327771,0.239081546,0.41195144,0.479216722,0.630334133,0.825491779,0.559246494,0.23953605,-0.006141464,-0.001788705,0,0,0,0.00125091,-0.010549203,-0.028966919,-0.028851198,-0.031494232,0.015049972,0.050772747,-0.022684053,-0.029045646,-0.028603094,-0.034398751,0.016992122,0.080368921,-0.009612786,-0.021136878,-0.000948251,0.000256818,0,0,0,3.67E-05,-0.000272672,-0.001443015,-0.001722324,-0.00199823,-0.006963978,-0.010818866,-0.002767225,-7.20E-05,-0.001596201,-0.001704476,-0.007184947,-0.014018246,-0.004414658,-0.000660233,9.78E-05,0,0,0,0,0,0,0,0,0,0,0,0,0,0,0,0,0,0,0,0,0,0,0,0,0,0,0,0,0,0,0,0,0,0,0,0,0,0,0,0,0,0,0,0,0,0,0,0,0,0,0,0,0,0,0,0,0,0,0,0,0,0,0,0,0,0,0,0,0,0,0,0,0,0,0,0,0,0,0,0,0,0,0,0,0,0,0,0,0,0,0,0,0,0,0,0,0,0,0,0,0,0,0,0,0,0,0,0,0,0,0,0,0,0,0,0,0,0,0,0,0,0
0,0,0,0,0,0,0,0,0,0,0,0,0,0,0,0,0,0,0,0,0,0,0,0,0,0,0,0,0,0,0,0,0,0,0,0,0,0,0,0,0,0,0,0,0,0,0,0,0,0,0,0,0,0,0,0,0,0,0,0,0,0,0,0,0,0,0,0,0,0,0,0,0,0,0,0,0,0,0,0,0,0,0,0,0,0,0,0,0,0,0,0,0,2.76E-05,0.00071875,-0.011929534,-0.018018382,-0.000183441,0.000171569,0,0,0,0,0,0,0,0,0,0,0,3.89E-19,2.77E-18,0.000214015,-0.000913756,-0.028586925,0.05606136,0.107484137,-0.005308334,-0.000490026,0,0,0,0,0,0,0,0,1.63E-05,0.000203568,-0.006235362,-0.004612439,-0.011321147,-0.022966179,-0.013572389,0.223329402,0.695756621,0.812984273,0.081633189,-0.013844805,0,0,0,0,0,0,0,0,0.000453989,-0.005426807,0.018024031,-0.008739656,0.052234197,0.317595073,0.674739004,0.976932928,1.025144647,0.90436942,0.121768451,-0.01808528,0,0,0,0,0,0,4.21E-05,3.86E-05,-0.016169999,-0.003859801,0.5103806,0.570787173,0.750342031,1.028808735,1.008591299,0.810157169,0.468279582,0.044634055,-0.012530574,0.000410199,0,0,0,0,0,0.000430147,-0.002649459,-0.026402659,0.111395139,0.520533054,0.962379851,1.067308415,1.034394438,0.817823264,0.416479252,0.082168964,-0.022667262,-0.007691738,0.00085606,0,0,0,1.01E-17,0.000163059,-0.000479133,-0.021128404,-0.021977243,0.193840669,0.824084288,1.030889706,1.038119826,0.706839852,0.42820915,0.067169364,-0.021290731,-0.018975643,-0.002027267,0.00019761,0,0,0,0,0.000411901,-0.004646162,-0.015143825,0.171177424,0.420255855,0.887245166,1.043201442,0.904469822,0.592916428,0.086068066,-0.037695466,-0.007337094,-0.001190002,0.000149357,0,0,0,0,0,0,-0.014987669,0.094866617,0.80183973,0.956596127,1.01468623,0.931862881,0.746230452,0.184648897,-0.000740237,-0.009841374,0.000433992,0,0,0,0,0,0,0,0,0,-0.01358558,0.088439424,0.710171228,0.761586023,0.625845912,0.165561785,-0.036929124,-0.017225967,-0.006099197,-0.000273523,4.85E-05,0,0,0,0,0,0,0,0,0,-0.000269267,-0.000681077,0.035086465,0.067794254,0.012676947,-0.020685611,0.001391097,5.11E-05,0,0,0,0,0,0,0,0,0,0,0,0,0.000147059,-0.000711752,-0.009803922,-0.013609681,-0.006929841,0.000434743,0,0,0,0,0,0,0,0,0,0,0,0,0,0,0,0,0,0,0,0,0,0,0,0,0,0,0,0,0,0,0,0,0,0,0,0,0,0,0,0,0,0,0,0,0,0,0,0,0,0,0,0,0,0,0,0,0,0,0,0,0,0,0,0,0,0,0,0,0,0,0,0,0,0,0,0,0,0,0,0,0,0,0,0,0,0,0,0,0,0,0,0,0
0,0,0,0,0,0,0,0,0,0,0,0,0,0,0,0,0,0,0,0,0,0,0,0,0,0,0,0,0,0,0,0,0,0,0,0,0,0,0,0,0,0,0,0,0,0,0,0,0,0,0,0,0,0,0,0,0,0,0,0,0,0,0,0,0,0,0,0,0,0,0,0,0,0,0,0,0,0,0,0,0,0,0,0,0,0,0,0,0,0,0,0,0,0,0,0,0,0,0,0,0,0,0,0,0,0,0,0,0,0,0,0,0,0,0,0,0,0,0,0,0,0,0,0,0,0,0,0,0,0.00010723,-0.00041956,-0.007150395,-0.010562825,-0.009920003,-0.00236809,0.000327819,0,0,0,0,0,0,0,0,0,0,4.48E-05,-9.40E-05,-0.002588969,-0.031410562,-0.037259437,0.019827871,0.048095757,0.04260395,-0.019216553,-0.014450389,-0.000820187,0.000165974,0,0,0,0,0,4.14E-06,8.09E-05,-0.000787786,-0.009329895,-0.020742581,-0.012102533,0.23988974,0.357046007,0.599698512,0.729049638,0.706253149,0.412541122,0.055768093,-0.010956001,-0.001154967,0.000143995,0,0,0,0.000403571,-0.002920803,-0.017973039,-0.02948812,0.095619553,0.320923338,0.616034058,0.942944342,1.015878847,1.041124421,1.054915515,1.052719873,1.006801385,0.78259969,0.283986741,-0.014426695,-0.001590584,0,0,0.000225524,-0.003415831,-0.000424394,0.089564253,0.402315955,0.818146701,0.999495706,0.985435117,0.939200197,0.762750817,0.688802288,0.689188697,0.696023897,0.878004391,1.016138208,0.747012697,0.047434318,-0.010653425,0,0,-0.002136949,-0.009762902,0.303327206,0.783437074,1.044782646,1.039213303,0.729314456,0.374290833,0.246122498,0.041321283,-0.047909314,-0.044194947,-0.035584933,0.173363256,0.416590874,0.970469788,0.16315193,-0.021730664,0,0,-0.019104059,0.125527384,0.989350889,1.039157902,0.749117375,0.329429582,0.038018338,-0.019486755,-0.033361716,-0.008876116,0.000620032,0.000224554,-0.000727549,-0.028408646,-0.006789453,0.132909329,0.028258309,-0.003431203,0,0,-0.015356924,0.105642198,0.765729575,0.566512749,0.066863171,-0.028480256,-0.010761893,-0.002043335,0.000217014,0,0,0,3.06E-06,0.000418709,-0.00328976,-0.017985941,-0.003389079,0.000430624,0,0,-0.001079963,0.006702896,0.062895153,0.005359188,-0.010533088,0.000481464,0,0,0,0,0,0,0,0,0,0,0,0,0,0,0.000245098,-0.001606946,-0.013181373,-0.005723652,0.000286458,1.75E-05,0,0,0,0,0,0,0,0,0,0,0,0,0,0,0,0,0,0,0,0,0,0,0,0,0,0,0,0,0,0,0,0,0,0,0,0,0,0,0,0,0,0,0,0,0,0,0,0,0,0,0,0,0,0,0,0,0,0,0,0,0,0,0,0,0,0,0,0,0,0,0,0,0,0,0,0,0,0,0,0,0,0,0,0,0,0,0,0,0,0,0,0,0
0,0,0,0,0,0,0,0,0,0,0,0,0,0,0,0,0,0,0,0,0,0,0,0,0,0,0,0,0,0,0,0,0,0,0,0,0,0,0,0,0,0,0,0,0,0,0,0,0,0,0,0,0,0,0,0,0,0,0,0,0,0,0,0,0,0,0,0,0,0,0,0,0,0,0,0,0,0,0,0,0,0,0,0,0,0,0,0,0,0,0,0,0,0,0,0,0,0,0,0,0,0,0,0,0,0,0,0,0,0,0,0,0,9.78E-18,-1.38E-16,0.001234001,-0.014067606,-0.024826155,0.0004936,0,0,0,0,0,0,0,0,0,0,0,6.81E-05,-0.000546364,-0.003491331,-0.012799054,-0.018861145,-0.035070976,0.14039437,0.272920743,-0.005237269,0,0,0,0,0,0,0,0,0,0,0.000682402,-0.004703029,-0.024768354,-0.016515011,0.057740002,0.279960186,0.702245509,0.940917326,0.795380973,-0.020041478,0,0,0,1.22E-05,3.24E-05,-0.002665084,-0.001886285,-0.000684436,-0.004021238,-0.013177798,-0.041878166,-0.005233098,0.254256553,0.518286539,0.807812551,1.009983337,1.003300807,0.674647621,0.274368384,-0.011757387,0,0,0,0.000597611,-0.00582821,0.000975371,-0.014926998,-0.029394097,0.012568706,0.169255447,0.565249421,0.731638787,0.940200844,1.068082443,0.826187313,0.392550773,0.267032169,0.025445176,-0.027690371,0.000379051,0,0,0,-0.005518731,0.023797777,0.518725814,0.490958793,0.361002825,0.718473105,0.939591912,1.0717532,0.892097273,0.70149823,0.524346269,0.121946078,-0.036275786,-0.028511983,-0.009116319,0.000276996,6.74E-05,0,0,0,-0.036750234,0.301773012,0.984571725,1.050249489,1.058845622,0.944971346,0.635805709,0.480298015,0.185230988,-0.019593835,-0.036767661,-0.010298713,-0.000407016,-0.00031056,2.36E-05,0,0,0,0,0,-0.044553546,0.37851511,0.988160219,0.954198769,0.825414017,0.266884457,0.002891868,-0.031572653,-0.020905334,-0.002567364,0.000390528,0,0,0,0,0,0,0,0,0,-0.005419673,0.037991558,0.257008187,0.285941074,0.061457482,-0.027747544,-0.00703142,-0.001938828,-0.000263991,2.45E-05,0,0,0,0,0,0,0,0,0,0,0.000560515,-0.004056032,-0.024421722,-0.026907169,-0.007229541,0.000896824,0,0,0,0,0,0,0,0,0,0,0,0,0,0,0,0,0,0,0,0,0,0,0,0,0,0,0,0,0,0,0,0,0,0,0,0,0,0,0,0,0,0,0,0,0,0,0,0,0,0,0,0,0,0,0,0,0,0,0,0,0,0,0,0,0,0,0,0,0,0,0,0,0,0,0,0,0,0,0,0,0,0,0,0,0,0,0,0,0,0,0,0,0,0,0,0,0,0,0,0,0,0,0,0,0,0,0,0,0,0,0,0
0,0,0,0,0,0,0,0,0,0,0,0,0,0,0,0,0,0,0,0,0,0,0,0,0,0,0,0,0,0,0,0,0,0,0,0,0,0,0,0,0,0,0,0,0,0,0,0,0,0,0,0,0,0,0,0,0,0,0,0,0,5.11E-07,8.71E-06,-0.000132302,-0.000255004,-8.78E-06,1.53E-06,0,0,0,0,0,0,0.00031924,-0.005041616,-0.012359681,-0.002316125,0.000306959,0,0,0,1.82E-05,0.001169286,-0.011856635,-0.03201457,-0.006759327,0.000493975,0,0,0,0,0,0,-0.004146548,0.066595571,0.151192708,0.01546475,-0.002443031,0,0,0,-0.000199823,-0.010575496,0.111626685,0.286540662,0.048376447,-0.003767974,0,0,0,0,0,0,-0.022373315,0.342545292,0.947221439,0.318098992,-0.037861889,0,0,0,-0.000749762,-0.039022954,0.399042552,1.013622753,0.236624711,-0.016919322,0,0,0,0,0,0.000114141,-0.027013651,0.396003779,1.05683924,0.436256536,-0.050550324,0,0,0,-0.009222514,0.032685767,0.704308035,0.984957673,0.118288696,-0.010560108,0,0,0,0,0,-0.000805464,-0.01582941,0.357686889,1.039888118,0.424487757,-0.049244763,0,0,0,-0.019347086,0.345975178,0.823635127,0.464585955,0.005409892,-0.004944853,-0.00233317,-0.002333487,-0.002394659,-0.00376634,-0.003286765,-0.0098001,0.014744111,0.603323785,0.927107877,0.236668964,-0.029529167,0,0,0,-0.02060815,0.585853631,0.869252928,0.132105273,-0.032104099,-0.008421228,-0.008430116,-0.008582465,-0.005377025,0.016534246,0.010760417,0.019423943,-0.005800875,0.644267191,0.811211959,0.060875698,-0.01094615,0,0,0,-0.021559436,0.764199228,1.060870609,0.637433858,0.531491745,0.552079197,0.56918479,0.574579555,0.562570534,0.674719073,0.621395374,0.726072979,0.637350439,0.94021749,0.800840874,0.053094158,-0.010262933,0,0,0,-0.011204725,0.464040075,0.613790203,0.717106209,0.795005549,0.803127859,0.610264631,0.566851562,0.501813028,0.353956546,0.352864941,0.332994884,0.666739583,1.036424973,0.599702665,-0.001827223,-0.003591374,0,0,0,0.000257327,-0.0126378,0.00838485,0.038587349,0.06147334,0.064455179,0.001660456,-0.013322582,-0.021099884,-0.039505065,-0.044687012,-0.046010856,0.549802631,0.883095063,0.146207842,-0.015923627,0.000429581,0,0,0,8.34E-05,-0.003222283,-0.006349571,-0.009477635,-0.011956359,-0.012279412,-0.005513092,-0.003921058,-0.002731652,-3.25E-05,-0.00205627,-0.02093392,0.401483388,0.91133381,0.271053173,-0.018419322,0,0,0,0,0,0,0,0,0,0,0,0,0,0,-0.01133238,0.064421956,0.670872872,0.895356073,0.269723448,-0.018380668,0,0,0,0,0,0,0,0,0,0,0,0,0,0,-0.015130889,0.090641179,0.861871579,0.995381791,0.192678173,-0.014684947,0,0,0,0,0,0,0,0,0,0,0,0,0,0,-0.013081087,0.070743243,0.824748264,0.777439696,0.016497719,-0.004399408,0,0,0,0,0,0,0,0,0,0,0,0,0,0,-0.003691588,-0.005361115,0.448925186,0.796811008,0.12378375,-0.010021452,0,0,0,0,0,0,0,0,0,0,0,0,0,0,0.00023829,-0.004545269,0.010878949,0.094981192,0.0103045,-0.000895118,0,0,0,0,0,0,0,0,0,0,0,0,0,0,0,0.000295544,-0.002372685,-0.009507336,-0.000906352,8.43E-05,0,0,0
0,0,0,0,0,0,0,0,0,0,0,0,0,0,0,0,0,0,0,0,0,0,0,0,0,0,0,0,0,0,0,0,0,0,0,0,0,0,0,0,0,0,0,0,0,0,0,0,0,0,0,0,0,0,0,0,0,0,0,0,0,0,0,0,0,0,0,0,0,0,0,0,0,0,0,0,0,0,0,0,0,0,0,0,0,0,0,0,0,0,0,0,0,0,0,0,0,0,0,0,0,0,0,0,0,0,0,0,0,0,0,0,0,0,0,0,0,0,0,0,0,0,0,0,0,0,0,0,0,0,0,0,9.78E-05,-0.000229779,-0.011929466,-0.018228486,-0.018195806,-0.003137527,0.000371051,0,0,0,0,0,0,0,0,0,0,4.40E-05,0.000732135,-0.012394929,-0.037082258,-0.043716828,0.062076149,0.119543027,0.11833313,-0.002122275,-0.002412254,0,0,0,1.59E-05,0.000145323,-0.003538705,-0.02226971,-0.031730903,-0.004179762,-0.003883527,-0.012134242,-0.035959491,0.075327682,0.300826471,0.411355494,0.784489617,0.98705142,0.969848363,0.348937195,-0.019472188,0,0,0,0.001293465,-0.014627791,0.005066313,0.334049973,0.534609239,0.036475497,0.004708929,0.152225252,0.475332108,0.815586465,0.924593372,0.809908463,0.556743787,0.290867715,0.715101001,0.826183638,-0.020154378,0,0,0,-0.013259957,0.087963269,0.69770481,0.968880855,0.506259327,0.338916864,0.839170547,0.907729388,0.828863885,0.505776484,0.075001902,0.01676234,-0.021642616,0.056859511,0.635840516,0.30007854,-0.016216299,0,0,0,-0.037195385,0.309807887,0.930792143,0.899673407,0.864158905,0.940077368,0.662162429,0.284087623,0.090581087,-0.039641646,-0.007632282,-0.004312449,-0.008360141,0.048329163,0.117283412,-0.005582019,-0.001504119,0,0,0,-0.004071254,0.033384952,0.10941737,0.120644796,0.126696629,0.106946948,0.021615456,-0.020506553,-0.01625535,0.000946557,0,0,0.00068974,-0.005460845,-0.015863194,-0.001427868,0.000252741,0,0,0,0.000652236,-0.005379051,-0.017109545,-0.017903391,-0.017895561,-0.016820723,-0.007711227,-0.001117409,0.000183824,0,0,0,0,0,0,0,0,0,0,0,0,0,0,0,0,0,0,0,0,0,0,0,0,0,0,0,0,0,0,0,0,0,0,0,0,0,0,0,0,0,0,0,0,0,0,0,0,0,0,0,0,0,0,0,0,0,0,0,0,0,0,0,0,0,0,0,0,0,0,0,0,0,0,0,0,0,0,0,0,0,0,0,0,0,0,0,0,0,0,0,0,0,0,0,0,0,0,0,0,0,0,0,0,0,0,0,0,0,0,0,0,0,0,0,0,0,0,0,0,0,0,0,0,0,0,0,0,0
0,0,0,0,0,0,0,0,0,0,0,0,0,0,0,0,0,0,0,0,0,0,0,0,0,0,0,0,0,0,0,0,0,0,0,0,0,0,0,0,0,0,0,0,0,0,0,0,0,0,0,0,0,0,0,0,0,0,0,0,0,0,0,0,0,0,0,0,0,0,0,0,0,0,0,0,0,0,0,0,0,0,0,0,0,0,0,0,0,0,0,0,0,0,0,0,0,0,0,0,0,0,0,0,0,0,0,0,0,0,0,0,0,0,0,0,0,0,0,0,0,0,0,0,0,0,0,0,0,0,0,0,0,0,0,0,0,0,0,0,0,2.45E-05,-4.15E-05,-0.002374139,-0.002503363,-1.14E-05,5.30E-05,-0.000192823,-0.002749582,-0.003860829,-0.003264033,-0.003072847,-0.003903246,-0.002762627,-0.000330194,-0.001994619,-0.000940035,0.000107395,0,0,0,0.000317096,-0.002564154,-0.011772706,-0.015173305,-0.024244775,-0.027760944,-0.031079654,-0.013272195,-0.006926981,-0.011543862,-0.012628438,-0.007126323,-0.014619077,-0.030632506,-0.01976685,-0.024037446,-0.004362439,0.000569853,0,0,-0.009957959,0.054169775,0.617620064,0.690826576,0.416744485,0.469070772,0.566511319,0.701095963,0.777999319,0.751409773,0.737624898,0.785536294,0.718476324,0.576276705,0.675072287,0.567024186,0.055427826,-0.009636438,0,0,-0.004002077,0.00309114,0.410395697,0.631056866,0.522053088,0.529669679,0.649912679,0.613881366,0.715324006,0.783000817,0.772318083,0.776458682,0.771958265,0.759155586,0.770843137,0.725366677,0.091142432,-0.013946759,0,0,0.000249183,-0.001288166,-0.015535267,-0.026370711,-0.030080014,-0.030771293,-0.0204353,-0.025195381,-0.016293045,-0.009491575,-0.010012153,-0.010399342,-0.009928717,-0.008752145,-0.009122753,-0.01299954,-0.00242326,0.0003125,0,0,0,9.76E-05,-0.00089927,-0.001048062,2.81E-05,4.04E-05,-0.001716289,-0.001075782,-0.00257674,-0.003639477,-0.003522074,-0.003522074,-0.003522074,-0.003522074,-0.003583221,-0.002898373,-0.000278251,4.89E-05,0,0,0,0,0,0,0,0,0,0,0,0,0,0,0,0,0,0,0,0,0,0,0,0,0,0,0,0,0,0,0,0,0,0,0,0,0,0,0,0,0,0,0,0,0,0,0,0,0,0,0,0,0,0,0,0,0,0,0,0,0,0,0,0,0,0,0,0,0,0,0,0,0,0,0,0,0,0,0,0,0,0,0,0,0,0,0,0,0,0,0,0,0,0,0,0,0,0,0,0,0,0,0,0,0,0,0,0,0,0,0,0,0,0,0,0,0,0,0,0,0,0,0,0,0,0,0,0,0,0,0,0,0,0,0,0,0,0,0,0,0
0,0,0,0,0,0,0,0,0,0,0,0,0,0,0,0,0,0,0,0,0,0,0,0,0,0,0,0,0,0,0,0,0,0,0,0,0,0,0,0,0,0,0,0,0,0,0,0,0,0,0,0,0,0,0,0,0,0,0,0,0,0,0,0,0,0,0,0,0,0,0,0,0,0,2.21E-05,-0.000166769,-0.00059712,-7.49E-05,1.12E-05,0,0,0,0,0,0,0,0,0,0,0,0,0,5.14E-05,9.80E-05,-0.009233762,-0.021606481,-0.024618668,-0.002876157,0.000452751,0,0,0,0,0,0,0,0,0,0,0,1.97E-31,0.000217014,-0.000164537,-0.026514927,0.02461312,0.175024935,0.295614192,0.034605041,-0.005400837,0,0,0,0,0,0,0,0,0,0,8.27E-05,0.000116081,-0.012740332,-0.025109267,0.274244707,0.702810236,0.890066959,0.988634872,0.128342098,-0.019259259,0,0,0,0,0,0,0,0,0,0.000222576,-0.002476968,-0.026613163,0.032424908,0.496292891,0.938920397,0.923606066,0.778617718,0.781034694,0.085828182,-0.013986724,0,0,0,0,0,0,6.22E-20,3.98E-05,0.00021962,-0.00794904,-0.014783412,0.194151637,0.718016391,0.964185181,0.529641544,0.095397518,0.00406216,0.037099588,0.001651482,-0.000454453,0,0,0,0,0,0,1.22E-17,0.000286969,-0.024783675,0.045209286,0.45845578,0.923247498,0.872265455,0.306377933,-0.011591861,-0.014839495,-0.00218716,-0.005078551,-0.000394908,7.66E-05,0,0,0,0,3.78E-18,0.000788909,-0.004309215,-0.050400327,0.137198969,0.698753557,1.040787173,0.685028118,0.154597052,-0.034396444,-0.005618702,0.000467218,0,0,0,0,0,0,0,0.0002079,-0.001234681,-0.022057632,0.027761693,0.421124217,0.864666612,0.921399646,0.463068525,0.034699959,-0.018841708,-1.75E-05,8.68E-05,0,0,0,0,0,0,0,6.11E-05,-0.000680983,-0.009523205,0.104067303,0.685481517,1.017433995,0.738282987,0.159795582,-0.029137503,-0.012022543,0.000656109,0,0,0,0,0,0,0,0,0,2.20E-05,-0.021306867,0.158805402,0.795067674,0.983883987,0.524364668,0.040873809,-0.023444649,-0.002540169,0.000354711,2.04E-06,0,0,0,0,0,0,0,0,0,-0.011081495,0.056587481,0.717202751,0.900079265,0.316440002,0.009431236,-0.013942919,0.000638276,0,0,0,0,0,0,0,0,0,0,0,0,-0.004953193,0.027745455,0.312171535,0.127344141,-0.030798203,-0.007459406,0.000851168,0,0,0,0,0,0,0,0,0,0,0,0,0,0.000305351,-0.001658616,-0.019584304,-0.010780586,-0.000281863,7.49E-05,0,0,0,0,0,0,0,0,0,0,0,0,0,0,0,0,0,0,0,0,0,0,0,0,0,0,0,0,0,0,0,0,0,0,0,0,0,0,0,0,0,0,0,0,0,0,0,0,0,0,0,0,0,0,0,0,0,0,0,0,0,0,0,0,0,0,0,0,0,0,0,0,0
0,0,0,0,0,0,0,0,0,0,0,0,0,0,0,0,0,0,0,0,0,5.45E-05,-0.000505483,-0.001552288,0.000136166,0,0,0,0,0,0,0,0,0,0,0,0,0,0,0,0,-0.000505483,0.004691217,0.014406261,-0.001263707,0,0,0,0,0,0,0,0,0,0,0,0,0,0,0,0,-0.001552288,0.014406261,0.044240196,-0.003880719,0,0,0,0,0,0,0,2.94E-05,1.93E-05,-0.004003472,-0.019572151,-0.022850439,-0.002636511,0.000417177,0,0,0.000136166,-0.001263707,-0.003880719,0.000340414,0,0,0,0,0,0,9.19E-05,0.000215849,-0.015380515,0.017597665,0.290979575,0.367778731,0.042510089,-0.006708197,0,0,0,0,0,0,0,0,0,0,0,2.13E-05,-0.000101273,-0.031243834,0.087407475,0.630819513,0.955308704,0.812778135,0.100652236,-0.015536492,0,0,0,0,0,0,0,0,0,0,0.000275735,-0.001614413,-0.024512357,0.233045908,0.742914522,0.92198109,0.349648386,0.090735907,-0.000802913,-0.000887289,0,0,0,0,0,0,0,0,0,0.00016632,-0.003287065,-0.019479264,0.167561011,0.898193969,0.928977331,0.277910569,-0.04230382,-0.015995781,-0.000493042,0.000179365,0,0,0,0,0,0,0,6.13E-06,5.44E-05,-0.001577308,-0.020698002,0.221725677,0.870273659,0.910718801,0.262230818,-0.029736094,-0.002750034,0.000149612,0,0,0,0,0,0,0,0,3.17E-18,0.000524918,-0.007945864,-0.039775871,0.296087367,0.903133885,0.899193798,0.228176406,-0.029891238,-2.30E-05,0.000122549,0,0,0,0,0,0,0,0,1.23E-17,0.00067019,-0.012531573,0.015006268,0.343265182,0.903771004,0.796175994,0.190664573,-0.038705108,-0.001715516,0.00011489,0,0,0,0,0,0,0,0,0.000314032,-0.004286663,-0.026014859,0.047012442,0.576427157,1.014290475,0.665391868,0.083569189,-0.024802543,0.00056928,9.60E-05,0,0,0,0,0,0,0,5.30E-05,0.001255791,-0.01876335,-0.021534436,0.206163834,0.781269635,0.929851854,0.368739112,0.019034453,-0.019560199,0.000756237,0,0,0,0,0,0,0,0,0,0.000170377,-0.016132598,0.104823563,0.531590346,0.938757881,0.717464257,0.234443612,-0.031877298,-0.008265846,0.000401859,2.60E-05,0,0,0,0,0,0,0,0,0,-0.01240945,0.06877237,0.748647552,0.997601682,0.867162258,0.297586806,-0.040301642,-0.00105673,1.06E-05,0,0,0,0,0,0,0,0,0,0,0,-0.00357724,0.022416891,0.197051045,0.181116592,0.036045854,0.013772382,-0.000668746,-8.37E-05,0,0,0,0,0,0,0,0,0,0,0,0,0.000233864,-0.001404855,-0.013349673,-0.013928973,-0.005707721,-0.002144353,0.000107619,1.23E-05,0,0,0,0,0,0,0,0,0,0,0,0,0,0,0,0,0,0,0,0,0,0,0,0,0,0,0,0,0,0,0,0,0,0,0,0,0,0,0,0,0,0,0,0,0,0,0,0,0,0,0,0,0,0,0,0,0,0,0,0,0,0,0,0,0,0,0,0,0,0,0
0,0,0,0,0,0,0,0,0,0,0,0,0,0,0,0,0,0,0,0,0,0,0,0,0,0,0,0,0,0,0,0,0,0,0,0,0,0,0,0,0,0,0,0,0,0,0,0,0,0,0,0,0,0,0,0,0,0,0,0,0,0,0,0,0,0,0,0,0,0,0,0,0,0,0,0,0,0,0,0,0,0,0,0,0,0,0,0,0,0,0,0,0,0,0,0,0,0,0,0,0,0,0,0,0,0,0,0,0,0,1.42E-32,6.69E-18,-5.94E-17,0.000423815,-0.0044407,-0.041346678,-0.048668556,-0.006768222,0.000982945,0,0,0,0,0,0,0,0,0,0,2.76E-05,9.26E-05,-0.003747787,-0.015532897,-0.025836057,0.029874898,0.45072406,0.539177305,0.075687141,-0.010943457,0,0,0,0,0,0,0,0,0,4.77E-05,0.000300538,-0.013590967,-0.015181454,0.160479892,0.524303432,0.791240318,1.034819259,1.046664459,0.141301612,-0.020879533,0,0,0,0,0,0,1.17E-18,0.000102124,-0.00138911,-0.009987132,-0.037138583,0.075652097,0.465640914,0.879968373,1.02827085,1.044141527,0.88396058,0.466078108,0.033216135,-0.007077206,0,0,0,0,0,0.000121324,7.72E-05,-0.015102056,-0.022261679,0.102907935,0.489332108,0.79177114,1.006027557,0.990725782,0.980384957,0.627616626,0.185905025,-0.014069785,-0.007889507,0.000655297,0,0,3.63E-19,1.44E-17,0.000213184,-0.002405263,-0.027144489,0.058554824,0.478092804,0.897568815,1.037540101,0.891375255,0.510611928,0.196374349,0.178243549,0.009498162,-0.025135706,-0.003462214,0.000476948,0,0,0,0.000362541,-0.002333272,-0.021590499,-0.007418062,0.281651229,0.763532084,1.039504301,0.968386421,0.520252196,0.157512595,-0.046135059,-0.014890292,-0.013891646,-0.003616728,-4.14E-05,2.54E-05,0,0,0,0,-0.002737013,-0.001653337,0.299982862,0.704963261,0.97613185,0.994460496,0.677033608,0.236346901,-0.007732257,-0.028526762,0.001406384,0,0,0,0,0,0,0,0,0,-0.019940598,0.132360126,1.024061955,1.0166923,0.601785709,0.27153428,0.031933098,-0.02327308,-0.004050586,0.000479643,4.08E-06,0,0,0,0,0,0,0,0,0,-0.008917484,0.068940117,0.375655671,0.232231396,0.001188913,-0.028671228,-0.004792949,0.000421262,0,0,0,0,0,0,0,0,0,0,0,0,0.00044441,-0.002267998,-0.028919679,-0.033930641,-0.005526654,0.000302696,1.47E-05,0,0,0,0,0,0,0,0,0,0,0,0,0,2.71E-05,-0.000251162,-0.000771293,6.77E-05,0,0,0,0,0,0,0,0,0,0,0,0,0,0,0,0,0,0,0,0,0,0,0,0,0,0,0,0,0,0,0,0,0,0,0,0,0,0,0,0,0,0,0,0,0,0,0,0,0,0,0,0,0,0,0,0,0,0,0,0,0,0,0,0,0,0,0,0,0,0,0,0,0,0,0
0,0,0,0,0,0,0,0,0,0,0,0,0,0,0,0,0,0,0,0,0,0,0,0,0,0,0,0,0,0,0,0,0,0,0,0,0,0,0,0,0,0,0,0,0,0,0,0,0,0,0,0,0,0,0,0,0,0,0,0,0,0,0,0,0,0,0,0,0,0,0,0,0,0,0,0,0,0,0,0,0,0,0,0,0,0,0,0,0,0,0,0,0,0,0,0,0,0,0,0,0,1.66E-18,-6.33E-18,-1.27E-16,-1.63E-16,-5.27E-18,9.80E-19,0,0,0,0,0,0,0,0,0,0,0,0,0,0,0.000360839,-0.002321552,-0.019146752,-0.020357775,-0.011799769,-0.000988222,7.18E-05,8.51E-06,0,0,0,0,0,0,0,0,0,0,0,0,-0.004181784,0.021550432,0.269884958,0.322616655,0.065177887,-0.031208624,-0.026660093,-0.006633953,0.000631854,0,0,0,0,0,0,0,0,0,0,0,-0.019184709,0.127628613,0.980332261,1.003458827,0.767198734,0.355419084,0.199866037,0.018079657,-0.049450249,-0.043353809,-0.044012714,-0.036001743,-0.021751634,-0.022322763,-0.022877808,-0.015158241,-0.000740186,0.000199142,0,0,-0.020754698,0.142427031,1.020876157,1.008880855,1.031232213,0.978353026,0.89320681,0.764269097,0.712367698,0.714531948,0.726303871,0.580887347,0.322083367,0.332244383,0.341116592,0.216569853,0.008108567,-0.002649612,0,0,-0.006285233,0.032503414,0.396093512,0.571298986,0.921841554,1.005145731,1.007941856,1.037337197,1.058352992,1.055257864,1.051725388,1.012953831,0.980563317,0.984838746,1.006167467,0.731331206,0.052575517,-0.010944989,0,0,0.000430453,-0.00237205,-0.028569649,-0.013801096,0.263139808,0.360238154,0.337678838,0.491070295,0.690707176,0.665838167,0.753219635,0.990175339,1.007928922,0.995500919,1.005232162,1.000429602,0.134876738,-0.019960342,0,0,0,0,0.000269047,-0.002211488,-0.032438547,-0.042766296,-0.045784116,-0.010280258,0.036402307,0.030148282,0.046770583,0.19822742,0.824445209,1.035535275,0.962368687,0.644930564,0.045854746,-0.009649525,0,0,0,0,0,0,0,0,0.000440259,-0.003768382,-0.009283088,-0.008559709,-0.013817402,-0.019967082,0.20976331,0.628655603,0.291951576,0.019963644,-0.000266754,-0.000298713,0,0,0,0,0,0,0,0,0,0,0,0,0.000195738,7.64E-06,-0.024254221,0.015831393,-0.009354899,-0.004800075,-0.000235671,6.38E-05,0,0,0,0,0,0,0,0,0,0,0,0,0,0,0.00040625,-0.007326593,-0.001818015,0.000121324,0,0,0,0,0,0,0,0,0,0,0,0,0,0,0,0,0,0,0,0,0,0,0,0,0,0,0,0,0,0,0,0,0,0,0,0,0,0,0,0,0,0,0,0,0,0,0,0,0,0,0,0,0,0,0,0,0,0,0,0,0,0,0,0,0,0,0,0,0,0,0,0,0,0,0,0,0,0,0,0,0,0,0
0,0,0,0,0,0,0,0,0,0,0,0,0,0,0,0,0,0,0,0,0,0,0,0,0,0,0,0,0,0,0,0,0,0,0,0,0,0,0,0,0,0,0,0,0,0,0,0,0,0,0,0,0,0,0,0,0,0,0,0,0,0,0,0,0,0,0,0,0,0,0,0,0,0,0,0,0,0,0,0,0,0,0,0,0,0,0,0,0,0,0,0,0,0,0,0,0,0,0,0,0,0,0,0,0,0,0,0,0,0,0,0,0,0,0,0,0,0,0,0,0,0,0,0,0,0,0,0,0,0.000162377,-0.001123706,-0.005384157,-0.006122016,-0.013025429,-0.01829776,-0.017260519,-0.009494145,-0.002245798,0.000124251,0,0,0,0,0,0,0,0,0,0.00094778,-0.015731421,-0.027661021,0.001794006,0.007172544,0.071576831,0.120491266,0.110746759,0.037783009,-0.004091086,-0.000125861,0,0,0,0,0,0,4.98E-19,0.00017259,-0.000795014,-0.024852584,0.089644216,0.347501838,0.565562006,0.601779194,0.805529463,0.970942623,0.937740758,0.705315972,0.26226742,-0.012381025,0,0,0,0,0,0.000231618,-0.000383885,-0.023587554,-0.027858237,0.21177514,0.750980784,1.003596695,1.043168113,1.042877023,0.856462384,0.572385825,0.661031386,1.023581836,0.798681821,-0.021527267,0,0,0,7.82E-18,0.000423815,-0.007010042,-0.028864515,0.124568406,0.393678356,0.93104822,1.017567981,0.807416139,0.659009855,0.393651978,0.04690928,-0.011081189,0.019750766,0.349481737,0.639524123,-0.009855494,0,0,0,0.000697077,-0.010505004,0.03396521,0.352825487,0.818970452,1.012077422,0.967497226,0.574669798,0.047899612,0.001224401,-0.02353945,-0.006868873,-0.002289216,-0.004734511,-0.017625919,0.011780842,0.000426539,0,0,0,-0.012789791,0.083532214,0.686905293,0.996642259,0.999297963,0.704755466,0.157955699,0.017806942,-0.014663436,-0.004486415,-0.000225774,6.11E-05,0,5.10E-05,-0.000580898,-0.005072796,2.04E-05,0,0,0,-0.042646855,0.357720299,1.045269761,0.799018501,0.360720163,0.054009213,-0.025664148,-0.007138821,0.000400497,2.09E-05,0,0,0,0,0,0,0,0,0,0,-0.024253394,0.209946691,0.496831019,0.172311309,-0.038350831,-0.007625386,0.000612745,0,0,0,0,0,0,0,0,0,0,0,0,0,0.000770454,-0.006558619,-0.017220299,-0.015168113,-0.000180709,0.000110065,0,0,0,0,0,0,0,0,0,0,0,0,0,0,8.81E-05,-0.000762561,-0.001807853,-0.00040191,2.93E-05,0,0,0,0,0,0,0,0,0,0,0,0,0,0,0,0,0,0,0,0,0,0,0,0,0,0,0,0,0,0,0,0,0,0,0,0,0,0,0,0,0,0,0,0,0,0,0,0,0,0,0,0,0,0,0,0,0,0,0,0,0,0,0,0,0,0,0,0,0,0,0,0,0
0,0,0,0,0,0,0,0,0,0,0,0,0,0,0,0,0,0,0,0,0,0,0,0,0,0,0,0,0,0,0,0,0,0,0,0,0,0,0,0,0,0,0,0,0,0,0,0,0,0,0,0,0,0,0,0,0,0,0,0,0,0,0,0,0,0,0,0,0,0,0,0,0,0,0,0,0,0,0,0,0,0,0,0,0,0,0,0,0,0,0,0,0,0,0,0.000229779,-0.002619485,-0.004208756,9.19E-05,0,0,0,0,0,0,0,0,0,0,0,0,0,2.11E-18,-1.07E-17,0.000551471,-0.004252196,-0.013982077,-0.008771317,0.000247651,0,0,0,0,0,0,0,0,0,0,0,0,3.06E-05,0.000225225,-0.004896684,-0.022462895,0.002011591,0.446611775,0.576727848,-0.01314934,0,0,0,0,0,0,0,0,0,0,0,0.00017325,-0.001423709,-0.020018728,0.012377638,0.265195144,0.653354837,0.860747082,0.439318013,-0.018159506,0,0,0,0,0,0,0,6.13E-06,2.75E-05,-0.000700521,-0.003661356,-0.02165419,-0.020815581,0.102997738,0.527916139,0.906239362,0.885867902,0.248769693,-0.021658836,-0.001953125,0,0,0,0,0,0.000242647,-0.001109375,-0.014272569,-0.023957442,-0.025803105,0.014075078,0.295179602,0.493725575,0.731040979,0.942266289,0.49209952,0.21437403,-0.031901808,-0.000732899,0.000208504,0,0,0,0.000866251,-0.006342337,-0.037861741,-0.034374336,0.0745585,0.153748403,0.33611969,0.564295088,0.924548032,1.036053785,0.838646475,0.365291207,-0.00441939,-0.022699823,3.22E-05,0.000102727,0,0,0,0,-0.009455383,0.069244877,0.386428088,0.495973346,0.737012255,0.883107174,1.010187432,1.01187306,0.650200589,0.469687313,0.204306235,-0.003976307,-0.005074244,-0.000243362,3.66E-05,0,0,0,0,0,-0.042683486,0.356884096,1.039210913,1.063487118,1.00147013,0.857976013,0.590958838,0.301890601,0.027661836,-0.022764818,-0.02089767,-0.002748053,0.000275162,0,0,0,0,0,0,0,-0.011712119,0.083055402,0.531327495,0.654584355,0.380952597,0.119623164,-0.025638787,-0.019555249,-0.008792722,-0.002602805,-0.000402042,5.96E-05,0,0,0,0,0,0,0,0,0.000984876,-0.008737762,-0.015618839,-0.012720333,-0.018522382,-0.014281793,0.000425517,0,0,0,0,0,0,0,0,0,0,0,0,0,7.34E-06,0.000123775,-0.003245404,-0.004655331,-0.001676471,0.000198117,0,0,0,0,0,0,0,0,0,0,0,0,0,0,0,0,0,0,0,0,0,0,0,0,0,0,0,0,0,0,0,0,0,0,0,0,0,0,0,0,0,0,0,0,0,0,0,0,0,0,0,0,0,0,0,0,0,0,0,0,0,0,0,0,0,0,0,0,0,0,0,0,0,0,0,0,0,0,0,0,0,0,0,0,0,0,0,0,0,0,0,0
0,0,0,0,0,0,0,0,0,0,0,0,0,0,0,0,0,0,0,0,0,0,0,0,0,0,0,0,0,0,0,0,0,0,0,0,0,0,0,0,0,0,0,0,0,0,0,0,0,0,0,0,0,0,0,0,0,0,0,0,0,0,0,0,0,0,0,0,0,0,0,0,0,0,0,0,0,0,0,0,0,0,0,0,0,0,0,0,0,0,0,0,0,0,0,0,0,0,0,0,0,0,0,0,0,1.58E-32,1.19E-18,-2.88E-17,-3.40E-17,2.98E-18,5.84E-32,6.48E-18,-9.94E-17,0.000656148,-0.010046892,-0.025730613,-0.021563947,-0.002211488,0.000374455,0,0,0,0,0,0,2.59E-18,0.000194036,-0.004713764,-0.005530025,0.00048509,0.000234035,-0.002237371,-0.016884079,-0.02848703,0.093864634,0.272659058,0.224728435,0.007506149,-0.003838167,0,0,0,0,0,0.000381558,-0.002697811,-0.014991881,0.039980013,0.066954313,-0.019105808,-0.020517763,-0.028995438,0.218627591,0.60200002,0.832520824,0.94719654,0.927994035,0.440491191,-0.018395771,0,0,0,0,0.000163143,-0.004481464,0.003509242,0.063121511,0.431840715,0.327054739,0.048963303,0.123039028,0.421185849,0.906933693,1.023232571,1.008763923,1.002819581,1.02704902,0.868414115,-0.020992647,0,0,0,0.00049896,-0.005573376,-0.02256204,0.343545701,0.789997855,0.946281983,0.851107281,0.791105035,0.837558738,0.991584525,1.00303125,0.991531454,0.993617034,1.012645187,1.027690155,0.860204367,-0.020928649,0,0,0,-0.001808732,-0.005224826,0.343845571,0.9707003,1.023565547,1.002529962,1.01240962,1.020904718,1.015574755,0.997438419,0.991181974,0.999549922,1.021099588,0.800875357,0.553579112,0.418207438,-0.010335648,0,0,0,-0.035686682,0.293274765,0.952924751,1.009975933,0.992011285,0.992129958,0.992099673,0.992509872,1.000787888,1.003956291,1.021341024,0.946522382,0.633687415,0.122419884,-0.015228026,-0.02973401,0.000653084,0,0,0,-0.044083692,0.373942223,0.983509964,0.983125841,0.99622279,0.992617767,1.013144185,1.030033937,0.971809632,0.82031168,0.377024836,0.233082562,0.026489561,-0.019465116,-0.002442165,0.000331949,0,0,0,0,-0.004769475,0.0301154,0.244831121,0.680990026,1.015813402,1.017481163,0.844533429,0.637169322,0.327424275,0.2314471,0.001237805,-0.022390387,-0.00777965,5.77E-05,3.83E-05,0,0,0,0,0,0.000509559,-0.004244621,-0.026737132,0.110991285,0.479050245,0.523406234,0.134236826,0.004651467,-0.02658992,-0.022663399,-0.001950338,0.00036169,0,0,0,0,0,0,0,0,0,8.27E-05,-4.90E-06,-0.017968171,-0.011796092,-0.008629846,-0.022599809,-0.006276654,-0.000397059,5.51E-05,0,0,0,0,0,0,0,0,0,0,0,0,1.47E-05,2.58E-05,-0.001960069,-0.00228889,6.23E-05,0,0,0,0,0,0,0,0,0,0,0,0,0,0,0,0,0,0,0,0,0,0,0,0,0,0,0,0,0,0,0,0,0,0,0,0,0,0,0,0,0,0,0,0,0,0,0,0,0,0,0,0,0,0,0,0,0,0,0,0,0,0,0,0,0,0,0,0,0,0,0
0,0,0,0,0,0,0,0,0,0,0,0,0,0,0,0,0,0,0,0,0,0,0,0,0,0,0,0,0,0,0,0,0,0,0,0,0,0,0,0,0,0,0,0,0,0,0,0,0,0,0,0,0,0,0,0,0,0,0,0,0,0,0,0,0,0,0,0,0,0,0,0,0,0,0,0,0,0,0,0,0,0,0,0,0,0,0,0,0,0,0,0,0,0,0,0,0,0,0,0,0,0,0,0,0,0,0,0,0,0,0,0,0,0,0,0,0,0,0,0,0,0,0,0,0,0,0,0,0,0,0,0,0,0,0,0,0,0,0,0,0,0,0,2.32E-05,0.000645306,-0.00854266,-0.035999348,-0.043544682,-0.042655008,-0.042671314,-0.042789532,-0.04313807,-0.028259173,-0.016945905,-0.00353838,0.000513636,0,0,0,0,0,0.000113358,6.45E-05,-0.012798356,-0.031680334,0.039528408,0.29730799,0.37166349,0.364625357,0.36260255,0.363135315,0.364806934,0.222819375,0.118379119,0.007005174,-0.018016902,-0.003053105,-3.10E-05,3.52E-05,0,0,-0.000757761,-0.009751539,0.160401569,0.404145595,0.766276399,0.980213014,0.990036009,0.967381536,0.994478418,1.00348732,1.024514621,0.947373952,0.829193679,0.451518365,0.165004204,-0.003459933,-0.00498293,0.000343648,0,0,-0.016993464,0.10735396,0.922990536,0.900322576,0.753044986,0.590876072,0.265092502,0.118035488,0.352659603,0.397089257,0.595719618,0.744160008,0.749480511,0.850016102,0.988994298,0.671945466,0.043454252,-0.009684606,0,0,-0.008812977,0.062499592,0.427781812,0.207701219,-0.04490448,-0.037263889,-0.01838485,-0.010253064,-0.023170139,-0.025630208,-0.036567096,-0.047488637,-0.023725303,0.129807411,0.530269761,1.034911118,0.150686682,-0.021298339,0,0,0.00099466,-0.006975806,-0.048866332,-0.026349109,0.000126371,0.000127186,0,0,0,0,0,0.000341712,-0.002052913,-0.036168012,0.078846986,0.352868276,0.03721518,-0.006049828,0,0,0,0,0,0,0,0,0,0,0,0,0,0,0,0.000670956,-0.004897025,-0.020163399,-0.002929966,0.000411901,0,0,0,0,0,0,0,0,0,0,0,0,0,0,0,0,0,0,0,0,0,0,0,0,0,0,0,0,0,0,0,0,0,0,0,0,0,0,0,0,0,0,0,0,0,0,0,0,0,0,0,0,0,0,0,0,0,0,0,0,0,0,0,0,0,0,0,0,0,0,0,0,0,0,0,0,0,0,0,0,0,0,0,0,0,0,0,0,0,0,0,0,0,0,0,0,0,0,0,0,0,0,0,0,0,0,0,0,0,0,0,0,0,0,0,0,0,0,0,0,0
0,0,0,0,0,0,0,0,0,0,0,0,0,0,0,0,0,0,0,0,0,0,0,0,0,0,0,0,0,0,0,0,0,0,0,0,0,0,0,0,0,0,0,0,0,0,0,0,0,0,0,0,0,0,0,0,0,0,0,0,0,0,0,0,0,0,0,0,0,0,0,0,0,0,0,0,0,0,0,0,0,0,0,0,0,0,0,0,0,0,0,0,0,0,0,0,0,0,0,0,0,0,0,0,0,0,0,0,0,0,0,0,0,0,0,0,0,0,0,0,0,0,0,0,0,0,0,0,0,0,0,0,0,0,0,0,0,0,0,0,0,0,0.000956794,-0.008189638,-0.020174473,-0.019175737,-0.019175737,-0.019634607,-0.015273735,-0.009390159,-0.00294403,-0.014945987,-0.002821565,0.00035873,0,0,0,0,0,0,0,0,-0.007136684,0.061279497,0.147374626,0.137431321,0.137533037,0.141790167,0.101405807,0.046946453,-0.012813657,0.098265182,-0.013898689,-0.04405159,-0.02930193,-0.010994434,-0.009548662,-0.001660603,0.00012357,0,0,0,-0.040600057,0.345703568,0.885419645,0.862951542,0.861493617,0.868180737,0.840025174,0.777298458,0.720165084,0.839274135,0.703046927,0.682552492,0.468422437,0.128214801,0.099598686,-0.013789746,-0.000745847,0,0,0,-0.005393176,0.019314134,0.54316025,0.910308466,0.90040722,0.879317819,0.751061649,0.792200946,0.751224231,0.747785556,0.88283726,0.90317116,0.968316091,0.983517616,0.982877723,0.464817917,-0.019662309,0,0,0,0.00043659,-0.008756689,0.067888872,0.182179364,0.186215993,0.157738049,-0.026855784,0.028896821,-0.035789539,-0.035653425,0.154319314,0.178779701,0.299802288,0.472852209,0.766138804,0.850836781,-0.016790577,0,0,0,0,0.000662835,-0.010275977,-0.023982716,-0.024339,-0.021317539,-0.001741878,-0.007630345,-0.0007676,-0.000824671,-0.020901382,-0.023498431,-0.039656965,-0.031110534,0.054808406,0.199356002,-0.00149199,0,0,0,0,0,0,0,0,0,0,0,0,0,0,0,0.00028799,-0.001863086,-0.011377315,-0.016184793,0.000272331,0,0,0,0,0,0,0,0,0,0,0,0,0,0,0,0,0,0,0,0,0,0,0,0,0,0,0,0,0,0,0,0,0,0,0,0,0,0,0,0,0,0,0,0,0,0,0,0,0,0,0,0,0,0,0,0,0,0,0,0,0,0,0,0,0,0,0,0,0,0,0,0,0,0,0,0,0,0,0,0,0,0,0,0,0,0,0,0,0,0,0,0,0,0,0,0,0,0,0,0,0,0,0,0,0,0,0,0,0,0,0,0,0,0,0,0,0,0,0,0,0
0,0,0,0,0,0,0,0,0,0,0,0,0,0,0,0,0,0,0,0,0,0,0,0,0,0,0,0,0,0,0,0,0,0,0,0,0,0,0,0,0,0,0,0,0,0,0,0,0,0,0,0,0,0,0,0,0,0,0,0,0,0,0,0,0,0,0,0,0,0,0,0,0,0,0,0,0,0,0,0,0,0,0,0,0,0,0,0,0,0,0,0,0,8.27E-06,0.000879596,-0.00779565,-0.032532475,-0.010638682,0.000710784,0,0,0,0,0,0,0,0,0,0,0,2.69E-32,4.77E-18,-5.27E-17,0.000794986,-0.019888923,0.021251702,0.234215414,0.051606437,-0.005202036,0,0,0,0,0,0,0,0,0,1.12E-05,-7.11E-05,-0.00174326,-0.001221405,-0.013763028,-0.031069615,0.1064447,0.61976554,0.995558721,0.609560641,-0.020844737,0,0,0,0,0,0,0,0,0,0.000808059,-0.013499755,-0.014690494,-0.034354626,0.138130793,0.496094143,0.823643995,1.042190443,1.046780061,0.720171388,-0.020974651,0,0,0,0,0,2.48E-05,-0.000134957,-0.000922283,-0.013609158,-0.023252962,0.103911186,0.299334031,0.371769659,0.809247551,1.032406641,1.032673645,0.86457387,0.562362064,0.186353542,-0.010418539,0,0,0,0,0.000104779,-0.000407169,-0.018340737,-0.025555011,0.179150038,0.183359256,0.600260298,0.882971524,0.988633544,1.037190477,0.94177422,0.738865962,0.204965057,-0.020012323,-0.015181777,0.0003125,0,0,0,1.38E-17,0.00025143,-0.019394267,0.140447712,0.38708895,0.868452723,0.923504034,0.934278339,1.018228452,0.990931373,0.810756713,0.358176794,0.004909603,-0.019451338,-0.004185968,-0.000266907,6.43E-05,0,0,0,0.001039501,-0.023637868,0.180056815,0.810821215,1.011304177,1.006520066,1.010465942,1.017229354,0.921364685,0.549578431,0.081607847,-0.00689488,-0.005893501,-0.000361979,4.50E-05,0,0,0,0,0,-0.022645741,0.172386572,0.826157838,1.026784358,0.998618483,1.017878875,0.939628752,0.662367854,0.153791818,0.015506349,-0.017930319,-0.002121805,0.000224206,0,0,0,0,0,0,0,-0.051779381,0.444566687,1.069001583,1.008200146,1.009847052,0.759454228,0.280705848,0.001375443,-0.022280263,-0.006766238,0.00038115,3.40E-05,0,0,0,0,0,0,0,0,-0.03789287,0.315108303,0.969445891,0.824661492,0.383884361,0.082776062,-0.021665645,-0.002999047,0.00044424,0,0,0,0,0,0,0,0,0,0,0,-0.007551669,0.059086142,0.269826031,0.049423152,-0.023682104,-0.017160939,-0.000599129,0.00010723,0,0,0,0,0,0,0,0,0,0,0,0,0.000587012,-0.004693627,-0.018929687,-0.006379596,-0.001008834,8.35E-05,5.11E-06,0,0,0,0,0,0,0,0,0,0,0,0,0,0,0,0,0,0,0,0,0,0,0,0,0,0,0,0,0,0,0,0,0,0,0,0,0,0,0,0,0,0,0,0,0,0,0,0,0,0,0,0,0,0,0,0,0,0,0,0,0,0,0,0,0,0,0,0,0,0,0
0,0,0,0,0,0,0,0,0,0,0,0,0,0,0,0,0,0,0,0,0,0,0,0,0,0,0,0,0,0,0,0,0,0,0,0,0,0,0,0,0,0,0,0,0,0,0,0,0,0,0,0,0,0,0,0,0,0,0,0,0,0,0,0,0,0,0,0,0,0,0,0,0,0,0,0,0,0,0,0,0,0,0,0,0,0,0,0,0,0,0,0,0,7.54E-05,0.000250613,-0.0167019,-0.036456189,-0.005623395,0.000775123,0,0,0,0,0,0,0,0,0,0,0,0,5.86E-18,-3.55E-17,-4.15E-05,-0.009806679,0.098639365,0.269052322,0.042299998,-0.005774612,0,0,0,0,0,0,0,0,0,0,0,0.000263821,-0.002576934,-0.014610085,-0.029309658,0.06669904,0.763731192,1.060080729,0.15422761,-0.021905297,0,0,0,0,0,0,0,0,0,3.79E-05,-9.34E-05,-0.007297807,-0.015820832,0.124177775,0.52190385,0.826978925,0.762342716,0.694685245,0.13147119,-0.01699771,0,0,0,0,0,0,0,1.07E-05,6.19E-05,-0.00147646,-0.010021889,-0.001930947,0.345392021,0.881567727,0.889784535,0.503325997,0.070677968,0.02408735,0.009394745,-0.001026348,0,0,0,0,0,0,1.89E-17,0.00055096,-0.026535863,-0.024805709,0.134039743,0.722476784,0.941351511,0.648149994,0.131782475,-0.020664641,-0.012353145,-0.00397178,-0.001082814,0.000127655,0,0,0,0,8.00E-18,0.001164216,-0.007805266,-0.049086244,0.168097832,0.448217763,0.893399323,0.768211533,0.34170915,-0.005429898,-0.026430726,-0.002390931,0.000446691,0,0,0,0,0,8.68E-05,-0.000267519,-0.006664624,-0.031545139,0.071062347,0.461718324,0.926409883,0.860931883,0.453640063,0.015802985,-0.027934232,-0.002839112,0.0002548,0,0,0,0,0,0,0,0.000225735,-0.004628519,0.00153306,0.25062438,0.680555929,0.891144691,0.514536751,0.126593103,-0.020610401,-0.008404468,0.000457992,0,0,0,0,0,0,0,0,0,-0.012206053,0.074728252,0.674357741,0.868822712,0.527142361,0.186548611,-0.033380552,-0.015738528,-0.002882115,0.000186547,1.02E-05,0,0,0,0,0,0,0,0,0,-0.006629902,0.046541519,0.324144353,0.198849622,-0.030997549,-0.0199519,0.00107517,8.51E-05,0,0,0,0,0,0,0,0,0,0,0,0,0.000775123,-0.005344564,-0.038581801,-0.027682904,-0.001561887,0.000213235,0,0,0,0,0,0,0,0,0,0,0,0,0,0,0,0,0,0,0,0,0,0,0,0,0,0,0,0,0,0,0,0,0,0,0,0,0,0,0,0,0,0,0,0,0,0,0,0,0,0,0,0,0,0,0,0,0,0,0,0,0,0,0,0,0,0,0,0,0,0,0,0,0,0,0,0,0,0,0,0,0,0,0,0,0,0,0,0,0,0,0,0,0
0,0,0,0,0,0,0,0,0,0,0,0,0,0,0,0,0,0,0,0,0,0,0,0,0,0,0,0,0,0,0,0,0,0,0,0,0,0,0,0,0,0,0,0,0,0,0,0,0,0,0,0,0,0,0,0,0,0,0,0,0,0,0,0,0,0,0,0,0,0,0,0,0,0,0,0,0,0,0,0,0,0,0,0,0,0,0,0,0,0,0,0,0,0,0,0,0,0,0,0,0,0,1.61E-18,-1.35E-17,-4.29E-17,-2.43E-18,2.96E-19,0,0,0,0,0,0,0,0,0,0,0,0,0,0,0,0.000758224,-0.006308721,-0.01984341,-0.01107758,0.000162207,5.30E-05,0,0,0,0,0,0,0,0,0,0,0,0,0,0,-0.006527105,0.053912617,0.181046023,0.05596446,-0.02540031,-0.00012204,0.000191594,0,0,0,0,0,0,0,0,0,0,0,0,0,-0.043271779,0.364628693,1.03573332,0.744895204,0.177808534,-0.03217057,-0.022645561,-0.011049326,-0.005783854,-0.006229677,-0.006224267,-0.006230392,-0.005795394,-0.008154769,-0.01965528,-0.017092964,0.000429943,0,0,0,-0.018329461,0.145225439,0.552421126,0.99421921,0.849506366,0.426394715,0.305323121,0.127885417,0.033445313,0.039576253,0.041092427,0.039589052,0.032225303,0.083638702,0.29932004,0.280932663,-0.006683347,0,0,0,0.001203375,-0.012599316,-0.004918845,0.211781829,0.578688453,0.976931638,1.019907067,0.99932518,0.981069513,0.985352652,0.98578039,0.992041292,0.986402216,0.896159637,0.904722205,0.547461409,-0.018028833,0,0,0,4.40E-05,-0.000212163,-0.002621528,-0.026175705,0.075514621,0.308638984,0.459671943,0.554932802,0.507817487,0.694160607,0.499258523,0.614279242,0.574272025,0.370259327,0.215665033,0.010580694,-0.003826253,0,0,0,0,0,0,0.001070075,-0.011249032,-0.039767138,-0.02987689,-0.004851718,-0.013587654,0.036565672,-0.018580792,0.010329889,-0.001812808,-0.041130814,-0.027529045,-0.004222584,0.000493253,0,0,0,0,0,0,0,0,0.00022013,-0.001875,-0.004715074,-0.003591878,-0.009275259,-0.003112388,-0.006453908,-0.005118464,-0.000138889,3.06E-05,0,0,0,0,0,0,0,0,0,0,0,0,0,0,0,0,0,0,0,0,0,0,0,0,0,0,0,0,0,0,0,0,0,0,0,0,0,0,0,0,0,0,0,0,0,0,0,0,0,0,0,0,0,0,0,0,0,0,0,0,0,0,0,0,0,0,0,0,0,0,0,0,0,0,0,0,0,0,0,0,0,0,0,0,0,0,0,0,0,0,0,0,0,0,0,0,0,0,0,0,0,0,0,0,0,0,0,0,0,0,0,0,0,0,0,0,0,0,0,0,0,0,0
0,0,0,0,0,0,0,0,0,0,0,0,0,0,0,0,0,0,0,0,0,0,0,0,0,0,0,0,0,0,0,0,0,0,0,0,0,0,0,0,0,0,0,0,0,0,0,0,0,0,0,0,0,0,0,0,0,0,0,0,0,0,0,0,0,0,0,0,0,0,0,0,0,1.53E-07,-9.70E-07,-2.35E-05,-2.52E-05,-3.52E-06,5.11E-07,0,0,0,0,0,0,0,0,0,0,0,0,0,0,0.00039425,-0.004996,-0.026151161,-0.031029599,-0.002912794,0.000511472,0,0,0,0,0,0,0,0,0,0,0,1.74E-32,4.68E-05,0.000309557,-0.009763804,0.00506284,0.183589784,0.227014093,0.01911245,-0.003556985,0,0,0,0,0,0,0,0,0,0,0,8.04E-18,-0.000104677,-0.0155126,0.045238817,0.48965174,0.912411101,0.988430096,0.121805267,-0.018722086,0,0,0,0,0,0,0,0,0,0,0.00106396,-0.00679956,-0.054846419,0.127308948,0.717007409,1.042434012,1.049513082,0.704427204,0.055528195,-0.010982023,0,0,0,0,0,0,0,1.07E-05,2.16E-05,-0.000753217,-0.021172181,0.038126991,0.340052373,0.778491925,1.060337214,0.710359188,0.486949874,0.097999643,-0.018289104,0.000428922,0,0,0,0,9.19E-07,0.000782782,-0.006011949,-0.022039726,-0.022405375,-0.026683364,0.128184998,0.443232503,1.010001396,1.023693745,0.717948512,0.096916939,-0.068090499,-0.010440921,0.001345237,0,0,0,1.13E-17,0.000326118,-0.001774442,-0.02907467,0.001690274,0.140514093,0.141562037,0.371909995,0.843762476,1.035417092,0.957676539,0.510826098,0.024002247,-0.006605477,0.00029565,0,0,0,0,0,0.000289352,-0.005375851,0.003085121,0.221810662,0.641304773,0.847536526,0.856883518,1.002486264,1.034204555,0.705426777,0.255906812,0.004262209,-0.009026348,-0.000379034,8.92E-05,0,0,0,0,0,-0.014945715,0.098552987,0.762848318,0.914966182,1.050201327,1.03536887,0.979724886,0.733661829,0.283457224,0.050430714,-0.040844544,-0.003718558,0.000440259,0,0,0,0,0,0,0,-0.01240094,0.064568403,0.785619417,1.057351954,0.827389314,0.545477209,0.260928553,0.066931083,-0.02948606,-0.00938334,0.000601001,0,0,0,0,0,0,0,0,0,-0.002199414,0.007942909,0.168957618,0.276868498,0.138501719,-0.018524254,-0.029220544,-0.007695483,0.000755293,0,0,0,0,0,0,0,0,0,0,0,0.000330882,-0.001368473,-0.023949755,-0.037283088,-0.021428309,-0.003134804,0.000454935,0,0,0,0,0,0,0,0,0,0,0,0,0,0,0,0,0,0,0,0,0,0,0,0,0,0,0,0,0,0,0,0,0,0,0,0,0,0,0,0,0,0,0,0,0,0,0,0,0,0,0,0,0,0,0,0,0,0,0,0,0,0,0,0,0,0,0,0,0,0,0,0,0,0,0,0,0,0,0,0,0,0,0,0,0,0,0,0,0,0,0,0
0,0,0,0,0,0,0,0,0,0,0,0,0,0,0,0,0,0,0,0,0,0,0,0,0,0,0,0,0,0,0,0,0,0,0,0,0,0,0,0,0,0,0,0,0,0,0,0,0,0,0,0,0,0,0,0,0,0,0,0,0,0,0,0,0,0,0,0,0,0,0,0,0,0,0,0,0,0,0,0,0,0,0,0,0,0,0,0,0,0,0,0,0,0.000331801,-0.004763174,-0.014009498,-0.022215686,-0.002278342,0.000379902,0,0,0,0,0,0,0,0,0,0,0,6.87E-18,7.66E-05,0.000389813,-0.013332261,-0.000611928,0.071350218,0.143681628,0.012741837,-0.002283497,0,0,0,0,0,0,0,0,0,2.60E-05,1.28E-05,-0.004771412,-0.016074517,-0.025409686,0.093799054,0.525843665,0.752281233,0.861525003,0.111277771,-0.016721814,0,0,0,0,0,0,0,0,0,0.000824722,-0.015916035,-0.011045446,0.16664924,0.583138345,0.837499151,1.002875494,1.043159013,1.037171487,0.139685752,-0.020679956,0,0,0,0,0,2.76E-06,0.000109681,-0.000747192,-0.014321114,-0.05170481,0.105752945,0.541741217,0.857952206,1.021940759,1.018731873,1.038756383,0.88009872,0.46402999,0.037025295,-0.007370983,0,0,6.13E-06,0.000126575,-0.001723652,-0.003347733,-0.01265819,-0.027502672,0.190884799,0.662305522,0.811725933,1.02573223,1.024412497,1.002608757,0.824119315,0.379647076,0.163294135,-0.032980086,-0.005702937,0.000653765,0,0,0.00032033,-0.002025091,-0.017428615,-0.024244519,0.036438981,0.392346984,0.89020131,1.032648829,1.034294101,1.004328959,0.802971099,0.37365084,0.066059641,-0.031577393,-0.023884566,-0.00115191,0.000221047,3.06E-06,0,0,-0.003915101,0.005781562,0.372813283,0.627670854,0.712560423,0.981064508,1.027322622,1.003317147,0.827197576,0.363724384,0.120256127,-0.024652582,-0.008916139,-0.000630106,-2.19E-05,8.12E-06,0,0,0,0,-0.017282214,0.108162213,0.939060373,1.070052892,1.035843558,0.912997483,0.6001665,0.327892497,0.113520545,-0.044874954,-0.018172007,1.22E-06,0.000167135,0,0,0,0,0,0,0,-0.016892872,0.11194402,0.872815308,0.799038586,0.486095792,0.203842167,-0.016630743,-0.022863392,-0.014108456,-0.000271991,8.07E-05,0,0,0,0,0,0,0,0,0,-0.002279242,0.012054187,0.147739737,0.112475831,-0.022576848,-0.021741388,-0.00035287,0.000217014,0,0,0,0,0,0,0,0,0,0,0,0,0.000379902,-0.002204965,-0.022693015,-0.018564645,-0.002201287,0.000206801,0,0,0,0,0,0,0,0,0,0,0,0,0,0,0,0,0,0,0,0,0,0,0,0,0,0,0,0,0,0,0,0,0,0,0,0,0,0,0,0,0,0,0,0,0,0,0,0,0,0,0,0,0,0,0,0,0,0,0,0,0,0,0,0,0,0,0,0,0,0,0,0,0,0,0,0,0,0,0,0,0,0,0,0,0,0,0,0,0,0,0,0,0
0,0,0,0,0,0,0,0,0,0,0,0,0,0,0,0,0,0,0,0,0,0,0,0,0,0,0,0,0,0,0,0,0,0,0,0,0,0,0,0,0,0,0,0,0,0,0,0,0,0,0,0,0,0,0,0,0,0,0,0,0,0,0,0,0,0,0,0,0,0,0,0,0,0,0,0,0,0,0,0,0,0,0,0,0,0,0,0,0,0,0,0,0,0,0,0,0,0,0,0,0,0,0,0,0,0,0,0,0,0,0,0,0,0,0,0,0,0,0,0,0,0,0,0,0,0,0,0,0,0,0,0,0,0,0,0,0,0,0,0,0,0,0,0,0,0,0,0,0,0,9.17E-05,-0.000813257,-0.009893782,-0.011348905,-0.011153235,-0.011153235,-0.011385594,-0.00662311,0.000232359,0,0,0,7.34E-05,-0.00057935,-0.002217984,-0.004153288,-0.005025735,-0.011093871,-0.022007149,-0.029569547,-0.038984222,-0.030912173,0.050429049,0.063410131,0.061620507,0.062861928,0.067462214,0.038690229,-0.001397059,0,0,0,0.000709307,-0.006453329,-0.01028702,0.013415373,0.025971507,0.128761907,0.326515097,0.47120098,0.627473703,0.649151774,0.7963868,0.826792892,0.830122106,0.814879357,0.789011949,0.475850404,-0.01582227,0,0,0,-0.020412947,0.16779456,0.530218546,0.744280859,0.814960393,0.975841282,1.026594056,0.98802194,0.992970895,0.929886591,0.860501338,0.798368396,0.750690615,0.613076151,0.308211125,0.055305362,-0.004627928,0,0,0,-0.040856467,0.343689713,0.961451065,0.958577972,0.875904871,0.722374326,0.564026212,0.337206648,0.307480375,0.218956529,0.11862864,0.028585648,-0.045728724,-0.036712827,-0.019458742,-0.004586747,0.000305351,0,0,0,-0.00469976,0.039357446,0.113430608,0.116914771,0.092190239,0.044359299,-0.002728639,-0.037544688,-0.037940769,-0.027740818,-0.017177535,-0.007652358,0.000198524,5.14E-05,0,0,0,0,0,0,0.000737842,-0.006190428,-0.017618975,-0.017979813,-0.015288841,-0.010149743,-0.00498315,-0.000208163,6.74E-05,0,0,0,0,0,0,0,0,0,0,0,0,0,0,0,0,0,0,0,0,0,0,0,0,0,0,0,0,0,0,0,0,0,0,0,0,0,0,0,0,0,0,0,0,0,0,0,0,0,0,0,0,0,0,0,0,0,0,0,0,0,0,0,0,0,0,0,0,0,0,0,0,0,0,0,0,0,0,0,0,0,0,0,0,0,0,0,0,0,0,0,0,0,0,0,0,0,0,0,0,0,0,0,0,0,0,0,0,0,0,0,0,0,0,0,0,0,0,0,0,0,0,0,0,0,0,0,0,0
0,0,0,0,0,0,0,0,0,0,0,0,0,0,0,0,0,0,0,0,0,0,0,0,0,0,0,0,0,0,0,0,0,0,0,0,0,0,0,0,0,0,0,0,0,0,0,0,0,0,0,0,0,0,0,0,0,0,0,0,0,0,0,0,0,0,0,0,0,0,0,0,0,0,0,0,0,0,0,0,0,0,0,0,0,0,0,0,0,0,0,0,0,0,0,0,0,0,0,0,0,0,0,0,0,0,0,0,0,0,0,0,0,0.000139144,-0.000521259,-0.025093614,-0.021322253,-0.000740135,0.000251055,0,0,0,0,0,0,0,0,0,0,0,6.74E-19,0.000134464,-0.001442732,-0.009859324,-0.011687857,0.265120507,0.221966997,0.005472412,-0.002431407,0,0,0,0,0,0,0,0,0,1.22E-05,0.000142677,-0.002835188,-0.016259529,-0.024149985,0.014518263,0.274599096,0.918144219,0.874174735,0.098698621,-0.015862922,0,0,0,0,0,4.23E-05,-0.000298152,-0.001344005,-0.000588949,-0.003789624,-0.008262595,-0.007013974,0.093676368,0.352117474,0.668881893,0.935208469,1.032683687,0.965393791,0.125958023,-0.018942504,0,0,3.98E-05,-0.000222881,-0.002053922,-0.00740625,-0.027457908,-0.020534229,-0.026890635,0.007110924,0.050207023,0.559244536,0.842254085,0.990995475,1.031751634,0.945533139,0.549770374,0.227135246,0.018220058,-0.003686513,0,0,0.000601341,-0.004298795,-0.03109152,0.004223975,0.255861128,0.422508068,0.314177707,0.693290101,0.988703959,1.049807921,0.95421058,0.748703392,0.379339937,0.043653374,-0.009044696,-0.027782731,-0.003716522,0.000539216,0,0,-0.011342252,0.074447536,0.582947627,0.667480443,0.970236469,1.045399901,1.014709415,1.044722801,0.849686768,0.517760672,0.24032787,0.018151472,-0.029196402,-0.006400837,-0.002342933,-0.000158241,3.30E-05,0,0,0,-0.014542823,0.086392312,0.829214582,1.010829987,0.934357751,0.845879109,0.549796274,0.410343239,0.138726407,-0.021488949,-0.033430608,-0.006418083,0.000432106,0,0,0,0,0,0,0,-0.000297862,-0.008170784,0.097547573,0.316242256,0.203489498,0.063415543,-0.017069643,-0.022185798,-0.014719499,-0.003534178,0.000262459,0,0,0,0,0,0,0,0,0,5.96E-05,0.00049682,-0.010284331,-0.029564525,-0.019662735,-0.007380174,-0.000317201,9.79E-05,0,0,0,0,0,0,0,0,0,0,0,0,0,0,0,0,0,0,0,0,0,0,0,0,0,0,0,0,0,0,0,0,0,0,0,0,0,0,0,0,0,0,0,0,0,0,0,0,0,0,0,0,0,0,0,0,0,0,0,0,0,0,0,0,0,0,0,0,0,0,0,0,0,0,0,0,0,0,0,0,0,0,0,0,0,0,0,0,0,0,0,0,0,0,0,0,0,0,0,0,0,0,0,0,0,0,0,0,0,0,0
0,0,0,0,0,0,0,0,0,0,0,0,0,0,0,0,0,0,0,0,0,0,0,0,0,0,0,0,0,0,0,0,0,0,0,0,0,0,0,0,0,0,0,0,0,0,0,0,0,0,0,0,0,0,0,0,0,0,0,0,0,0,0,0,0,0,0,0,0,0,0,0,0,0,0,0,0,0,0,0,0,0,0,0,0,0,0,0,0,0,0,0,0,0,0,0,0,0,0,0,0,0,0,0,0,0,0,0,0,0,0,0,0,0,0,0,0,0,0,0,0,0,0,0,0,0,0,0,0,0,0,0,0,0,0,0,0,0,0,0,0,0,0,0,0,0,0,0,0,0,4.72E-18,0.000232359,-0.006287093,-0.015991195,-0.035672822,-0.034772329,-0.010707268,5.98E-05,0.000101912,0,0,0,0,2.45E-06,9.84E-05,-0.001223805,-0.003435304,-0.008226275,-0.016194393,-0.029862796,-0.031299786,-0.03296681,0.020787303,0.107327104,0.29332678,0.284532748,0.061004664,-0.005430068,-0.000204929,0,0,0.000539216,-0.003147854,-0.031287888,-0.039009838,-0.022096967,0.004469958,0.079644735,0.220641085,0.469238477,0.494888225,0.48613991,0.682562268,0.850068185,0.988729626,0.982838286,0.756084508,0.083409258,-0.013673407,0,0,-0.004048203,0.023648037,0.234097631,0.274706461,0.427355562,0.679998026,0.908417563,0.994350456,1.015895493,1.031432053,1.031118175,0.940217106,0.841216299,0.710266136,0.757900361,0.796859732,0.099681474,-0.015240162,0,0,-0.014919662,0.0869243,0.868359698,1.027173186,0.85354199,0.83747309,0.823245197,0.816767276,0.826349656,0.742445432,0.460766068,0.254528997,0.100334865,-0.062225473,0.005029259,0.025226528,-0.013257562,0.000876736,0,0,-0.001936325,0.004270586,0.174700668,0.257709735,0.082821906,0.076272268,0.077189683,0.077108811,0.080701205,0.051484346,-0.028166402,-0.029497116,-0.015667421,0.002006441,-0.00512046,-0.007278138,0.000771293,0,0,0,0.000285948,-0.001663202,-0.016697815,-0.019369724,-0.013822338,-0.013658599,-0.013659587,-0.013641578,-0.014033054,-0.01093784,-0.002034314,-0.000160511,3.57E-05,0,0,0,0,0,0,0,0,0,0,0,0,0,0,0,0,0,0,0,0,0,0,0,0,0,0,0,0,0,0,0,0,0,0,0,0,0,0,0,0,0,0,0,0,0,0,0,0,0,0,0,0,0,0,0,0,0,0,0,0,0,0,0,0,0,0,0,0,0,0,0,0,0,0,0,0,0,0,0,0,0,0,0,0,0,0,0,0,0,0,0,0,0,0,0,0,0,0,0,0,0,0,0,0,0,0,0,0,0,0,0,0,0,0,0,0,0,0,0,0,0,0,0,0,0,0
0,0,0,0,0,0,0,0,0,0,0,0,0,0,0,0,0,0,0,0,0,0,0,0,0,0,0,0,0,0,0,0,0,0,0,0,0,0,0,0,0,0,0,0,0,0,0,0,0,0,0,0,0,0,0,0,0,0,0,0,0,0,0,0,0,0,0,0,0,0,0,0,0,0,0,0,0,0,0,0,0,0,0,0,0,0,0,0,0,0,0,0,0,0,0,0,0,0,0,0,0,0,0,0,0,0,0,0,0,0,0,0,0,0,0,0,0,0,0,0,0,0,0,0,0,0,0,0,0,0,6.74E-19,9.70E-05,-0.001425407,-0.004503676,-0.008525497,-0.014267259,-0.009268961,-0.000401023,0.000117443,0,0,0,0,0,0,0,0,0,0,0.000278831,-0.000964902,-0.020452387,-0.02819734,-0.007932616,0.029679946,0.083085535,0.035687039,-0.003351676,-6.27E-05,0,0,0,0,0,0,9.33E-19,7.20E-05,-0.001309618,-0.004655637,-0.024693525,-0.030753166,0.139303241,0.390492778,0.557834814,0.66970047,0.835506502,0.718103452,0.077187385,-0.012765012,0,0,0,0,2.39E-05,1.96E-05,-0.004378064,-0.015357639,-0.017558752,0.019408139,0.325987405,0.666497685,0.853397706,0.99457766,1.025797028,1.01612163,0.955211635,0.693275463,0.063918868,-0.011535437,0,0,3.94E-18,0.000193633,-0.000812772,-0.020130821,-0.008444649,0.068006468,0.393373792,0.802822832,1.028658905,0.991580185,0.82809232,0.46427026,0.335718835,0.307751634,0.047353622,0.003760485,-0.003283702,0.00020527,0,0,0.000347222,-0.004422975,-0.01220738,0.210643995,0.582665441,0.771021055,1.006069667,0.94740225,0.567441091,0.299400293,0.10827611,-0.029045341,-0.024038433,-0.020985754,-0.006598397,-0.003416105,-0.000164791,4.60E-05,0,0,-0.006745207,0.021788613,0.536145235,0.931615847,0.969323832,0.883163803,0.454702968,0.147152854,-0.000352122,-0.038823886,-0.016245516,-2.20E-05,0.000154906,0,0,0,0,0,0,0,-0.018358864,0.127760079,0.907942317,0.537685917,0.239770884,0.077354048,-0.032709633,-0.01766442,-0.00554279,0.000207142,2.20E-05,0,0,0,0,0,0,0,0,0,-0.006531352,0.053280492,0.256933347,0.005340448,-0.031013395,-0.008608643,0.00102931,0,0,0,0,0,0,0,0,0,0,0,0,0,0.000522706,-0.003735732,-0.02542162,-0.006097648,0.000838235,0,0,0,0,0,0,0,0,0,0,0,0,0,0,0,1.28E-05,-0.000118473,-0.000363817,3.19E-05,0,0,0,0,0,0,0,0,0,0,0,0,0,0,0,0,0,0,0,0,0,0,0,0,0,0,0,0,0,0,0,0,0,0,0,0,0,0,0,0,0,0,0,0,0,0,0,0,0,0,0,0,0,0,0,0,0,0,0,0,0,0,0,0,0,0,0,0,0,0,0,0,0,0,0
0,0,0,0,0,0,0,0,0,0,0,0,0,0,0,0,0,0,0,0,0,0,0,0,0,0,0,0,0,0,0,0,0,0,0,0,0,0,0,0,0,0,0,0,0,0,0,5.86E-05,4.89E-05,-0.010549101,-0.015317761,0.000870735,0,0,0,0,0,0,0,0,0,0,0,0,0,3.11E-20,9.19E-05,-8.82E-05,-0.014189491,0.061264604,0.132377315,-0.00740722,0,0.000156863,-0.000752655,-0.027311683,-0.016489685,0.000729179,9.09E-05,0,0,0,0,0,0,1.31E-17,-0.000462623,-0.032316423,0.186209797,0.728909058,0.321475643,-0.020231158,0,-0.002571742,0.013007983,0.443610175,0.242091333,-0.017533937,-0.000793164,0,0,0,0,0,2.80E-19,0.000489345,-0.01942419,0.182097057,0.813158395,0.659238613,0.044485583,-0.005496885,0,-0.004385059,0.016258255,0.787873196,0.724604048,0.03955225,-0.009684606,0,0,0,0,0,0.000309436,-0.007231073,0.025741251,0.784404767,0.855963048,0.110391204,-0.022773914,0.000211908,0,-0.002196129,-0.010342712,0.524078108,0.98020721,0.120654478,-0.018366694,0,0,0,0,1.47E-05,-0.001782439,-0.029046309,0.481413518,0.973242563,0.374924398,-0.018250683,-0.002018365,1.71E-05,0,-0.001916962,-0.01418124,0.494674358,1.059589125,0.1465205,-0.021142976,0,0,0,0,0.000112439,-0.023970384,0.137604303,0.890046194,0.599340698,-0.037412582,-0.001372821,-0.001296518,-0.004347937,-0.007759926,-0.03175194,-0.029885757,0.518609477,1.039106516,0.140219009,-0.020463984,0,0,0,0.000102727,-0.003639553,-0.00621778,0.603823563,0.906020067,0.184054835,-0.019435628,-0.017997141,-0.014607145,0.013623026,0.073517607,0.44650114,0.591065053,0.899784569,0.814549071,0.074386185,-0.013370438,0,0,1.24E-18,-4.08E-07,-0.0218205,0.330915611,0.95264214,0.42644213,-0.029712286,-0.010534195,0.08069087,0.42144293,0.815109018,0.879855523,1.02359409,0.916743702,1.045428956,0.609342967,0.00641525,-0.006147535,0,0,0.00025531,-0.012963801,0.05186683,0.770381689,0.77284986,0.040741166,-0.008655358,0.441262204,0.804624915,1.030889144,0.833257166,0.599491239,0.407989175,0.355268723,0.962334916,0.348876106,-0.036561035,-0.000375647,0,0,-0.002817863,-0.019510025,0.470329498,1.004265131,0.481070244,0.550977793,0.851720971,1.002859358,0.910145581,0.402922612,0.067928573,-0.001810768,-0.041555141,0.440667302,0.715757528,0.096730107,-0.014463875,3.77E-05,0,0,-0.016122685,0.097602829,0.907201695,1.015924258,0.999822815,1.036645527,0.966227766,0.561487098,0.107115673,-0.028789658,-0.014091605,-0.010457346,0.024374404,0.412277114,0.257248094,-0.021975848,0.000628796,3.40E-06,0,0,-0.007782373,0.048886562,0.417996851,0.497394965,1.011479218,0.825049615,0.250969301,0.003005855,-0.017333027,0.000645084,4.08E-05,0.000438221,-0.002219073,-0.036594073,-0.024223856,0.001443781,0,0,0,0,0.000474537,-0.003611145,-0.031438794,0.131268484,0.778735345,0.293825351,-0.051796553,-0.007460512,0.000612745,0,0,0,0,0,0,0,0,0,0,0,1.94E-05,-9.32E-05,-0.002070057,0.003482571,0.106662258,0.065509923,-0.008466991,9.29E-05,0,0,0,0,0,0,0,0,0,0,0,0,0,0,0.000141861,-0.001358281,-0.015666707,-0.008704089,0.00097632,0,0,0,0,0,0,0,0,0,0,0,0,0,0,0,0,0,0,0,0,0,0,0,0,0,0,0,0,0,0,0,0,0,0,0,0,0,0,0,0,0,0,0,0,0,0,0,0,0,0,0,0
0,0,0,0,0,0,0,0,0,0,0,0,0,0,0,0,0,0,0,0,0,0,0,0,0,0,0,0,0,0,0,0,0,0,0,0,0,0,0,0,0,0,0,0,0,0,0,0,0,0,0,0,0,0,0,0,0,0,0,0,0,0,0,0,0,0,0,0,0,0,0,0,0,0,0,0,0,0,0,0,0,0,0,0,0,0,0,0,0,0,0,0,0,0,0,0,0,0,0,0,0,0,0,0,0,0,0,0,0,0,0,0,0,0,0,0,0,0,0,0,0,0,0,0,0,0,0,0,0,0,0,0,0,0,0,0,0,0,0,0,0,0.000105988,-0.000739562,-0.005323876,-0.001355428,0.000183441,0,0,0,0,0,8.97E-05,0.000505246,-0.013422608,-0.037570013,-0.041569443,-0.030027312,-0.00219794,0.000452489,0,0,-0.000228077,0.001814235,0.010945738,-0.024924666,-0.037983252,-0.022233456,-0.020052077,-0.016713848,-0.021350184,-0.026605392,-0.035491796,-0.042464025,0.084836176,0.312193679,0.351387119,0.246958299,0.016525366,-0.003598346,0,0,-0.01451491,0.098224797,0.730587844,0.660202904,0.611971848,0.341767157,0.297406377,0.23730576,0.321258629,0.422477635,0.568596048,0.62778075,0.810171109,0.990290543,1.000006757,0.849164097,0.090867678,-0.01507421,0,0,-0.005439134,0.01934593,0.418115979,0.687654905,0.82003348,0.939844567,0.976925761,0.965259617,0.977209286,0.937225405,0.948066176,0.898889398,0.750338388,0.568893859,0.392937313,0.258102516,0.012456331,-0.00338831,0,0,0.000343137,-0.00136725,-0.026689594,-0.024183245,0.072454793,0.283890455,0.344011047,0.337738766,0.340404973,0.267342354,0.257824295,0.172847163,0.005095129,-0.028412752,-0.026516902,-0.017294067,-0.00099945,0.000239992,0,0,0,0,0.000155314,-0.001575557,-0.012160532,-0.034328808,-0.040658843,-0.039935184,-0.040299621,-0.032649709,-0.03178305,-0.022851988,-0.004985936,-0.000659981,0.000117402,0,0,0,0,0,0,0,0,0,0,0,0,0,0,0,0,0,0,0,0,0,0,0,0,0,0,0,0,0,0,0,0,0,0,0,0,0,0,0,0,0,0,0,0,0,0,0,0,0,0,0,0,0,0,0,0,0,0,0,0,0,0,0,0,0,0,0,0,0,0,0,0,0,0,0,0,0,0,0,0,0,0,0,0,0,0,0,0,0,0,0,0,0,0,0,0,0,0,0,0,0,0,0,0,0,0,0,0,0,0,0,0,0,0,0,0,0,0,0,0,0,0,0,0,0,0,0,0,0,0,0,0,0,0,0,0,0,0,0,0,0,0,0,0
0,0,0,0,0,0,0,0,0,0,0,0,0,0,0,0,0,0,0,0,0,0,0,0,0,0,0,0,0,0,0,0,0,0,0,0,0,0,0,0,0,0,0,0,0,0,0,0,0,0,0,0,0,0,0,0,0,0,0,0,0,0,0,0,0,0,0,0,0,0,0,0,0,0,0,0,0,0,0,0,0,0,0,0,0,0,0,0,0,0,0,0,0,0,0,0,0,0,0,0,0,0,0,0,0,0,0,0,0,0,0,0,0,7.78E-20,1.28E-18,-2.52E-17,-6.31E-17,-3.16E-17,1.24E-18,0,0,0,0,0,0,0,0,0,0,0,0,0,8.97E-05,-0.000580746,-0.004116796,-0.015946181,-0.021343444,-0.015246185,0.000428922,0,0,0,0,0,0,0,0,0,0,0,0.000458603,-0.004478007,-0.028745299,-0.033534253,-0.010969556,0.126657291,0.218671528,0.139136335,-0.004351637,0,0,0,0,0,0,3.42E-19,0.000308415,-0.002774754,-0.01271395,-0.009893791,-0.028389757,0.002314474,0.218619502,0.342484052,0.539581478,0.902042296,1.06284615,0.77926153,-0.021427696,0,0,0,0,0,4.96E-05,0.000143689,-0.011360158,0.008930299,0.158103741,0.10770418,0.370780756,0.716718937,0.922034297,0.976255157,0.816075163,0.660848703,0.651736673,0.449460003,-0.014652778,0,0,0,0.001121031,-0.009139689,-0.031331836,-0.0358085,-0.003388463,0.389152993,0.95152611,0.950003183,0.950044288,0.76628331,0.628394684,0.35850257,0.077206308,-0.00365031,0.004140778,-0.001800001,-0.000235566,0,0,0,-0.012335412,0.100657765,0.337533156,0.376759191,0.612691466,1.01806128,1.0263646,0.776033292,0.314548832,-0.018344941,-0.042793404,-0.023358047,-0.007706853,-0.002947968,-0.003403033,-0.0021642,8.17E-05,0,0,0,-0.043586989,0.36907532,0.986376014,0.98090034,0.788297409,0.66144766,0.465417363,0.080712975,-0.037709633,-0.003629285,0.00051745,0,0,0,0,0,0,0,0,0,-0.012215156,0.096551896,0.396025106,0.439770425,0.035641459,-0.026798914,-0.020874183,-0.011706836,-0.000415305,8.17E-05,0,0,0,0,0,0,0,0,0,0,0.001110839,-0.009210189,-0.029044662,-0.023300432,-0.0056875,0.000514655,1.70E-05,0,0,0,0,0,0,0,0,0,0,0,0,0,0,4.23E-05,-0.000682292,-0.00165962,9.28E-05,0,0,0,0,0,0,0,0,0,0,0,0,0,0,0,0,0,0,0,0,0,0,0,0,0,0,0,0,0,0,0,0,0,0,0,0,0,0,0,0,0,0,0,0,0,0,0,0,0,0,0,0,0,0,0,0,0,0,0,0,0,0,0,0,0,0,0,0,0,0,0,0,0,0,0,0,0,0,0,0,0,0,0,0,0,0,0,0,0,0,0,0,0
0,0,0,0,0,0,0,0,0,0,0,0,0,0,0,0,0,0,0,0,0,0,0,0,0,0,0,0,0,0,4.72E-18,0.000285948,-0.006919986,-0.017312943,-0.017149884,-0.001179705,0.00013991,0,0,0,0,0,0,0,0,0,0,0,0,0,-1.36E-17,-0.001622437,0.023214193,0.109951235,0.110123976,-0.00420789,-0.000262627,0,0,0,0,0,0,0,0,0,0,0,0,0,0.000569342,-0.02373383,0.547956922,0.939140999,0.910479099,0.163053836,-0.012853605,0,0,0,0,0,0,0,0,0,0,0,0,0,-0.007200606,0.064496698,0.862902705,0.862232843,0.955812347,0.323777318,-0.021608915,0,0,0,0,0,0,0,0,0,0,0,0,0.000183824,-0.042731737,0.464585972,0.72790989,0.375282305,0.969320806,0.305719141,-0.020492902,0,0,0,0,0,0,0,0,0,0,0,0,-0.001890319,-0.028078108,0.530600575,0.515433567,0.502796126,0.990911458,0.125897195,-0.010901603,0,0,0,0,0,0,0,0,0,0,0,0,-0.009121927,0.029569711,0.685732016,0.812094739,0.724474237,0.664807149,-0.007228133,-0.002729811,0,0,0,0,0,0,1.99E-06,0.000576542,-0.004352379,-0.020923713,-0.004993172,0.000469771,-0.009984681,0.036405314,0.694697287,1.048527475,0.971142582,0.237593971,-0.029455712,-0.000138378,0,0,0,0,0,0,-3.42E-06,-0.008324534,0.056772791,0.304599214,0.075341422,-0.007002485,-0.009693015,0.033931049,0.691935645,1.050680907,0.644179313,0.034262442,-0.01017402,3.68E-05,0,0,0,0,0,0,-0.000256996,-0.029684249,0.265928922,1.007093137,0.214274489,-0.020881332,-0.0103814,0.032098295,0.697800262,1.042050874,0.62680993,0.049152931,-0.011217167,2.37E-05,0,0,0,0,0,0,-0.001734018,-0.016619094,0.484567538,0.961780178,0.146009352,-0.017536254,-0.028369621,0.210443406,0.905852805,1.028602958,1.046532816,0.479095929,-0.015049837,-0.001832108,0,0,0,0,0,0,-0.005442196,0.029220816,0.91201867,0.684962412,0.031996292,-0.022571695,0.016810906,0.699978497,0.912406428,0.250013666,0.345676151,0.325312581,0.001800018,-0.001622997,0,0,0,0,0,0,-0.014732996,0.198957363,0.974999557,0.420914862,-0.046265864,0.014485209,0.532245421,1.024592286,0.478268808,-0.024503757,-0.025587384,-0.012115332,5.72E-05,5.82E-05,0,0,0,0,0,0,-0.016045803,0.226850031,0.943895595,0.313064066,0.063962962,0.683349009,1.002063811,0.615971371,0.046856907,-0.00958155,7.83E-05,0,0,0,0,0,0,0,0,0,-0.006057292,0.040146344,0.927024254,0.794723499,0.83731965,0.992056645,0.601401876,0.086392021,-0.019135349,0.000798785,3.06E-05,0,0,0,0,0,0,0,0,0,-0.005332721,0.027344056,0.87412963,1.000072593,0.733206419,0.302942249,0.042954929,-0.016607894,0.000406505,8.56E-06,0,0,0,0,0,0,0,0,0,0,-0.000626911,0.002394674,0.10956662,0.131283427,0.04965797,-0.033461488,-0.008817568,0.0009062,1.10E-05,0,0,0,0,0,0,0,0,0,0,0,9.96E-05,-0.000452921,-0.016785301,-0.019541973,-0.010610044,-0.000264672,5.53E-05,0,0,0,0,0,0,0,0,0,0,0,0,0,0,0,0,0,0,0,0,0,0,0,0,0,0,0,0,0,0
0,0,0,0,0,0,0,0,0,0,0,0,0,0,0,0,0,0,0,0,0,0,0,0,0,0,0,0,0,0,0,0,0,0,0,0,0,0,0,0,0,0,0,0,0,0,0,0,0,0,0.000805104,-0.008546329,-0.029606902,-0.019314745,-0.000120256,7.17E-05,4.89E-06,0,0,0,0,0,0,0,0,0,0,0,3.98E-05,0.000233047,-0.016074108,0.046911526,0.234618442,0.137370643,-0.021896072,-0.000667824,7.52E-05,0,0,0,0,3.37E-05,0.000398985,-0.006492953,-0.025303922,-0.016884498,0.000367647,6.60E-05,-2.22E-05,-0.011987405,0.085841827,0.595024203,0.936038974,0.869491881,0.350310883,-0.00911683,-0.001477635,0,0,0,0,3.42E-05,-0.004016092,0.025738477,0.168364958,0.106946555,-0.007805692,0.000140231,-0.006528186,0.054750817,0.780307972,1.020508119,1.013610177,1.029430726,0.91511843,0.101102465,-0.009514808,0,0,0,0,-0.003861315,-0.002157644,0.423234409,0.925174156,0.673950521,0.042282305,-0.008465921,-0.020287922,0.294815394,0.986155603,1.001919067,0.995750938,1.001650514,0.986540731,0.138509855,-0.011738051,0,0,0,0,-0.018175981,0.154765284,0.957288873,1.035574409,0.948725949,0.270656516,-0.030658479,-0.033775053,0.525459962,1.013048727,0.997769353,0.996547065,1.009897426,0.734128942,0.03571853,-0.005348539,0,0,0,0,-0.012834797,0.086019068,0.791200214,1.023867766,0.975711431,0.343540084,-0.038318964,-0.038761046,0.336542688,0.991438096,0.999533905,1.006061361,0.943390455,0.246296892,-0.027843324,-0.000212367,0,0,0,0,-0.00815802,0.023611179,0.657912071,1.029485873,1.021257966,0.50878782,0.017117202,0.256707567,0.731395969,1.002757591,1.000353299,1.014980959,0.872406795,0.169223754,-0.023125613,-7.72E-05,0,0,0,0,-0.013772808,0.086457391,0.817933517,1.022434198,0.929347478,0.748408344,0.799321199,0.987203329,1.014717133,1.008725184,1.008266748,0.997222749,1.020458401,0.463702563,-0.019086516,-0.00153365,0,0,0,0,-0.014673713,0.097296023,0.85253685,1.03211889,1.012028152,1.019506349,1.012885516,1.010317725,1.028231396,0.942354048,0.519509532,0.908243515,1.022214733,0.827121153,0.063273148,-0.007146038,0,0,0,0,-0.002428899,0.007458881,0.164707768,0.651948912,0.946150976,0.97429691,1.027341822,0.967635645,0.793106953,0.21715243,-0.012636953,0.714843546,1.021311062,0.980414119,0.180104341,-0.01399255,0,0,0,0,0.000262119,-0.001397212,-0.018181253,-0.007172607,0.216918147,0.349653288,0.514172034,0.307252434,0.039775463,-0.025273846,-0.040058909,0.537165508,1.019749626,1.004039522,0.451933381,-0.028934334,0,0,0,0,0,0,0.000162122,-0.001228469,-0.020848226,-0.03249166,-0.046922771,-0.028775616,-0.005847699,-0.012072236,0.181811649,0.76507905,1.01241813,1.002931815,0.448456393,-0.028740809,0,0,0,0,0,0,0,0,0,0,0,0,-0.011965993,0.053226494,0.727681475,1.035418246,0.998316313,1.002900327,0.448178105,-0.02872549,0,0,0,0,0,0,0,0,0,0,0,0,-0.004879289,0.00302005,0.496994077,1.013890519,1.024508953,1.023794084,0.457515148,-0.029323938,0,0,0,0,0,0,0,0,0,0,0,0,0.000564999,-0.009528454,0.02924891,0.28153168,0.809380767,0.765450705,0.135653867,-0.010727345,0,0,0,0,0,0,0,0,0,0,0,0,0,0.000625511,-0.006698495,-0.02009685,-0.020985328,-0.020893757,-0.009337044,0.000598448,0,0,0,0,0,0,0,0,0,0,0,0,0,0,0,0,0,0,0,0,0,0,0
0,0,0,0,0,0,0,0,0,0,0,0,0,0,0,0,0,0,0,0,0,0,0,0,0,0,0,0,0,0,0,0,0,0,0,0,0,0,0,0,0,0,0,0,0,0,0,0,0,0,0,0,0,0,0,0,0,0,0,0,0,0,0,0.000103554,-0.00177165,-0.002029718,-0.000147263,2.69E-05,0,0,0.000246375,-0.002137204,-0.024573244,-0.033521906,-0.014964154,-0.000675449,0.000120098,0,0,0,0,0.000137868,1.19E-05,-0.01576491,-0.013495541,-0.011828023,-0.011207959,0.000844034,3.06E-05,4.96E-05,-0.001876243,0.005098431,0.372350105,0.534850694,0.202631893,-0.019423849,-0.001373979,0.00012474,0,0,0,-0.000251906,-0.009695657,0.067074074,0.452619707,0.502539658,0.120862132,-0.012004708,-0.000270629,0.000327512,-0.038650106,0.382471337,0.987545911,1.027248094,0.886417262,0.313699261,-0.015934334,-0.000520973,0,0,0,-0.012311921,0.094737798,0.726816142,1.015566381,0.954628523,0.279481533,-0.029589295,-0.000384668,-0.009048407,0.028067657,0.684686972,1.029855795,0.951566619,1.013512391,0.741862796,0.025719482,-0.007193755,0,0,0,-0.021107137,0.469893438,1.035496073,0.994136246,0.367104548,0.003344747,-0.003315827,4.08E-05,-0.015226856,0.082737336,0.770611828,0.951840088,0.495420709,0.88356931,0.927621241,0.227186604,-0.028704619,0,0,0,-0.020714188,0.776455726,1.030768995,0.762820925,0.013529667,-0.009377808,0.000525865,0,-0.015936275,0.089095588,0.784993124,0.897976336,0.234874421,0.830674871,1.069985754,0.42835352,-0.049994293,0,0,0,-0.020666871,0.796210883,1.039460172,0.578869911,-0.004135502,-0.002709916,0,0,-0.018794118,0.114309232,0.821412786,0.891251885,0.240639297,0.847584559,0.991131893,0.317715039,-0.038268721,0,0,0,-0.020696998,0.652924888,1.037708384,0.639392446,-0.003431253,-0.002930811,8.07E-18,0,-0.012613971,0.05996601,0.736981669,0.929241011,0.425993294,0.899901042,0.896583589,0.189590686,-0.024698545,0,0,0,-0.021127111,0.422922934,1.041432666,0.866793471,0.090608286,-0.030062704,-0.012063478,-0.010892395,-0.013295037,-0.0061146,0.629501038,1.029134378,0.933632659,1.004456342,0.800692096,0.050424326,-0.010037911,0,0,0,-0.014140951,0.111457852,0.811407828,1.02965299,0.688154444,0.192232923,0.053382783,0.051591303,0.01510074,0.002265959,0.600046659,1.030190575,1.01220646,1.004629041,0.421712085,-0.014621296,-0.001294844,0,0,0,9.11E-05,-0.024833289,0.152457584,0.683900786,1.024325895,1.030541871,0.783921789,0.739161816,0.634030331,0.707655995,0.946540118,1.010736364,0.956002332,0.52189842,-0.009504817,-0.00342116,0.000134524,0,0,0,2.98E-05,-0.000975551,0.000734103,0.067179739,0.353722903,0.50330707,0.788640037,0.994685134,0.966017855,0.747181475,0.791817572,0.992430038,0.829106158,0.101136897,-0.023777318,0.000268076,0,0,0,0,0,0.000256818,-0.001735907,-0.012564951,-0.023527012,-0.01346681,0.034100271,0.101138038,0.08704839,0.012794918,0.018647314,0.482442692,0.839900957,0.115585325,-0.019061275,0,0,0,0,0,0,0,5.51E-06,-1.75E-05,-0.000909773,-0.001976716,-0.005363672,-0.009637153,-0.00875531,-0.004054024,-0.018712078,0.150967313,0.471776484,0.040997889,-0.008291054,0,0,0,0,0,0,0,0,0,0,0,0,0,0,5.71E-18,-0.000442807,-0.00177319,0.007564459,-0.004663793,0.000402654,0,0,0,0,0,0,0,0,0,0,0,0,0,0,0,0.000154888,-0.00137632,-0.004991319,-1.87E-05,4.60E-05,0,0,0,0,0,0,0,0,0,0,0,0,0,0,0,0,0,0,0,0,0,0,0,0
0,0,0,0,0,0,0,0,0,0,0,0,0,0,0,0,0,0,0,0,0,0,0,0,0,0,0,0,0,0,0,0,0,0,0,0,0,0,0,0,0,0,0,0,0,0,0,0,0,0,0.000101912,-0.001161795,-0.000936454,4.08E-05,0,0,0,0,0,0,0,0,0,0,0,0,0,0,1.50E-05,0.000216503,-0.004981737,-0.006630821,-0.020414459,-0.026205746,-0.00703896,0.000205423,3.35E-05,0,0,0,0,0,0,0,0,0,0,0,0.000328636,-0.010480256,0.017177032,0.270397706,0.509958471,0.420251736,0.066696912,-0.009647518,-2.77E-05,0,0,0,0,0,0,0,0,3.00E-32,8.76E-18,0.002017855,-0.023004851,0.005034092,0.630385468,0.865995728,0.568253044,0.788473669,0.752827597,0.040841486,-0.005571793,0,0,0,0,0,0,0,0,7.99E-18,0.000428922,-0.034928933,0.163899612,0.663752672,0.821685202,0.224655518,-0.041984632,0.222062994,0.899324738,0.327447304,-0.021170496,0,0,0,0.000519751,-0.005925156,-0.001929452,0.0002079,0,-7.64E-17,-0.012799281,0.157053127,0.779001213,0.910192478,0.166639032,-0.046256692,-0.017140211,0.150288903,0.813891895,0.523249409,-0.031464474,0,0,0,-0.004166667,0.047643995,-0.001074355,-0.005770527,0.000667892,-0.001417739,-0.039885621,0.701860979,1.047849588,0.432558653,-0.028958963,-0.01232307,0.068004871,0.600979813,0.790828551,0.422403527,-0.026252553,0,0,0,-0.015743294,0.177986111,0.299398312,0.035350814,-0.009814491,-0.002520731,0.248425415,0.959330388,0.666228401,0.049082653,-0.011118736,-0.008937398,0.142415464,0.575710427,0.870007693,0.198678002,-0.014337163,0,0,0,-0.018301079,0.194648267,0.891110975,0.382658922,-0.079974333,0.272584746,0.94898446,0.906412431,0.19267579,-0.02911106,0.000726716,-0.002618294,-0.006861318,0.378065887,0.693855018,0.034992562,-0.004747141,0,0,0,-0.003333929,0.018905484,0.632956548,0.720498843,0.399907952,0.8250561,1.037529871,0.477343548,-0.014335172,-0.000819972,2.30E-05,-0.005712486,0.095976316,0.523629153,0.700963933,0.017399595,-0.003956138,0,0,0,0.000448412,-0.020791549,0.181960337,0.845509984,0.992455176,0.971112368,0.575334237,0.030881304,-0.009530288,0.000193633,-2.45E-17,-0.014112246,0.123769195,0.699337539,0.757396678,0.071486028,-0.007017243,0,0,0,0,-0.000944649,-0.01290442,0.147714035,0.414024459,0.238508647,0.026906403,-0.013129815,0.000428922,0,2.64E-18,-0.005714359,0.01120893,0.497607486,0.820174803,0.084055266,-0.007916411,0,0,0,0,0.000119145,0.000249684,-0.014522484,-0.037588082,-0.022708163,-0.004207091,0.000570706,0,0,0,-0.003219635,-0.016469569,0.493188589,0.943460206,0.206736571,-0.015137102,0,0,0,0,0,0,0,0,0,0,0,0,0,0,-0.000806611,-0.023379958,0.271717933,0.948844516,0.553135366,-0.033756127,0,0,0,0,0,0,0,0,0,0,0,0,0,0,5.92E-05,-0.002882679,-0.006220758,0.471819036,0.531149765,-0.030515472,0,0,0,0,0,0,0,0,0,0,0,0,0,0,0,0.000429581,-0.004846725,0.010091466,0.028797083,-0.001596398,0,0,0,0,0,0,0,0,0,0,0,0,0,0,0,0,0.000308415,-0.005251396,-0.007077717,0.00040288,0,0,0,0,0,0,0,0,0,0,0,0,0,0,0,0,0,0,0,0,0,0,0
0,0,0,0,0,0,0,0,0,0,0,0,0,0,0,0,0,0,0,0,0,0,0,0,0,0,0,0,0,0,5.70E-19,0.000221269,-0.002192974,-0.010187398,-0.01751617,-0.011722835,-0.003106618,0.000244079,1.19E-05,0,0,0,0,0,0,0,0,0,0,0.000212792,-0.00048347,-0.019614569,-0.020354999,0.044675869,0.113187854,0.057353858,0.00289287,-0.001393849,6.06E-05,0,0,0,0,0,0,0,0,0,0.0003678,-0.006422539,-0.022850167,0.120528425,0.414120229,0.74070464,0.952922794,0.778083487,0.31023943,-0.014414669,-0.001805045,0,0,0,0,0,0,0,0,0.000396233,-0.007677441,0.030252213,0.437196368,0.80237003,0.848316993,0.674867698,0.48151748,0.989226631,0.54470675,-0.017762984,-0.003580304,0,0,0,0,0,0,0,0,-0.002847825,-0.006965193,0.574254034,0.913026025,0.427330167,0.16831217,-0.021604456,0.256313998,1.016730579,0.535284246,-0.016436855,-0.00361009,0,0,0,0,0,0,0,0,-0.012385961,0.073159416,0.834023148,0.791776178,0.026205406,-0.031149923,-0.023639825,0.554335257,1.010568866,0.40382164,-0.029190106,-0.001465482,0,0,0,0,0.000995475,-0.016990746,-0.021330969,0.000165505,-0.010943733,0.061886253,0.778832413,0.983573183,0.466501077,-0.022379643,0.206451836,0.895472158,0.929776252,0.225001478,-0.030569797,0.000171212,0,0,4.08E-06,0.000472056,-0.012491779,0.126053734,0.162229286,-0.009532084,-0.000406425,-0.014416684,0.266653135,0.968008476,0.972903867,0.339965605,0.788831257,1.041811717,0.7661146,0.067119128,-0.011564143,0,0,0,0.000188589,-0.007731646,0.014343086,0.66005113,0.801603826,0.141180419,-0.019039175,-0.003404003,-0.009415101,0.708951865,1.006062449,0.90954284,1.012781761,0.891642378,0.240595333,-0.007653595,-0.000958787,0,0,0,-0.001926403,-0.023223574,0.399181168,1.016638736,0.757379255,0.076085376,-0.012395744,-2.12E-05,-0.021046552,0.138866268,0.835683875,1.036211783,0.933343273,0.273445398,-0.03828399,-0.001719873,0.000205454,0,0,0,-0.009903322,0.041962007,0.712536663,1.029953346,0.458796875,-0.036520987,0.001027374,-0.004231226,-0.032919441,0.19130416,0.851217865,1.031664017,0.878241575,0.161152386,-0.025962929,8.32E-05,0,0,0,0,-0.012376856,0.065566188,0.781945803,0.945118065,0.131907807,-0.013429487,-0.01191868,-0.028526049,0.394330354,0.922292202,0.991753496,0.960229608,1.007305569,0.596544882,-0.000188316,-0.002964463,0,0,0,0,-0.012142565,0.063283804,0.778262476,0.916688845,0.018531012,-0.013403288,0.037412322,0.470473856,0.906570823,1.016039335,0.537130344,0.373479169,0.964637017,0.738533514,0.013477805,-0.004145731,0,0,0,0,-0.011915169,0.060313685,0.774405501,0.998841793,0.380187891,0.419847495,0.744028729,1.020167756,1.001845673,0.564718359,0.02007164,0.07941793,0.947062653,0.460681117,-0.014901808,-0.001712776,0,0,0,0,-0.003150191,-0.013269129,0.44627565,1.01310735,0.98100497,1.001232809,1.033362497,0.859986162,0.375511983,-0.014448223,-0.021247089,0.081799458,0.562370745,0.131361962,-0.019570057,5.94E-05,0,0,0,0,0.000222631,-0.012627492,0.064018791,0.534610958,0.909512085,0.810982094,0.464092526,0.126563402,0.036617868,-0.005998383,0.000584457,-0.008240848,-0.003154837,0.012815972,-0.001411765,6.43E-06,0,0,0,0,0,0.00064193,-0.007421171,0.012212099,0.104144959,0.073194784,-0.018791718,-0.017548,-0.006469977,0.000405202,1.71E-05,0.000341712,-0.003224491,-0.002268558,0.000256818,0,0,0,0,0,0,5.71E-05,-0.000159144,-0.005983796,-0.016638072,-0.013280059,-0.002841303,-4.77E-05,1.70E-05,0,0,0,0,0,0,0,0,0,0,0,0,0,0,0,0,0,0,0,0,0,0,0,0,0,0,0,0,0,0
0,0,0,0,0,0,0,0,0,0,0,0,0,0,0,0,0,0,0,0,0,0,0,0,0,0,0,0,0,0,0,2.89E-05,0.000289939,-0.005186717,-0.018602941,-0.021577819,-0.0148109,-0.000951347,0.000212759,0,0,0,0,0,0,0,0,0,0,0,9.81E-18,0.00055491,-0.018885943,0.003525284,0.122623211,0.150751804,0.086918949,0.001727629,-0.000943194,0,0,0,0,0,0,0,0,0,0,9.47E-05,0.000253932,-0.021341469,0.103886069,0.527554092,0.982981362,1.045860805,0.854201508,0.087898475,-0.014891408,0,0,0,0,0.000132353,-0.000650735,-0.022997855,-0.012665748,0.000936468,6.10E-05,-0.000270221,-0.018240639,0.162402012,0.778339822,1.009813674,0.615506672,0.862106873,1.036741353,0.147360483,-0.021214597,0,0,0,0,-9.81E-05,-0.009901944,0.151104813,0.072013617,-0.011419938,0.000215039,-0.017992477,0.118912599,0.801349486,1.0169803,0.432433841,0.186773982,0.932810236,1.02503896,0.144182106,-0.020869928,0,0,0,0.00015083,-0.014414948,0.171125902,0.86020127,0.59876108,0.023231269,-0.008817385,-0.01807678,0.448172147,0.975297386,0.469703046,-0.001536237,0.579859443,1.018956648,0.96154999,0.125138855,-0.018820636,0,0,0,-0.000247741,-0.035163823,0.607700172,1.057936387,0.824954513,0.074978675,-0.022329858,0.09204549,0.852054254,0.87527895,0.054206502,0.061425764,0.819175907,1.06025641,0.631522699,0.014569744,-0.006999986,0,0,0.000164931,-0.014776762,0.077105511,0.803989362,1.01684986,0.536998877,0.011567506,-0.022303105,0.223296705,1.009292416,0.730971848,0.012379031,0.345013276,0.970670922,0.982958895,0.30290014,-0.041053157,0.000350626,0,0,-0.002240945,-0.017759468,0.3841827,0.985451763,0.897987251,0.185894727,-0.028388519,-0.013246085,0.174670326,0.949958657,0.912670224,0.399285513,0.847858898,1.01669727,0.57900897,0.00931427,-0.004612531,0,0,0,-0.010015999,0.042957584,0.714923254,1.043491217,0.618209099,-0.007116081,-0.003421079,-0.004245149,0.016532441,0.721541803,1.010812381,0.986387241,1.02233238,0.851706036,0.033233405,-0.013491881,0.000807142,0,0,0,-0.010232162,0.045416208,0.718637919,1.020096848,0.396342167,-0.02864294,-0.000113734,-0.010437057,-0.035044815,0.453243073,1.026411305,1.000174422,0.979471303,0.438754391,-0.014554432,-0.001618873,0,0,0,0,-0.009939294,0.042738557,0.712390767,0.989827752,0.127535584,-0.01534594,-0.022686217,0.026389364,0.179200756,0.70348243,1.016328574,1.01497712,0.837247649,0.155199781,-0.019568862,-0.000156078,0,0,0,0,-0.015492749,0.094278311,0.871229626,0.96940882,0.061427288,-0.021848703,0.217753845,0.662395493,0.938730903,1.013194802,0.988012136,0.995934651,1.016060389,0.493039982,-0.019776688,-0.001579861,0,0,0,0,-0.021599094,0.150949258,1.042511897,0.966479796,0.512732213,0.664652352,0.898272254,1.025194972,1.024475405,0.797118362,0.284284314,0.667511686,1.03386649,0.86120818,0.158511234,-0.012464154,0,0,0,0,-0.017926198,0.116128572,0.941451695,1.003537241,1.013621579,1.050158292,1.062448501,0.97747566,0.515350967,0.071655348,-0.045392327,0.099000499,0.759102379,1.032829793,0.353073921,-0.023517719,0,0,0,0,-0.003803445,-0.006872631,0.462796943,1.002318968,0.85659649,0.645416156,0.447321009,0.308960376,0.012744009,-0.015396038,-7.14E-05,-0.023363295,0.133825861,0.600145425,0.163718359,-0.01111923,0,0,0,0,0.00049733,-0.008993127,0.021163273,0.133438761,0.090680058,0.023322123,-0.042832935,-0.039055175,-0.004612531,0.000807142,6.11E-05,0.000864043,-0.016503913,0.014180781,-0.010473686,0.000561636,0,0,0,0,0,0.000737842,-0.00608575,-0.019856175,-0.01510723,-0.007824755,-0.000746504,0.000134464,0,0,0,5.30E-05,-0.000150803,-0.006696793,-0.000678105,5.82E-05,0,0,0,0,0,0,0,0,0,0,0,0,0,0,0,0,0,0,0,0,0,0,0
0,0,0,0,0,0,0,0,0,0,0,0,0,0,0,0,0,0,0,0,0,0,0,0,0,0,0,0,0,0,0,0,0,0,0,0,0,0,0,0,0,0,0,0,0,0,0,0,0,0,0,0,0,0.000119848,-0.001627329,-0.007291998,-0.007624638,-0.001903824,0.000154906,0,0,0,0,0,0,0,0,0,0,0,0,2.40E-05,0.000365507,-0.00594087,-0.011162548,0.025191721,0.027558041,-0.008169051,-0.000557428,0,0,0,0,0,0,0,0,0,0,0,5.13E-18,0.000420922,-0.016827535,0.032036271,0.418350677,0.767000919,0.785801028,0.446298442,-0.016056645,0,0,0,4.84E-18,0.000564236,-0.008521412,-0.0210729,-0.026554415,-0.009225147,0.000463814,-6.33E-19,0.000553173,-0.014178241,0.042397867,0.612449074,1.007204521,1.027330848,1.031036458,0.706341024,-0.02083027,0,0,0,0.000326118,-0.008605324,0.079616864,0.222041037,0.299701031,0.105582477,-0.005259395,0.000367477,-0.014596439,0.030089869,0.605777027,1.01613768,0.995646804,1.021033939,0.779544288,0.111726319,-0.012208606,0,0,0,-0.007277245,0.03012953,0.683620385,0.929588361,0.722572357,0.634019935,0.276912597,-0.006075391,0.00919172,0.459644667,1.003185006,0.998311218,1.007642065,0.986821861,0.363769278,-0.036290778,-0.001232964,0,0,0,-0.018761975,0.132953874,0.868188368,0.932078823,0.209600388,-0.031364532,-0.008113851,-0.005974197,0.616440428,1.032750238,0.889052491,0.90505867,0.948891051,0.398547318,0.010322746,-0.005823754,0.000175313,0,0,0,-0.035594146,0.292413977,0.969604031,0.906340737,0.204863256,-0.036606844,0.02343219,0.448117647,1.028985532,0.782720639,0.382632876,0.94257935,0.680861383,-0.016503711,-0.0068173,0.000458603,0,0,0,0,-0.050037504,0.42984649,1.067245438,0.631410709,0.005773506,-0.007649233,0.475679398,0.970526995,0.814037871,0.168781301,0.296177371,0.946453261,0.24456953,-0.021139604,-0.000497549,0,0,0,0,0,-0.049848355,0.431396906,1.029880719,0.223764519,-0.052279769,0.40055012,0.994942368,0.952899493,0.206427407,-0.044344107,0.231620178,0.658053377,0.185519301,-0.025584099,4.73E-05,0,0,0,0,0,-0.049867981,0.43019083,1.032467048,0.468751597,0.53873721,0.985855379,0.877904267,0.253054231,-0.031894423,-0.014829892,0.131046846,0.849376724,0.253853407,-0.034274591,5.26E-05,0,0,0,0,0,-0.050941666,0.436665799,1.061835103,1.028602822,1.036374677,0.880862667,0.314233473,-0.017248094,-0.004175007,-0.020456665,0.297942111,1.01306844,0.290049462,-0.029601545,-0.000367239,0,0,0,0,0,-0.032926501,0.273591912,0.841573615,0.757868736,0.433734171,0.158343304,0.001346507,-0.003494775,0.000283395,-0.019864005,0.268617973,1.013833589,0.542489141,-0.006635893,-0.002448019,0,0,0,0,0,-0.000293099,-0.000313691,0.057163331,0.020772569,-0.017535573,-0.025042752,-0.003347631,0.000344669,-9.26E-17,-0.019423169,0.233824905,1.005724997,0.716638463,0.010800926,-0.003948734,0,0,0,0,0,0.000174881,-0.001318117,-0.006912326,-0.00461106,-0.001513225,5.21E-05,1.07E-05,0,-9.39E-17,-0.016778152,0.220182117,0.858447525,0.352125443,-0.017037394,-0.001117596,0,0,0,0,0,0,0,0,0,0,0,0,0,-1.21E-18,-0.001527659,0.011538881,0.081202968,0.024064092,-0.002854857,-1.22E-05,0,0,0,0,0,0,0,0,0,0,0,0,0,9.33E-19,0.000275735,-0.002910603,-0.014362745,-0.005274203,0.000372753,1.23E-05,0,0,0,0,0,0,0,0,0,0,0,0,0,0,0,0,0,0,0,0,0,0,0
0,0,0,0,0,0,0,0,0,0,0,0,0,0,0,0,0,0,0,0,0,0,0,0,0,0,0,0,0,0,0,0,0.000521789,-0.004305896,-0.014497719,-0.004372787,0.000293607,0,0,0,0,0,0,0,0,0,0,0,0,0,7.95E-18,0.001039501,-0.020930265,-0.010973972,0.082781328,0.004615639,-0.000541916,0,0,0,0,0,0,0,0,0,0,0,0,0,0.000163399,-0.010760315,0.098856719,0.558764297,0.857048662,0.425725439,-0.036654003,0.001017488,0,0,0,0,0,0,0,0,0,0,0,0,-0.000552322,-0.015621936,0.727586982,1.062957244,1.042468631,0.873539539,0.124467899,-0.018027802,0,0,0,9.90E-18,0.000652236,-0.005010893,-0.024155773,-0.019335512,0.001143791,1.59E-17,0,0.000490196,-0.032350388,0.292443661,0.981249643,1.009900991,1.02623589,0.760226869,0.056625851,-0.010461865,0,0,0,0.000434028,-0.018142181,0.037832074,0.263764638,0.216641816,-0.012777778,7.95E-18,0,-0.005196078,-0.00132821,0.582793011,1.024953987,1.004549241,1.010378966,0.348999234,-0.029461193,0.000626147,0,0,0,-0.014116152,0.120031415,0.783811759,0.931620059,0.739951694,0.130663022,-0.017860146,0,-0.018412621,0.109909247,0.811532839,1.025953431,1.042213475,0.633983786,0.007346096,-0.003551985,0,0,0,0,-0.021267361,0.686632883,0.857039828,0.338156165,0.095650497,-0.006993464,7.95E-18,1.96E-05,-0.014713337,0.07361106,0.754471201,1.048475959,0.906553632,0.161591027,-0.031083742,0.000326287,0,0,0,0,-0.020833333,0.923210241,0.611156624,-0.059402386,-0.012222256,0.000653595,0,0.000345486,-0.022764978,0.093269353,0.783770765,1.03634967,0.458792535,-0.034009634,-0.000811581,0,0,0,0,0,-0.020833333,0.903418532,0.622307734,-0.03199183,-0.00227451,-2.11E-16,0.000652236,-0.011201253,0.027100133,0.705430283,1.036800671,0.980569942,0.382107486,-0.017642957,-0.001784314,9.96E-19,0,0,0,0,-0.020833333,0.905280292,0.710393246,0.018866694,-0.023653697,-0.018150531,-0.027257857,0.015468835,0.569218954,1.006100371,0.864619775,1.031406078,0.77764968,0.063365434,-0.016432496,0.000130208,0,0,0,0,-0.021094228,0.669015072,1.017574447,0.285815804,0.225474705,0.355180214,0.333052285,0.908937976,0.991345678,0.529143838,0.048851708,0.641029116,1.0162287,0.478916371,-0.018968125,-0.001545544,0,0,0,0,-0.019282918,0.21891153,0.997697695,0.908248792,0.816987694,0.965169935,1.053836116,0.935686938,0.36647018,-0.023681951,-0.02885672,0.036054941,0.770885825,1.016066023,0.089013276,-0.011375102,0.000233582,0,0,0,-0.004083946,-0.010809554,0.444447508,0.969207312,1.05207084,0.694989771,0.291210203,0.171706427,-0.022063777,-0.003179773,-0.000755889,-0.022460203,0.275422028,0.958637442,0.609639144,-0.026987405,-0.001009743,0,0,0,0.000585172,-0.006440524,-0.01742996,0.166715737,0.402730988,0.154022314,-0.056069565,-0.026318798,-0.001164522,0.000352941,0.000196078,-0.001879255,-0.044880838,0.654918522,1.065146293,0.351145016,-0.041988504,0,0,0,0,0.000233582,-0.001460121,-0.013212776,-0.026336959,-0.011698683,0.00094778,3.27E-05,0,0,0,0.000156537,-0.01323126,0.169454555,0.655612166,0.180063368,-0.022091232,0,0,0,0,0,0,0,0,0,0,0,0,0,0,0,0.000644491,-0.011556398,0.013666789,-0.025104562,0.002489616,0,0,0,0,0,0,0,0,0,0,0,0,0,0,0,6.54E-05,-0.0008061,-0.007124183,0.000392157,0,0,0,0,0,0,0,0,0,0,0,0,0,0,0,0,0,0,0,0,0,0,0
0,0,0,0,0,0,0,0,0,0,0,0,0,0,0,0,0,0,0,0,0,0,0,0,0,0,0,0,0,0,0,0,0,0,0,0,0,0,0,0,0,0,0,0,0,0,0,0,0,0,0,0,0,0,0,0,0,0,0,0,0,0,0,0.000173713,-0.003053922,-0.002224673,0.000130821,0,0,0,0.000439134,-0.004094669,-0.036063043,-0.045166718,-0.034231669,-0.007682598,0.000228299,3.55E-05,0,0,0,0,0.000631038,-0.00648315,0.005366932,0.002379732,-0.000132761,0,0,0,-0.005409603,0.045870864,0.587642677,0.785792807,0.55946698,0.0824399,-0.009000732,0.000193633,0,0,0,0,-0.004137214,0.008127094,0.569141136,0.425417637,-0.025060355,0,0,0,-0.032900157,0.359263174,0.973388434,0.746564253,0.933336942,0.715271838,0.046761302,-0.009144348,0,0,0,0,-0.02430435,0.185055641,0.930411169,0.723418096,-0.04287117,0,0,0,-0.045333776,0.518053513,0.772266469,-0.063719244,0.74443236,0.84480576,0.060045632,-0.01107945,0,0,0,0,-0.004494733,-0.001371887,0.788610381,0.758820982,-0.043962792,0,0,0,-0.037789769,0.428715197,0.796765839,0.429082708,1.030324284,0.42745363,-0.024915107,-0.000257504,0,0,0,0,0.000574783,-0.04972069,0.764479013,0.759654003,-0.044175807,3.55E-05,0,2.67E-05,-0.02332147,0.244300245,0.924476173,0.964011727,0.740385212,0.044796041,-0.007017599,0.000118218,0,0,0,0,0,-0.035202819,0.602890727,0.742255293,-0.04020595,-0.000224614,2.67E-05,0.000748775,-0.034666003,0.219307496,0.971325873,0.769444291,0.122416343,-0.013748485,-0.000187602,0,0,0,0,0,0,-0.02711826,0.452094158,0.76032627,0.010448189,-0.005449839,0.000312194,-0.01852017,0.056098924,0.745229354,1.012429273,0.353532986,-0.047364805,-0.000374694,7.90E-05,0,0,0,0,0,0,-0.020976103,0.341008578,0.744034501,-0.002579929,-0.021997982,-0.027745728,0.037381264,0.747155416,0.991562006,0.949901808,0.340854933,-0.03204936,5.24E-05,0,0,0,0,0,0,0,-0.018875963,0.287503057,0.880053232,0.228631578,0.058353065,0.348001746,0.879608709,0.836622131,0.218282004,0.874680694,0.505432412,-0.04451935,0,0,0,0,0,0,0,0,-0.007079197,0.060370609,0.84414854,0.953271565,0.933531195,0.972623468,0.577240451,0.080386251,-0.046454929,0.908391321,0.550201134,-0.054497668,0.000630515,0,0,0,0,0,0,0,-0.000377911,-0.010008885,0.155673917,0.471020221,0.504358872,0.201797062,-0.015082312,-0.01508958,-0.0203205,0.669389072,0.714514689,0.028093052,-0.009136642,0,0,0,0,0,0,0,0.000104779,-0.000214767,-0.020339852,-0.018948904,-0.01540741,-0.029919356,-0.003600184,0.000628676,-0.020648489,0.321234713,0.946658531,0.187940462,-0.029828874,0.000109783,0,0,0,0,0,0,0,2.67E-05,-0.000125664,-0.001586193,-0.001875178,4.39E-05,0,1.02E-17,-0.013312057,0.06029585,0.8611851,0.433048032,-0.04290162,-0.005778697,0.000574783,0,0,0,0,0,0,0,0,0,0,0,0,0,-0.000879499,-0.026622719,0.314022258,0.913938384,0.509672812,0.060547759,-0.009380807,0,0,0,0,0,0,0,0,0,0,0,0,0,0.000194036,-0.000761282,-0.038519965,0.380745251,0.554047352,0.129068117,-0.016381313,0,0,0,0,0,0,0,0,0,0,0,0,0,0,0,0.002056526,-0.034381383,-0.048579623,-0.011317913,0.001436957,0,0
0,0,0,0,0,0,0,0,0,0,0,0,0,0,0,0,0,0,0,0,0,0,0,0,0,0,0,0,0,0,0,0,0,0,0,0,0,0,0,0,0,0,0,0,0,0,0,0,0,0,0,0,0,0,0,0,0,0,0,0,0,0,0,0,0,0,3.73E-05,-0.000139263,-0.002561172,-0.009018229,-0.007763889,-0.001568525,0.000206677,0,0,0,0,0,0,0,0,0,0,0,0,9.19E-05,-0.000784484,-0.012915546,-0.006172164,0.096667994,0.074666445,0.002399374,-0.000692593,0,0,0,0,0,0,0,0,0,0,0,6.63E-18,8.17E-05,-0.01030467,0.09661498,0.571663177,0.901872277,0.876561819,0.305411731,-0.036429416,0,0,0,0,0,0,0,0,0,0,3.47E-05,0.000307053,-0.020544152,0.087053036,0.709896118,1.02990659,0.616337606,0.633140863,0.457407441,-0.050169581,-0.002644336,-0.01578925,-0.014343171,-0.00079793,0.000167135,0,0,0,0,0,-0.000144919,-0.010625841,0.08017359,0.654982114,1.031894965,0.541785717,0.016011951,0.063660929,0.125966192,-0.01743626,-0.005947984,0.094277598,0.094266999,0.005148995,-0.001082495,0,0,0,0,0,-0.00220578,-0.010762289,0.533280007,1.047879732,0.671140156,0.112730971,-0.021122004,-0.007715993,-0.012061036,-0.004407433,0.32842739,0.897598022,0.742927254,0.042541871,-0.008833313,0,0,0,0,0,-0.00709712,0.059591095,0.887822832,0.93473155,0.159592471,-0.031104643,0.001191449,0.000191483,-0.013499966,0.043001644,0.757730137,1.058931083,0.770653799,0.040442879,-0.009022054,1.23E-05,0,0,0,0,-0.028387817,0.445112217,1.025079265,0.457449295,-0.028492808,-0.002465533,-0.001366336,-0.014642055,-0.041404803,0.156813097,0.871200912,1.024168607,0.523456087,-0.056179194,-0.00982286,0.000619383,4.02E-18,0,0,0,-0.035133476,0.56690351,1.036114719,0.529956155,-0.021381534,-0.027506893,-0.005113783,0.127110481,0.507436853,0.808976278,1.030763651,1.017705678,0.839875613,0.484813198,0.078755843,-0.018704725,0.000931883,0,0,0,-0.02176705,0.320706827,1.004304095,0.95786301,0.648325005,0.612147504,0.707882169,0.91430102,1.001850635,0.764096259,0.362293034,0.379692549,0.766791543,1.014248859,0.73348207,0.100120596,-0.010585246,0,0,0,-0.003146242,0.010034756,0.530241047,0.903554551,1.03840581,0.977148863,0.909980767,0.581068985,0.344999574,0.066477705,-0.027280007,-0.026767514,0.066521821,0.460272842,1.026557247,0.55756187,-0.050038722,0,0,0,0.000280637,-0.008546467,0.006749438,0.187192657,0.383436094,0.276315615,0.16909986,0.003772467,-0.035917501,-0.007682032,0.00057998,0.000534875,-0.013005515,0.004996596,0.497276694,0.343676215,-0.030232588,0,0,0,5.51E-06,0.000676471,-0.005848924,-0.02396218,-0.023414149,-0.025052764,-0.026069921,-0.005556066,0.000413603,0,0,0,0.000536152,-0.00603605,-0.007904845,-0.001953891,0.000190206,0,0,0,0,0,1.28E-05,-0.000128166,-0.00104745,-0.000489685,4.34E-05,0,0,0,0,0,0,5.67E-05,-0.002203895,-0.001615349,0.000141697,0,0,0,0,0,0,0,0,0,0,0,0,0,0,0,0,0,0,0,0,0,0,0,0,0,0,0,0,0,0,0,0,0,0,0,0,0,0,0,0,0,0,0,0,0,0,0,0,0,0,0,0,0,0,0,0,0,0,0,0
0,0,0,0,0,0,0,0,0,0,0,0,0,0,0,0,0,0,0,0,0,0,0,0,0,0,0,0,0,0,0,0,0,0,0,0,0,0,0,0,0,0,0,0,0,0,0,0,0,0,0,0.000183441,-0.000657796,-0.013662305,-0.031214382,-0.021816885,6.69E-05,0.000126922,0,0,0,0,0,1.55E-05,-0.000143944,-0.00210049,-0.000495711,6.24E-05,0,0,3.32E-05,-0.001245404,-0.01268441,0.086337963,0.252501072,0.166504681,-0.010593631,5.71E-05,0,0,0,4.90E-05,-5.87E-05,-0.004112694,-0.020187006,-0.012169628,-0.007975694,0.000889079,0,0,0.001543777,-0.033455372,0.280548693,0.822941159,0.940705065,0.798336806,0.168280637,-0.022027638,0,0,0,0.000486111,-0.005443317,-0.015220282,0.157438521,0.514655382,0.16150783,-0.019408504,0,0,-0.018178956,0.189134498,0.89736675,0.766824363,0.540534875,0.882464427,0.218906761,-0.027514981,0,0,0,-0.011023625,0.069081672,0.587533701,0.851905773,1.041265931,0.367671637,-0.043682687,0,0.000309436,-0.056662156,0.607951134,0.724112721,0.025837691,0.297384191,0.770139076,0.05477645,-0.009980433,0,0,0,-0.013232237,0.071571573,0.819793934,1.022489367,0.443649107,0.058176253,-0.008848306,0,-0.002035282,-0.03366594,0.614706341,0.415576472,-0.05983069,0.452938782,0.829051659,0.117618337,-0.016772363,0,0,0,-0.004701117,-0.005771677,0.575403714,0.76577371,0.017900752,-0.012339699,0.000815295,0,-0.016502757,0.093956121,0.797970537,0.405522298,-0.050026774,0.446311036,0.798078193,0.075303207,-0.012278342,0,0,0,-0.010407986,0.047219182,0.750151144,0.52688797,-0.014980869,-0.001882302,0,0,-0.008586703,0.02383141,0.700931747,0.6572175,-0.065560253,0.664818696,0.656461772,-0.012928905,-0.002547797,0,0,0,-0.004340788,-0.009984458,0.572870898,0.780783582,0.012887953,-0.004138429,0,0,0.000197917,-0.043104303,0.459994281,0.900451215,0.421974418,0.886379017,0.515937908,-0.035041054,0.000366883,0,0,0,-0.000881161,-0.031121489,0.359809232,0.907981294,0.183903305,-0.020643519,0.00071746,0,3.49E-05,-0.014626753,0.14330799,0.880268742,0.976270816,0.819025599,0.116789999,-0.010769676,7.75E-05,0,0,0,0.000118218,-0.010715925,0.047288974,0.760003856,0.6473561,-0.013909135,-0.013380871,0.000895194,-0.003504138,-0.021191757,-0.024222922,0.674101784,1.051868045,0.622085881,-0.009301054,-0.015495292,0.000673661,5.30E-05,0,0,0,0.000640007,-0.028745268,0.339833521,0.990693593,0.494164897,0.001805386,-0.035606209,-0.00202051,0.112547794,0.476868787,0.947776062,0.949957942,0.923028544,0.584346439,0.131769574,-0.020979781,0.000317947,0,0,0,0,-0.003550092,0.016150276,0.523817096,0.946025463,0.754797552,0.44266316,0.615539624,0.861156846,0.985973158,0.619502161,0.181150412,0.425796841,0.973810815,0.833074534,0.091551404,-0.014962214,0,0,0,0,0.000383425,-0.008459916,-0.01943093,0.296669901,0.753288356,0.797611962,0.816004766,0.72699297,0.326274169,0.018819538,-0.037451934,-0.013169867,0.201569036,0.298926998,0.044209623,-0.006228724,0,0,0,0,7.81E-06,0.000169271,-0.001657118,-0.022157254,0.03194813,0.064652608,0.064394659,0.038477414,-0.020996987,-0.004642086,0.000516646,-0.001669016,-0.015007659,-0.019207465,-0.002661581,0.00038654,0,0,0,0,0,0,5.46E-18,0.000228283,-0.0077113,-0.011185846,-0.011324447,-0.008287473,-7.34E-05,5.86E-05,0,0,0,0,0,0,0,0,0,0,0,0,0,0,0,0,0,0,0,0,0,0,0,0,0,0,0,0,0,0,0,0,0,0,0,0,0,0,0,0,0,0,0,0,0,0,0
0,0,0,0,0,0,0,0,0,0,0,0,0,0,0,0,0,0,0,0,0,0,0,0,0,0,0,0,0,0,0,0,0,0,0,0,0,0,0,0,0,0,0,0,0,0,0,0,0,0,0,0,0,0,0,0,0,0,0,0,0,0,0,1.07E-06,-1.77E-05,-2.67E-05,-1.05E-05,1.22E-06,0,0,0,0,1.22E-06,0.000804636,-0.012568015,-0.032983915,-0.013026297,0.001132139,3.17E-05,0,0,0,0,0.000764348,-0.011509123,-0.035179824,-0.012855579,0.00095257,4.60E-05,0,0,4.90E-05,0.000931474,-0.026430743,0.172160948,0.524441279,0.179186206,-0.02591364,0.000381604,0,0,0,0.001070075,-0.014907731,0.062700163,0.262274714,0.084506025,-0.00915352,-7.83E-05,0,4.80E-18,0.00033718,-0.016132852,0.047542688,0.661078874,1.03167116,0.668250136,0.037804309,-0.009198325,0,0,0,-0.011314255,0.073111043,0.614502808,1.043086584,0.509672301,-0.00627986,-0.004252621,0.000257353,-0.001460546,-0.021463099,0.054889833,0.64453142,1.00593396,0.992844227,1.041935355,0.151292446,-0.021649646,0,0,0.000448412,-0.044152034,0.320516659,0.992796614,1.043963488,0.612459031,0.005975281,-0.006116207,-0.001228242,-0.000689451,0.075011975,0.638598316,1.006648611,0.99526334,1.005642452,0.76839178,0.065318752,-0.012302461,0,0,-0.003642599,-0.012128378,0.493854184,1.016865843,0.993693032,0.39135432,-0.026883433,-0.001458248,-0.03415322,0.11396344,0.73533684,1.006769818,0.996217439,0.996960801,1.008513157,0.432857503,-0.028293486,-0.001802492,0,0,-0.012143757,0.062971597,0.772992885,1.032256417,0.672079844,0.041710172,-0.024547104,-0.042048049,0.219159773,0.729291122,1.000202529,1.01931843,1.001985005,1.011264263,0.871197372,0.174277097,-0.025467877,0.000195738,0,0,-0.020718954,0.142994171,1.015386115,0.986205253,0.402779259,-0.042335955,0.082241331,0.299225916,0.763825231,1.035599026,0.993896599,0.676533825,0.805825912,1.029117732,0.869297998,0.173895987,-0.025471088,0.000199993,0,0,-0.018194104,0.118486507,0.950827155,1.009915288,0.860227124,0.617492851,0.748740013,0.997663807,1.033058194,0.936627281,0.495750902,-0.015056459,0.416732196,1.013131417,1.011356873,0.440501106,-0.025494425,-0.002096099,0,0,-0.002875443,-0.006335554,0.350346297,0.920013096,1.044326057,1.061682259,1.049020159,1.002899206,0.927770627,0.485577586,-0.023516775,-0.040133308,0.240913436,0.911842872,1.032985219,0.645294525,0.025015605,-0.007965941,0,0,0.000326797,-0.004441319,-0.016857503,0.33203685,0.767137629,0.771019642,0.755262202,0.494995319,0.181597222,0.013121511,-0.007427747,-0.028280849,0.224659058,0.907932275,1.031844448,0.776097461,0.064173189,-0.01227771,0,0,0,0.000214015,-0.001975388,-0.008791513,0.084236622,0.091067096,0.080082192,-0.008625323,-0.021268212,-0.002721184,0.000243821,-0.019063226,0.137540952,0.826310287,0.999757676,0.621929534,0.029671028,-0.00813317,0,0,0,0,0.0001875,-0.002231618,-0.015435049,-0.016156863,-0.014911948,-0.003685662,0.000352328,0,0,-0.000210346,-0.003847733,0.098207074,0.139162088,0.04273846,-0.007503261,0.000191653,0,0,0,0,0,0,0,0,0,0,0,0,0,0.000102727,-0.000471048,-0.008937704,-0.011838593,-0.005217678,0.000216155,3.17E-05,0,0,0,0,0,0,0,0,0,0,0,0,0,0,0,0,0,0,0,0,0,0,0,0,0,0,0,0,0,0,0,0,0,0,0,0,0,0,0,0,0,0,0,0,0,0,0,0,0,0,0,0,0,0,0,0,0,0,0,0,0
0,0,0,0,0,0,0,0,0,0,0,0,0,0,0,0,0,0,0,0,0,0,0,0,0,0,0,0,0,0,0,0,0,0,0,0,0,0,0,0,0,0,0,0,0,0,0,0,0,0,0,0,0,0,0,0,0,0,0,0,0,0,0,0,0,0,0,0,0,0,0,0,0,0,0,0,0,0,0,0,0,0,0,0,0,0,0,0,0,0,0.00032935,-0.003233762,-0.011527761,-0.025749081,-0.018890012,-0.002498162,0.000223346,0,0,0,0,0,0,0,0,0,0,0,3.87E-18,0.000413603,-0.004392616,-0.000291139,0.05019618,0.175424326,0.116800926,0.002240536,-0.002473295,0.000183441,0,0,0,0.000216163,-0.013133722,-0.006160641,0.000540407,0,0,0,0.000609681,-0.014289726,-0.008452819,0.356234511,0.730641586,0.917395408,0.793739396,0.238627179,-0.000863528,-0.001597978,0,0,0,-0.001150075,0.08489,0.031763738,-0.003588164,8.07E-05,0,0,-0.007923902,0.083406608,0.747625165,0.954565516,0.798232386,0.182547372,0.747766466,0.77262829,0.046814694,-0.009342161,0,0,0,-0.013578431,0.702902535,0.389139434,-0.032430556,-0.000171569,8.99E-05,-0.000191543,-0.046231413,0.59026234,0.954749523,0.380646872,0.053120388,-0.065759906,0.65364117,0.895542075,0.244767497,-0.030180588,0,0,0,-0.016078261,0.579620548,0.568037224,0.033727754,-0.009094363,-0.000656182,-0.006724094,0.110255872,0.603998332,0.25865642,-0.029658327,-0.008985586,-0.036643042,0.60396058,0.838769506,0.153329419,-0.020517712,0,0,0,-0.014212282,0.097096344,0.821200572,0.264549564,-0.032380157,-0.012722614,0.107318512,0.669753268,0.227248383,-0.041101835,-0.00181444,0.000158167,-0.038755583,0.682868124,0.762213525,0.030278118,-0.00755493,0,0,0,-0.01078976,0.049102004,0.750410097,0.563812704,-0.01834101,-0.021399969,0.31302685,0.430079316,-0.028673509,-0.002233405,6.10E-05,-0.010482655,0.059255957,0.770193083,0.442419271,-0.031781812,0.000516082,0,0,0,-0.00053249,-0.025130831,0.265140061,0.799545456,0.289817068,-0.032833659,0.747227196,0.454833731,-0.038642738,-0.000129326,0,-0.022377659,0.173498957,0.824995991,0.203163361,-0.014053341,0,0,0,0,0.000141272,-0.002167156,-0.027202665,0.525445193,0.788820942,0.485625255,0.844912679,0.171935849,-0.016524799,3.37E-05,0,-0.031124699,0.252566006,0.93616088,0.386857639,-0.024621017,0,0,0,0,0,0.000163059,-0.00768813,0.05239071,0.698007149,0.979791207,0.512111359,-0.036857894,0.001499949,0,0,-0.004674901,0.019839035,0.453303922,0.389612541,-0.02276731,0,0,0,0,0,0,0.000428922,-0.016077717,0.065539539,0.191085427,0.01652095,-0.003101341,0,0,0,0.000748441,-0.006944904,-0.0074503,0.00664985,-0.000325623,0,0,0,0,0,0,2.02E-05,0.000332414,-0.006716503,-0.014328891,-0.003405334,0.000250715,0,0,0,0,0.000115962,-0.002003881,-0.002122345,0.000122089,0,0,0,0,0,0,0,0,0,0,0,0,0,0,0,0,0,0,0,0,0,0,0,0,0,0,0,0,0,0,0,0,0,0,0,0,0,0,0,0,0,0,0,0,0,0,0,0,0,0,0,0,0,0,0,0,0,0,0,0,0,0,0
0,0,0,0,0,0,0,0,0,0,0,0,0,0,0,0,0,0,0,0,0,0,0,0,0,0,0,0,0,0,0,0,0,0,0,0,0,0,0,0,0,0,0,0,0,0,0,0,0,0,0,0,0,0,0,0,0,0,0,0,0,0,0,0.000223346,-0.003146752,-0.014666616,-0.002602941,0.000348539,0,0,0,0,2.08E-05,0.000546467,-0.011396599,-0.031943372,-0.017582567,-0.000441941,0.000198632,0,0,0,0.000623701,-0.007475184,0.012734171,0.19673446,0.026414726,-0.003797236,0,0,0,0,0.000910277,-0.019172964,0.151062908,0.504029582,0.267660999,0.005002242,-0.002889434,0,0,1.04E-18,-0.003420162,0.003966231,0.476953619,0.917199653,0.275559113,-0.033400595,0,0,2.05E-32,0.000331904,-0.013257205,0.049385961,0.670111894,1.044710206,0.696116711,0.038576903,-0.009501634,0,0,0.000228077,-0.032737149,0.238489754,0.94615545,0.91229005,0.200523216,-0.025916188,0,0,0.00025531,-0.006265319,-0.021647303,0.436909518,0.989076968,1.023064951,0.733439185,0.051648934,-0.010891885,0,0,-0.002250554,-0.026879409,0.473080779,1.040433839,0.578096235,0.002024819,-0.003857277,0,9.54E-05,-0.001459174,-0.010517169,0.196436144,0.901314969,0.991545476,0.995186142,0.976770362,0.131402135,-0.019471791,0,0,-0.015326968,0.092745047,0.865290986,0.983026995,0.206680249,-0.01888414,0.000354653,2.82E-05,0.000308313,-0.030430419,0.216476971,0.861749011,0.943525054,0.457621221,0.824181985,1.024649765,0.143418583,-0.020766442,0,0,-0.021188896,0.147322928,1.031356481,0.958939815,0.136502723,-0.011538348,0,0.000199244,-0.030446623,0.194517957,0.872936802,0.828676861,0.221485737,0.005598618,0.685564747,1.029684351,0.141806846,-0.020594533,0,0,-0.02078125,0.143421487,1.020702717,0.963129289,0.143414573,-0.01188591,0.001347784,-0.023399101,0.025750715,0.819957635,1.055333367,0.386109243,-0.054509787,0.09071441,0.860471644,1.028637612,0.144121265,-0.020856652,0,0,-0.021094431,0.146272981,1.030362132,0.960222154,0.125553309,-0.033232333,-0.035969284,0.148975201,0.620913365,0.977527625,0.555916973,0.050284878,-0.020701474,0.150247753,0.973408139,0.950807955,0.121333517,-0.018386097,0,0,-0.01304404,0.071935455,0.79498648,0.994874343,0.458145102,0.352155623,0.45955938,0.892879469,0.992363863,0.514104704,0.023735359,-0.016372071,-0.01162101,0.149135176,0.986808834,0.726223656,0.048055789,-0.010491147,0,0,0.000430624,-0.029249419,0.184277948,0.850228622,1.050586976,1.046231618,1.001115731,0.762333572,0.350940955,-0.024529395,-0.007552849,0.000507929,-0.024586891,0.351721201,1.013336942,0.703178615,0.040564745,-0.009699925,0,0,0,0.000264156,-0.01659758,0.218472937,0.490597937,0.496240605,0.403327422,0.062945483,-0.011201797,-0.002931287,0.000146804,-0.001923688,-0.01723463,0.581541156,1.057393042,0.657709286,0.02759539,-0.008279888,0,0,0,0.000205454,-0.001065921,-0.016245285,-0.014126855,-0.013050943,-0.015745519,-0.014059709,-0.0021394,0.000341912,0,-0.006534181,0.033961244,0.507432138,0.618590771,0.17760786,-0.018522584,-0.000265182,0,0,0,0,3.97E-05,-0.000577563,-0.001916309,-0.00198412,-0.001448779,4.03E-05,0,0,0,0.000363214,-0.001770221,-0.030066636,-0.038246119,-0.012533905,0.00088113,5.11E-05,0,0,0,0,0,0,0,0,0,0,0,0,0,0,0,0,0,0,0,0,0,0,0,0,0,0,0,0,0,0,0,0,0,0,0,0,0,0,0,0,0,0,0,0,0,0,0,0,0,0,0,0,0,0,0,0,0,0,0,0,0
0,0,0,0,0,0,0,0,0,0,0,0,0,0,0,0,0,0,0,0,0,0,0,0,0,0,0,0,0,0,0,0.000122549,-0.000334271,-0.010398625,-0.016958572,-0.005801675,0.000386029,0,0,0,0,0,0,0,0,0,0,0,0,0,1.12E-18,-0.000183441,-0.004526463,0.048089051,0.106427632,0.011939689,-0.010834658,0.000995846,0,0,0,0,0,0,0,0,0,0,0,0,1.28E-05,-0.011731516,0.059464708,0.708676403,0.922172964,0.518098124,0.043025276,-0.007670295,0,0,0,0,0,0,0,0,0,0,0,0,-8.08E-05,-0.020063147,0.38642235,1.031800245,1.017628438,0.964328942,0.27907147,-0.034305573,0,0,0,0,0,0,0,0,0,0,0,0,-0.00121698,-0.006939338,0.853069908,1.013658769,0.6349904,1.012550245,0.430388463,-0.049895642,0,0,0,0,0,0,0,0,0,0,0,0,-0.010318798,0.096882659,0.910050446,0.891174632,0.372216963,1.00861392,0.439278561,-0.050671803,0,0,0,0,0.000595555,-0.004878725,-0.017417146,-0.001075782,0.000123517,0,0,0,-0.020711888,0.215363893,0.964173415,0.698546584,0.572448942,0.911597655,0.223136491,-0.028089944,0,0,0,0.000770016,-0.012256634,0.005402131,0.122753166,0.004537922,-0.0006827,0,0,0,-0.010188164,0.095393433,0.902795697,0.901916343,0.953004868,0.623845231,-0.00938014,-0.002914679,0,0,0,-0.012471746,0.079757212,0.695747481,0.830290373,0.107154037,-0.009276144,0,0,0.000165441,-0.019527591,0.183125766,0.918710152,1.032571283,0.959089171,0.185862881,-0.017676334,0.0003465,0,0,0,-0.020918777,0.433989442,1.045635995,0.72765031,0.059586329,-0.006657884,1.49E-18,0.000238715,-0.003477499,-0.053617664,0.43583844,1.010318118,1.001510621,0.466053445,-0.019210546,-0.00146732,0,0,0,0,-0.020792484,0.761623779,0.940509702,0.153649697,-0.049437926,-0.010689015,-0.013976193,-0.023658514,7.20E-05,0.244328619,0.830208504,1.027030033,0.609580882,0.024927441,-0.011671977,0.000160233,0,0,0,0,-0.021228582,0.842853834,0.963040541,0.403032354,0.094579257,0.050781851,0.078339419,0.218947743,0.64521286,0.978010952,1.032203063,0.871676764,0.064366176,-0.017358903,0.000995169,0,0,0,0,0,-0.017070057,0.317756461,0.928278152,1.052168335,0.888179636,0.751707363,0.832756648,1.057087265,0.941446436,0.69540094,0.905531744,0.702123283,-0.018945908,-0.000314032,1.53E-05,0,0,0,0,0,-0.004240877,-0.000302254,0.337915356,0.636228367,0.860994094,0.883724911,0.922811952,0.581302254,0.220191023,0.209628115,0.94120258,0.317743077,-0.02171841,8.51E-05,0,0,0,0,0,0,0.000237098,-0.002353502,-0.011582789,-0.001654344,0.053735703,0.073189866,0.031642989,-0.005362388,-0.048335461,0.381020748,0.867893127,0.072429001,-0.01448189,0,0,0,0,0,0,0,1.48E-05,-2.49E-05,-0.001324244,-0.003047998,-0.006685815,-0.007782527,-0.005648058,-0.004318015,-0.011091503,0.437988681,0.409497038,-0.028065764,-0.00135706,0,0,0,0,0,0,0,0,0,0,0,0,0,0,-0.000136817,-0.001233898,0.041288574,0.029351637,-0.006005588,0.000228283,0,0,0,0,0,0,0,0,0,0,0,0,0,0,2.50E-05,0.000203057,-0.007246732,-0.006273829,0.000680771,0,0,0,0,0,0,0,0,0,0,0,0,0,0,0,0,0,0,0,0,0,0,0,0,0,0,0
0,0,0,0,0,0,0,0,0,0,0,0,0,0,0,0,0,0,0,0,0,0,0,0,0,0,0,0,0,0,0,0,0,0,0,0,0,0,0,0,0,0,0,0,0,0,0,0,0,0,0,0,0.000165974,-0.000929029,-0.011851127,-0.014336961,-0.003629285,-0.000389308,6.93E-05,0,0,0,0,0,0,0,0,0,0,0,7.93E-19,0.000224673,-0.002589631,-0.014201304,0.068516272,0.094358422,-0.00233764,-0.000795167,4.00E-05,0,0,0,0,0,0,0,0,0,0,0,0.000145527,-0.004316619,-0.023647171,0.359256859,0.826340839,0.802063164,0.623044288,0.075477457,-0.011816789,0,0,0,0,0,8.40E-19,-5.73E-18,-2.98E-17,-1.40E-17,6.74E-19,7.09E-18,0.000342116,-0.022734035,0.408744072,0.928198155,0.740220435,0.587270629,0.928107077,0.124261903,-0.018283122,0,0,0,0,3.47E-05,0.000110975,-0.007603145,-0.017330814,-0.007391838,0.000377859,0.000487132,-0.023604048,0.198909909,0.92694672,0.498845861,0.011346678,0.530497481,0.746703959,0.048246352,-0.010468239,0,0,0,0.000292896,-0.001956096,-0.021127451,0.034042164,0.146495506,0.07597842,-0.003291108,-0.011366129,0.039347815,0.679428444,0.652136636,-0.015797053,0.257557784,0.969764227,0.450494935,-0.019385798,-0.002635271,0,0,3.57E-06,-0.001821114,0.007016136,0.139725337,0.577181441,0.918118447,0.288626924,-0.019493549,-0.024480069,0.2594343,0.960325283,0.200418467,0.141236349,0.91215191,0.709989958,0.062504783,-0.012267641,0.000131059,0,0,0.000170377,-0.017857354,0.109932649,0.739405399,1.032597426,0.751167994,0.055991535,-0.013545003,-0.00710849,0.575133442,0.826527148,0.316748162,0.795521208,0.885803105,0.207722478,-0.025575504,0.001059883,0,0,0,-0.001343614,-0.031376116,0.407986094,1.038332976,0.813297573,0.167193866,-0.021319555,-0.003714886,0.004947695,0.690054653,0.909397893,0.951498767,0.804687772,0.18473412,-0.020101239,-0.000199653,0,0,0,0,-0.013117681,0.071657647,0.811699857,0.923578891,0.181013395,-0.0299519,-0.002907376,-0.022389331,0.031767463,0.701930947,1.037693389,0.702744571,0.115601256,-0.030128523,-0.000123519,9.39E-05,0,0,0,0,-0.018900065,0.125862638,0.990509322,0.569342261,-0.056424507,-0.038968839,-0.013134401,0.173850247,0.624405259,0.997036335,0.98209242,0.212894491,-0.038057967,0.001650972,0,0,0,0,0,0,-0.01362694,0.07613484,0.831454333,0.849394659,0.416799003,0.373538177,0.526135621,0.921820193,0.900065325,0.673754272,0.956578823,0.561212055,-0.025406965,0.000400837,0,0,0,0,0,0,-0.003672045,-0.003943887,0.420057258,0.957278152,1.018820261,0.987189457,1.006654641,0.636554432,0.173567215,-0.005428734,0.645126396,0.91451794,0.05943219,-0.006998911,0,0,0,0,0,0,0.00049326,-0.006117871,-0.010946981,0.190616864,0.404720792,0.275856567,0.172165355,0.020340108,-0.026913909,-0.028449993,0.176624932,0.62561762,0.061897127,-0.00601171,0,0,0,0,0,0,0,0.000258041,-0.001632251,-0.014454606,-0.026138021,-0.018938419,-0.013488698,-0.004214103,8.78E-05,-0.002640148,0.030593852,0.039158174,-0.005055998,0.000349775,0,0,0,0,0,0,0,0,0,0,0,0,0,0,0,0.000387265,-0.004414822,-0.007856121,0.000154906,0,0,0,0,0,0,0,0,0,0,0,0,0,0,0,0,0,0,0,0,0,0,0,0,0,0,0,0,0,0,0,0,0,0,0,0,0,0,0,0,0,0,0,0,0,0
0,0,0,0,0,0,0,0,0,0,0,0,0,0,0,0,0,0,0,0,0,0,0,0,0,0,0,0,0,0,0,0,0,0,0,0,0,0,0,0,0,0,0,0,0,0,0,0,0,0,0,0,0,0,0,0,0,0,0,0,0,0,0,0,0,6.77E-05,-0.000771293,-0.001771738,2.71E-05,0,0,0,2.20E-05,6.36E-05,-0.004431117,-0.008879085,-0.007838133,-0.002772359,0.000143995,0,0,0,0,0,0.000264706,-0.001456989,-0.013041922,-0.012402267,-0.010721337,-0.000398284,0.000137868,4.60E-05,-0.000191696,-0.005624285,0.03042179,0.086112728,0.071072627,0.003586465,-0.001215278,0,0,0,0,6.77E-05,-0.001456989,-0.021713933,0.232561819,0.442245662,0.04881553,-0.001097409,-0.000390625,0.000368498,-0.009606688,-0.004698751,0.589130821,0.981976256,0.910076406,0.527934263,-0.017534041,0,0,0,0,-0.000590022,-0.015134106,0.21413283,0.839079912,1.025812526,0.586800875,0.057618379,-0.01073989,-0.013777403,0.053988915,0.538268927,0.933773608,1.009679551,1.024481362,0.751864478,-0.020994519,0,0,0,0.000234317,-0.005264003,-0.004397599,0.664886827,1.020800586,0.761046937,0.312080378,0.003902154,-0.015293082,0.023020039,0.404225143,1.023710492,1.004461345,0.991671711,1.00296606,0.396459247,-0.020323944,0,0,0,-0.001432066,-0.00538654,0.278763463,1.008780927,0.80272983,0.083676454,-0.030279905,-0.008289539,0.002098158,0.394097546,0.984243508,1.009136506,0.993213201,1.003327138,0.883327206,0.156493179,-0.016126089,0,0,0,-0.014354083,0.093595963,0.782402829,1.040930556,0.704489345,0.040460591,-0.01982438,0.021224231,0.596110583,0.942701304,1.007670702,0.954903595,0.98374326,1.008372175,0.841328125,0.080653697,-0.014652437,0,0,0,-0.01696058,0.116257489,0.83823846,1.03613174,0.398004034,-0.079482593,0.157195347,0.71126394,1.015583589,0.994080712,0.512968455,0.064548169,0.777663331,1.053787497,0.649848601,0.024126768,-0.007933858,0,0,0,-0.036539481,0.30139008,0.97708318,0.883840925,0.161354218,0.128873449,0.666902131,1.035192028,1.033263719,0.739114294,0.039373853,0.080050841,0.813148625,1.078824449,0.454500613,-0.0426226,-0.000827206,0,0,0,-0.051233201,0.440044213,1.084359042,0.779402287,0.112503329,0.733527682,1.018257613,1.006176284,0.801229125,0.199046835,-0.060208175,0.299564904,0.981375521,0.894660175,0.244115982,-0.025315111,-0.000408836,0,0,0,-0.05071216,0.435034688,1.062360754,0.92097001,0.795378302,0.997071274,0.984135519,0.555243243,0.129212657,-0.027840618,-0.013484876,0.483283633,0.987063998,0.341169713,0.032595265,-0.00594401,2.55E-05,0,0,0,-0.036648323,0.30207033,0.962355137,1.02961826,1.037535403,0.998751987,0.528432104,0.018246119,-0.021734256,-0.004862694,0.022546879,0.429061053,0.462293113,0.007578976,-0.008266357,0.000591089,0,0,0,0,-0.002277526,-0.000880753,0.358469993,0.859781097,0.788190172,0.445771847,0.009014178,-0.012112592,0.000602635,-4.72E-05,0.000550528,0.002942538,-0.011129987,-0.003986128,0.000249745,0,0,0,0,0,0.000294729,-0.003147008,-0.006574942,0.14998989,0.103206155,-0.018341486,-0.005364856,0.000247243,1.10E-05,2.86E-05,-0.00011618,-0.002168607,-0.001904156,6.64E-07,9.04E-06,0,0,0,0,0,0,0.000180995,-0.001754107,-0.020545432,-0.015369125,-0.001045883,0.000224206,0,0,0,0,0,0,0,0,0,0,0,0,0,0,0,0,0,0,0,0,0,0,0,0,0,0,0,0,0,0,0,0,0,0,0,0,0,0,0,0,0,0,0,0,0,0,0,0,0,0,0
0,0,0,0,0,0,0,0,0,0,0,0,0,0,0,0,0,0,0,0,0,0,0,0,0,0,0,0,0,0,0,0,0,0,0,0,0,0,0,0,0,0,0,0,0,0,0,0,0,0,0,0,0,0,0,0,0,0,0,0,0,0,0,5.53E-05,7.38E-05,-0.011664777,-0.016942964,-0.001283019,0.000252757,0,0,0,0,0,0,0,0,0,0,0,0,0,0,-0.000220486,-0.012147501,0.161115434,0.282917313,0.021891382,-0.00424326,0,0,0,0,0,0,0,0,0,0,0,0,0,2.04E-05,-0.007748962,0.083825912,0.73570018,0.484868753,0.030494171,-0.006908701,0,0,0,0,0,1.77E-18,-1.57E-17,-2.23E-17,2.36E-18,0,0,0,0,0.000297583,-0.026945381,0.416281318,0.416902914,-0.028353758,-0.004316222,0.000390625,0,0,0,0,0.000237949,-0.003102192,-0.014993532,-0.019691074,-0.014477939,0.000389774,0,0,0,-0.004570398,0.00791631,0.669044984,0.088577395,-0.00952239,0.000263606,0,0,0,0,0.001239926,-0.011896886,-0.014964738,0.111006431,0.180528022,0.093686541,-0.003120032,0,0,0,-0.029367331,0.245257081,0.774053683,0.038397586,-0.005036203,0,0,3.49E-05,-8.90E-05,-0.002286458,-0.02516897,0.048696912,0.450643297,0.851053649,0.818694904,0.750211501,-0.015801505,0,0,0,-0.034733602,0.304167007,0.659125817,0.022384344,-0.003931526,0,0.00019761,-0.001953431,-0.023351477,-0.010487541,0.183453674,0.68885735,0.844253625,0.410363834,0.12202211,0.55385592,-0.002311921,0,0,0,-0.049198565,0.441680896,0.736655229,0.009419679,-0.003587333,-4.97E-05,-0.019513038,-0.034873077,0.189831563,0.61384729,0.821050626,0.573292279,0.108844856,-0.024383629,-0.027819427,0.615352819,0.000587384,0,0,0,-0.05033957,0.452791088,0.739331529,-0.009033224,-0.025912922,-0.016004494,0.197444427,0.526929756,0.714863051,0.505739907,0.201269075,0.001562823,-0.012979439,-0.013994758,0.103377723,0.752652273,-0.003800722,0,0,0,-0.045556308,0.398860218,0.853160389,0.170278016,0.360918685,0.705328664,0.748896634,0.487309153,0.136426749,-0.026283886,-0.02475332,-0.003985264,-0.005685357,0.009851243,0.577762474,0.677206023,-0.01758812,0,0,0,-0.013090375,0.08978079,0.642240605,0.826391595,0.693742817,0.503638797,0.066092473,-0.021105154,-0.014766987,-0.002662207,-3.52E-05,4.61E-05,-0.018177696,0.124977499,0.597675262,0.115481109,-0.013034961,0,0,0,0.001093311,-0.014410335,0.056721644,0.167882557,0.03533381,-0.01934384,-0.00766893,0.000289352,3.83E-05,0,0,-0.000245098,-0.015076083,0.18395161,0.255847461,-0.017201025,-0.001055283,0,0,0,1.47E-05,0.000575674,-0.011516544,-0.024196998,-0.00968076,-0.0025,0.000125613,0,0,0,0,-0.000126634,-0.000419798,0.031804398,0.018454657,-0.004481676,0.000198802,0,0,0,0,0,0,0,0,0,0,0,0,0,0,7.66E-06,8.75E-05,-0.002439849,-0.002268076,0.000232665,1.02E-06,0,0,0,0,0,0,0,0,0,0,0,0,0,0,0,0,0,0,0,0,0,0,0,0,0,0,0,0,0,0,0,0,0,0,0,0,0,0,0,0,0,0,0,0,0,0,0,0,0,0,0,0,0,0,0,0,0,0,0,0,0
0,0,0,0,0,0,0,0,0,0,0,0,0,0,0,0,0,0,0,0,0,0,0,0,0,0,0,0,0,0,0,0,0,0,0,0,0,0,0,0,0,0,0,0,0,0,0,0,0,0,0,3.26E-05,0.000400291,-0.006248013,-0.026679304,-0.030598834,-0.004739717,0.000416156,2.04E-05,0,0,0,0,0,0,0,0,0,0,0,0.000162122,-0.001432377,-0.031201745,0.020168403,0.20975703,0.243514791,0.022810747,-0.002855825,-7.44E-05,0,0,0,0,0,0,0,0,0,0,0.000408088,-0.003674139,-0.016306287,0.422317068,0.692239107,0.912145987,0.950389178,0.392252928,-0.020411163,-0.002078738,0,0,0,0.000152868,-0.000277012,-0.021957125,-0.00651297,0.000425092,0,2.81E-05,-0.002212486,-0.018606703,0.367854813,1.005434909,0.883291292,0.546182462,1.02498909,0.519047028,-0.025088663,-0.002781863,0,0,2.72E-05,-0.001123069,-0.005013191,0.229744434,0.066575606,-0.00434615,0,-2.50E-05,-0.024923952,0.180975728,0.909888838,0.755881928,0.180976103,0.06730627,1.003402148,0.510594754,-0.024298846,-0.002747141,0,0,-0.000114141,-0.019924656,0.162446208,0.828053908,0.360160375,-0.022622651,0,-0.004005595,0.013246046,0.709107999,0.838502779,0.113585721,-0.071874584,0.367510361,1.03014429,0.48293727,-0.02646005,-0.002356712,0,0,-0.001937977,-0.027958196,0.448843869,1.011775344,0.299730562,-0.020410284,0.000331417,-0.02500914,0.328486741,0.984582704,0.365572627,-0.043174487,0.000715227,0.718246153,0.93907918,0.234422096,-0.028312594,-8.94E-05,0,0,-0.0030096,-0.02196374,0.5194303,0.996246,0.08725126,-0.00883175,-0.003727936,-0.003947185,0.684697066,0.873703687,0.131749489,-0.054461141,0.325315921,0.968654446,0.592748349,0.007613375,-0.004615639,1.28E-05,0,0,-0.006786663,0.013211396,0.63010226,0.912572763,0.035375255,-0.005718546,-0.027926094,0.215020204,0.924752025,0.627338474,-0.051643621,0.125890591,0.852205133,0.938450419,0.141306628,-0.018760723,0.00071909,0,0,0,-0.004098414,-0.010117759,0.532346422,1.008571027,0.173820772,-0.033656965,-0.046246654,0.339342984,0.976064134,0.36366185,0.067011455,0.654781841,1.052799071,0.468736247,-0.02141088,-0.001411203,0,0,0,0,-6.06E-05,-0.03186937,0.264680761,0.958765423,0.692033414,0.132167292,0.036114633,0.533180737,1.008810756,0.525325014,0.74038932,1.018046223,0.581802838,0.034110802,-0.011697648,0.000127186,0,0,0,0,4.26E-05,-0.003743732,-0.000245387,0.50438431,1.013143825,0.967933517,0.755240682,0.873137697,1.004008102,1.025184709,0.967713525,0.530703888,-0.028393246,-0.007008612,0.000603894,8.17E-06,0,0,0,0,0,0.000377074,-0.007316704,0.031118702,0.381087759,0.740572406,0.969769322,1.000593086,0.995692079,0.805151008,0.375944359,0.010671548,-0.004888514,8.51E-05,0,0,0,0,0,0,0,0,0.000552747,-0.009209984,-0.019065223,0.023145935,0.070325167,0.515724129,1.01860078,0.428987473,-0.043777812,-0.008097,0.000439474,0,0,0,0,0,0,0,0,0,4.44E-06,6.19E-05,-0.00120384,-0.004676777,-0.03823509,0.207673492,0.943057683,0.753377366,0.018489481,-0.006503302,5.11E-06,0,0,0,0,0,0,0,0,0,0,0,0,0,-0.003607909,0.005056323,0.514656812,0.656319198,0.043757932,-0.008295872,0,0,0,0,0,0,0,0,0,0,0,0,0,0,0.000436183,-0.00321521,-0.018351716,-0.016499864,-0.001309743,0.000232359,0,0,0,0,0,0,0,0,0,0,0,0,0,0,0,0,0,0,0,0,0,0,0,0,0,0,0
0,0,0,0,0,0,0,0,0,0,0,0,0,0,0,0,0,0,0,0,0,0,0,0,0,0,0,0,0,0,0,0,0,0,0,0,0,0,0,0,0,0,0,0,0,0,0,0,0,0,0,0,0,0,0,0,0,0,0,0,0,0,0,0,0,0,0,0,0,0,0,0,0,0,0,0,0,0,0,0,0,0,0,0,0,0,0,0,0,0,0,0,0,0,0,0,0,0,0,0,0,0,0,6.89E-05,-0.000582108,-0.009881791,-0.00295224,0.000356692,1.81E-18,0,4.90E-32,7.67E-18,0.000458603,-0.002771395,-0.028126702,-0.043967439,-0.040896055,-0.007777149,0.000787207,0,0,0,6.11E-05,-0.000591299,-0.006805385,0.09551428,0.031359613,-0.003732013,9.07E-19,0,0.0001234,-0.000977839,-0.021191554,0.011584372,0.307465959,0.490877332,0.446290084,0.074931634,-0.008545241,0,0,0,-5.98E-05,-0.016144572,0.243471254,0.86413008,0.385387469,-0.019408681,-0.00202808,0.000150422,-0.00270204,-0.026984954,0.206443169,0.695679175,0.938720497,0.963555433,1.017965703,0.421702609,-0.020615412,0,0,0,-0.005266398,0.009466214,0.723864737,0.780357741,0.046973465,-0.009308222,-0.000152982,-0.011154259,-0.026251736,0.248103486,0.906756281,0.811644948,0.3543814,0.323898216,0.902248009,0.764655079,-0.020702274,0,0,0,-0.023314582,0.178989702,0.879216146,0.451152914,-0.035781165,-0.000235213,-0.023290458,0.110811734,0.636907475,0.870922437,0.466608169,0.107030586,-0.053980835,0.092084184,0.81406313,0.820795745,-0.020585172,0,0,0,-0.035464107,0.296729677,0.919576491,0.138152216,-0.011889553,-0.023832175,0.188124251,0.810698393,0.877074363,0.278535352,-0.024816559,-0.022268382,-0.018299632,0.111659467,0.819275242,0.583863445,-0.020615298,0,0,0,-0.050923729,0.443037701,1.017839971,0.072088559,-0.044268961,0.176466053,0.845469397,0.844592405,0.218358575,-0.036966861,-0.001196038,0.000236417,-0.02183718,0.13402725,0.859211874,0.581021174,-0.020698189,0,0,0,-0.046290582,0.397331625,0.995397405,0.404579817,0.531421518,0.903145488,0.697294427,0.109297946,-0.026645265,0.000605204,0,-0.000443113,-0.029485107,0.304971719,1.029576047,0.400724731,-0.020821613,0,0,0,-0.021690922,0.159967252,0.879088542,1.0744263,0.927588133,0.516708009,0.07600337,-0.023483286,-0.000749592,0.000105699,0,-0.000931373,-0.012214971,0.283510298,0.604089699,0.084771921,-0.010950436,0,0,0,-0.002380661,0.0007604,0.380245966,0.486317096,0.169885842,-0.011351097,-0.01214665,0.000872311,0,0,0,8.17E-05,-0.000966878,-0.009128574,-0.001578551,-0.002491932,5.46E-05,0,0,0,0.000440259,-0.003623213,-0.010901127,-0.017281369,-0.027643178,-0.003478965,0.000370711,0,0,0,0,0,0.000209559,-0.001613664,-0.005337929,-0.000602605,9.50E-05,0,0,0,0,8.84E-05,-0.001519046,-0.001770782,0.000101409,0,0,0,0,0,0,0,0,0,0,0,0,0,0,0,0,0,0,0,0,0,0,0,0,0,0,0,0,0,0,0,0,0,0,0,0,0,0,0,0,0,0,0,0,0,0,0,0,0,0,0,0,0,0,0,0,0,0,0,0,0,0,0,0,0,0,0,0,0,0,0,0,0
0,0,0,0,0,0,0,0,0,0,0,0,0,0,0,0,0,0,0,0,0,0,0,0,0,0,0,0,0,0,0,0,0,0,0,0,0,0,0,0,0,0,0,0,0,0,0,0,0,0,0,0,0,0,0,0,0,0,0,0,0,0,0,6.74E-06,-7.95E-05,-0.000767157,-5.72E-06,4.89E-06,0,0,0,0,0,0,0,0,0,0,0,0,0,0,0,0.000289114,-0.004248026,-0.01723509,-0.001472665,0.00024785,0,0,0,0,0,0,0,0,0,0,0,0,0,0,0,-0.003198172,0.042203465,0.279353299,0.010195517,-0.002613428,0,0,0,0,0,0.000100848,-0.00010255,-0.018594686,-0.041980273,-0.037249637,0.000991456,0,0,0,0.000183441,-0.014905944,0.192910641,0.776566432,0.066194615,-0.011151196,0,0,0,0,0.000122294,-0.00150046,-0.01312951,0.195261183,0.461761387,0.409136399,-0.010870268,0,0,0,-0.000892112,-0.026814694,0.60093477,0.803386056,0.083673549,-0.013211643,0,0,0,2.04E-05,0.000277031,-0.023854358,0.274134989,0.873832718,0.99583352,0.876789884,-0.021532788,0,0,0,-0.011737394,0.069620694,0.805526518,0.437304313,-0.026817606,2.45E-05,0,0,0,-7.08E-05,-0.015762912,0.116378404,0.791699653,0.780708946,0.868269438,0.557802423,-0.020808143,0,0,0,-0.023063471,0.178307087,0.856489975,0.266292211,-0.017815291,2.04E-05,0,0,0.000130208,-0.002838712,-0.046018864,0.430446112,1.032984273,0.914909348,0.569824619,0.05131665,-0.008117511,0,0,0,-0.03277934,0.271646429,0.900448308,0.079983864,-0.007761183,9.90E-18,8.94E-05,-0.000114039,-0.017203244,-0.036566415,0.110855075,0.72963688,0.990988664,0.486150871,0.041236741,-0.017441859,0.000398795,0,0,0,-0.043938282,0.384830031,0.83308924,0.026085818,-0.014176981,-0.00926192,-0.017986792,-0.019074585,0.171229405,0.445812313,0.799648914,1.028506383,0.590334116,-0.015550398,-0.009060866,0.000390577,2.60E-05,0,0,0,-0.049852115,0.441994313,0.844736473,0.055160579,0.026597621,0.028964819,0.252722032,0.598668046,0.852884208,0.711465,0.34636034,0.637621649,0.722321603,0.015272258,-0.004098997,0,0,0,0,0,-0.027347438,0.217413041,0.866896327,0.744495251,0.71129233,0.692256142,0.759891051,0.685164675,0.277862898,0.02376297,-0.053092227,0.232799837,0.890958214,0.222020408,-0.015421364,0,0,0,0,0,-0.002685989,0.011838814,0.22684826,0.491428445,0.500086193,0.363020039,0.147953619,0.02260689,-0.028677934,-0.003714546,-0.002375005,0.013579861,0.200384549,0.088779905,-0.005510519,0,0,0,0,0,0.000520973,-0.003887408,-0.020925756,-0.017353145,-0.016303513,-0.025226516,-0.022421058,-0.008325674,0.000376532,2.85E-05,0.000528311,-0.003604779,-0.028125613,-0.010893995,0.000691176,0,0,0,0,0,0,2.99E-05,-0.000417586,-0.001663909,-0.001733762,-0.00074946,3.52E-05,0,0,0,0,0,0,0,0,0,0,0,0,0,0,0,0,0,0,0,0,0,0,0,0,0,0,0,0,0,0,0,0,0,0,0,0,0,0,0,0,0,0,0,0,0,0,0,0,0,0,0,0,0,0,0,0,0,0,0,0,0,0,0,0,0,0,0,0,0,0,0
0,0,0,0,0,0,0,0,0,0,0,0,0,0,0,0,0,0,0,0,0,0,0,0,0,0,0,0,0,0,0,0,0,0,0,0,0,0,0,0,0,0,0,0,0,0,0,0,0,0,0,0,0,0,0,0,0,0,0,0,0,0,0,0,0,0,0,0,0,0,2.33E-19,9.60E-05,-0.000881589,-0.00507598,-0.005487439,-0.002160386,0.000129085,1.22E-06,0,0,0,0,0,0,0,0,0,0,0,0,0.000130208,-0.001893212,-0.016130865,0.024674837,0.029281352,-0.001976869,-0.002526178,0.00025641,0,0,0,0,0,0,0,0,0,0,0,2.71E-18,0.000743379,-0.024793624,0.283299584,0.846534007,0.890010281,0.442401654,-0.015003149,-0.00131874,0,0,0,0,8.15E-06,7.98E-05,-0.002863222,-0.001026008,6.48E-05,0,0,0.000183824,-0.023768553,0.229683755,0.902661021,0.916926334,0.968167722,0.853557904,0.116685866,-0.017075945,0,0,0,0.000391342,-0.001793988,-0.027915036,-0.021095247,-0.01245098,0.000786199,0,0,-0.003697872,-0.01481238,0.582412645,0.891154381,0.170539453,0.772024598,0.922879163,0.19178716,-0.024987281,0,0,0,-0.002803819,-0.003212007,0.209987303,0.490796518,0.223518348,-0.014057343,0,7.66E-07,-0.014052339,0.071968086,0.765218648,0.79787952,0.417099877,0.994332414,0.665245932,0.005256757,-0.004642697,0,0,0,-0.017219329,0.300789919,0.905801385,1.015214682,0.38208015,-0.025091861,0,0.000317759,-0.029063334,0.146188011,0.87370898,0.960374475,0.937809215,0.957282646,0.2155665,-0.013843767,-0.00020627,0,0,0,-0.021119451,0.792607007,1.056334712,0.499628421,-0.007078465,-0.006843546,-0.00482213,-0.029042279,-0.034388021,0.324029344,0.940088235,1.016478962,0.9945112,0.49672806,-0.012798764,-0.002532475,6.60E-05,0,0,0,-0.02107758,0.694907005,1.057287088,0.498242358,0.014968239,0.026214563,0.034220816,0.272801556,0.58814345,0.903967116,1.027650769,0.985237506,0.512222426,0.009654463,-0.009673271,0.000179279,0,0,0,0,-0.011125379,0.124790737,0.710763999,0.965535904,0.913787147,0.908620521,0.916475848,0.991024367,1.021348141,0.887018602,0.819721084,1.002010168,0.482153686,-0.022433248,-0.006883331,0.000233888,0,0,0,0,-0.000297011,-0.01581273,0.086606141,0.354672403,0.633013123,0.648050126,0.603806153,0.584954521,0.397597307,0.14982164,0.07737243,0.752009634,0.981048237,0.292653935,-0.029570364,-0.006987337,0.000683625,0,0,0,6.38E-05,0.000396182,-0.009685526,-0.032386863,-0.018694036,-0.009976869,-0.041805182,-0.038353214,-0.033473363,-0.015403237,-0.023218869,0.147192056,0.782671313,0.909915271,0.573456461,0.061914335,-0.009913579,0,0,0,0,0,2.02E-05,6.13E-07,-0.003724571,-0.00473223,-0.001140394,-0.001396446,-0.000313113,4.41E-05,-6.18E-05,-0.025112664,0.083047283,0.682012612,0.922065479,0.333895731,-0.039464351,0,0,0,0,0,0,0,0,0,0,0,0,0,6.59E-05,0.000272869,-0.014135212,0.052885144,0.176743396,0.07464551,-0.008620113,0,0,0,0,0,0,0,0,0,0,0,0,0,0,0,0.00061514,-0.009539766,-0.023367576,-0.009501855,0.001103242,0,0,0,0,0,0,0,0,0,0,0,0,0,0,0,0,0,0,0,0,0,0,0,0,0,0,0,0,0,0,0,0,0,0,0,0,0,0,0,0,0,0
0,0,0,0,0,0,0,0,0,0,0,0,0,0,0,0,0,0,0,0,0,0,0,0,0,0,0,0,0,0,0,0,7.75E-05,-0.000114549,-0.010181951,-0.02101188,-0.018674598,-0.002159512,0.000343818,0,0,0,0,0,0,0,0,0,0,0,0,0.000228283,-0.000582131,-0.03160236,0.144860092,0.521421399,0.399387476,0.032230558,-0.006237686,0,0,0,0,0,0,0,0,0,0,0,0.000137868,-0.002891987,-0.027531593,0.202792126,0.719232315,1.023284926,0.974028459,0.125340386,-0.018950844,0,0,0,0,0,0,0,0,0,0,3.86E-05,-0.000937143,-0.008823546,0.366025505,0.863169373,1.025268059,1.005623826,0.887201848,0.100530502,-0.016190938,0,0,2.59E-19,9.17E-05,-0.000177441,-0.012892753,-0.0053045,0.000330627,0,0,0.000156863,-0.020504545,0.194857588,0.924911676,1.019775684,0.992006417,1.028593682,0.604599775,0.008983633,-0.006312977,0,0,0.000110635,-0.00104103,-0.009982554,0.125034637,0.048243294,-0.003011897,0,0,-0.005715993,0.00360946,0.585538399,1.018539348,0.994180028,1.015038007,0.88544681,0.176038501,-0.024547104,9.87E-05,0,0,-0.001008248,-0.021805292,0.284363798,0.87832411,0.498755775,-0.030578503,0,0,-0.020061453,0.124841663,0.828206096,1.017199469,0.997536128,1.005112562,0.385264682,-0.024934352,-0.000433649,3.26E-05,0,0,-0.00551794,0.000718122,0.590808585,1.070654225,0.605516033,-0.037438572,1.35E-05,6.36E-05,-0.023752859,0.120066228,0.83101571,1.015982685,0.997798986,0.634260349,0.023855222,-0.006202938,0.000187518,0,0,0,-0.010393689,0.046822337,0.723230647,1.032581495,0.466700266,-0.029748775,0.00076597,-0.008389161,-0.026285607,0.414300126,0.973522842,1.020490706,0.799131723,0.112484903,-0.022935321,0.000221865,0,0,0,0,-0.020579044,0.141467429,1.016377621,0.94901457,0.183929653,-0.013724282,-0.010705587,0.032226256,0.42627662,0.983965499,1.006510042,0.998040405,0.618195261,0.066713508,-0.009441364,-0.000125357,0,0,0,0,-0.020809845,0.143625718,1.035307292,0.729707159,0.00364985,-0.019776825,-0.020954116,0.436020544,0.987654718,1.022932173,1.012954827,1.004139779,1.026847409,0.408651808,-0.023342133,-0.001139961,0,0,0,0,-0.020751634,0.143084261,1.04538611,0.517860174,-0.051907977,0.121192165,0.58680524,0.958700607,1.033491772,0.79440424,0.575344004,0.856626284,1.022198766,0.851202169,0.089956501,-0.008677744,0,0,0,0,-0.021158088,0.146856427,1.046192351,0.679013004,0.362844005,0.752454725,1.025625756,1.017053411,0.735012085,0.133269131,-0.051707159,0.343842332,0.962045309,0.985670207,0.141332142,-0.011867749,0,0,0,0,-0.014655161,0.08472922,0.857010621,1.036927832,1.024567844,1.045602209,0.97393142,0.561540901,0.076762612,-0.022620626,-0.014574585,0.07877023,0.881411407,0.912936598,0.096551334,-0.009211908,0,0,0,0,-0.004757455,0.007754729,0.445718665,0.778969584,0.777741677,0.69113157,0.319834257,-0.008802934,-0.013971541,0.00023315,-0.007761063,0.035033631,0.558861486,0.352416701,-0.011699057,-0.001245353,0,0,0,0,0.000289352,-0.001532958,-0.019830082,0.004900991,0.03108895,-0.027107196,-0.01971108,-0.002690904,-1.22E-05,2.94E-05,0.000372753,-0.002306979,-0.021173883,-0.012587725,-0.00016059,7.37E-05,0,0,0,0,4.08E-06,6.96E-05,-0.000853206,-0.005272105,-0.007919775,-0.001525824,-0.000195264,3.26E-05,0,0,1.22E-05,-6.10E-06,-0.001339937,-0.001082304,3.55E-05,3.67E-06,0,0,0,0,0,0,0,0,0,0,0,0,0,0,0,0,0,0,0,0,0,0,0,0,0,0,0,0,0,0,0,0,0,0,0,0,0,0,0,0,0,0,0
0,0,0,0,0,0,0,0,0,0,0,0,0,0,0,0,0,0,0,0,0,0,0,0,0,0,0,0,0,1.23E-05,0.000483218,-0.006493226,-0.020438595,-0.013375715,-0.000479984,0.000168505,0,0,0,0,0,0,0,0,0,0,0,0,3.55E-05,0.000821002,-0.017902705,0.015000357,0.139497251,0.075184817,-0.020603114,-0.00130172,0.00011618,0,0,0,0,0,0,0,0,0,0,0,-0.000146548,-0.01002851,0.08261489,0.573857486,1.036513595,0.812786152,0.208999268,-0.01745595,-0.000500817,1.35E-05,0,0,0,0,0,0.000408088,-0.007317096,-0.00260815,0.000164522,0,-0.002821283,-0.001006213,0.572633221,0.950822117,0.639529099,0.831324466,0.850073002,0.131451236,-0.012306951,0.000142269,0,0,0,3.32E-18,0.00102931,-0.011056866,0.019563964,-0.023764008,-0.011117205,0.001263707,-0.009825572,0.111931696,0.921045224,0.48827005,-0.023738025,0.239190632,0.931291241,0.646436172,-0.012378932,-0.002690473,0,0,0,0.000318287,-0.013893815,0.061642719,0.589219482,0.564735294,0.108261897,-0.014406261,-0.020216299,0.312249438,0.873340754,0.186489362,-0.030591242,-0.038327019,0.523708844,0.868993022,0.147716316,-0.02008846,0,0,0,-0.005655259,-0.000476109,0.546650378,1.030998515,0.837021269,0.256687644,-0.012138758,-0.017930017,0.236772451,0.911382553,0.255509542,-0.035223996,-0.024846979,0.373498482,0.919080008,0.256763279,-0.031453367,0,0,0,-0.017863562,0.188663528,0.963809215,0.604696061,0.01386203,-0.00871458,0.000505483,-0.01554422,0.211475984,0.992009515,0.473549905,-0.024736915,-0.028457499,0.410261012,0.939602397,0.280516238,-0.034003913,0,0,0,-0.020871119,0.624812601,0.84230193,0.120581087,-0.022735022,0.000169679,0,-0.005000766,0.029570874,0.745255498,0.830998502,0.065128969,-0.058361332,0.616054909,0.922886557,0.218132472,-0.027604663,0,0,0,-0.020643893,0.918120134,0.618259412,-0.03348172,-0.002687194,2.57E-05,0,-0.000482639,-0.028134464,0.311129902,1.00800354,0.435555929,-0.04308364,0.722783922,0.800320278,0.037803105,-0.008552036,0,0,0,-0.020704316,0.743610839,0.67764665,0.000827699,-0.008908258,0.000133783,0,5.55E-05,-0.011370507,0.040831495,0.664441704,0.939682595,0.555915203,0.892231226,0.544497089,-0.012677832,-0.002091639,0,0,0,-0.02036301,0.368961925,0.935568023,0.286070329,-0.038672037,-0.001423964,0.000175738,0,0.000934634,-0.023848022,0.144926708,0.871266506,1.027092064,0.927930714,0.190090922,-0.017062187,0.00027337,0,0,0,-0.009784518,0.07391683,0.711833793,0.876484052,0.289040509,-0.041504289,-0.034366516,-0.02072886,-0.032632506,-0.028172369,0.206456614,0.854110174,1.041037156,0.827879289,0.023343937,-0.004969924,0,0,0,0,-0.000199823,-0.019202659,0.133801368,0.712759651,0.904861656,0.602344499,0.530093555,0.312477635,0.466886285,0.6289511,0.924377757,0.917876581,0.735027591,0.960748843,0.231821061,-0.016615758,0,0,0,0,0.000110294,1.63E-06,-0.016270135,0.014621272,0.445456172,0.86142996,0.966079111,0.951024969,0.973062721,0.839081529,0.505043233,0.121860044,0.12346298,0.852098448,0.505236996,-0.030573427,0,0,0,0,0,5.01E-05,-0.000127553,-0.007643689,-0.008609579,0.124348056,0.295705026,0.312988358,0.310414862,0.114791939,-0.034862932,-0.017381731,0.012140999,0.621557224,0.268224946,-0.016633323,0,0,0,0,0,0,0,0.000359545,-0.001953039,-0.017685378,-0.035738191,-0.03735233,-0.037258978,-0.016595736,0.000394603,0.000693187,-0.009260069,0.056456219,0.016653724,-0.001066253,0,0,0,0,0,0,0,0,0,0,0,0,0,0,0,0,0.000573427,-0.01027131,-0.003854507,0.000241524,0,0,0,0,0,0,0,0,0,0,0,0,0,0,0,0,0,0,0,0,0,0,0
0,0,0,0,0,0,0,0,0,0,0,0,0,0,0,0,0,0,0,0,0,0,0,0,0,0,0,0,0,0,0,0,0,0,0,0,0,0,0,0,0,0,0,0,0,0,0,0,0,0,0,0,0,0,0,0,0,0,0,0,0,0,0,0,0,0,0,0,0,0,0,0,0,9.80E-06,0.00011346,-0.002895118,-0.00566345,-0.00059328,9.75E-05,0,0,0,0,0,0,0,0,0,0,0,0,0,0,0.000819342,-0.015707244,-0.001760144,0.031451236,0.001937701,-0.000421603,0,0,0.000272331,-0.001222942,-0.019008715,-0.026797386,-0.009940087,0.000653595,0,0,0,0,9.90E-18,0.001304472,-0.019404956,0.067815819,0.592786033,0.911091197,0.107241704,-0.01671892,0,0,-0.00288671,0.012959113,0.201592627,0.283335206,0.098299632,-0.006539522,0,0,0,9.90E-18,0.000434028,-0.028987132,0.081303564,0.685833197,1.054188657,0.966482026,0.120343494,-0.018489073,0,0,-0.013381877,0.076611773,0.788875861,1.002798415,0.662860462,-0.04036994,0,0,0,0.001304472,-0.028987132,0.146274437,0.806659482,1.039080415,0.945890047,0.331351691,-0.01545489,-0.0019776,0,0,-0.012796841,0.068349435,0.796774731,1.062112081,0.66835255,-0.040903391,0,2.93E-05,0.000579402,-0.021525514,0.081452972,0.807137652,1.040996,0.935925705,0.315062926,-0.040667177,-0.0019776,0.000325095,0,0,-0.015668913,0.095521891,0.876534926,1.014797794,0.406089154,-0.026424632,0.00093922,-0.007582976,-0.044530144,0.091294424,0.690594363,1.033490549,1.031745558,0.538520391,-0.047049803,-0.000251481,0,0,0,0,-0.010661254,0.049047481,0.737356618,0.984147365,0.017262749,-0.025777233,-0.038813525,0.007982469,0.253616371,0.838886795,1.009974894,0.924038665,1.037181168,0.818275344,0.096141204,-0.015316193,0.000652236,0,0,0,-0.010643212,0.048362327,0.738466469,1.024627791,0.363188777,0.195877451,0.324906462,0.679956121,1.01345755,1.031167858,0.53783752,0.213859895,0.772792347,1.063638361,0.635000613,0.01739517,-0.00841792,0.000217865,0,0,-0.008957374,0.035549435,0.662543924,0.982748835,0.938842689,0.931121031,0.93154004,1.010313532,0.740942838,0.146654267,0.012917737,-0.037244978,0.025263289,0.743254454,1.070893614,0.424032143,-0.031237356,-0.001500143,0,0,0.000217865,-0.01585341,0.112148182,0.28650531,0.326347869,0.446682581,0.306875399,0.286972869,0.062173203,-0.031362847,-0.006326763,0.000807142,-0.028956444,0.213786612,0.947388702,0.747741966,0.048703273,-0.010708061,0,0,0,0.001304472,-0.011165577,-0.02702291,-0.029736009,-0.039842473,-0.02798967,-0.027019506,-0.007298475,0.000980392,0,0,-0.002565053,-0.012283667,0.695758306,0.756246324,0.04612368,-0.010446623,0,0,0,0,0,0,0,0,0,0,0,0,0,0,-0.002723141,0.000318866,0.580736792,0.514658088,-0.007362929,-0.003976035,0,0,0,0,0,0,0,0,0,0,0,0,0,0,-0.000601307,0.000194002,0.129991473,0.079618907,-0.012035791,0.000261438,0,0,0,0,0,0,0,0,0,0,0,0,0,0,7.83E-05,-2.61E-05,-0.016827687,-0.011322816,0.001249689,0,0,0,0,0,0,0,0,0,0,0,0,0,0,0,0,0,0,0,0,0,0,0,0,0,0,0,0,0,0,0,0,0,0,0,0,0,0,0,0,0,0
0,0,0,0,0,0,0,0,0,0,0,0,0,0,0,0,0,0,0,0,0,0,0,0,0,0,0,0,0,0,0,2.55E-05,0.000545738,-0.007393791,-0.018080406,-0.003129596,0.000242034,0,0,0,0,0,0,0,0,0,0,0,0,0,3.10E-18,0.000639497,-0.014207235,0.022275081,0.117556052,0.008415321,-0.00090834,0,0,0,0,0,0,0,0,0,0,0,0,0,3.83E-05,-0.008526688,0.040221421,0.603396174,0.946430964,0.269151127,-0.018536867,0,0,0,0,0,0,0,0,0,0,0,0,2.76E-05,0.000417688,-0.028597665,0.548877831,1.024572695,1.007722716,0.392186394,-0.025689849,0,0,0,0,0,0,0,6.81E-18,0.000542535,-0.006184896,-0.003324875,0.000217014,7.81E-05,-0.012175671,0.109083435,0.889846589,1.026347495,0.88104759,0.085721048,-0.008534467,0,0,0,0,0,0,2.81E-05,0.000303139,-0.013902591,0.050200078,0.020831465,-0.002041633,-0.003357843,-0.014064372,0.5198766,1.012920132,1.029038773,0.566390012,-0.009483575,-0.002389348,0,0,0,0,0,0,0.000101351,-0.01375428,0.060773069,0.662920658,0.612006193,-0.018003479,-0.019989095,0.112150052,0.825858438,1.035379376,0.963684114,0.22605348,-0.029953477,-6.44E-05,0,0,0,0,0,0,-0.003628625,0.014912616,0.56191042,1.022930896,0.687861006,-0.021543845,-0.031945857,0.285261489,1.002226631,1.02784273,0.580948053,-0.006405569,-0.005368498,3.01E-05,0,0,0,0,0,0,-0.010790492,0.123090805,0.956466503,0.946660182,0.203351287,-0.032264876,-0.011303802,0.639114056,1.037332159,0.918730841,0.181731941,-0.020063487,0.000231311,0,0,0,0,0,0,0,-0.026643382,0.410059334,1.036311513,0.650914386,-0.018656988,0.016447474,0.417009821,0.974555079,1.025516731,0.528921144,-0.027168947,0.000275565,2.76E-05,0,0,0,0,0,0,0,-0.0405,0.664628881,1.05233878,0.429231005,0.306663626,0.676499864,0.98215785,1.025480086,0.829501787,0.076108343,-0.015036084,7.40E-05,0,0,0,0,0,0,0,0,-0.03905599,0.636371156,1.032454055,0.869884975,0.951209039,1.044682069,1.005753485,1.012957601,0.794925536,0.051766364,-0.013659927,6.11E-05,0,0,0,0,0,0,0,0,-0.016081393,0.218834474,0.959185134,1.036874098,1.041143689,0.910072049,0.493947917,0.890441823,0.99811586,0.331181566,-0.028134021,0.000735294,0,0,0,0,0,0,0,0,-0.001963286,0.000690172,0.376194768,0.747996426,0.532202332,0.17041362,-0.025595333,0.466425143,1.047190853,0.888756981,0.22692436,-0.021763514,0,0,0,0,0,0,0,0,0.000247651,-0.003806509,-0.015534535,0.01465882,-0.009551843,-0.027704776,-0.018225541,0.061533854,0.692345384,1.020587335,0.398169424,-0.036573223,0,0,0,0,0,0,0,0,4.29E-06,7.21E-05,-0.001332976,-0.004265063,-0.002292864,0.000100541,-0.000309896,-0.016850933,0.206526161,0.760414459,0.202353367,-0.018398948,0,0,0,0,0,0,0,0,0,0,0,0,0,0,0.000117402,-0.001611583,0.005020026,0.071716037,0.001353135,-0.000138855,0,0,0,0,0,0,0,0,0,0,0,0,0,0,0,0.000225524,-0.002497787,-0.012760555,-0.001995677,0.000182972,0,0,0,0,0,0,0,0,0,0,0,0,0,0,0,0,0,0,0,0,0,0,0,0,0
0,0,0,0,0,0,0,0,0,0,0,0,0,0,0,0,0,0,0,0,0,0,0,0,0,0,0,0,0,0,0,0,0,0,0,0,0,0,0,0,0,0,0,0,0,0,0,0,0,0,0,0,0,0,0,0,0,0,0,0,0,0,0,1.53E-07,2.11E-05,-7.29E-05,-0.001902931,-0.003032795,-0.001900327,-6.56E-05,2.39E-05,0,0,0,0,0,0,0,0,0,0,0,0,0.000204912,-0.001860277,-0.02381364,-0.01512243,0.001960547,0.013301028,0.001766033,-0.00029473,0,0,0,3.31E-05,4.47E-05,-0.004257353,-0.001941115,0.000134804,0,0,0,4.35E-18,-0.000661356,-0.005801403,0.174645595,0.495173526,0.617577521,0.297754068,-0.001310713,-0.002604779,0,2.24E-18,0.000201695,-0.00126331,-0.033074006,-0.011027471,-0.014898394,-0.000109954,0,0,0,0.000432106,-0.01924149,0.202942742,0.880350456,1.076646718,0.724530968,0.103544084,-0.01241425,0.000143382,3.23E-05,0.000535547,-0.010198802,-0.009771208,0.351020629,0.587328704,0.385164503,-0.013603622,0,0,0,-0.007458677,0.029674782,0.722060029,1.011037174,0.460990651,0.037674457,-0.019072296,0.001273898,7.20E-18,0.000315417,-0.018807532,0.037709378,0.466436974,0.969818665,1.050412267,0.536905834,-0.021687694,0,0,0,-0.023860829,0.181102379,0.915715652,0.801092218,0.025000068,-0.020076977,0.000432326,5.51E-05,-4.60E-06,-0.012082482,0.05362385,0.550436104,1.018537565,1.015971558,0.947809828,0.158835912,-0.018189168,0,0,0,-0.042558395,0.359917841,1.015059964,0.510316891,-0.040141476,0.000845868,1.84E-05,0.000185049,-0.010897774,0.036046024,0.701748893,0.95828525,0.994590754,1.013194904,0.589354116,0.010064561,-0.006625647,0,0,0,-0.03384167,0.278649986,0.944399254,0.41504759,-0.026245711,5.71E-18,7.38E-05,-0.015112269,0.077818679,0.667851852,0.945955933,0.34975674,0.761258476,0.926414982,0.21034838,-0.030101097,0.000261438,0,0,0,-0.024444173,0.189677798,0.887030944,0.43515785,-0.038336635,-0.00060077,-0.014456955,-0.014955304,0.459401842,1.025735771,0.567392976,9.56E-05,0.761235532,0.868757983,0.224050041,-0.028260976,2.45E-05,0,0,0,-0.02055723,0.152460645,0.850152375,0.752163555,0.04320596,-0.049060534,0.058425411,0.591618496,0.99295096,0.542607908,0.015251744,-0.002175818,0.7598943,0.965058446,0.294053918,-0.035645847,0,0,0,0,-0.001356243,-0.017291667,0.484282458,1.002971065,0.745609835,0.444996926,0.775214971,1.018898063,0.646921688,0.078995472,-0.024008432,-0.017937109,0.611484971,0.890287241,0.166725337,-0.022179283,0,0,0,0,2.32E-05,-0.005059385,0.056456308,0.372152199,0.576620217,0.811284599,0.727701185,0.32585849,0.041105001,-0.014127366,0.001211936,-0.018763872,0.245133238,0.943093784,0.334594465,-0.039492479,0,0,0,0,1.47E-05,0.000490145,-0.010230988,-0.020186104,-0.006667382,0.019508071,0.01077725,-0.024683211,-0.011918079,0.00051251,2.20E-05,-0.003415952,0.013509004,0.643885076,0.312136285,-0.035459215,0,0,0,0,0,5.67E-06,4.54E-06,-0.001127349,-0.002492341,-0.004519995,-0.003908037,-0.000736213,8.42E-05,1.07E-06,0,-0.000862234,0.008130089,0.118599214,0.022706172,-0.002982349,0,0,0,0,0,0,0,0,0,0,0,0,0,0,0,0.00011618,-0.001043985,-0.016098814,-0.004185724,0.00051745,0,0,0,0,0,0,0,0,0,0,0,0,0,0,0,0,0,0,0,0,0,0,0,0,0,0,0,0,0,0,0,0,0,0,0,0,0,0,0,0,0,0
0,0,0,0,0,0,0,0,0,0,0,0,0,0,0,0,0,0,0,0,0,0,0,0,0,0,0,0,0,0,0,0,0,0,0,0,0,0,0,0,0,0,0,0,0,0,0,0,0,0,0,0,0,0,0,0,0,0,0,0,0,0,0,0,0,0,0,0,0,0,0,0,6.48E-05,-7.67E-05,-0.00717019,-0.039896599,-0.022347273,0.001069922,0.000117953,0,0,0,0,0,0,0,0,0,0,0,0,6.74E-05,0.000182015,-0.016318798,0.06888654,0.650582721,0.375823887,-0.017342546,-0.002026144,0,0,4.15E-19,6.11E-05,0.000934436,-0.024391936,-0.050443815,-0.023518774,0.000721026,0.000161697,0,2.37E-32,8.97E-05,-0.019523919,0.136466452,0.72919904,1.059498775,0.481544067,-0.028459398,-0.002206904,0,0,0.000122549,-0.000807142,-0.022981516,0.256979592,0.560970946,0.257206818,-0.009257164,-0.001659518,0,3.16E-18,-0.008227294,0.024763751,0.643848397,1.042861383,0.871478639,0.172716231,-0.021549825,-0.000112847,0,0,-0.001020477,-0.019457242,0.259518857,0.888038417,1.042424653,0.762190239,0.060462374,-0.011860843,0,5.10E-05,-0.018921467,0.15747303,0.950720772,0.996514988,0.407654244,-0.021424575,-0.000812786,2.45E-05,0,0,-0.008499115,0.02856559,0.677220435,1.007374132,0.409462231,0.298181849,0.0298561,-0.005152846,-9.26E-05,-0.003117579,-0.031188743,0.454725789,1.034112303,0.686148999,0.02847658,-0.007366796,0.000260894,0,0,0,-0.012111247,0.063091395,0.773493515,0.970484937,0.019614328,-0.034519233,-0.002344177,-0.00131444,-0.013112507,-0.009898148,0.202359903,0.890967127,1.040078363,0.357363903,-0.030861179,-0.00058221,0,0,0,0,-0.007504936,0.019343025,0.650415679,1.004383034,0.14479519,-0.051480511,-0.030164112,-0.030108286,0.083164062,0.657483949,0.908380549,0.957551618,1.041683807,0.309726682,-0.033092456,-0.000320976,0,0,0,0,-0.000897842,-0.030618146,0.35028319,0.983589631,0.796205287,0.38666059,0.298559204,0.480008459,0.777849112,1.035077019,0.77069264,0.346541009,0.897754545,0.509864005,-0.012049973,-0.002034824,0,0,0,0,0.0001386,-0.004652164,-0.002374292,0.502020301,0.929619206,0.98363647,0.965993811,0.928677286,0.907062119,0.433423831,0.069160501,-0.028517949,0.594698392,0.696113098,0.00610216,-0.003501845,0,0,0,0,0,0.000627777,-0.007159586,0.005872226,0.112772331,0.430142804,0.485686342,0.201696112,0.066340891,-0.016814066,-0.01716248,-0.008765949,0.564421739,0.80250657,0.017959321,-0.004460682,0,0,0,0,0,0,0.000186377,-0.002169713,-0.012322134,-0.032070057,-0.035074362,-0.019378404,-0.007673781,-0.000355733,-0.004518995,-0.006848477,0.562303309,0.922372243,0.031561717,-0.005563828,0,0,0,0,0,0,0,0,6.13E-05,-0.000698529,-0.000856671,2.45E-05,0,0,-0.004575163,-0.006848477,0.559812806,0.967616371,0.036681083,-0.005978911,0,0,0,0,0,0,0,0,0,0,0,0,0,0,-0.004658565,-0.006266051,0.565607979,0.939426147,0.033227039,-0.005710529,0,0,0,0,0,0,0,0,0,0,0,0,0,0,-0.004029425,-0.012595493,0.56590034,0.69731097,0.004916517,-0.003444978,0,0,0,0,0,0,0,0,0,0,0,0,0,0,-0.000244247,-0.020522757,0.215355137,0.271573053,-0.003449244,-0.001109069,0,0,0,0,0,0,0,0,0,0,0,0,0,0,2.98E-05,0.001812757,-0.019919747,-0.025483388,0.000247651,0.00010723,0,0,0
0,0,0,0,0,0,0,0,0,0,0,0,0,0,0,0,0,0,0,0,0,0,0,0,0,0,0,0,0,0,0,0,0,0,0,0,0,0,0,0,0,0,0,0,0,0,0,0,0,0,0,0,0,0,0,0,0,0,0,0,0,0,0,0,0,0,0,0,0,0,4.08E-05,-0.000417177,-0.00280599,-0.001677747,-9.79E-05,2.48E-05,0,0,0,0,0,0,0,0,0,0,0,0,0,0,0.001012731,-0.011368294,-0.003001321,-0.016763974,-0.017664965,-3.65E-05,8.46E-05,0,0,0,0,0,0,1.16E-17,-1.81E-16,0.000287224,-0.003219039,-0.005366509,-0.001461652,0.000138293,-0.016231788,0.173984545,0.587807247,0.460792433,0.135341265,-0.006258374,-0.000494179,0,0,0,0,0.000149782,-0.000611471,-0.010720827,-0.01964665,-0.023566262,0.022905178,0.048050936,0.015823717,-0.001482928,-0.036684709,0.396922488,1.008538074,1.04225543,0.70458941,0.010303105,-0.003894608,0,0,0,0,-0.000407647,-0.000972659,0.037035588,0.338167778,0.550555114,0.844269224,0.816684223,0.20922812,-0.019879608,-0.026378188,0.279983151,0.949435866,1.026930177,0.799487808,0.020651285,-0.00474308,0,0,0,0,-0.012956665,0.076913548,0.736104337,0.968282595,0.790556679,0.38837066,0.431533808,0.023416054,-0.003013974,-0.038701644,0.256835069,0.948645387,1.0106739,0.404052798,-0.018676266,-0.001331036,0,0,0,0,-0.016084048,0.099104755,0.898557019,0.892152795,0.118429415,-0.040790799,0.009505524,-0.006353418,-0.014247498,0.136956921,0.583399118,1.004728218,0.97610735,0.257694615,-0.034294509,6.17E-05,0,0,0,0,-0.010794696,0.050559445,0.740914131,0.935593307,0.081278322,-0.010509259,-0.008364926,-0.006628149,0.175596984,0.812229882,0.978827717,0.632255429,0.9504856,0.843196283,0.095121204,-0.014033752,0.000519751,5.70E-19,0,0,-0.001456121,-0.032355132,0.433841861,1.020873077,0.3288806,-0.02821298,-0.027630549,0.332101239,0.820912599,0.936257523,0.460773455,0.005361787,0.384760366,0.948880413,0.55671761,0.00822149,-0.006757776,0.000200844,0,0,0.000216053,-0.025187427,0.17282605,0.81544831,0.902137856,0.604941112,0.547565688,0.954782401,0.895562587,0.244290541,-0.007012759,-0.009695314,-0.035817486,0.632475864,0.990812764,0.336621978,-0.022146343,-0.001473476,0,0,0,0.000880519,-0.019412377,0.150641953,0.598373553,0.680706359,0.731029344,0.436129919,0.147332857,-0.017556424,-0.005508323,0.000426501,-0.018057326,0.177838082,0.927252434,0.857950231,0.084663028,-0.014575334,0,0,0,0,0.000573529,-0.010604677,0.005557547,0.017786458,0.047044913,-0.041401229,-0.014783327,3.53E-05,7.79E-05,0,-0.001379085,-0.023050364,0.493701134,1.050107962,0.154001162,-0.021677219,0,0,0,0,4.78E-05,-0.000446078,-0.005924632,-0.007800245,-0.011189617,0.000220588,0,0,0,0,5.86E-05,-0.014425773,0.083077734,0.532478111,0.099019812,-0.012634123,0,0,0,0,0,0,0,0,0,0,0,0,0,0,9.04E-06,-0.000360856,0.000869707,0.007153459,0.000960316,-0.000139229,0,0,0,0,0,0,0,0,0,0,0,0,0,0,0,0.000117402,-0.000802658,-0.004146182,-0.000713934,9.38E-05,0,0,0,0,0,0,0,0,0,0,0,0,0,0,0,0,0,0,0,0,0,0,0,0,0,0,0,0,0,0,0,0,0,0,0,0,0,0,0,0,0
0,0,0,0,0,0,0,0,0,0,0,0,0,0,0,0,0,0,0,0,0,0,0,0,0,0,0,0,0,0,0,0,0,0,0,0,0,0,0,0,0,0,0,0,0,0,0,0,0,0,0.000224206,-0.001703966,-0.031985868,-0.035247238,-0.005647956,0.000880519,0,0,0,0,0,0,0,0,0,0,0,0,0,0.000398897,-0.003476784,-0.012673645,0.256996419,0.287417313,0.036219686,-0.007241268,4.55E-05,0,0,0,0,0,0,0,0,0.000237439,-0.0023269,-0.018249664,-0.01073223,-0.004232843,0.008843001,0.46553319,0.952186044,0.978713082,0.313845095,-0.023981771,-0.000704504,0,0,0,0,0,0,3.73E-19,6.89E-05,-0.000695721,-0.002665782,0.111586173,0.079476358,-0.033077291,0.177137646,0.915975694,1.032125916,1.044416871,0.4448886,-0.019914556,-0.001474163,0,0,0,0,0,0,5.06E-05,-0.000631127,-0.030288841,0.272426726,0.789231415,0.309876345,-0.059243277,0.223608864,0.962861213,0.927489809,1.019158395,0.485436632,-0.014295309,-0.001881536,0,0,0,0,0,0,-0.000507062,-0.020008612,0.239369284,0.918487849,0.737830592,0.057571967,-0.037826712,0.221293126,0.959021748,0.960418329,0.978588724,0.257613343,-0.030453508,-0.00018497,0,0,0,0,0,6.36E-05,-0.004328482,0.00584758,0.728600575,0.918897059,0.157726108,-0.022555726,-0.029049462,0.209590074,0.942464529,1.038216016,0.757921432,0.077357792,-0.015398114,3.17E-05,0,0,0,0,4.90E-05,0.000375036,-0.032321981,0.344627894,1.007496119,0.439789641,-0.026174195,-0.002484545,-0.023276893,0.137752655,0.860790475,0.983624971,0.32806027,-0.024549666,-0.000608762,0,0,0,0,0,0.000315904,-0.021534385,0.12331844,0.862513429,0.828172283,0.090375255,-0.017751773,0.000614788,-0.037346882,0.249630685,0.960297318,1.014265283,0.405623962,-0.044102992,-0.00060929,5.49E-05,0,0,0,0,-0.009032203,0.035280563,0.674779599,1.018714001,0.423538841,-0.023921007,-0.002147538,-0.031514127,0.17435706,0.766641221,0.661646991,0.953014978,0.8415489,0.176132881,-0.029907969,-0.003687449,0.0004158,0,0,0,-0.018343117,0.122593136,0.935160002,0.940222542,0.150035958,-0.02008902,-0.031819741,0.330454306,0.836138763,0.550525984,-0.008119217,0.563870875,1.03538701,0.819204221,0.226681461,-0.024312808,-0.008491543,0.000766377,0,0,-0.002832074,-0.014421293,0.440560321,0.705819819,-0.007148574,-0.026208418,0.376665427,0.903373826,0.467963337,-0.009229984,-0.018818032,0.059982505,0.595752468,1.027589682,0.921511166,0.449366047,0.025582324,-0.006324891,0,0,-0.004924598,0.002626625,0.533333946,0.490074534,0.290709797,0.676515778,0.861005496,0.353010621,0.014559402,-0.008530212,0.000901791,-0.021819297,0.048983269,0.625287956,1.024501481,1.041117222,0.138400188,-0.020582108,0,0,-0.008695364,0.037230902,0.622918488,0.85139854,0.729121936,0.616815802,0.18827611,-0.028056049,-0.005806679,0.000539828,8.27E-06,0.000968163,-0.012659552,0.021620745,0.400259617,0.77037197,0.127078442,-0.017079078,0,0,0.000211737,-0.011078024,0.071720929,0.210208333,0.034262442,-0.040940155,-0.013696038,-0.00054999,6.43E-06,1.01E-05,0,2.32E-05,0.000129391,-0.004208435,-0.03365528,0.03917499,0.020338144,-0.001983252,0,0,2.85E-05,0.000926284,-0.011009743,-0.026437569,-0.007657658,0.000523419,0,0,0,0,0,0,0,0,0.000764339,-0.008713465,-0.00283743,0.000305736,0,0,0,0,0,0,0,0,0,0,0,0,0,0,0,0,0,0,0,0,0,0,0,0,0,0,0,0,0,0,0,0,0,0,0,0,0,0,0,0,0
0,0,0,0,0,0,0,0,0,0,0,0,0,0,0,0,0,0,0,0,0,0,0,0,0,0,0,0,0,0,0,0,0,0,0,0,0,0,0,0,0,0,0,0,0,0,0,0,0,0,0,0.000118218,0.000826211,-0.020031389,-0.039289063,-0.005273328,0.000447597,0,0,0,0.000109783,-0.001208129,-0.00226173,-0.001516187,-0.000118821,2.57E-05,0,0,0,0,0.000179994,-0.002434215,-0.029495231,0.149744877,0.326007387,0.024169067,-0.002638787,0,0,0,0.00058381,-0.006415611,-0.01137615,-0.016187313,-0.006144523,0.00076348,0,0,0,0.000628676,-0.005835427,-0.017251106,0.315771541,0.772862047,0.997425534,0.447206631,-0.028563062,0,0,0,-0.026371017,0.290132591,0.539049145,0.419384021,0.065757847,-0.010415135,1.77E-18,0,3.70E-05,-0.004501004,-0.002344022,0.417941449,0.968832786,1.012076542,1.038280382,0.724837912,-0.043970078,0,0,0,-0.053510944,0.588664131,1.077585062,1.024309164,0.238390063,-0.044068559,0.000555556,0.0003465,-0.002958452,-0.033979048,0.192733796,0.886838133,1.014770053,0.991833061,1.030292637,0.723320398,-0.043851665,0,0,0,-0.052994595,0.583436859,1.043126932,1.021066168,0.59910428,0.027273093,-0.039400249,-0.035388343,-0.020031491,0.093713702,0.76504564,0.999321743,0.990574174,0.993304458,0.996650802,0.43202414,-0.02781343,0,0,0,-0.043206614,0.471783514,1.02097195,0.997429892,1.014251328,0.622884106,0.245055317,0.250236351,0.406216878,0.831468171,1.011470282,0.993738783,0.990505755,0.995805283,0.97718544,0.253335818,-0.017980954,0,0,0,-0.006691687,0.055506706,0.697409214,1.017340754,1.000104507,0.990572508,0.931531386,0.93094795,0.974682258,1.020216963,1.021788058,1.004341333,0.989644396,0.99586329,0.981674224,0.266015251,-0.018688521,0,0,0,0.001064645,-0.020697849,0.146475752,0.631796654,1.023437347,1.029869536,1.012685849,1.002514234,1.005235737,0.965803564,0.781655978,0.902343546,1.000140774,0.995820278,0.963119111,0.247706121,-0.017629851,0,0,0,0,0.000555556,-0.033906842,0.145029786,0.576305777,0.649083248,0.903487303,1.032123826,0.978221473,0.503704129,0.006836652,0.593133749,1.036573044,1.00589922,0.794189968,0.081587384,-0.008038194,0,0,0,0,0,-0.000468634,0.003813593,0.011588755,0.020988392,0.106303198,0.148088968,0.127954782,0.013317996,-0.06805688,0.565167203,1.041126934,1.011204326,0.717866441,0.005552991,-0.003652063,0,0,0,0,0,0.000228283,-0.001854405,-0.006287616,-0.007670718,-0.016798237,-0.021303826,-0.01920224,-0.005010689,-0.058270969,0.559637646,1.040624244,1.009856124,0.725555896,0.013876345,-0.004129034,0,0,0,0,0,0,0,0,0,0,0,5.24E-05,-0.012747549,0.049427066,0.721594873,1.023101518,1.00891265,0.736491558,0.015145493,-0.004230596,0,0,0,0,0,0,0,0,0,0,0,-0.000462776,-0.022133119,0.244572934,0.916531148,1.003391083,1.014753711,0.650599792,0.005323274,-0.003438572,0,0,0,0,0,0,0,0,0,0,0,-0.000657782,-0.02111683,0.277026893,0.944560679,1.022898204,1.053881042,0.332131008,-0.032107196,-0.000465176,0,0,0,0,0,0,0,0,0,0,0,6.97E-05,-0.00989391,0.044506271,0.415199357,0.808040791,0.576205889,0.08069599,-0.014900534,6.85E-05,0,0,0,0,0,0,0,0,0,0,0,0,0.00051777,-0.003492817,-0.018389842,-0.021043951,-0.021621051,-0.005766102,0.000775123,0,0,0,0,0,0,0,0,0,0,0,0,0,0,0,0,0,0,0,0,0,0,0,0
0,0,0,0,0,0,0,0,0,0,0,0,0,0,0,0,0,0,0,0,0,0,0,0,0,0,0,0,0,0,0,0,0,0,0,0,0,0,0,0,0,0,0,0,0,0,0,0,0,0,0,0,0,0,0,0,0,0,0,0,0,0,0,0,0,0,0,0,2.33E-05,0.00040385,-0.006501889,-0.02988511,-0.041397568,-0.018773029,-0.002726052,0.000350643,4.14E-06,0,0,0,0,0,0,0,0,0,0,0,7.77E-05,-0.011721014,0.060291531,0.469249796,0.697086306,0.277987558,0.006325402,-0.009070925,0.000282629,0,0,0,0,0,2.86E-18,-1.45E-17,-2.45E-16,-4.01E-17,2.99E-18,0,-0.005254391,0.037332806,0.679628864,1.021501617,0.912088837,0.892092405,0.445057632,0.009562296,-0.002903952,0,0,0,0,0.00018893,-0.000917716,-0.012637017,-0.016494758,-0.002202478,0.00018893,0,-0.010190513,0.110001311,1.005063521,0.848575997,0.226731703,0.711349673,0.914307377,0.108192198,-0.009796109,0,0,0,0,-0.000864722,-0.005213701,0.086084427,0.392510412,0.06497656,-0.004913477,0,-0.004982013,0.031104844,0.702587644,0.941146203,0.551208141,0.952978221,0.593546312,0.011301177,-0.003557285,0,0,0,0,-0.012865945,0.106854915,0.762076865,0.788091214,0.069095605,-0.007185713,5.01E-05,-0.000628421,-0.034557462,0.305854286,0.997312806,1.027647433,0.685532986,0.059779514,-0.016415645,0.00019761,0,0,0,0,-0.020375987,0.377448925,1.041670598,0.477396616,-0.018626072,-0.007345435,-0.017716359,-0.035805011,0.041910318,0.483385774,1.029426947,1.020802862,0.437731073,-0.039950061,-3.25E-05,0,0,0,0,0,-0.020646276,0.417467677,1.055476784,0.299357503,-0.073633119,0.005826304,0.093203888,0.281082159,0.745599043,1.008196844,0.800844516,0.888850519,0.807762,0.097964699,-0.021157901,0.00018127,0,0,0,0,-0.017040952,0.188586958,0.925802662,0.723112796,0.388225728,0.576441789,0.809574127,1.022231652,0.956917041,0.525838542,0.063032356,0.317768521,1.014845367,0.438582516,-0.015144421,-0.001667688,0,0,0,0,-0.001908809,-0.009379892,0.179464113,0.744756244,0.883048184,0.891876469,0.888822247,0.570160766,0.174158004,-0.007169958,-0.025048442,0.058745678,0.768762909,0.953387211,0.141543523,-0.011745343,0,0,0,0,0.000309777,-0.00188435,-0.020365094,0.029868856,0.05803845,0.052795564,0.045640295,-0.001328891,-0.019873111,-0.005080167,-0.003432053,-0.01555311,0.484920564,1.017824823,0.403181168,-0.030579963,0.000458603,0,0,0,0,0,0.000260417,-0.004277727,-0.006341486,-0.006192555,-0.005840824,-0.001691432,0.000159569,0,-0.0003045,-0.019365955,0.175392685,0.884985941,0.703896497,0.02596252,-0.006898618,0,0,0,0,0,0,0,0,0,0,0,0,0,6.43E-05,-0.002079308,-0.031278186,0.747859375,0.884869945,0.14259249,-0.019726469,0,0,0,0,0,0,0,0,0,0,0,0,0,0,-0.000855244,-0.035598073,0.75279776,0.829111026,0.098945364,-0.014960254,0,0,0,0,0,0,0,0,0,0,0,0,0,0,-0.02486158,0.196150211,0.840703362,0.471130169,-0.017155487,-0.00118989,0,0,0,0,0,0,0,0,0,0,0,0,0,0,-0.018207574,0.163798169,0.265790101,0.016699942,-0.00437117,0.000232359,0,0,0,0,0,0,0,0,0,0,0,0,0,0,0.001600016,-0.014316959,-0.024680862,-0.002860754,0.000264246,0,0,0
0,0,0,0,0,0,0,0,0,0,0,0,0,0,0,0,0,0,0,0,0,0,0,0,0,0,0,0,0,8.88E-05,6.62E-05,-0.010388412,-0.020671803,-0.020815802,-0.020146718,-0.00387306,0.000297181,0,0,0,0,0,0,0,0,0,0,0,0,0.000598936,-0.014407467,0.078617294,0.514427525,0.886903323,0.587073448,0.075146379,-0.00690514,0,0,0,0,0,0,0,0,0,0,0,2.93E-05,-0.014836652,0.078317249,0.690107792,1.018752021,0.999198853,0.991428139,0.191573325,-0.014667739,0,0,0,0,0,0,0,0,0,0,0,-0.000268791,-0.030216469,0.273840057,0.993846678,0.65435483,0.819604456,0.959448155,0.166796705,-0.013150071,0,0,0,0,0,0,0,0,0,0,0,-0.00301731,5.82E-05,0.625030331,0.793839052,0.319158361,1.004405995,0.698438947,0.014639485,-0.00409232,0,0,0,0,0,0,0,0,0,0,0,-0.005048917,0.022617817,0.912881315,0.543849724,0.561241321,1.052966639,0.43905513,-0.021211227,-0.001380566,0,0,0,0,0,0,0,0,0,0,0,-0.020888824,0.305707132,1.001533689,0.88202132,0.965227654,0.879294736,0.170646325,-0.022689403,-0.000103186,0,0,0,0,0,0,1.53E-06,5.92E-05,-0.000857077,-0.000971712,0.000221353,-0.027976716,0.414123468,0.993366388,1.001639978,1.021466291,0.54131553,-0.017741609,-0.003498775,1.38E-05,0,0,0,0,0,0,0.00041585,-0.006150259,-0.021702359,-0.013995336,-0.004721883,-0.012668301,0.542570925,1.009529156,1.009739277,0.883218682,0.17750783,-0.020969924,0.000359988,0,0,0,0,0,0,0,-0.003248928,0.031449397,0.326977311,0.296195313,-0.002946323,-0.027923271,0.425971235,0.997099537,0.996005532,0.366954568,-0.023840295,0.00033318,0,0,0,0,0,0,0,0,-0.013550756,0.17371315,0.965972035,0.754777591,0.049560454,-0.04652485,0.424439032,1.017691517,0.760949534,0.068176321,-0.012721184,8.04E-05,0,0,0,0,0,0,0,0,-0.016012138,0.217393298,1.001725538,0.725261913,0.020689846,0.156278892,0.811507446,1.048312883,0.570716644,0.005079508,-0.005199204,0,0,0,0,0,0,0,0,0,-0.030072763,0.472564747,1.038489379,0.668789437,0.178126826,0.705953993,0.999782237,1.038142923,0.868741575,0.235107262,-0.04041442,-0.001020527,0.000311428,4.60E-07,0,0,0,0,0,0,-0.020490554,0.304120626,0.880960325,0.972025837,0.860927908,1.017274731,0.88022692,0.573393229,1.019928019,0.786155901,0.380636387,0.007077563,-0.004388736,5.36E-06,0,0,0,0,0,0,-0.000430658,-0.019391833,0.22394938,0.845224622,0.994662672,0.737674054,0.227116405,0.056857554,0.557894063,0.877791961,0.771807785,0.157132268,-0.019327359,-0.000147518,0,0,0,0,0,0,0.000123775,-0.000467269,-0.033500613,0.144508476,0.318171344,0.047634498,-0.024947508,-0.008530756,-0.010771923,0.142379506,0.183376787,0.066993447,-0.005207823,-0.000135723,0,0,0,0,0,0,0,0,0.001773266,-0.019860585,-0.038338863,-0.009398312,0.000886633,0.00025478,-0.002447923,-0.019717188,-0.023140516,-0.007717582,0.000640822,1.47E-05,0,0,0,0,0,0,0,0,0,0,0,0,0,0,0,0,0,0,0,0,0,0,0,0,0,0,0,0,0,0,0,0,0,0,0,0,0,0,0,0,0,0,0
0,0,0,0,0,0,0,0,0,0,0,0,0,0,0,0,0,0,0,0,0,0,0,0,0,0,0,0,0,0,0,0,0,0,0,0,0,0,0,0,0,0,0,0,0,0,0,0,0,0,0,0,0.000136685,-6.44E-05,-0.021021157,-0.031815254,-0.013299499,0.000846958,5.71E-05,0,0,0,0,0,0,0,0,0,0,0,1.01E-17,0.000784824,-0.017944896,-0.038301641,0.156060611,0.256295769,0.085246885,-0.012896743,0.000223312,0,0,0,0,0,0,0,0,0,0,0,-1.50E-16,-0.012728928,0.253588521,0.632226494,0.834106618,0.939642616,0.782007319,0.081954517,-0.013745064,0,0,0,0,1.09E-18,-5.87E-18,-1.85E-16,-8.84E-17,1.01E-17,0,0,-4.36E-16,-0.021199449,0.635245013,1.041362847,1.016320908,1.009685747,0.676422556,0.047468917,-0.010068083,0,0,0,8.15E-06,0.000525599,-0.009480358,-0.020816483,-0.018952206,-0.018147616,-0.010630447,0.000477601,7.88E-05,-0.021029412,0.747028012,1.016878217,1.012731056,0.60589471,0.062020306,-0.014935439,0.000393348,0,0,0,0.001076393,-0.014806673,0.051246093,0.351094533,0.225133199,0.1101267,0.082410419,-0.003030961,-0.0015112,-0.044750197,0.593610122,1.044031786,0.668962503,0.034822639,-0.019669449,0.001236265,2.04E-05,0,0,0.000185355,-0.01078997,0.044525089,0.634182921,1.043668079,1.00956987,0.958520562,0.456574721,-0.028863562,-0.020262068,0.20174646,0.867514845,0.995462112,0.306055113,-0.033455031,-0.000178717,0,0,0,0,-0.002076695,-0.021632679,0.401551658,1.012975201,0.748184147,0.340129289,0.3057045,0.074128642,-0.013816176,0.390792024,0.891142327,1.033953059,0.9220048,0.188407782,-0.029093273,7.76E-05,0,0,0,0,-0.015539216,0.093925645,0.880379442,0.963179177,0.130674496,-0.041491558,-0.03379355,-0.02612066,0.448006042,1.008275344,0.916644965,0.769398516,0.94176491,0.215735771,-0.028541684,-7.07E-05,0,0,0,0,-0.021350082,0.148524112,1.05673812,0.638987388,0.001047641,-0.020424326,-0.040280478,0.257777471,0.949930215,1.06603576,0.518167143,0.273576223,1.014962946,0.321022382,-0.029014059,-0.00050194,0,0,0,0,-0.015979271,0.098510426,0.91194047,0.53100424,-0.01464127,0.074361047,0.475295131,0.955688381,0.939163304,0.741153405,0.176750048,0.082956531,0.892121533,0.788373181,0.020387146,-0.00464499,0,0,0,0,-0.006945976,0.015894124,0.618328431,0.948620983,0.580672028,0.871596644,1.068505395,0.902901757,0.209190087,-0.014896718,-0.017280859,-0.001271775,0.60219087,1.027196317,0.26056684,-0.026515982,0.00082304,0,0,0,0.000221099,-0.020059364,0.130148114,0.654591929,1.016738034,0.80265048,0.497645156,0.168329776,-0.00845658,-0.004081019,-8.43E-06,-0.025310424,0.216038722,0.921072423,0.75299389,0.067172045,-0.01292966,0.000125613,0,0,4.29E-05,0.000544413,-0.01143013,0.007439236,0.14057884,0.065403833,-0.020144647,-0.026594363,-0.001179841,0.000352941,7.05E-05,-0.001452957,-0.021208112,0.423487558,0.999053326,0.379465142,-0.031190433,-0.001088303,0,0,0,5.63E-05,-0.000307955,-0.003558517,-0.011823376,-0.007143484,-0.001633443,6.89E-05,0,0,0,0.000184664,-0.012737694,0.128526774,0.987245966,0.428282952,-0.02711034,-0.001819683,0,0,0,0,0,0,0,0,0,0,0,0,0,0,-0.003492571,0.041693622,0.341844027,0.067032479,-0.009836881,8.82E-05,0,0,0,0,0,0,0,0,0,0,0,0,0,0,0.000211908,-0.002480256,-0.019669798,-0.007185458,0.00074039,8.51E-06,0,0,0,0,0,0,0,0,0,0,0,0,0,0,0,0,0,0,0,0,0
0,0,0,0,0,0,0,0,0,0,0,0,0,0,0,0,0,0,0,0,0,0,0,0,0,0,0,0,0,0,0,0,0,0,0,0,0,0,0,0,0,0,0,0.000112511,0.000476132,-0.026138356,-0.052137296,-0.04347878,-0.001752884,0.000244588,0,0,0,0,0,0,0,0,0,0,0,0,3.55E-05,-0.000432955,-0.019105409,0.205022127,0.449131366,0.374097248,0.006222597,-0.001327614,0,0,0,9.65E-06,0.000127298,-0.003179279,-0.003587827,0.00014767,1.94E-05,0,0,3.68E-05,0.000265786,-0.021817368,0.200612915,0.85792499,1.086429449,0.937274775,0.199595929,-0.019434232,0,0,0.000132078,-0.000177849,-0.021745251,0.006725048,0.013658463,-0.006605723,0.000425517,0,0,6.25E-05,-0.010279289,0.046711159,0.775828585,1.029728401,0.666197746,0.207764988,0.010747379,-0.001831427,6.48E-19,8.94E-05,-5.97E-05,-0.019089988,0.117820449,0.551649459,0.566338099,0.023226734,-0.006911084,0,0,-0.004567844,-3.00E-05,0.487162684,1.015575504,0.748667824,0.05227485,-0.025145173,-0.001580372,0.000163399,0.000106379,-0.00180079,-0.032378028,0.191295854,0.797245387,1.005100473,1.003056577,0.136116088,-0.020073019,0,0,-0.008513887,0.028543272,0.680299128,1.002803595,0.277823842,-0.033762484,0.001026356,4.04E-05,0.000439036,-0.004456946,-0.022883596,0.284395925,0.830171144,1.017948225,0.996069157,1.016747551,0.143688003,-0.020816688,0,0,-0.017484852,0.112760232,0.939873315,0.749279633,0.043951304,-0.005825725,6.24E-05,-0.000359528,-0.006904463,-0.004700078,0.233570653,0.9356041,1.021979201,0.994643416,0.99179999,1.013607894,0.142581937,-0.020697508,0,0,-0.021117919,0.146522359,1.047845146,0.6534904,0.002010025,-0.003115247,-0.001114712,-0.014803615,-0.006962997,0.445579759,0.911769029,1.002401162,0.993850865,0.983490366,0.99189408,1.017485549,0.143833007,-0.020832312,0,0,-0.020757932,0.144133291,1.034873009,0.534356856,-0.008874438,-0.019441993,-0.04136905,0.154637442,0.594207448,0.990127281,1.04040271,0.79090902,0.351532714,0.688775565,1.027511046,0.821327461,0.079718825,-0.013923952,0,0,-0.021028561,0.146078279,1.044366234,0.599109903,0.006494247,0.152517106,0.412938085,0.801374081,1.028774714,0.999309453,0.833039743,0.226024486,0.058403442,0.776264348,1.050940428,0.62645418,0.015176613,-0.007001974,0,0,-0.018206725,0.118577359,0.957768249,0.900538689,0.700933411,0.871113387,0.993691566,1.039787769,0.992171317,0.666488593,0.102265773,-0.045784472,0.208691842,0.90464781,0.992355625,0.402084047,-0.017900724,-0.002383039,0,0,-0.004674394,-0.000307315,0.500502213,1.018815257,1.042569308,1.033235124,1.024992306,0.902640336,0.425045156,0.045510298,-0.019987251,-0.026956198,0.19870881,0.897274714,0.956828159,0.269711363,-0.035045758,0.000151484,0,0,-9.99E-05,-0.008385054,0.064343733,0.496169271,0.618518791,0.610059232,0.562011468,0.186218852,-0.001420769,-0.011611366,0.000500766,-0.025632873,0.198392259,0.915875817,0.809567249,0.052384157,-0.010202193,0,0,0,5.51E-05,0.000592923,-0.01198189,-0.007431747,0.000491217,0.000249523,-0.004877264,-0.024287003,-0.004149714,0.000589461,1.84E-06,-0.025632873,0.198450929,0.924056934,0.701593342,-0.026362234,-0.001564143,0,0,0,0,9.78E-06,3.85E-05,-0.002220384,-0.003094975,-0.003046364,-0.002618116,-0.000112337,1.53E-05,0,0,-0.026166891,0.21190608,0.799196453,0.24248092,-0.01114791,-0.000516489,0,0,0,0,0,0,0,0,0,0,0,0,0,0,-0.010235087,0.085713366,0.266423046,-0.00396962,-0.001465493,6.83E-05,0,0,0,0,0,0,0,0,0,0,0,0,0,0,0.000534018,-0.004425892,-0.014665203,-0.00124149,0.00012306,0,0,0,0,0,0,0,0,0,0,0,0,0,0,0,0,0,0,0,0,0,0,0
0,0,0,0,0,0,0,0,0,0,0,0,0,0,0,0,0,0,0,0,0,0,0,0,0,0,0,0,0,0,2.98E-05,9.28E-05,-0.013045738,-0.021210512,-0.021250511,-0.017661697,-0.002938794,0.000407647,0,0,0,0,0,0,0,0,0,0,0,9.54E-05,0.000440208,-0.018802688,0.073008492,0.146935306,0.147479363,0.113903326,0.00907943,-0.001625573,0,0,0,0,0,0,0,0,0,0,0,-0.000488358,-0.009052951,0.137352073,0.780640635,1.032769421,1.031827461,0.929559249,0.236906029,-0.029812482,0,0,0,0,0,0,0,0,0,0,0,-0.006932292,0.014512153,0.598900752,1.026199825,1.005170054,0.997634174,1.039633459,0.418884242,-0.04898985,0,0,0,3.53E-18,-2.22E-17,-1.95E-16,-1.53E-16,-2.43E-18,8.40E-19,0,0,-0.01092065,0.051121324,0.636092133,1.003607493,0.767037514,0.893177832,1.057345792,0.425949346,-0.049739513,0,0,0,0.000406795,-0.007055189,-0.020604235,-0.018803275,-0.003165339,0.000254289,0,0,-0.031601716,0.227083027,0.98265145,0.795640618,0.418903527,0.881770918,1.069314236,0.432249455,-0.050425992,0,0,0,-0.006705631,0.058166039,0.359611172,0.297750262,0.022012097,-0.002546778,0,0,-0.03380702,0.246953837,1.003074188,0.713756102,0.704217521,1.038770688,0.866732875,0.175566885,-0.02319248,0,0,0,-0.020421432,0.467782398,1.02180833,0.950527267,0.174798271,-0.013628421,0,0,-0.028329044,0.198554841,0.923882693,1.010752178,1.005825146,1.004765438,0.406077053,-0.005801181,-0.002105499,0,0,0,-0.020729507,0.810848722,1.018888123,0.976514161,0.21907901,-0.016108813,0,0,-0.012988664,0.062540935,0.737401791,1.026316905,1.008702104,0.757365247,0.035039233,-0.008081393,0.000275162,0,0,0,-0.020729507,0.870990125,1.016810611,1.001019829,0.466005872,-0.02969087,0,1.60E-18,-0.005620098,0.004659348,0.562720827,1.010523521,1.023709201,0.332357486,-0.040366439,3.27E-05,8.69E-19,0,0,0,-0.020081019,0.74739216,0.999776757,0.985675109,0.291783837,-0.020108864,0.000146753,-0.00086346,-0.017580236,0.012459014,0.562894506,1.002468645,1.025486026,0.510553615,0.057776025,-0.012630583,0.000688924,0,0,0,-0.016739873,0.170438507,0.907898492,0.939923685,0.162959232,-0.012765124,-0.001429088,-0.00660236,0.033835827,0.524607351,1.017273841,1.002197957,0.967810271,0.991601188,0.580490774,0.012096293,-0.004900312,0,0,0,-0.016678922,0.094281284,0.910920088,0.897006332,0.116942913,-0.043177185,-0.034242234,0.105623945,0.624563334,0.993832499,0.737632234,0.448188041,0.449314645,0.958970758,1.013188249,0.341712742,-0.040909054,0,0,0,-0.010182972,0.046077463,0.704551368,1.029857775,0.604459525,0.460757557,0.484905443,0.742380515,1.029099843,0.7574992,0.065344022,-0.033284399,0.011087878,0.556077223,1.056797777,0.436019148,-0.050588235,0,0,0,-2.33E-05,-0.013028464,0.091910607,0.633232094,0.883175415,1.033191585,1.036258968,0.99424823,0.74059135,0.040225337,-0.015790867,-0.001703457,-0.010743362,0.012912888,0.387723056,0.187333657,-0.021288166,0,0,0,5.16E-05,0.000450807,-0.012211295,0.007526808,0.196690632,0.616219635,0.651541128,0.384621698,0.077220129,-0.010470963,-0.000332618,3.91E-05,0.000258578,-0.003450061,-0.025641136,-0.012042024,0.001373364,0,0,0,0,0,0.00040724,-0.00678947,-0.012221577,0.014432504,0.023331809,-0.018766153,-0.014919897,0.000496922,5.01E-05,0,0,0,0,0,0,0,0,0,0,0,0,0.000168505,-0.001067198,-0.006836363,-0.007865558,-0.002159926,0.000204248,0,0,0,0,0,0,0,0,0,0,0,0,0,0,0,0,0,0,0,0,0,0,0,0,0,0,0,0,0,0
0,0,0,0,0,0,0,0,0,0,0,0,0,0,0,0,0,0,0,0,0,0,0,0,0,0,0,0,0,0,0,0,0,0,0,0,0,0,0,0,0,0,0,0,0,0,0,0,0,0,0,0,0,0,0,0,0,0,0,0,0,0,0,0,0,0,0,0,0,0,0,0,0,0,0,0,0,0,0,0,0,0,0,0,0,0,0,0,0,0,0,0,0,0,0,0,0,0,0,0,0,0,0,1.91E-05,0.000805504,-0.008799275,-0.040345861,-0.049750825,-0.040807121,-0.007678462,0.000993583,6.38E-06,0,0,0,0,0,0,0,0,0,0,1.22E-05,0.000208589,-0.017589614,0.079598056,0.439880174,0.555101368,0.454050586,0.082585869,-0.01113043,-1.80E-05,0.000141657,-0.004916769,-0.015874183,-0.017931475,-0.008452138,-8.82E-05,8.68E-05,0,0,0,0.000599216,-0.012315132,0.053851046,0.776609987,1.026865344,1.00444512,0.981683024,0.489122726,-0.007356763,-0.00295896,-0.015882589,0.000483928,0.097349476,0.116473085,0.032901125,-0.009819287,5.04E-05,0,0,0,-0.005016917,0.013312517,0.576792041,1.045557513,0.793382166,0.320700287,0.299512323,0.138078738,-0.00669533,-0.017523744,0.090196843,0.524147399,0.886999915,0.942982707,0.626144318,0.076292973,-0.009647672,0,0,0,-0.038386531,0.318476392,1.004510978,0.771235583,0.124612303,-0.03617039,-0.028616796,-0.023961023,-0.036567896,0.297163994,0.815029062,1.019989498,0.962911799,0.982270306,1.019946402,0.489811378,-0.020365775,0,0,0,-0.051025233,0.440914999,1.057684879,0.392433126,-0.049920513,-0.004179355,-0.026689066,0.030188113,0.42810032,0.927291888,1.024052118,0.576201712,0.06740722,0.345062891,0.985198223,0.859108186,-0.020801675,0,0,0,-0.048872447,0.419132302,1.056981379,0.573323189,0.023881025,0.025072035,0.200415169,0.65911683,1.032836193,0.90594681,0.414658086,0.004994264,-0.032182241,0.093162275,0.808719295,0.884644209,-0.020669935,0,0,0,-0.020290369,0.151430027,0.789158021,1.031254297,0.806230229,0.815786907,0.958638542,1.016462181,0.701936971,0.240614766,-0.027951175,-0.007427167,-0.016245261,0.096416099,0.799587172,0.77140264,-0.020669935,0,0,0,0.000966124,-0.023002502,0.19967356,0.577768842,0.786321129,0.901610734,0.724883153,0.42192053,0.061325997,-0.022843052,-0.003016761,0.000260417,-0.017067096,0.097919016,0.816666616,0.446225898,-0.021136132,0,0,0,0,0.001196181,-0.022130753,-0.015867034,0.085215839,0.167485512,0.059236962,-0.036260468,-0.008620558,0.000578278,0,0,-0.015340686,0.101185883,0.58389888,0.1391889,-0.013729405,0,0,0,0,1.01E-05,0.000272365,-0.003644301,-0.015537377,-0.02483368,-0.01243413,-0.000245098,0.000137868,0,0,0,-0.000567402,0.004698444,0.010699159,-0.003336866,-0.000125443,0,0,0,0,0,0,0,0,0,0,0,0,0,0,0,9.74E-05,-0.000678054,-0.003304279,-0.00063542,7.30E-05,0,0,0,0,0,0,0,0,0,0,0,0,0,0,0,0,0,0,0,0,0,0,0,0,0,0,0,0,0,0,0,0,0,0,0,0,0,0,0,0,0,0,0,0,0,0,0,0,0,0,0,0,0,0,0,0,0,0,0,0,0
0,0,0,0,0,0,0,0,0,0,0,0,0,0,0,0,0,0,0,0,0,0,0,0,0,0,0,0,0,0,0,0,0,0,0,0,0,0,0,0,0,0,0,0,0,0,0,0,0,0,0,0,0,0,0,0,0,0,0,0,0,0,0,0,0,0,0,0,0,0,0,0,0,3.09E-05,-0.000204402,-0.004400378,-0.005633732,-0.000780543,0.000113358,0,0,0,0,6.25E-05,-0.000218444,-0.010229779,-0.019969975,-0.021283172,-0.005839154,0.00033364,2.21E-05,0,0.000286169,-0.001547998,-0.024494979,0.016078006,0.03148606,0.00428947,-0.000622958,0,0,0,8.57E-18,0.000705321,-0.017091469,0.038812891,0.124559385,0.13478765,0.012164794,-0.007156795,0.000586397,1.50E-18,-0.001039909,-0.004849605,0.21379359,0.763659467,0.906785318,0.128010629,-0.018471031,0,0,4.08E-05,0.000379112,-0.022590022,0.199797845,0.705993243,0.840685372,0.87402951,0.522638021,0.043800909,-0.009183211,0.000229779,-0.021656374,0.133740894,0.853631638,1.043329197,0.929053019,0.110845767,-0.017395493,0,0,-6.93E-05,-0.01355132,0.094773144,0.772303922,0.995080765,0.703788251,0.535193291,0.504009977,0.103081985,-0.014930598,-0.003120881,-0.017465855,0.483461623,1.024419646,0.996439556,0.452419048,-0.009644261,-0.00349167,0,0,-0.003530093,-0.00999042,0.463266255,0.996645629,0.370942079,0.001713542,-0.026165022,-0.015765761,-0.001627791,8.28E-05,-0.015991592,0.043202835,0.77769361,1.039656965,0.760572525,0.085145408,-0.016936937,0.000292756,0,0,-0.010659722,0.048741796,0.747197934,0.853114498,0.061012017,-0.01122595,0.000765562,-0.002551777,-0.012355699,-0.021510536,-0.009521242,0.439133206,0.971442334,0.96244293,0.194873179,-0.014985345,2.57E-05,0,0,0,-0.019192708,0.128616394,1.000903748,0.524335716,-0.058470656,-0.02973589,-0.023408069,-0.018571946,0.044722341,0.19029136,0.643310679,0.998984482,1.015590193,0.537596218,-0.022152165,-0.002859835,0.000132078,0,0,0,-0.013826593,0.077783926,0.835185628,0.917286492,0.502934215,0.291410778,0.20879034,0.49258398,0.73905707,0.888677288,0.967873179,0.850065139,1.009886217,0.335872294,-0.027013838,-0.000680453,0,0,0,0,-0.001265915,-0.018236283,0.28660163,0.713228772,0.950658741,1.000501916,0.966048695,0.93424891,0.897726873,0.600222134,0.138894154,0.199399817,1.037946391,0.413516299,-0.030554333,-0.000774021,0,0,0,0,0.000166803,-0.000516693,-0.014738988,-0.0268806,0.238735311,0.594902012,0.574176331,0.218424309,0.059031267,-0.017964495,-0.037342388,0.109005442,0.967147042,0.779001191,0.065456121,-0.022582414,-0.000739116,0.000190462,0,0,0,0,0.000100848,3.11E-05,-0.019390438,-0.039063743,-0.037575788,-0.018304568,-0.007238051,-0.00023063,-0.007008102,0.018679885,0.599471337,1.044335052,0.605784756,0.191026416,0.010542324,-0.00277999,0,0,0,0,0,4.41E-05,-0.000313113,-0.001417892,-0.001359606,-0.000231311,2.30E-05,0,0.000223482,-0.021057387,0.137195193,0.698528101,1.039357877,0.723748553,0.047935877,-0.01050177,0,0,0,0,0,0,0,0,0,0,0,0,2.81E-05,0.000786607,-0.01471024,0.039272161,0.36646892,0.235193713,0.00622977,-0.002652165,0,0,0,0,0,0,0,0,0,0,0,0,0,1.95E-05,0.000443113,-0.008342913,-0.043416086,-0.028104032,-0.000906757,0.000330194,0,0,0,0,0,0,0,0,0,0,0,0,0,0,0,0,0,0,0,0,0,0,0,0,0,0,0,0,0,0,0,0,0,0,0,0,0,0,0,0,0
0,0,0,0,0,0,0,0,0,0,0,0,0,0,0,0,0,0,0,0,0,0,0,0,0,0,0,0,0,0,0,0,0,0,0,0,0,0,0,0,0,0,0,0,0,0,0,0,0,0,0,0,0,0,0,0,0,0,0,0,0,0,0,0,0,0,0,0,0,0,3.11E-19,7.05E-05,-0.000767498,-0.003937092,-0.005486571,-0.015577717,-0.026532578,-0.02483103,0.000595384,0,0,0,0,0,0,0,0,0,0,0,0.000505515,-0.005853758,-0.019162047,0.010333657,0.030606073,0.209622362,0.40737197,0.404554883,-0.009302832,0,0,0,0,1.94E-18,-8.16E-18,-3.13E-16,-4.75E-16,-1.72E-16,9.33E-18,0.00010723,-0.00305096,0.009132795,0.282641063,0.728589801,0.883772518,0.968524527,1.027491626,0.754808694,-0.021191619,0,0,0,0,0.000414624,-0.005997583,-0.020515897,-0.021220214,-0.016220463,-0.000861588,-0.00056747,-0.029636608,0.352123843,0.961877403,0.920670411,0.870683687,1.017433075,0.864354796,0.191826193,-0.015305692,0,0,0,0,-0.004606773,0.042529232,0.491787636,0.689504878,0.303091163,-0.010849843,-0.020023032,0.11149965,0.838988321,0.818259945,0.179265589,0.547906662,1.039769458,0.659395085,0.014159436,-0.008305308,0,0,0,1.71E-05,-0.024110652,0.359638565,1.018548203,0.985405059,0.842324423,0.103624864,-0.03133941,0.499705644,0.977168011,0.229410915,-0.063053207,0.418980971,1.023698972,0.411626736,-0.038904244,-0.000735294,0,0,0,0.000353838,-0.032831104,0.471649765,0.947843256,0.377234341,0.235230304,0.051919713,0.134978979,0.919163909,0.611986247,0.001984666,-0.033489039,0.424489379,0.961295581,0.298036424,-0.036953854,8.51E-05,0,0,0,-0.005379316,0.010787514,0.727490877,0.675980733,-0.007866353,-0.033374081,-0.044774544,0.543515421,0.895160931,0.15299806,-0.023545769,-0.015908037,0.233771446,0.905002281,0.240116558,-0.032793761,0.000259566,0,0,0,-0.022801761,0.176360447,0.847961448,0.218602992,-0.018940887,-0.021910559,0.07972835,0.828768399,0.576669254,-0.011991626,-0.002594625,-0.010306117,0.1181867,0.957941772,0.480025106,-0.02050798,-0.002782033,0,0,0,-0.039481157,0.34330862,0.793589795,0.02845077,-0.02650641,0.079293229,0.70745718,0.842405103,0.096619549,-0.012622957,0.000380765,-0.00354531,0.006511812,0.675307536,0.914980925,0.104104891,-0.016530444,0,0,0,-0.050291876,0.446764893,0.840497889,-0.00475434,0.04439294,0.712922629,0.928702512,0.169327768,-0.031711942,0.000362541,0,-0.000251736,-0.011473482,0.146067964,0.319199517,0.02676868,-0.004941108,0,0,0,-0.050517305,0.447815768,0.838725286,0.18618156,0.732190734,0.96203766,0.345402097,-0.014790458,-0.002075878,1.53E-05,0,3.57E-05,0.000884225,-0.0144944,-0.029034756,-0.002343973,0.000442538,0,0,0,-0.033643961,0.275103282,0.922118209,0.961359443,0.915915901,0.288235855,-0.024225422,-0.003242324,0.000391238,0,0,0,0,0,0,0,0,0,0,0,-0.003591374,0.015191211,0.332931049,0.466816296,0.189677151,-0.016856376,-0.003142667,0.000132302,9.19E-07,0,0,0,0,0,0,0,0,0,0,0,0.000576029,-0.004055328,-0.026424983,-0.032193704,-0.02590141,-0.000294116,0.000256818,0,0,0,0,0,0,0,0,0,0,0,0,0,0,6.38E-05,-0.001073155,-0.001714835,9.70E-05,0,0,0,0,0,0,0,0,0,0,0,0,0,0,0,0,0,0,0,0,0,0,0,0,0,0,0,0,0,0,0,0,0
0,0,0,0,0,0,0,0,0,0,0,0,0,0,0,0,0,0,0,0,0,0,0,0,0,0,0,0,0,0,0,0,0.000758224,-0.006250511,-0.020395901,-0.017865264,-0.003019301,0.0004158,0,0,0,0,0,0,0,0,0,0,0,0,0,0.000403571,-0.010255834,0.024182905,0.480789172,0.589142038,0.009218336,-0.004390999,0,0,0,0,0,0,0,0,0,0,0,0,1.11E-17,-0.00291922,-0.028268976,0.44353399,1.028601324,0.884642582,0.167206087,-0.022415311,0,0,0,0,0,0,0,0,0,0,0,0,0.000605086,-0.024382319,0.291810057,0.931954963,1.037501668,0.79286489,0.053196453,-0.01029636,0,0,0,0,0,0,0,0,0,0,0,0,-0.004110924,0.026752536,0.712851477,0.895011608,0.952191176,0.67286186,-0.020385025,-0.002066365,0,0,0,0,0.000811218,-0.006921126,-0.018617239,-0.002700674,0.000220588,0,0,0.000333946,-0.023563623,0.219475082,0.870328938,0.602796177,0.917455474,0.32588077,-0.023069342,0.000171212,0,0,0,0,-0.006532801,0.056925574,0.129563206,-0.003463933,-0.000336309,0,2.81E-05,-0.001927255,-0.021322646,0.380348759,0.705974493,0.622920947,0.762369977,0.031148394,-0.005076893,0,0,0,0,0,-0.032345604,0.266478962,0.904668845,0.312646055,-0.023775991,0.000335086,-0.000124336,-0.020683432,0.157993583,0.850588337,0.557196897,0.937991098,0.396970282,-0.024955355,-0.00096298,0,0,0,0,0,-0.007404101,0.026687619,0.796225967,0.730611128,0.008912241,-0.005248053,-0.002165748,-0.010454555,0.526868958,0.954250511,0.87291845,0.786355801,0.08278319,-0.016206427,3.29E-05,0,0,0,0,0,-0.003311728,-0.012196436,0.766330882,0.829007932,0.064395612,-0.011442664,-0.006059181,0.041689406,0.864166258,0.950512595,0.979853926,0.349641442,-0.036020255,0.000183517,8.27E-06,0,0,0,0,0,-0.003994945,-0.005946198,0.774945806,0.822957653,0.060157356,-0.010939627,-0.016858422,0.22504456,0.984617239,1.013025106,0.546729801,0.001264842,-0.002607605,6.99E-05,0,0,0,0,0,0,-0.001259046,-0.023621812,0.599010555,0.895674928,0.185299485,-0.023100136,-0.034792762,0.319437379,1.011155375,0.734311144,0.053970914,-0.015560753,0.000407647,0,0,0,0,0,0,0,8.15E-05,-0.033104048,0.524976256,0.959537531,0.265976614,-0.074845705,0.086931168,0.69667339,1.052217116,0.503164062,-0.021939672,-0.003255549,0,0,0,0,0,0,0,0,0,-0.024321436,0.369426334,1.017749013,0.610318185,0.353771062,0.752085938,0.989526978,0.892246221,0.772515506,0.069911931,-0.012519574,0,0,0,0,0,0,0,0,0,-0.004542943,0.026385944,0.6575601,0.983959099,1.025879058,0.874775599,0.354317096,0.132015591,0.639195381,0.134148985,-0.015201695,0,0,0,0,0,0,0,0,0,-0.000203074,-0.007371953,0.09803508,0.320156097,0.395148723,0.1679455,-0.004185696,-0.018340737,0.095785386,0.031331173,-0.0034375,0,0,0,0,0,0,0,0,0,5.75E-05,0.000428437,-0.014110309,-0.038397945,-0.046161219,-0.022286495,-0.001962007,0.000733765,-0.013652929,-0.00396874,0.000440259,0,0,0,0,0,0,0,0,0,0,0,0,0,0,0,0,0,0,0,0,0,0,0,0,0,0,0,0,0,0,0,0,0,0,0,0,0,0,0,0,0,0,0,0,0,0
0,0,0,0,0,0,0,0,0,0,0,0,0,0,0,0,0,0,0,0,0,0,0,0,0,0,0,0,0,0,0,0,0,0,0,0,0,0,0,0,0,0,0,0,0,0,0,0,0,0,0,0,0,0,0,0,0,0,0,0,0,0,0,1.23E-06,-5.00E-06,-0.000222886,-0.000119587,1.35E-05,0,0,0,0,0,0,0,0,0,0,0,0,0,0,0,0.000196283,-0.001633749,-0.025634344,-0.015249047,0.000394501,0.00010723,0,0,0,0,0,0,0,0,0,0,0,0,0,0.000998736,-0.009380242,-0.024453176,0.222384208,0.112794322,-0.017397205,-3.66E-05,0,0,4.67E-19,0.000540133,-0.004359001,-0.014528016,-0.031584031,-0.0216282,0.000783447,0.00013191,0,0,0,-0.010537687,0.074344397,0.456497906,0.940899425,0.746549241,0.113577531,-0.011526416,0,3.32E-18,0.00028765,-0.01152844,0.032701695,0.144677968,0.339129306,0.229425041,-0.010621,-0.001211023,0,0,0.000403571,-0.041913821,0.304378915,0.987619492,0.984484581,0.964852177,0.421022626,-0.019783132,0.000161428,-0.000417023,-0.015695243,-0.01803568,0.354265385,0.878745414,0.979256026,0.858290327,0.089843451,-0.015051533,0,0,-0.00316636,-0.0151626,0.470109801,0.993127842,0.505535607,0.244676164,0.128004022,-0.005269284,-0.001266697,-0.015810713,0.068277233,0.530758598,0.915649782,1.020989243,1.016799581,0.726709355,0.052039256,-0.010868056,0,0,-0.013702002,0.077608027,0.822686411,0.936828908,0.077885808,-0.034121443,-0.01108723,-0.017900769,-0.04275817,0.303560049,0.762839784,1.029938021,0.962921875,0.920658207,0.950535999,0.328377689,-0.026050762,-0.001081325,0,0,-0.009278152,0.036599456,0.713158582,0.64307227,-0.040533156,-0.018002706,-0.043518881,0.098062602,0.273508136,0.703763634,1.06029662,0.840466858,0.360829265,0.331949074,0.823737371,0.131941364,-0.025144307,0.000571215,0,0,-0.007538467,0.020811524,0.651380276,0.779700555,0.376681049,0.136591571,0.42062387,0.761882387,1.052075129,0.915287173,0.744608371,0.14476939,-0.044160607,0.01537774,0.928654259,0.511526876,-0.008740369,-0.00399646,0,0,-0.000831601,-0.026278057,0.304267984,0.882273552,0.993180771,0.936550997,0.992513508,0.920947322,0.780608261,0.126762311,0.049763259,-0.011527542,-0.007140863,0.050095865,0.94529884,0.675440769,0.03006567,-0.008566372,0,0,0.000136166,-0.000281277,-0.022870319,0.130239073,0.489321112,0.747383868,0.494134327,0.180195057,-0.012617528,-0.019064032,-0.011176981,-0.000686376,-0.020441993,0.301281641,1.00276588,0.679144336,0.031163375,-0.008720214,0,0,0,0,0.000793964,-0.013161867,-0.025084661,0.054621936,0.000812458,-0.021083197,-0.000693168,0.000237439,0,0,-0.018293199,0.263656761,0.968386285,0.496736792,-0.007256329,-0.004018927,0,0,0,0,1.29E-05,1.23E-06,-0.001919118,-0.012146752,-0.004582059,0.000358456,0,0,0,0,-0.008395731,0.128869145,0.348409433,0.118036526,-0.015574579,0.000126634,0,0,0,0,0,0,0,0,0,0,0,0,0,0,0.000543811,-0.008291411,-0.023186938,-0.008750357,0.000838633,1.53E-05,0,0,0,0,0,0,0,0,0,0,0,0,0,0,0,0,0,0,0,0,0,0,0,0,0,0,0,0,0,0,0,0,0,0,0,0,0,0,0,0,0,0,0,0,0,0,0,0,0,0,0,0,0,0,0,0,0,0,0,0,0
0,0,0,0,0,0,0,0,0,0,0,0,0,0,0,0,0,0,0,0,0,0,0,0,0,0,0,0,0,0,0,0,0,0,0,0,0,0,0,0,0,0,0,0,0,0,0,0,0,0,0,0,0,0,0,0,0,0,0,0,0,0,0,0,0,0,0,0,0,9.10E-05,-0.000427185,-0.004571027,-0.023398608,-0.04326011,-0.043171875,-0.0126851,0.000839614,3.67E-06,0,0,0,0,0,0,0,0,0,0,3.95E-05,-0.000394608,-0.008147382,0.01909695,0.353139412,0.718752247,0.708246426,0.182426488,-0.012880362,-8.56E-06,0,0,0,5.96E-05,-0.000298092,-0.004017736,-0.003073087,1.83E-05,1.40E-05,0,-0.000161458,-0.016111009,0.127678173,0.774302832,1.017237305,0.991463984,1.056268587,0.613279071,-0.031353537,-0.000673026,0,0,0,-0.000319989,0.000863533,0.026533224,0.016394165,-0.000869332,-4.37E-05,0,-0.002533854,-0.00564711,0.550971644,1.020121119,0.61750372,0.718361962,1.058066108,0.727227465,-0.034091418,-0.001019526,0,0,0,-0.010446136,0.043342452,0.68216809,0.708577497,0.017988005,-0.004100067,0,-0.004821807,0.022108981,0.818126843,0.850003754,0.304459468,0.907160735,0.986384252,0.362682643,-0.022601504,-0.000140346,0,0,0,-0.019039352,0.234167924,0.989306577,0.820992,0.022467473,-0.004889348,0.000118167,-0.00651108,0.017142531,0.812933943,0.963171926,0.900508761,1.026923935,0.529815836,-0.011785556,-0.002318049,2.04E-05,0,0,0,-0.020848652,0.487990349,1.044524033,0.56538414,-0.005872787,-0.010390285,-0.015937334,-0.018991268,0.070704997,0.836604286,1.014269727,0.97727204,0.517106941,0.035514076,-0.011064066,0.000125868,0,0,0,0,-0.020669935,0.512805939,1.027188215,0.335736673,-0.052930709,0.015814508,0.063126945,0.422635212,0.807177066,1.006611945,1.019207653,0.667677836,-0.010651825,-0.013197746,0.000919424,1.38E-05,0,0,0,0,-0.02104439,0.517779205,1.031390897,0.729473516,0.4657516,0.651760502,0.769145044,0.998114924,0.991143178,0.790747549,0.956972886,0.784599062,0.011480307,-0.004853469,0.000203431,0,0,0,0,0,-0.016245261,0.217682815,0.881116258,1.020751006,1.03513539,1.014354915,0.933616568,0.732771391,0.303744853,0.040589051,0.57440672,0.999472092,0.356112011,-0.018271371,-0.001467837,0,0,0,0,0,-0.001170173,-0.015665298,0.192795581,0.433237983,0.604041394,0.394518774,0.120744602,0.024431679,-0.023829657,-0.034998213,0.213051556,0.942675339,0.771841895,0.063347971,-0.016420803,0.000147059,0,0,0,0,0.000140421,0.000449686,-0.019433738,-0.030816959,-0.003341844,-0.027757898,-0.013579009,-0.003965822,0.000404242,0.000804228,-0.030106379,0.532267097,0.991908752,0.365041275,-0.023179432,-0.001101256,2.20E-05,0,0,0,0,0,6.71E-05,-0.000900123,-0.005143995,-0.000866115,0.000117402,0,0,0.00011489,-0.01776348,0.12232782,0.917149901,0.965825504,0.261644863,-0.028591316,0.001038686,0,0,0,0,0,0,0,0,0,0,0,0,2.75E-18,-0.003823189,-0.002249653,0.392314457,0.967449023,0.756270016,0.090255004,-0.013808243,0,0,0,0,0,0,0,0,0,0,0,0,0,0.000345991,-0.005827155,-0.025229573,0.68682215,0.967735977,0.213677643,-0.027428488,0,0,0,0,0,0,0,0,0,0,0,0,0,1.19E-05,0.000362297,-0.017620592,0.19815002,0.502863137,0.113908378,-0.014493906,0,0,0,0,0,0,0,0,0,0,0,0,0,0,0,0.001203789,-0.0189968,-0.045741847,-0.010320925,0.001314663,0,0
0,0,0,0,0,0,0,0,0,0,0,0,0,0,0,0,0,0,0,0,0,0,0,0,0,0,0,0,0,0,0,0,0,0,0,0,0,0,0,0,0,0,0,0,0,0,0,0,0,0,0,0,0,0,0,0,0,0,0,0,0,0,0,0,0,0,0,0,0,0,8.94E-06,-8.14E-05,-0.000872926,-0.001029105,-0.00047406,1.41E-05,1.84E-06,0,0,0,0,0,0,0,0,0,0,0,4.23E-05,0.00038848,-0.011193849,-0.027200793,-0.025720704,-0.02512694,-0.026791428,-0.010198325,0.000668505,0,0,0,0,0.000357435,-0.011910525,-0.010186887,0.000893587,0,0,1.13E-17,0.001030739,-0.025479762,0.046541701,0.229384498,0.384992985,0.403810696,0.2890633,0.037329419,-0.021153765,0.001814031,0,0,0,-0.003793913,0.118375644,0.108126532,-0.009484783,0,4.77E-05,0.000515674,-0.026262731,0.228111503,0.710699244,0.680371341,0.822872301,0.952965346,0.978111622,0.67315288,0.155487507,-0.020048102,0,0,0,-0.011498036,0.724500706,0.32769404,-0.028745091,0,-0.000303697,-0.016387326,0.150275179,0.812219725,0.620369923,0.07859647,0.066868914,0.100784925,0.436711219,1.007922883,0.346536678,-0.041149444,0,0,0,-0.014207857,0.802205645,0.398546875,-0.040092865,0.000498826,-0.002665356,-0.024157597,0.503774578,0.924015302,0.15018093,-0.053983558,-0.040133284,0.022414522,0.621868549,0.854517957,0.151228503,-0.020414577,0,0,0,-0.01923543,0.555283451,0.634402539,-0.001944376,-0.00887706,-0.000645918,-0.021982492,0.259381621,0.886406676,0.795465278,0.419554262,0.203292654,0.573574959,0.910718478,0.379724826,-0.018339903,-0.000624108,0,0,0,-0.01898063,0.227357969,0.922194223,0.328570755,-0.035992256,7.76E-05,-0.000986303,-0.016919271,0.200855767,0.70801491,0.932380447,0.984430652,1.033856277,0.706368345,-0.001218307,-0.005725746,0.00024948,0,0,0,-0.005645425,0.000550885,0.550583759,0.896486571,0.265909007,-0.040195687,-0.01770396,-0.020554892,-0.049362388,0.167346524,0.827190223,1.019609457,0.910256706,0.927467559,0.287984596,-0.019636387,0,0,0,0,0.000565611,-0.016447228,0.049808643,0.736860265,0.938361716,0.438473768,0.144418921,0.246767135,0.559882632,0.900582358,0.944447468,0.472972371,0.089824134,0.586396396,0.44927685,-0.026493111,0,0,0,0,1.02E-05,0.00071644,-0.016902131,0.105166513,0.631333231,0.955411084,0.984939244,0.987233337,0.88559055,0.673394931,0.240721456,0.010589747,-0.029858558,0.157577955,0.0642436,-0.00396395,0,0,0,0,0,0,0.000513583,-0.013365894,0.016943849,0.252126362,0.404955481,0.332134957,0.150814747,0.033925194,-0.028940496,-0.002720622,0.001147195,-0.015562874,-0.00643127,0.000398284,0,0,0,0,0,0,3.49E-05,0.00023652,-0.008344312,-0.023105443,-0.02593122,-0.026928564,-0.022456087,-0.009602022,0.000625919,0,0,0,0,0,0,0,0,0,0,0,0,0,4.21E-05,-0.000460325,-0.001011832,-0.000654565,-2.33E-05,8.27E-06,0,0,0,0,0,0,0,0,0,0,0,0,0,0,0,0,0,0,0,0,0,0,0,0,0,0,0,0,0,0,0,0,0,0,0,0,0,0,0,0,0,0,0,0,0,0,0,0,0,0,0,0,0,0,0,0,0,0,0,0,0,0,0,0,0,0,0,0,0
0,0,0,0,0,0,0,0,0,0,0,0,0,0,0,0,0,0,0,0,0,0,0,0,0,0,0,0,0,0,0,0,0,0,0,0,0,0,0,0,0,0,0,0,0,0,0,0,0,0,0,0,0,0,0,0,0,0,0,0,0,0,0.000330194,-0.002565257,-0.011823836,-0.00766585,0.000461703,0,0,0,0,0,0,0,0,0,0,0,0,0,0,1.84E-05,-0.003360034,0.022380106,0.14658655,0.10946955,-0.006494128,0,0,0,0,0,0,0,0,0,0,0,0,0,0,0.00014825,-0.034455638,0.268618277,0.909710223,0.502236588,-0.030894812,0,0,0,0,1.40E-18,7.25E-18,0.000620404,-0.008686938,-0.035355392,-0.022533701,-0.000556694,0.000251055,0,0,-0.003351545,-0.018174708,0.532889791,0.818802798,0.059145867,-0.006754085,0,0,0,4.25E-18,0.000367647,-0.007153873,-0.026493907,0.079342065,0.386635859,0.238057938,0.004202591,-0.002519914,0,0,-0.013491263,0.076799918,0.834843243,0.40515973,-0.029664302,-0.000718173,0,0,5.87E-05,0.000653459,-0.018051343,0.014860657,0.359958845,0.841254314,0.981808137,0.83446306,0.085051754,-0.014457727,0,0,-0.020720146,0.153556775,0.956407458,0.199536952,-0.029777386,5.37E-05,0,9.51E-05,-0.000723039,-0.021480103,0.073144012,0.577474131,0.987947849,0.741048458,0.704741898,0.884856481,0.09369721,-0.015464835,0,0,-0.020959116,0.152194621,0.994888123,0.261065445,-0.028127604,-0.000184896,-0.000230219,-0.010870864,-0.031170445,0.207797743,0.756412497,0.909968,0.449171228,0.082833265,0.616414965,0.753038858,0.049465116,-0.010663297,0,0,-0.01978622,0.134123762,1.026578465,0.360524391,-0.027620762,-0.005130362,-0.021516534,0.027001055,0.288314491,0.874138583,0.876445687,0.242839027,-0.03198012,-0.011915237,0.667826508,0.627264178,0.00797547,-0.006219193,0,0,-0.012064611,0.06158687,0.805687364,0.55219441,-0.033962027,0.014029054,0.254496827,0.688122396,0.931715295,0.678955304,0.153848243,-0.019912407,-0.007033718,0.014108745,0.82015368,0.504904531,-0.022901074,-0.002728248,0,0,-0.001611057,-0.021578552,0.350695752,0.920328615,0.591906126,0.756142925,0.96353518,0.835658792,0.360548626,0.025672584,-0.021826261,-0.00039541,-0.013150605,0.179179949,0.923475534,0.30216527,-0.038665167,0.000214524,0,0,0.000190632,-0.008870409,0.035214342,0.462114175,0.875304347,0.811836959,0.486301839,0.091838065,-0.030828057,-0.008863188,9.36E-06,0.000784721,-0.034702461,0.455662752,0.794805028,0.080601545,-0.012906017,8.51E-06,0,0,0,0.000713383,-0.006290305,-0.023596678,0.138797981,0.105042041,-0.031565655,-0.012375068,0.00097869,0,0,-0.010506706,0.060708759,0.749148897,0.416967184,-0.025694257,4.32E-05,0,0,0,0,0,0.000192096,-0.001829657,-0.021699142,-0.017752757,-0.001199706,0.000257353,0,0,0,-0.035890506,0.310823819,0.742831121,0.056157356,-0.00720384,0.000117402,0,0,0,0,0,0,0,0,0,0,0,0,0,0,-0.021074151,0.195289539,0.204977226,-0.011723124,-0.000419322,0,0,0,0,0,0,0,0,0,0,0,0,0,0,0,0.001361966,-0.012316253,-0.018772777,-7.75E-05,8.93E-05,0,0,0,0,0,0,0,0,0,0,0,0,0,0,0,8.15E-05,-0.000769336,-0.000541258,6.13E-05,0,0,0,0,0,0,0,0,0,0,0,0,0,0,0,0,0,0,0,0,0,0,0,0
0,0,0,0,0,0,0,0,0,0,0,0,0,0,0,0,0,0,0,0,0,0,0,0,0,0,0,0,0,0,0,0,0,0,0,0,0,0,0,0,0,0,0,0,0,0,0,0,0,0,0,0,0,0,0,0,0,0,0,0,0,0,0,0,0,0,0,0,5.56E-05,-0.000112592,-0.007774663,-0.03045001,-0.040662886,-0.01094327,0.000315206,7.17E-05,0,0,0,0,0,0,0,0,0,0,0,0,0.000220282,-0.015339869,0.076631638,0.489901995,0.67850925,0.140296603,-0.013688147,2.57E-05,0,0,0,0,0,0,0,0,0,0,0,4.72E-18,-0.01189037,0.151970299,0.792322066,0.963625715,0.947920285,0.726402948,0.074382047,-0.014067402,0,0,0,0,0,0,0,9.40E-05,-0.001569819,-0.002705099,0.000152676,0.000309812,-0.035316296,0.52357564,0.959918301,0.383114515,0.46657284,0.977312789,0.219958197,-0.030806066,0,0,0,0,0,0,0,0.000717867,-0.011361492,-0.020769486,-0.01461248,-0.006566565,0.034380563,0.797038017,0.706588178,-0.064351059,0.447504202,1.016838473,0.246693894,-0.033805185,0,0,0,0,0,0,0,-0.015902931,0.260265795,0.464013668,0.099847426,-0.022941024,0.039643331,0.816370507,0.737431066,0.024633034,0.816746498,0.886583044,0.155041667,-0.023448836,0,0,0,0,0,0,0,-0.040421875,0.663883527,1.055816245,0.415505293,-0.029281318,-0.048639672,0.662854031,0.886515999,0.497886132,0.975994337,0.739429926,0.054259991,-0.012090074,0,0,0,0,0,0,0,-0.035348295,0.568047369,1.065523318,0.526306985,-0.056447641,-0.057080882,0.263047641,0.973198121,0.997251021,0.957892089,0.316379476,-0.026324585,-0.0003269,0,0,0,0,0,0,0,-0.011528544,0.137462946,0.945980579,0.844729013,0.49695416,0.337936853,0.525128676,0.990295803,0.986770544,0.421699126,-0.015116728,-0.001176505,7.90E-05,0,0,0,0,0,0,0,-0.001750744,-0.012552043,0.448509726,0.988173824,1.021287046,0.966254637,1.028635349,1.033486133,0.928712615,0.11102461,-0.020443011,0.000234397,0,0,0,0,0,0,0,0,0.000160335,-0.007681611,0.014652012,0.299651927,0.446104283,0.420527114,0.612405535,0.747271429,1.015668692,0.267314605,-0.020128166,0,0,0,0,0,0,0,0,0,0,0.000543811,-0.003024152,-0.026373911,-0.03446374,-0.036219839,-0.025079827,0.268984426,1.013853418,0.396035476,-0.020727294,0,0,0,0,0,0,0,0,0,0,0,1.53E-05,-0.000174632,-0.000627369,-0.00022212,-0.032583742,0.179051522,0.921560202,0.590548778,-0.020725592,0,0,0,0,0,0,0,0,0,0,0,0,0,0,1.84E-06,-0.017377451,0.101062806,0.811136029,0.491002269,-0.020814951,0,0,0,0,0,0,0,0,0,0,0,0,0,0,0,-0.008039623,0.020636117,0.675280275,0.416365224,-0.020152222,0,0,0,0,0,0,0,0,0,0,0,0,0,0,0,0.000242034,-0.02119264,0.214184368,0.08917679,-0.007621868,0,0,0,0,0,0,0,0,0,0,0,0,0,0,0,0,0.001765897,-0.02013123,-0.008594567,0.000706359,0,0,0,0,0,0
0,0,0,0,0,0,0,0,0,0,0,0,0,0,0,0,0,0,0,0,0,0,0,0,0,0,0,0,0,0,0,0,0,0,0,0,0,0,0,0,0,0,0,0,0,0,0,0,0,0,0,0,0,0,0,0,0,0,0,0,0,0,0,0,0,0,0,0,0,3.68E-06,0.000110498,-0.000772774,-0.025163314,-0.034948376,-0.009995966,-0.000126787,6.51E-05,0,0,0,0,0,0,0.000469669,-0.007586703,-0.015787071,-0.002564338,0.000352207,0,0.000131127,-0.000999149,-0.018353724,0.385551411,0.560731413,0.116308449,-0.01401074,-6.08E-06,0,0,0,0,0,0.000285353,-0.004713406,0.030108626,0.087063606,-0.017202734,-0.009514203,0.000724231,-0.000912786,-0.028510281,0.326426437,0.946366774,1.026724129,0.816422692,0.150688164,-0.011882812,0,0,0,0,0,-0.00312258,0.000213559,0.500232384,0.774109886,0.465339137,0.058468078,-0.007743056,-0.014327853,0.132790628,0.799728605,1.01726139,0.992443321,0.983186411,0.344455014,-0.022990043,0,0,0,0,0,-0.006461611,0.016636178,0.773616224,1.045594724,1.010734258,0.305682597,-0.023030163,-0.014171813,0.514280366,1.012670244,0.985759798,0.999553813,0.87741222,0.061934559,-0.007216175,0,0,0,0,0,-0.006183197,0.01516779,0.752236469,1.02137597,1.019836516,0.602826118,-0.048036271,0.030412088,0.812830355,1.005287769,0.988314276,1.003022672,0.876797777,0.02513094,-0.005204708,0,0,0,0,0,-0.001488729,-0.014633102,0.457756876,0.9970753,1.003174258,0.855676644,0.391413569,0.689279871,1.004433585,0.984300245,0.983513887,1.007233047,0.70256861,0.01093173,-0.003901808,0,0,0,0,0,0.000205454,-0.008678871,0.053852669,0.83324423,1.016049037,0.983388994,0.985688521,1.007932513,1.009603162,1.018872872,0.986269329,1.020989141,0.443003455,-0.018438028,-0.001520476,0,0,0,0,0,0,-0.00096921,-0.013738051,0.290951065,0.883587061,1.029536692,1.012661935,1.022964342,0.80821492,0.595541684,0.956479302,1.039258953,0.452766493,-0.0187492,-0.001553871,0,0,0,0,0,0,0.000150422,-0.002856793,-0.024216298,0.196904291,0.331295588,0.316581859,0.321489153,0.135778878,0.257686006,0.95652283,0.91085499,0.238160814,-0.020425363,-0.000502375,0,0,0,0,0,0,0,0.000306373,-0.001621221,-0.015785846,-0.021325228,-0.020683892,-0.024427322,-0.029040765,0.526065802,1.034910487,0.615750613,0.001711857,-0.00651348,3.22E-05,0,0,0,0,0,0,0,0,0,0,0,6.62E-05,-0.005856924,-0.014644012,0.645816245,0.983838086,0.261873383,-0.03080576,0.000605086,0,0,0,0,0,0,0,0,0,0,0,0,-0.00046201,-0.015286254,0.18417642,0.840930249,0.937611339,0.189624949,-0.018442351,0,0,0,0,0,0,0,0,0,0,0,0,0,-0.002227941,-0.0070481,0.496574602,0.99655096,0.931567167,0.202844669,-0.019591673,0,0,0,0,0,0,0,0,0,0,0,0,0,-0.000576617,-0.021825955,0.264642153,0.971664102,0.606558327,0.029792575,-0.004501957,0,0,0,0,0,0,0,0,0,0,0,0,0,4.90E-05,-0.007781352,0.028680385,0.425395816,0.134849442,-0.016308381,0.000399986,0,0,0,0,0,0,0,0,0,0,0,0,0,0,0.000696998,-0.00348669,-0.039190581,-0.013499925,0.001068049,0,0,0,0,0,0
0,0,0,0,0,0,0,0,0,0,0,0,0,0,0,0,0,0,0,0,0,0,0,0,0,0,0,0,0,0,0,4.08E-05,-7.34E-05,-0.00336346,-0.013923952,-0.009644097,0.00057598,0,0,0,0,0,0,0,0,0,0,0,0,0,3.60E-18,0.000501406,-0.009057401,-0.015804136,0.089308732,0.06701495,-0.003936652,0,0,0,0,0,0,0,0,0,0,0,0,0,1.40E-05,-0.008780893,0.069042164,0.50711957,0.767570993,0.472562347,-0.028873315,0,0,0,0,0,0,0,0,0,0,0,0,0,0.000807207,-0.029595503,0.458297138,0.870534688,0.323409705,0.348420224,-0.020853962,0,0,0,0,0,0,2.96E-19,1.04E-17,-1.40E-16,-3.60E-16,-4.20E-17,6.53E-18,0,-0.008754596,0.087029037,0.768114359,0.351364022,0.097680981,0.521609766,-0.028921977,0,0,0,0,0,0,7.97E-05,-0.000204248,-0.014650225,-0.019625034,-0.002329196,0.000362541,0,-0.027911816,0.31312049,0.869173444,0.095565751,0.456758561,0.582508664,-0.033246119,0,0,0,0,0,0,-0.000510018,-0.016339105,0.244704863,0.549942063,0.066299292,-0.010167237,0,-0.027601555,0.31264412,0.810034365,0.208061619,0.849998709,0.453639697,-0.027825659,0,0,0,0,0,8.56E-05,-0.007070364,0.046673152,0.828287122,0.892674871,0.0914259,-0.015373264,0,-0.039940768,0.443703533,0.918623935,0.733423441,0.879920411,0.131375255,-0.010918199,0,0,0,0,0.000165441,-0.001079654,-0.033166956,0.366579129,1.007384923,0.463038211,-0.012406088,-0.003333844,0.000612132,-0.054528901,0.531618022,1.038059038,1.008471541,0.415661186,-0.028056883,-0.000869026,0,0,0,0,-0.000725252,-0.013363754,0.168205899,0.851133544,0.791759395,0.087718086,-0.017681913,0.000785846,-0.010769114,-0.033047539,0.523432292,1.019145979,0.593268331,0.021910795,-0.009614396,8.68E-05,0,0,0,0,-0.010469261,0.05018604,0.704481822,0.94904793,0.266851631,-0.033356652,-0.013684861,-0.02571555,0.032239702,0.425304483,0.92908141,0.909399128,0.105716435,-0.017718035,0.000563777,4.44E-06,0,0,0,0,-0.01264981,0.066176846,0.814598484,0.83763804,0.062035656,0.001958695,0.091385223,0.229378168,0.60352486,0.986489901,0.989273317,0.882122421,0.062504501,-0.007296465,0,0,0,0,0,0,0.000294458,-0.039097774,0.291628813,0.974527591,0.742277948,0.619480409,0.866106797,1.048880089,0.919931049,0.451744026,0.631513327,0.914961172,0.076289403,-0.008429075,0,0,0,0,0,0,0,-0.003790306,0.015309096,0.341974946,0.712843886,0.816563708,0.554325411,0.487825453,0.219292909,-0.074983184,0.547635978,0.929367178,0.084122855,-0.012009566,0.000292279,0,0,0,0,0,0,0.000711752,-0.006058109,-0.017532867,0.007108422,0.019315751,-0.007927996,-0.014704708,-0.020219141,-0.039612422,0.397477141,0.999637703,0.469760638,-0.017970571,-0.002466912,0,0,0,0,0,0,0,7.69E-05,-0.001103605,-0.00367453,-0.004600746,-0.002387591,-0.001877604,-0.000429892,-0.011325759,0.111410931,0.811905429,0.582202104,-0.002000323,-0.004979473,0,0,0,0,0,0,0,0,0,0,0,0,0,0,0.000401278,-0.006647966,0.080666806,0.059724481,-0.004851311,-3.76E-05,0,0,0,0,0,0,0,0,0,0,0,0,0,0,8.08E-05,-0.000589767,-0.01392252,-0.010003915,0.000423815,4.60E-05,0,0,0,0,0,0,0,0,0,0,0,0,0,0,0,0,0,0,0,0,0,0,0,0
0,0,0,0,0,0,0,0,0,0,0,0,0,0,0,0,0,0,0,0,0,0,0,0,0,0,0,0,0,0,0,0,0,0,0,0,0,0,0,0,0,0,0,0,0,0,0,0,0,0,0,0,0.001669507,-0.013632139,-0.048081611,-0.031487506,0.001901675,0,0,0,0,0,0,0,0,0,0,0,0,0,1.93E-18,0.000352328,-0.019025213,0.100044935,0.408454572,0.25789345,-0.028267055,0.001291427,0,0,0,3.06E-06,-2.11E-05,-0.000156556,-4.11E-05,5.51E-06,0,0,0,0,0.000321691,-0.008545241,0.007591177,0.53530016,1.068192453,0.844863,0.143682241,-0.019814113,0,0,0,0.00054313,-0.00375,-0.027657799,-0.007210291,0.000969975,1.45E-18,0,0,8.77E-18,-0.001416122,-0.004089222,0.423807716,1.005640148,0.993441891,1.051774765,0.436425381,-0.050845868,0,0,0,-0.006109749,0.034670315,0.31175834,0.069355579,-0.012239039,0.000107741,0,0,0.000395221,-0.022708333,0.193434436,0.902729438,1.005455984,1.002823359,0.947053905,0.274651144,-0.033750764,0,0,0,-0.019456164,0.35590346,0.979333615,0.524230243,-0.005147263,-0.002419897,0,0,-0.011669011,0.054853689,0.675659998,1.01409033,0.993030859,1.004749127,0.533211854,0.003053942,-0.003718558,0,0,0,-0.020786016,0.659266506,1.032842661,0.811955048,0.022935713,-0.004893536,0,9.48E-05,-0.028371221,0.178541701,0.913097341,1.002519669,1.006133868,0.8823245,0.109062432,-0.014134446,0.000440259,0,0,0,-0.020643893,0.871522173,1.036886693,0.603923152,-0.00012563,-0.003002706,0.000535649,-0.005276859,-0.044586993,0.411147808,1.042124557,1.003463831,0.965558279,0.385494519,-0.021691296,-0.001012357,0,0,0,0,-0.020594533,0.849742757,1.036829163,0.558485124,-0.005103248,-0.002323836,-0.004804176,0.000975235,0.19157358,0.812467916,1.011016459,0.947758839,0.397836295,-0.020982707,-0.004529378,0.000126736,0,0,0,0,-0.020676232,0.860246644,1.039235039,0.555371868,-0.023579555,-0.025429092,-0.026603532,0.348103724,0.879969652,1.013063113,1.013280076,0.753568954,-0.016915662,-0.003650957,0.000263685,3.06E-06,0,0,0,0,-0.020766751,0.505600322,1.029071957,0.916437637,0.283549862,0.362423396,0.816070446,0.960006132,1.026100461,0.988601209,1.013631171,0.763289168,-0.008898757,-0.002567517,0.000154091,0,0,0,0,0,-0.010080678,0.163611179,0.664465533,1.012046926,0.997670343,1.010154037,1.040645051,1.034589018,0.789844754,0.373656795,0.690973567,0.968070825,0.316752281,-0.034330746,-0.002273029,0.000137102,0,0,0,0,0.000282714,-0.0252159,0.073214154,0.482162003,0.580914624,0.566678241,0.569213954,0.541138838,0.180633306,-0.06318973,0.13397052,0.842244133,0.869257642,0.208744434,-0.028993039,-0.009482588,0.000983246,0,0,0,6.43E-05,0.000482349,-0.011826627,-0.01018556,-0.003765931,-0.004408701,-0.004053341,-0.007780093,-0.014010978,0.000313096,-0.029698683,0.366693283,0.967786373,0.909174939,0.422364549,0.03288557,-0.006117158,0,0,0,0,1.96E-05,-6.88E-05,-0.00203799,-0.002731618,-0.002647059,-0.00268497,-0.002405127,-0.000487286,0.000110345,-0.004124881,-0.022135835,0.500084423,1.000861145,1.016462725,0.348173543,-0.041622437,0,0,0,0,0,0,0,0,0,0,0,0,6.21E-19,0.0004851,-0.010939258,0.02972708,0.198296441,0.469420138,0.201835076,-0.023294993,0,0,0,0,0,0,0,0,0,0,0,0,0,0,0.000884595,-0.007526212,-0.019266238,-0.021604031,-0.008806168,0.001027272,0,0,0,0,0,0,0,0,0,0,0,0,0,0,0,0,0,0,0,0,0,0
0,0,0,0,0,0,0,0,0,0,0,0,0,0,0,0,0,0,0,0,0,0,0,0,0,0,0,0,0,0,0,0,0,0,0,0,0,0,0,0,0,0,0,0,0,0,0,0,0,0,7.70E-18,0.000309812,-0.010969768,-0.014080959,-0.002919979,0.000418246,0,0,0,0,0,0,0,0,0,0,0,0,0,0.000207721,-9.49E-05,-0.024537088,0.061612331,0.092299786,-0.010733371,-0.011308824,-0.000996732,0.000116027,3.57E-06,0,0,0,0,0,0,0,0,0,2.76E-05,-0.001980086,-0.016451406,0.322377077,0.791274408,0.811815104,0.662523812,0.061409773,-0.011460035,-0.001621774,0.000176505,0,0,0,0,0,0,5.44E-18,-6.21E-17,-2.02E-17,-0.000124847,-0.023334304,0.181445159,0.895722767,0.751928648,0.423041599,0.868674258,0.888321419,0.279968171,-0.017940106,-0.001308381,0,0,0,0,3.63E-05,0.000150293,-0.008186445,-0.019132455,-0.013544087,-0.002270135,-0.016661475,0.468565496,0.949672607,0.155766428,-0.045086482,0.186010451,0.842371885,0.853524816,0.080991399,-0.014197985,0,0,0,0,0.000784976,-0.018163395,0.021690361,0.196653775,0.108217639,-0.001635482,-0.009564225,0.546517281,0.899312978,0.070669188,-0.01707445,-0.045756492,0.391051051,1.041321406,0.139479149,-0.02036318,0,0,7.15E-06,0.000717561,-0.017398795,0.11810992,0.651359732,0.997167756,0.744219321,0.040040679,-0.028149203,0.339368039,0.917156761,0.223326284,-0.033244298,-0.01478639,0.613009668,0.827948376,0.072841303,-0.013203976,0,0,0.000337691,-0.014027557,0.055631008,0.69118493,0.941715278,0.762250051,0.614916891,0.004401893,-0.020857707,0.097918641,0.829792756,0.846437433,0.153254647,0.212984137,0.97341939,0.616151586,0.016656017,-0.006985464,0,0,-0.003613324,-0.009231839,0.465149186,1.007820925,0.39264408,-0.007691908,0.01301474,-0.003028322,-0.001376838,-0.019518553,0.384225286,0.981690021,0.845621647,0.885702751,0.876111417,0.198135008,-0.026136776,5.43E-05,0,0,-0.015465346,0.093479781,0.888792075,0.734919798,-0.001634515,-0.00797309,-0.003496138,0.000139059,-0.001116592,-0.009965261,-0.055118311,0.403923964,1.026980341,1.042497396,0.803993736,0.142316313,-0.014567741,-0.000401859,0,0,-0.021274102,0.147933113,1.060609858,0.510664211,-0.038314548,-0.016898873,-0.012160065,-0.017056531,-0.036396957,0.069169537,0.360649773,0.527317897,0.934026351,0.657247547,0.995827287,0.41264035,-0.029936715,-0.001482138,0,0,-0.014203261,0.08128251,0.846417535,0.921761625,0.315442708,0.086668045,0.07076495,0.113767889,0.402834269,0.719568134,1.021825385,0.779785102,0.304706223,0.010456325,0.454927066,0.153510859,-0.018414965,1.53E-05,0,0,-0.001331189,-0.021870541,0.317249881,0.948157186,0.970983064,0.836979473,0.823065186,0.848398846,0.998525429,0.817970588,0.368219124,0.073384425,-0.032306815,-0.003061172,-0.041596456,-0.013974843,0.001661163,0,0,0,0.000179568,-0.006856274,0.027815853,0.282843954,0.549616166,0.760918862,0.746661435,0.601089614,0.327382438,0.025801998,-0.022588337,-0.015391189,0.000199653,3.06E-05,0,0,0,0,0,0,3.57E-06,0.000413202,-0.003256842,-0.019532782,-0.040501668,0.03297355,0.021286315,-0.038486605,-0.021817045,-0.005006638,-0.000989583,4.63E-05,7.66E-06,0,0,0,0,0,0,0,0,0,0,0,0.000693001,-0.007900208,-0.006619042,0.0002772,0,0,0,0,0,0,0,0,0,0,0,0,0,0,0,0,0,0,0,0,0,0,0,0,0,0,0,0,0,0,0,0,0,0,0,0,0,0,0,0,0,0,0,0,0,0,0,0,0,0,0
0,0,0,0,0,0,0,0,0,0,0,0,0,0,0,0,0,0,0,0,0,0,0,0,0,0,0,0,0,0,0,6.81E-06,0.000226244,-0.00291905,-0.002015761,0.000204929,1.02E-06,0,0,0,0,0,0,0,0,0,0,0,0,0,0.000407647,-0.003992907,-0.028033603,-0.015297685,-0.01760237,-0.005791244,0.000369634,0,0,0,0,0,0,0,0,0,0,0,7.66E-07,0.000378421,-0.005403203,0.010139978,0.201876469,0.467843444,0.371777403,0.001399425,-0.005271191,0.00034487,0,0,0,0,0,0,0,0,0,0,1.35E-05,-0.004874302,0.004036969,0.458683109,0.822641573,0.554208912,0.74365848,0.498038518,0.006251787,-0.003716522,0,0,0,0,0,0,0,0,0,0,-0.000254545,-0.025558841,0.245036492,0.77133895,0.258478082,-0.02216408,0.137073036,0.865503796,0.242139042,-0.029589091,0,0,0,0,0,0,0,0,0,0,-0.000582363,-0.028538109,0.370305913,0.544281761,-0.026687151,-0.010308926,0.009408905,0.78259615,0.424748877,-0.04772655,0,0,0,0,0,0,0.000388896,-0.003435245,-0.004882801,0.00051745,-0.000954099,-0.008505496,0.283138682,0.248055454,-0.027220003,-0.004465116,0.016189328,0.85299468,0.440949683,-0.049775637,0,0,0,1.02E-06,0.000120154,-0.000926522,-0.008063317,0.001932496,0.020893365,-0.006020138,-0.002894148,0.020199142,0.525889791,0.217906437,-0.025432922,-0.009226171,0.0769271,0.849601767,0.251844193,-0.030472871,0,0,0,0.0001314,-0.00132567,-0.00947486,0.040585546,0.567151603,0.490570619,0.017226367,-0.012025684,0.078765319,0.594435475,0.038638872,-0.01270841,-0.033789199,0.519804483,0.527638531,0.001641902,-0.003273817,0,0,0,-0.000306713,-0.026809445,0.244668284,0.532251243,0.242893757,0.035956784,0.002726754,-0.006742222,0.07073206,0.639361792,0.10334181,-0.033432731,0.37019727,0.6225,0.04723652,-0.010825504,0.000579267,0,0,0,-0.013841401,0.122389069,0.805523199,0.283214154,-0.043704861,-0.003966401,-0.000189556,-0.004001736,0.040436581,0.516852192,0.091164131,0.375189318,0.721935219,0.097883766,-0.020932036,0.000233098,1.22E-06,0,0,0,-0.01742557,0.71057435,0.578207404,0.000117895,-0.012282112,-0.002017855,-0.014004496,-0.037304992,0.022934841,0.703612419,0.732844632,0.792741756,0.290631922,-0.012573207,-0.001852758,1.83E-05,0,0,0,0,-0.015366796,0.765055287,0.512856226,0.066760281,0.005822883,-0.015752451,0.091202628,0.239505634,0.534222273,0.901208708,0.735625528,0.190220605,-0.025209014,-0.000222461,0.000147059,0,0,0,0,0,-0.013166701,0.240655667,0.740326882,0.807801896,0.670811275,0.631013685,0.813612164,0.877121017,0.643559794,0.58028622,0.33009101,-0.054640591,0.000365094,0,0,0,0,0,0,0,-0.000256332,-0.019228306,0.080666888,0.413157493,0.4908646,0.479729541,0.499814283,0.31904902,-0.017601392,0.211366983,0.286059589,-0.033261536,0.000235737,0,0,0,0,0,0,0,7.66E-05,-0.000449482,-0.007509242,-0.025298611,-0.028950419,-0.028172079,-0.030070217,-0.020714154,-0.012762612,0.075688828,0.17439694,0.00599787,-0.001988868,0,0,0,0,0,0,0,0,0,0,0,0,0,0,0,0.000241225,-0.003749949,0.015429304,0.006331587,-0.00064765,0,0,0,0,0,0,0,0,0,0,0,0,0,0,0,7.05E-05,-0.000447985,-0.002873604,-0.000553891,6.98E-05,0,0,0,0,0,0,0,0,0,0,0,0,0,0,0,0,0,0,0,0,0,0,0,0,0,0
0,0,0,0,0,0,0,0,0,0,0,0,0,0,0,0,0,0,0,0,0,0,0,0,0,0,0,0,0,0,0,0,0,0,0,0,0,0,0,0,0,0,0,0,0,0,0,0.000126922,0.000570706,-0.031200929,-0.034194692,-0.000424769,0.000468634,-0.001890261,-0.005552566,-0.002001549,0.000130855,0,0,0,0,0,0,0,0,0,0.000146038,-0.000821308,-0.024200453,0.253296313,0.308298356,0.005082891,-0.003939913,-0.001451406,0.009705491,0.005200453,-0.000318423,0,0,0,0,0,0,0,0,9.43E-18,-0.001387017,-0.026740808,0.272392106,0.910206036,0.485874421,-0.015085393,-0.029449149,0.294426062,0.746342065,0.257168913,-0.016971048,0,0,0,0,0,0,0,0,4.26E-05,-0.015758783,0.160359613,0.870467422,0.730111486,0.049403476,-0.024797947,0.147481724,0.876418641,0.971855528,0.105291633,-0.009847631,0,0,0,0,0,0,0,0,1.28E-05,-0.02102788,0.583707027,0.833330491,0.172835989,-0.019188164,-0.01783575,0.657547542,1.042919237,0.702840635,0.006608711,-0.003672181,0,0,0,0,0,0,0,0,-0.007055698,0.060098956,0.896119103,0.625492421,-0.026052291,-0.032801557,0.300694173,0.983978404,1.033871275,0.376853216,-0.025326916,-0.000938965,0,0,0,0,0,0,0,0.000175551,-0.031814355,0.331593682,0.935245472,0.310693304,-0.041829589,0.135934913,0.807510178,0.980604592,0.934971609,0.232176998,-0.026900208,-0.000211142,0,0,0,0,0,0,0,-0.001480392,-0.036296841,0.580397808,0.754495332,0.008629068,-0.031682428,0.439508408,0.991625596,0.636428431,0.850449568,0.143814542,-0.022721933,2.43E-05,0,0,0,0,0,0,0,-0.019487439,0.121148438,0.826176845,0.352292321,-0.035875511,0.109085052,0.856862966,0.525680164,0.544691869,0.697730869,0.027241643,-0.008942708,0,0,0,0,0,0,0,0,-0.03216973,0.237409246,0.936935287,0.144323985,-0.058686189,0.576016238,0.849288246,0.125448495,0.623369444,0.631986656,0.005490622,-0.006132047,0,0,0,0,0,0,0,0,-0.033376544,0.261243206,0.802179606,0.069463993,-0.007635135,0.735691965,0.391205091,-0.04259471,0.842518665,0.471415148,-0.036675516,-0.000470527,0,0,0,0,0,0,0,0,-0.033087316,0.269258034,0.67597149,0.023725643,0.292325368,0.435840737,-0.005856822,-0.019266748,0.859518602,0.453661748,-0.040738443,9.50E-05,0,0,0,0,0,0,0,0,-0.033237439,0.278877451,0.570368617,0.181644042,0.748176794,0.199121511,-0.026433977,-0.015994094,0.856144946,0.454604116,-0.040589784,7.17E-05,0,0,0,0,0,0,0,0,-0.033111826,0.265134259,0.710408446,0.844342533,0.528322542,-0.010164097,-0.004272672,-0.016132217,0.864457948,0.462988783,-0.038582891,-0.00020435,0,0,0,0,0,0,0,0,-0.019030944,0.113879579,0.85377965,0.717137092,0.069814628,-0.011240962,0.000323529,-0.019521718,0.834175652,0.629063487,0.002339188,-0.005789828,0,0,0,0,0,0,0,0,-0.000693408,-0.005365881,0.139877145,0.088330816,-0.009548547,0.000434399,-2.34E-16,-0.017814194,0.411500049,0.666065455,0.066877726,-0.012612816,0,0,0,0,0,0,0,0,0.000232843,-0.000980222,-0.015174122,-0.010941428,-0.000199993,5.53E-05,1.12E-17,0.000428922,-0.016336472,-0.014378404,-0.000443219,0.000171569,0,0,0,0,0,0,0,0,0,0,0,0,0,0,0,0,0,0,0,0,0,0,0,0
0,0,0,0,0,0,0,0,0,0,0,0,0,0,0,0,0,0,0,0,0,0,0,0,0,0,0,0,0,0,0,0,0,0,0,0,0,0,0,0,0,0,0,0,0,0,0,0,0,0,0,0,0,0.000447597,-0.006222331,-0.027135461,-0.010549101,0.001230163,0,0,0,0,0,0,0,0,0,0,0,0,0,0,4.16E-05,-0.003547845,0.042222835,0.211745898,0.069182138,-0.013367066,0.00041973,0,0,0,0,0,0.000248162,-0.001395527,-0.012196691,-0.009233521,0.000318627,0,0,0,0.00036036,-0.022865741,0.286071402,0.909694853,0.553778969,0.015607853,-0.00634855,0,0,0,0,2.17E-05,-0.000835972,-0.00169024,0.057032356,0.036313049,-0.008407969,0.000585086,1.41E-31,0.000378711,-0.013242785,0.043616762,0.669944478,1.034283241,0.955462793,0.119514492,-0.018318355,0,0,0,0,0.000338286,-0.027683738,0.155630447,0.719926385,0.63205597,0.059846218,-0.006669986,0.000110635,-0.00514791,-0.016642598,0.428859732,0.972448325,1.035366898,0.709024935,0.041475837,-0.009856516,0,0,0,0.001034899,-0.017983623,0.082256991,0.717098637,0.959279126,0.786649266,0.248959735,-0.023436757,0.00087899,-0.028661014,0.390419844,0.965305294,1.026759899,0.868586364,0.181247945,-0.021156446,-0.000216053,0,0,2.91E-05,-0.008102248,0.037730205,0.618200674,1.084427968,0.523384361,-0.040835711,-0.005423271,0.00120401,-0.03204199,0.178237337,0.922839757,1.032572202,1.007904463,0.517562874,-0.030738443,-0.001510334,0.000108932,0,0,5.77E-05,-0.038897976,0.315995455,1.010646395,0.826080372,0.175061036,-0.016425288,-0.000408956,-0.022186632,0.130127042,0.802958316,0.948882842,0.762079878,0.992034535,0.170381161,-0.014721626,0.000132485,0,0,0,-0.00591265,0.00516846,0.602016527,0.952370013,0.192828602,-0.026120319,0.000940647,-0.007739158,0.00195915,0.657533599,1.05858735,0.57343623,0.401750528,0.919478962,0.075719618,-0.007834712,0,0,0,0,-0.01534501,0.094197393,0.877441534,0.552333435,-0.018000953,-0.003908939,-0.01811018,0.000855035,0.43762003,1.020125,0.678435049,0.034437718,0.458903135,0.944330202,0.070821657,-0.007733354,0,0,0,0,-0.021225015,0.154751945,1.000301285,0.28638612,-0.059324783,-0.037502854,0.10643177,0.631127706,1.01085499,0.760342135,0.101470045,-0.05791545,0.488248865,1.035145955,0.239289403,-0.01888804,0.000165974,0,0,0,-0.016868873,0.107702295,0.910073649,0.833526535,0.334662309,0.402143399,0.812337264,1.026872532,0.667960069,0.134612183,-0.021863,-0.023280594,0.249672403,0.932595571,0.552359018,-0.03438574,7.75E-05,0,0,0,-0.002383238,-0.010945844,0.335497311,0.947794577,1.004389485,0.997112524,0.905406611,0.477631825,0.034207601,-0.019860515,0.00071989,-0.002166799,-0.026348856,0.685670581,0.949492596,0.237339154,-0.029739513,0,0,0,0.000392157,-0.004725449,-0.020171671,0.319293437,0.574439287,0.310030569,0.067815519,-0.012675228,-0.013945993,0.000621936,3.68E-05,0.000432922,-0.016143944,0.172001311,0.656632983,0.208745336,-0.025024663,0,0,0,0,0.000216461,-0.000808824,-0.021468393,-0.035248621,-0.020860703,-0.007584536,-0.001871681,0.000192759,0,0,0,0.000532578,-0.009435951,-0.001193015,-0.005789471,0.000600465,0,0,0,0,0,0,0,0,0,0,0,0,0,0,0,3.06E-05,-0.000311035,-0.003915862,-0.000645714,8.79E-05,0,0,0,0,0,0,0,0,0,0,0,0,0,0,0,0,0,0,0,0,0,0,0,0,0,0,0,0,0,0,0,0,0,0,0,0,0,0,0,0,0,0
0,0,0,0,0,0,0,0,0,0,0,0,0,0,0,0,0,0,0,0,0,0,0,0,0,0,0,0,0,0,2.55E-05,-2.04E-05,-0.00878871,-0.015898523,-0.014557802,-0.010383987,-0.002002655,0.000269047,0,0,0,0,0,0,0,0,0,0,0,0.000242143,-0.000786046,-0.019943337,0.033582202,0.09764874,0.085601382,0.044287228,-0.002556663,-2.68E-05,0,0,0,0,0,0,0,0,0,0,2.14E-06,-0.001311377,-0.002352482,0.153125596,0.658789712,0.885298169,0.847313419,0.742541582,0.237965908,-0.028810485,0,0,0,0,0,6.16E-05,-0.00104902,-0.001404412,8.00E-05,0,1.22E-05,-0.017392225,0.103243039,0.739359818,1.034828312,0.974448495,0.920005685,1.082887646,0.440862456,-0.051439811,0,0,0,6.79E-18,0.001304472,-0.011032969,-0.030456563,-0.023224639,-0.0040024,0.000550324,-0.00052114,-0.026671262,0.296757864,0.997021821,0.974043353,0.382676641,0.100989498,0.826991966,0.44851314,-0.050448005,0,0,0,0.000398284,-0.019342023,0.098458163,0.446871494,0.420287548,0.036846303,-0.006273695,-0.001061581,-0.0244375,0.395555402,1.052171398,0.870778301,0.025497906,-0.036284705,0.280438011,0.332448206,-0.035488158,0,0,0,-0.010297005,0.052102126,0.694715717,1.035787405,0.676910049,0.034859701,-0.007763777,-0.001030635,-0.024502059,0.389381123,1.049796499,0.676925857,-0.010658622,-0.026466002,0.195864416,0.288753006,-0.030558813,0,0,0,-0.020178888,0.281199723,1.020046296,0.805160965,0.087968988,-0.010592473,0.00022013,-0.001062908,-0.024419901,0.395689287,1.053331495,0.70986675,-0.010431781,-0.007149254,0.692093835,0.434810168,-0.048243039,0,0,0,-0.020750783,0.741071892,1.021340788,0.381056049,-0.027586023,-0.000769046,0,-0.000279259,-0.027803666,0.254787071,0.977263514,0.877828003,0.050047386,0.504025735,1.076876294,0.438078227,-0.050890302,0,0,0,-0.020669935,0.883937008,0.987361077,0.21360095,-0.033282901,0.000131791,0,3.77E-05,-0.024513787,0.156586806,0.874611077,0.987348661,0.834007625,0.987756723,1.013025259,0.344176998,-0.041193999,0,0,0,-0.020792484,0.811822694,1.018877349,0.315585018,-0.04305479,-0.007784433,-0.00607106,-0.008387459,-0.025706393,0.012861366,0.672726103,1.028356264,1.015420292,0.954963252,0.48444681,0.024914335,-0.005665077,0,0,0,-0.020523182,0.5054425,1.02856892,0.820808773,0.195782462,0.008114325,0.006838765,0.026116801,0.110630699,0.405262576,0.92151047,1.010616937,0.952143767,0.458398132,0.000752653,-0.010588745,0.000829872,0,0,0,-0.008734171,0.046253533,0.63156781,1.039746187,0.927138634,0.626866575,0.599552981,0.665397569,0.884568219,1.036637408,1.024141987,1.026054703,0.832309811,0.121297045,-0.027125681,0.000372753,0,0,0,0,0.000499557,-0.017687501,0.065640199,0.441497855,0.897211942,1.037416854,1.031399148,1.028184283,0.987956444,0.681687109,0.398417671,0.615685765,0.933816245,0.195952614,-0.028036765,0,0,0,0,0,3.06E-05,0.000892136,-0.012172539,-0.023342082,0.185673475,0.424748009,0.410620915,0.421297028,0.246880225,0.008075487,-0.042719822,0.382264618,0.828152369,0.107474077,-0.018125919,0,0,0,0,0,0,1.47E-05,-3.06E-06,-0.001213491,-0.014028544,-0.027440257,-0.026642157,-0.027233915,-0.017628728,-0.003687857,-0.016592116,0.309257844,0.480497413,-0.007436581,-0.003493873,0,0,0,0,0,0,0,0,0,0,0,0,0,0,-1.28E-17,-0.001149056,0.025678129,0.026851891,-0.007020861,0.00046961,0,0,0,0,0,0,0,0,0,0,0,0,0,0,2.44E-18,0.000233184,-0.0049023,-0.006645731,0.000582959,0,0,0,0,0,0,0,0,0,0,0,0,0,0,0,0,0,0,0,0,0,0,0,0,0
0,0,0,0,0,0,0,0,0,0,0,0,0,0,0,0,0,0,0,0,0,0,0,0,0,0,0,0,0,0,0,0,0,0,0,0,0,0,0,0,0,0,0,0,0,0,0,0,0,0,0,0,0,0,0,0,0,0,0,0,0,0.000415645,-0.01514818,-0.011845895,0.001039114,0,0,0,0,0,1.36E-17,0.000855801,-0.021295249,-0.04085146,-0.037225797,-0.016910999,0.000208589,8.93E-05,0,0,0,-0.00686649,0.222675305,0.195694955,-0.017166224,0,0,0,0,0,-2.04E-16,-0.014889025,0.333268161,0.722406063,0.663568015,0.255318117,-0.020239107,0.0003518,0,0,0,-0.012615911,0.757030985,0.359553462,-0.031539777,0,0,0,0,0,-5.66E-16,-0.011672794,0.73691861,0.385641289,0.311632727,0.741088984,0.153986996,-0.019975949,0,0,0,-0.000367647,0.545139059,0.010477941,-0.000919118,0,0,0,0,0,-5.95E-16,-0.004023523,0.706748587,0.108881536,-0.042052288,0.494386234,0.430926964,-0.046734336,0,0,0,0.00015083,0.519032755,-0.004298643,0.000377074,0,0,0,0,0,-4.59E-16,-0.00774734,0.588065659,0.219452122,-0.035716135,0.467269322,0.363993824,-0.039756968,0,0,0,-0.000165101,0.551074644,0.004624592,-0.000469584,6.43E-06,0,0,0,0,-3.53E-16,-0.012482979,0.512198256,0.345290441,0.084433994,0.652258272,0.127857435,-0.016727406,0,0,0,-0.003076151,0.708930214,0.084789131,-0.009717388,0.000229473,0,0,0,0,-2.52E-16,-0.018004323,0.449530135,0.489979082,0.428766357,0.565173203,-0.016184198,-0.001649342,0,0,0,-0.013861826,0.531086567,0.421288688,-0.016203074,-0.002088848,5.32E-18,0,0,1.77E-18,-7.65E-17,-0.019379425,0.241336455,0.84983444,0.817575759,0.217385178,-0.018391595,0.000322857,0,0,0,-0.019127689,0.21895807,0.784111094,0.106534416,-0.032445874,-0.000261778,0.000105988,0.000103145,-0.000773761,-0.013015387,-0.038530093,0.267793489,0.943431373,0.370579231,-0.012745149,-0.00142739,0,0,0,0,-0.003844965,-0.012809978,0.451036783,0.751677996,0.149369115,-0.044117851,-0.033290475,-0.033312645,-0.040531572,0.066416269,0.4942022,0.75285824,0.730272376,0.195723931,-0.030087865,0.000179212,0,0,0,0,0.000343818,-0.008054095,0.010790118,0.446475507,0.70319133,0.374144199,0.285093419,0.285709559,0.436828806,0.775344737,0.663768501,0.114840355,0.47553862,0.33432021,-0.034933415,-0.000129902,0,0,0,0,0,0.000489177,-0.005202359,-0.020013344,0.273292841,0.561991439,0.518897008,0.517814389,0.604091844,0.379709746,0.037753608,-0.050914132,0.352667909,0.442936292,-0.006281897,-0.001781148,0,0,0,0,0,0,0.000268178,-0.003837861,-0.017391323,0.002697219,0.010134303,0.009939645,-0.000133749,-0.018834423,-0.011363307,-0.026832375,0.235516408,0.447776246,0.010593427,-0.002483405,0,0,0,0,0,0,6.13E-07,8.07E-05,-0.000701951,-0.002690921,-0.002790398,-0.002777574,-0.002775225,-0.001128166,7.34E-05,-0.018659655,0.153056066,0.54210626,0.033298594,-0.003836959,0,0,0,0,0,0,0,0,0,0,0,0,0,0,0,-0.017365884,0.134810784,0.643187294,0.046680102,-0.004843107,0,0,0,0,0,0,0,0,0,0,0,0,0,0,0,-0.009644939,0.080430283,0.256272467,0.014503336,-0.001763685,0,0,0,0,0,0,0,0,0,0,0,0,0,0,0,0.000876442,-0.007289965,-0.023628983,-0.00135655,0.000163399,0,0,0
0,0,0,0,0,0,0,0,0,0,0,0,0,0,0,0,0,0,0,0,0,0,0,0,0,0,0,0,0,0,0,0,0,0,0,0,0,0,0,0,0,0,0,0,0,0,0,0,0,0,0,0,0,0.00138804,-0.021554767,-0.050567445,-0.041487506,-0.004112748,0.000709307,0,0,0,0,0,0,1.52E-18,0.000100592,-0.002405477,-0.004928871,-0.004992085,-0.003667688,-3.02E-05,0.001038278,-0.020778084,0.165809606,0.432965533,0.348964478,0.033132924,-0.005849163,0,0,0,0,3.68E-06,0.000114583,-0.001108762,-0.010487575,-0.003534422,0.023127332,0.025161884,0.0202388,0.000217167,-0.015550936,0.099646191,0.750517259,1.063637612,0.996315513,0.127332304,-0.019319342,0,0,0,0,4.54E-06,0.000461414,-0.00859935,0.017095129,0.503807886,0.818131978,0.8454904,0.621596524,0.005318304,-0.050801231,0.375613937,1.020901995,1.015682751,0.752913382,0.058075496,-0.011580882,0,0,0,0,0.000218086,-0.029181968,0.20269087,0.706898778,0.980930608,1.033915067,0.657961908,0.2802003,-0.005324619,0.00835589,0.626577512,1.029468665,1.023882149,0.489348703,-0.016551302,-0.003247549,0,0,0,0.000468634,-0.015294423,0.128320696,0.807739323,1.084454822,0.924029106,0.347080684,0.007099266,-0.036272166,-0.025565339,0.132540684,0.889724481,1.028418039,0.689883124,0.069649202,-0.016309017,0.000403571,0,0,0,-0.003611349,-0.002306832,0.612306849,1.027852499,0.807209167,0.289195712,-0.026840839,-0.008320925,-0.011343086,0.030700197,0.566909828,1.02319601,0.890223941,0.136771804,-0.020255021,0.000909054,0,0,0,0.000349265,-0.017620766,0.084939338,0.782408412,0.903013974,0.204269812,-0.034186539,-0.00132821,-0.021951644,0.022795547,0.541613664,0.991116988,1.012609069,0.734441211,0.015422318,-0.004243362,0,0,0,0,-0.00207244,-0.025338144,0.438077989,1.019688283,0.536808007,-0.039143059,-0.003744293,-0.023782544,0.058254953,0.571932224,1.006753796,1.002392551,1.012839035,0.676592167,0.006613426,-0.003592116,0,0,0,0,-0.015758442,0.096418409,0.880365009,0.989521684,0.230735737,-0.04304085,-0.012546013,0.245284348,0.704284161,1.036861809,0.988106056,0.950509339,1.021401314,0.554364975,-0.006108609,-0.002532629,0,0,0,0,-0.017823876,0.11519675,0.93988647,0.996888104,0.769974573,0.685591581,0.711065171,0.923865874,1.049841697,0.88417735,0.3559719,0.37559407,1.040567038,0.420276895,-0.020986456,-0.001313899,0,0,0,0,-0.004494315,0.000358067,0.473826985,0.995162037,1.0329287,1.034001549,1.042752996,0.977398931,0.681910029,0.259570891,-0.048967525,0.207591925,1.043449483,0.470140268,-0.015351426,-0.001771089,0,0,0,0,0.000429773,-0.010914098,0.027574806,0.462742426,0.662900089,0.658689134,0.619146896,0.270729899,0.04075337,-0.027577087,-0.020373264,0.222823417,1.056339614,0.341771038,-0.030558126,-0.000566432,0,0,0,0,0,0.001071298,-0.010010519,-0.009291582,0.005580065,0.006094839,0.000335324,-0.027147518,-0.011215091,0.00029902,-0.020935798,0.229523273,1.057096371,0.343865111,-0.028890165,-0.000647518,0,0,0,0,0,0,0.000123468,-0.001989226,-0.003503983,-0.003506025,-0.003090783,-0.000379136,3.96E-05,-4.56E-17,-0.016602328,0.170217871,0.803119587,0.214789522,-0.023749643,-0.000213388,0,0,0,0,0,0,0,0,0,0,0,0,0,-1.21E-18,-0.001515939,0.003568297,0.155282754,0.072154111,-0.009231075,2.57E-05,0,0,0,0,0,0,0,0,0,0,0,0,0,5.19E-19,0.000274033,-0.0025551,-0.013195295,-0.003103724,0.000428922,0,0,0,0,0,0,0,0,0,0,0,0,0,0,0,0,0,0,0,0,0,0,0,0
0,0,0,0,0,0,0,0,0,0,0,0,0,0,0,0,0,0,0,0,0,0,0,0,0,0,0,0,0,0,0,0,0,0,0,0,0,0,0,0,0,0,0,0,0,0,0,0,0,0,0,0,0,0,0,0,0,0,0,0,0,0,0,0,0,0,0,0,0,0,0,0,0,0,0,0,0,0,0,0,0,0,0,0,0,0,0,0,0,0,0,0,0,0,0,0,0,0,0,0,0,0,0.000224206,-0.00069487,-0.026022518,-0.024857452,-0.000354882,0.000183441,0,0,4.27E-32,7.78E-18,0.000112103,-0.000150208,-0.016200725,-0.019175092,-0.000996987,0.000214015,4.10E-18,0,0,4.26E-05,-0.002025498,-0.00122149,0.276264553,0.278599963,0.004387766,-0.002091232,0,9.80E-05,-0.000236247,-0.007979643,-0.021182042,-0.019309726,0.165708487,0.197919986,-0.005491132,-0.004014818,0.000280842,0,0,-7.69E-05,-0.024106,0.196421959,0.869432928,0.452093677,-0.021185337,-0.000680983,8.32E-05,-0.000196486,-0.019665118,0.015732033,0.238252926,0.660378806,0.918303066,0.937775553,0.509448912,0.019393273,-0.006324311,0,0,-0.00368413,-0.013150962,0.51455513,0.975025837,0.140938657,-0.012354167,0.000155467,-0.002651654,-0.032589733,0.171052237,0.657466197,1.027367515,0.99316619,0.625944189,0.864003881,0.893116217,0.096839203,-0.015861588,0,0,-0.010720486,0.049929426,0.745417399,0.808065649,0.010368039,-0.003689525,-0.014150208,-0.017038994,0.346875885,0.867145442,0.988137017,0.574025451,0.242637221,0.01934232,0.737682173,0.834622583,0.078245893,-0.013763617,0,0,-0.012229371,0.064197852,0.795202853,0.633379596,0.001872498,-0.019801147,0.061890346,0.538789403,0.964440462,0.705240026,0.208163348,0.001722175,-0.044490588,0.15515322,0.967443236,0.572978673,-0.000664465,-0.005196078,0,0,-0.013053173,0.071716909,0.820345486,0.625092559,-0.028670973,0.063176283,0.695282483,1.003222954,0.554382489,0.062071759,-0.024131179,-0.002639008,-0.034677696,0.497430198,0.95659598,0.292102907,-0.027852768,-0.000612234,0,0,-0.013615425,0.076349438,0.833224237,0.748418888,0.382770848,0.83398472,0.971670094,0.450133488,-0.010759362,-0.015772747,0.000668185,-0.005968569,0.015912706,0.736900639,0.71392218,0.010375341,-0.006474221,9.78E-05,0,0,-0.004912854,0.000499776,0.520524408,1.036292909,0.976048424,0.7766931,0.275060977,-0.019616098,-0.007928496,0.000426028,0.000210376,-0.030950889,0.231098226,0.885034926,0.256027131,-0.022379834,0.000521789,0,0,0,2.96E-05,-0.011499022,0.088389757,0.360122243,0.29580319,0.073025616,-0.016596857,-0.002164607,0.000117017,0,-0.003095724,-0.020815906,0.534046569,0.715848567,0.004088899,-0.003438572,0,0,0,0,4.29E-05,0.000740899,-0.010898097,-0.025204538,-0.02480867,-0.015049632,-0.000926379,0.000214461,0,0,-0.006969465,0.038870664,0.442068951,0.156139757,-0.020730426,6.63E-05,0,0,0,0,0,1.71E-05,-0.000118209,-0.000873519,-0.000584099,3.49E-05,0,0,0,0,-0.000687806,0.00799147,0.004541309,-0.014466299,0.000974367,1.90E-05,0,0,0,0,0,0,0,0,0,0,0,0,0,0,0.000110065,-0.001021475,-0.003136847,0.000275162,0,0,0,0,0,0,0,0,0,0,0,0,0,0,0,0,0,0,0,0,0,0,0,0,0,0,0,0,0,0,0,0,0,0,0,0,0,0,0,0,0,0,0,0,0
0,0,0,0,0,0,0,0,0,0,0,0,0,0,0,0,0,0,0,0,0,0,0,0,0,0,0,0,0,0,6.79E-18,0.000430624,-0.010597136,-0.021100558,-0.020872141,-0.019960342,-0.006288977,0.000762301,0,0,0,0,0,0,0,0,0,0,0,0.000271493,-0.001389263,-0.023934647,0.158082467,0.62422175,0.886849632,0.540583327,0.046090372,-0.008092879,0,0,0,0,0,0,0,0,0,0,6.59E-06,-0.001667943,0.006038143,0.081618004,0.679712439,1.031139876,1.01855096,1.014924547,0.360563181,-0.042906119,0,0,0,0,0,0,0,0,0,0,0.000144863,-0.01901428,0.092440342,0.697419441,1.00991633,0.997479405,0.990841946,1.05371778,0.437785573,-0.050993845,0,0,0,0,0,0,0,0,0,0,-0.002401195,0.001012408,0.461465942,0.92885209,0.835247646,0.947653952,1.006402182,0.954868209,0.295228043,-0.035894582,0,0,0,0,1.22E-05,-8.32E-05,-0.000611213,-0.000783463,-0.00041105,5.10E-06,-0.005873945,0.032531216,0.963342593,0.99900674,0.735052247,0.934601971,1.025510127,0.802378421,0.082938419,-0.013380213,0,0,0,0,0.000491821,-0.002773684,-0.034030767,-0.045693765,-0.023252976,0.000493347,-0.008111726,0.07810021,0.945196282,0.944719946,0.830002192,1.002279887,0.984959456,0.318652963,-0.003104796,-0.001886738,0,0,0,7.81E-05,-0.005178601,0.020343222,0.350198291,0.477399578,0.245498536,-0.004687334,-0.029218239,0.423023812,0.993532561,0.99525046,0.99736889,0.990100167,0.657916156,-0.00548126,-0.005613171,0.000285353,0,0,0,-0.000479473,-0.025076893,0.246700317,0.946608984,1.096566245,0.556806134,-0.011511659,-0.038654616,0.484175534,1.004072763,0.99439534,1.011440473,0.835327053,0.139577938,-0.021623077,6.64E-07,0,0,0,0,-0.012119247,0.06284808,0.769180692,1.049735107,0.917037633,0.2282396,-0.032928998,-0.043931475,0.525813028,1.006300824,0.995359988,1.01172389,0.68987677,0.057710648,-0.036879902,-0.00035849,0.00017325,0,0,0,-0.012842797,0.056476295,0.802704095,0.831066568,0.616043199,0.058654633,0.010818913,0.471402539,0.868450317,1.011798135,1.012717014,1.013506176,0.996756281,0.686873536,0.262619111,-0.001337623,-0.001657087,0,0,0,-0.016876605,0.276949773,0.932350716,0.570564337,0.024696082,0.055676933,0.337627921,0.958031182,1.033669388,0.890617637,0.576379938,0.82945325,0.955890149,1.048508214,0.793796795,0.086606029,-0.013716074,0,0,0,-0.020831631,0.826390536,1.039457312,0.63077965,0.336637153,0.842692606,0.967693802,1.027152676,0.924549939,0.297851001,-0.013581733,0.046129116,0.490793624,1.036122617,0.843306185,0.106924088,-0.016039297,0,0,0,-0.021206087,0.825430714,1.040516595,0.939318219,0.937252553,1.041843597,1.017860513,0.719285795,0.254699414,-0.019569615,-0.003414828,-0.028254827,0.19229793,0.87026331,0.596270374,0.030826083,-0.006793445,0,0,0,-0.017010485,0.315331095,0.849589222,1.01331056,0.973692351,0.799248689,0.464798486,0.063642753,-0.027499285,-0.001202768,0.000206342,-0.00078839,-0.012082584,0.226773029,0.03252228,-0.005259838,0.000285761,0,0,0,-0.002096099,0.030769146,0.126312057,0.367533701,0.304367749,0.083072712,-0.011177999,-0.009652029,-0.000209712,1.55E-05,3.22E-06,0.000130855,-0.000380923,-0.016212929,-0.004563317,7.32E-05,2.32E-05,0,0,0,0.000317965,-0.00525789,-0.018081611,-0.043548979,-0.036863153,-0.013380213,-0.001886738,0.000285353,0,0,0,0,0,0,0,0,0,0,0,0,0,0,0,0,0,0,0,0,0,0,0,0,0,0,0,0,0,0,0,0,0,0,0,0,0,0,0,0,0,0,0,0,0,0,0,0,0,0,0
0,0,0,0,0,0,0,0,0,0,0,0,0,0,0,0,0,0,0,0,0,0,0,0,0,0,0,0,0,0,0,0,0,0,0,0,0,0,0,0,0,0,0,0,0,0,0,0,0,0,0,0,0.00027337,-0.001242917,-0.025448616,-0.014443765,0.000871958,0,0,0,0,0,0,0,0,0,0,0,0,0,1.76E-18,0.000540237,-0.007430649,-0.021956631,0.194851784,0.104566823,-0.010429126,0.000420692,0,0,0,0,0,0,0,0,0,0,0,0,-4.09E-18,-0.008279548,0.044207058,0.546991047,0.925148897,0.604544152,0.015761727,-0.005353634,0,0,0,6.22E-19,2.04E-05,0.000507217,-0.010003915,-0.038393161,-0.032572934,-0.030221964,-0.002829691,0.000297862,0.000542535,-0.026984528,0.476207792,1.034806253,0.996195857,0.919099537,0.232025599,-0.029245852,0,0,0,0.000369349,-0.003382115,-0.025171398,0.093135553,0.416930402,0.35057981,0.323342573,0.014714903,-0.006293062,-0.004815411,0.039237388,0.846827942,0.774770748,0.496180045,0.926652012,0.279013702,-0.033868574,0,0,0,-0.003091496,-0.018108497,0.339284664,0.863159557,1.040998991,1.004207279,0.981387054,0.651769224,0.090961657,-0.046034456,0.342602133,0.923835893,0.237020759,0.389473065,0.937599721,0.263924201,-0.032297477,0,0,0,-0.019389127,0.335261489,0.998628693,0.921902318,0.70197069,0.779858286,0.987941075,0.671068015,0.086408582,-0.054011761,0.429072542,0.946863374,0.525832925,0.841707006,0.83114871,0.084230971,-0.013556724,0,0,0,-0.020909075,0.833549794,0.945019046,0.293816534,0.015450776,0.090036663,0.259566331,0.07662197,-0.020582023,-0.048615094,0.188712333,0.927070543,1.02850703,0.998835818,0.334823819,-0.02617756,0.000372182,0,0,0,-0.0208878,0.748229519,0.919743839,0.231586295,-0.062573087,-0.061810509,-0.073660606,-0.053481413,0.078284705,0.257383681,0.66628462,1.019843446,1.047746953,1.002092252,0.395890676,0.010425841,-0.003708777,0,0,0,-0.019631672,0.263275702,0.998068253,0.858770969,0.529713848,0.484134651,0.481247197,0.517482656,0.770002825,1.005636251,1.031089001,0.736779568,0.531658037,0.91364185,0.927013787,0.228856669,-0.028889568,0,0,0,-0.003345257,-0.006733302,0.359408826,0.854629177,0.979522186,1.03665459,1.052006765,0.99339285,0.917112854,0.671958695,0.302592825,0.050057448,-0.04313734,0.527167648,1.033148584,0.383500842,-0.045074657,0,0,0,0.000377859,-0.003635876,-0.021411697,0.027281539,0.264676011,0.495833844,0.571418715,0.329495166,0.080668743,-0.016368975,-0.021397484,-0.01086992,-0.033665101,0.448210393,1.050032016,0.420451814,-0.048914435,0,0,0,0,2.04E-05,0.000154888,-0.004219856,-0.025663807,-0.035503217,-0.025645765,-0.030842184,-0.00886523,-0.000394029,7.53E-05,0.000784314,-0.042349843,0.566357384,0.978146548,0.295419441,-0.035786148,0,0,0,0,0,0,0,8.43E-05,-0.000960478,-0.002619848,3.37E-05,0,0,0.000191483,-0.011508448,0.043676488,0.799327274,0.791364311,0.019241915,-0.006647507,0,0,0,0,0,0,0,0,0,0,0,0,0,-0.002182904,-0.022041957,0.419401978,1.016181968,0.453914352,-0.031131127,0.000239697,0,0,0,0,0,0,0,0,0,0,0,0,0,-0.000710835,-0.023526107,0.28371107,0.574694383,0.04495273,-0.005108281,2.93E-05,0,0,0,0,0,0,0,0,0,0,0,0,0,7.66E-05,0.00030013,-0.01089648,-0.021249149,-0.006071623,0.000417688,0,0,0,0,0,0,0,0,0,0,0,0,0,0,0,0,0,0,0,0,0,0,0
0,0,0,0,0,0,0,0,0,0,0,0,0,0,0,0,0,0,0,0,0,0,0,0,0,0,0,0,0,0,0,0,0,0,0,0,0,0,0,0,0,0,0,0,0,0,0,0,0,0,0,0,0,0.000522196,-0.008674738,-0.014005136,-0.001886185,0.00027337,0,0,0,0,6.97E-05,-0.000657782,-0.000462776,5.24E-05,0,0,0,0,4.51E-19,0.000100592,-0.000711549,-0.012933058,0.048569921,0.088497549,0.003181185,-0.000832008,0,0,0,0.000514706,-0.009963006,-0.021209048,-0.020797028,-0.001309743,0.000154412,0,0,0,2.37E-18,-0.000471644,-0.007858084,0.071909909,0.588630923,0.808942113,0.24687466,-0.029916025,0,0,0,-0.00347001,0.028271014,0.277608728,0.233972035,-0.009817674,-0.000604422,6.95E-18,0,5.32E-18,0.000606362,-0.023593324,0.201020511,0.88933764,1.008263685,1.076528561,0.439811734,-0.051328115,0,0,0,-0.018304568,0.608010171,0.948379459,0.885727414,0.10357918,-0.015037088,0.00056663,0,0.000778186,-0.01270995,0.035865758,0.682577895,1.020220486,1.002054602,0.956085495,0.29761409,-0.036145693,0,0,0,-0.021132275,0.883859288,1.029972501,1.016711219,0.667134578,0.050133386,-0.014934847,0.001088419,-0.021475174,0.034633542,0.605480582,1.015319595,0.993931794,0.993171429,1.014211287,0.380744347,-0.044951803,0,0,0,-0.018835274,0.475963899,0.961550483,1.005674751,0.964456053,0.410206478,-0.009711488,-0.01662163,0.020153544,0.470961516,1.043351052,0.994096229,0.990847784,0.989422658,1.056377162,0.439987609,-0.051233134,0,0,0,-0.013986588,0.076042966,0.835251055,1.015110362,1.013497294,0.858070313,0.150561602,0.043774935,0.633822372,0.967565768,0.994892531,0.992341459,0.991494349,1.009275906,0.890039233,0.199154786,-0.02572867,0,0,0,-0.003580644,-0.010629255,0.4436867,0.99842499,1.000180658,0.998229473,0.817322402,0.78840659,0.9942428,1.004144744,0.989778322,0.991344489,0.990535012,1.015020272,0.796633715,0.090504698,-0.01411887,0,0,0,0.000257864,-0.011310026,0.047317572,0.520842286,1.009799156,1.007897076,1.008594788,1.005395782,1.003494417,1.00982707,1.006363205,0.992783128,0.991981209,1.006121477,0.586468171,0.007275361,-0.004447434,0,0,0,0,-0.000229435,-0.002820156,0.031772553,0.743495645,0.924264026,0.992649701,1.051172887,0.951433985,0.656430673,0.273425699,0.864608818,1.010802998,0.99829639,0.44285839,-0.033774561,0.000546739,0,0,0,0,0.000114141,-0.001101069,-0.008423373,0.078010706,0.171726239,0.417780478,0.592535318,0.279118294,-0.000616388,0.321064628,0.958664615,1.004882625,0.962660301,0.118679313,-0.010575623,0,0,0,0,0,0,3.57E-05,0.000194887,-0.008618004,-0.016877723,-0.038451772,-0.053783275,-0.036842627,0.03967293,0.670376004,1.017987461,1.002263889,0.939927985,0.029338661,-0.005628728,0,0,0,0,0,0,0,0,0,0,0,0,-0.013459865,0.065479847,0.756969346,1.064289793,1.022700963,0.473668216,-0.013378898,-0.001871579,0,0,0,0,0,0,0,0,0,0,0,0,-0.005338542,0.011452376,0.457161033,0.663115718,0.616048492,0.085810883,-0.009379068,-0.000207465,0,0,0,0,0,0,0,0,0,0,0,0,0.000623701,-0.007453324,0.012699747,0.020610469,0.027842526,-0.020512821,0.001015857,3.42E-05,0,0,0,0,0,0,0,0,0,0,0,0,0,0.00048509,-0.005244077,-0.007775366,-0.007955474,0.000714869,0,0,0,0,0,0,0,0,0,0,0,0,0,0,0,0,0,0,0,0,0,0,0,0,0
0,0,0,0,0,0,0,0,0,0,0,0,0,0,0,0,0,0,0,0,0,0,0,0,0,0,0,0,0,0,0,0,0,0,0,0,0,0,0,0,0,0,0,0,0,0,0,0,0,0,0,0,0,0,0,0,0,0,0,0,0,0,0,1.55E-05,4.26E-05,-0.0034231,-0.006549275,-0.00315244,0.000166207,-0.000327563,-0.004442913,-0.001972529,0.000226244,0,0,0,0,0,0,0,0,0,0,-1.34E-05,-0.00131844,0.012496119,0.042229967,0.010372386,-0.001203993,-0.014169918,0.016837895,0.000763821,-0.006549672,0.000300245,0,0,0,0,0,0,0,0,0,-0.003006996,0.001252945,0.594382625,1.000812789,0.557378827,-0.038215022,0.148078159,0.767232179,0.370403169,-0.018819996,-0.001575606,4.80E-18,0,0,0,0,0,0,0,0,-0.004863409,0.022549139,0.808786407,1.033841418,0.752174375,0.113647348,0.758672249,1.025946351,0.864354371,0.342233568,-0.017455236,0.000161697,0,0,0,0,0,0,0,0,-0.00366154,0.007953117,0.676085039,1.025881147,0.828730841,0.613731622,1.015907593,0.995097937,1.029750927,0.83949048,0.043066511,-0.005646342,0,0,0,0,0,0,0,0,-0.003405637,0.004389808,0.65173846,1.020363239,0.997294461,1.014081393,1.000926096,0.993343546,1.006562926,0.913648479,0.154554228,-0.015370541,0,0,0,0,0,0,0,0,-0.001119945,-0.018544271,0.354894863,0.982473941,1.037041685,0.930710376,0.922183041,0.990302968,1.003748077,0.938565183,0.251824449,-0.023903016,0,0,0,0,0,0,0,0,5.11E-05,-0.005478724,0.005444376,0.410788007,0.678374319,0.412026944,0.170646123,0.707567317,1.023133664,0.946938618,0.278101767,-0.026208044,0,0,0,0,0,0,0,0,3.98E-06,0.000358047,-0.00206873,-0.026646497,-0.041416218,-0.028722886,-0.024142855,0.476682751,1.021273676,0.895264308,0.112792841,-0.011707261,0,0,0,0,0,0,0,0,0,0,0,0,0,-0.002055562,-0.010731286,0.49111658,1.015250788,0.986394134,0.394115184,-0.03638466,0,0,0,0,0,0,0,0,0,0,0,0,0,2.50E-05,-0.030519982,0.212465278,0.952779139,1.005632669,0.42920241,-0.039462486,0,0,0,0,0,0,0,0,0,0,0,0,0,2.85E-05,-0.026049939,0.172223141,0.89620241,1.011043374,0.427378472,-0.039302492,0,0,0,0,0,0,0,0,0,0,0,0,0,-9.34E-05,-0.031567215,0.247523284,0.984507217,0.993446965,0.402027676,-0.037078738,0,0,0,0,0,0,0,0,0,0,0,0,0,-0.002098958,-0.010028901,0.494370098,1.01590162,0.96398258,0.308327717,-0.028859443,0,0,0,0,0,0,0,0,0,0,0,0,0,-0.00324467,0.001828469,0.639331492,1.04641204,0.724659053,0.056245754,-0.00674699,0,0,0,0,0,0,0,0,0,0,0,0,0,-0.002306679,-0.002629698,0.472021242,0.989609869,0.761331122,0.024790645,-0.004067096,0,0,0,0,0,0,0,0,0,0,0,0,0,-0.000239532,-0.001976528,0.055238171,0.223932053,0.266986109,0.022568593,-0.002485873,0,0,0,0,0
0,0,0,0,0,0,0,0,0,0,0,0,0,0,0,0,0,0,0,0,0,0,0,0,0,0,0,0,1.48E-05,0.000390285,-0.005840822,-0.016181577,-0.0150906,-0.021568457,-0.006912105,0.000639808,1.07E-05,0,0,0,0,0,0,0,0,0,0,0,6.56E-05,-0.006016724,0.001061021,0.495684712,0.871483416,0.688189841,0.124382414,-0.015393261,-0.000143747,0,0,0,0,0,0,0,0,0,0,0,-0.001750357,-0.009714086,0.445070006,0.640281744,0.442275131,0.966498247,0.347195415,-0.031350592,-0.000525429,0,0,0,0,0,0,0,0,0,0,0,-0.010239941,0.130634208,0.820463457,0.22308495,0.001862134,0.808312109,0.354263259,-0.030737132,-0.000518382,0,0,0,0,0,0,0,0,0,0,0,-0.021811121,0.350903697,0.793649493,0.048495898,0.113627502,1.014910488,0.334460529,-0.030790799,-0.000509038,0,0,0,0,0,0,0,0,0,0,0,-0.025651246,0.420748945,0.795343239,0.053721916,0.189350295,0.961333214,0.226622072,-0.027261353,-0.000173662,0,0,0,0,0,0,0,0,0,0,0,-0.014046411,0.200385889,0.860294237,0.152043927,0.462388385,0.862633148,0.134813077,-0.021664017,2.08E-05,0,0,0,0,0,0,0.000114277,-0.001560151,-0.008679841,-0.000910335,0.000141861,-0.009612388,0.112677219,0.870109375,0.461507778,0.830706861,0.629652369,0.001386319,-0.005747855,0,0,0,0,0,0,0,-0.000968239,0.012566313,0.092176062,-0.002460342,-0.000267417,-0.003527574,0.005808721,0.668319887,0.993084593,0.964185877,0.361496017,-0.032883715,-5.33E-05,0,0,0,0,0,0,2.24E-18,-0.012903493,0.179737949,0.832737677,0.223089495,-0.027475439,-0.00087694,-0.026703755,0.389318474,1.03778479,0.715362229,0.029099554,-0.00498463,6.07E-05,0,0,0,0,0,0,8.97E-05,-0.025835648,0.394502945,0.916094516,0.243365554,-0.029534161,-0.012798322,0.036784586,0.690971167,1.03535706,0.579834172,-0.030562023,0.000853588,0,0,0,0,0,0,0,-0.003285317,-0.010416361,0.729575129,0.825007779,0.057864929,-0.025706046,-0.006819229,0.52445681,1.001885675,0.848665991,0.803596061,0.023008217,-0.003501947,0,0,0,0,0,0,0,-0.00306714,-0.009883527,0.695062126,0.646737422,-0.065012783,0.04054871,0.528900327,0.996188181,0.519168096,0.248959269,0.856268922,0.217702972,-0.019804007,0,0,0,0,0,0,0,-0.000733765,-0.023987081,0.539913586,0.497973431,0.181618277,0.716998696,0.992253455,0.719863988,0.005699346,0.346089103,0.817951979,0.02918556,-0.003665407,0,0,0,0,0,0,0,-0.00317802,-0.009320381,0.660032356,1.042781148,1.029488783,0.939093902,0.507070449,0.038939951,-0.041350473,0.311890472,0.362541954,-0.017124353,0.000543811,0,0,0,0,0,0,0,-0.000204639,-0.008725371,0.163373315,0.425507659,0.437377502,0.226556483,-0.006407169,-0.008535863,-0.000875783,0.013503472,-0.003347074,-0.000473005,0,0,0,0,0,0,0,0,3.91E-05,0.000952264,-0.020599242,-0.049474135,-0.050441482,-0.028608208,-0.002574294,0.000315927,0.000285353,-0.003253027,-0.002036034,0.000114141,0,0,0,0,0,0,0,0,0,0,0,0,0,0,0,0,0,0,0,0,0,0,0,0,0,0,0,0,0,0,0,0,0,0,0,0,0,0,0,0,0,0,0,0,0,0
0,0,0,0,0,0,0,0,0,0,0,0,0,0,0,0,0,0,0,0,0,0,0,0,0,0,0,0,0,0,0,0,0,0,0,0,0,0,0,0,0,0,0,0,0,0.000315927,-0.002896335,-0.027435403,-0.026145286,-0.002579593,0.000491623,0,0,0,0,0,0,0,0,0,0,0,0,0,4.78E-05,-0.001935321,0.010447883,0.220460217,0.234393331,0.025474077,-0.004639093,3.01E-05,-9.25E-05,-0.002544271,-0.002619536,-2.37E-05,1.33E-05,0,0,0,0,0,0,0.000113971,-0.000621936,-0.04447612,0.264473941,0.846298663,0.39741665,-0.003318151,-0.003263787,0.00036986,-0.014992408,-0.005798662,-0.004764689,-0.023803054,-0.003650582,0.000506298,0,0,0,0,5.71E-18,-0.000436121,-0.011489277,0.16197852,0.741522876,0.528449954,0.013819513,-0.006587078,0.000369485,-0.008752213,0.108518167,0.553360226,0.56259809,0.165641953,0.013807002,-0.002586931,0,0,0,0,0.000432106,-0.011122464,0.057205099,0.839501294,1.019807173,0.298115429,-0.023207465,0.000315308,0.000787207,-0.030027063,0.683025441,1.037604303,1.02441408,0.852841503,0.214507881,-0.027095919,0,0,0,0,-0.009345009,0.05054871,0.677803188,1.010973819,0.486915077,0.016620931,-0.005084043,3.67E-05,-0.019020661,0.191551167,0.970496714,0.811230127,0.293486609,0.874132798,0.316371717,-0.037331626,0,0,0,0,-0.020949003,0.15524663,0.883661918,0.548961567,-0.037055845,-0.007192022,0.000417007,0.000201593,-0.045026501,0.476085869,1.012298928,0.369708265,0.058591401,0.876813113,0.313380668,-0.036908402,0,0,0,0,-0.032965228,0.270819785,0.934433653,0.356309709,-0.044645544,-0.009311619,-0.011557292,-0.016473346,0.015975541,0.694308228,0.791496865,0.059456155,0.65926537,0.920199568,0.201213167,-0.025897844,0,0,0,0,-0.033365537,0.272005515,0.96376697,0.594613222,0.409431679,0.136006295,0.040078329,-0.0029431,0.168843733,0.860735754,0.7186203,0.576366439,1.021956716,0.537059181,-0.01244373,-0.002140149,0,0,0,0,-0.008153357,0.044953993,0.563322491,0.962327819,1.04201091,0.775119475,0.725975677,0.652980596,0.725399969,0.952488545,1.028964796,0.990778935,0.514302883,0.056620149,-0.008040135,0.000238474,0,0,0,0,0.000882349,-0.01134274,0.016963723,0.329603784,0.781128657,0.95516722,0.935451928,0.93417696,0.938244466,1.011265372,0.578874861,0.307082739,-0.011386001,-0.015721434,0.000704109,0,0,0,0,0,1.22E-05,0.000349775,-0.008964801,-0.006321912,0.04795241,0.162313416,0.122778799,0.10838477,0.309571827,1.010281114,0.198469997,-0.040443049,-0.004496698,0.00046024,7.15E-06,0,0,0,0,0,0,0,0.000160846,-0.001037837,-0.006044901,-0.016058338,-0.012594465,-0.034648659,0.120324653,0.857903663,0.524541091,-0.030879119,0.000857843,0,0,0,0,0,0,0,0,0,0,0,0,0,0,-0.003339767,-0.0153606,0.547397212,0.911869709,0.135013191,-0.026809726,0.001348039,0,0,0,0,0,0,0,0,0,0,0,0,0,0.000283088,-0.013371732,0.10105913,0.681142772,0.739143944,0.087454299,-0.015367647,0,0,0,0,0,0,0,0,0,0,0,0,0,0,0.000968163,-0.021907315,0.098572378,0.631087977,0.198589098,-0.025558273,0,0,0,0,0,0,0,0,0,0,0,0,0,0,3.40E-05,4.26E-05,-0.009522645,-0.01902931,-0.003686513,0.000539216,0,0,0,0,0,0,0,0,0,0,0,0,0,0,0,0,0,0,0,0,0,0,0,0
0,0,0,0,0,0,0,0,0,0,0,0,0,0,0,0,0,0,0,0,0,0,0,0,0,0,0,0,0,0,0,0,0,0,0,0,0,0,0,0,0,0,0,0,0,0,0,0,0,0,0,0,0,0,0,0,0,0,0,0,0,0,0,0,0,0,0,0,0,0,0,4.08E-06,3.55E-05,-0.000744485,-0.001569138,-0.001263021,-0.000224163,3.06E-05,0,0,0,4.60E-05,-0.001116546,-0.001725184,-0.00017739,3.31E-05,0,0,0,0,0,6.91E-05,0.00030278,-0.010050551,-0.019629834,-0.020829912,-0.009392804,0.001083119,0,0,0,0.00066636,-0.024534976,-0.023784229,-0.001706138,0.00038174,0,0,0,0,1.84E-17,-0.000594363,-0.0316862,0.203223039,0.463496324,0.405114583,0.109842525,-0.013662712,0,0,0,-0.012372345,0.388220211,0.446878506,0.035389502,-0.007507966,0,0,0,3.37E-05,0.00060866,-0.022134736,0.212581479,0.761408548,1.050460052,1.052987949,0.401545003,-0.047305043,0,0,0,-0.02155436,0.889718072,0.807878976,0.072474267,-0.01644725,8.68E-05,0,0,0.00038431,-0.014481472,0.100723116,0.806819662,1.011577443,0.996397976,0.962032072,0.311654539,-0.037609064,0,0,0,-0.020678615,0.781326587,0.987284535,0.289362643,-0.065239447,-0.035850694,-0.008395551,-0.003265829,-0.009272621,0.001464869,0.602965822,1.02489481,0.993229065,1.021233132,0.552955372,-0.010421875,-0.002458114,0,0,0,-0.019959661,0.388544121,1.011542807,0.863062551,0.685188572,0.562331784,0.085729808,0.000265693,-0.025130736,0.231008612,0.88817933,1.007114111,1.029319342,0.692916122,0.095202563,-0.011503115,0.000305736,0,0,0,-0.010231652,0.053562924,0.609124285,0.859422369,1.055345197,1.046136029,0.858251294,0.695865571,0.553269131,0.869239549,1.004696623,0.976055909,0.686481073,0.17740642,-0.031910522,0.00047452,0,0,0,0,0.000644404,-0.01130172,0.012671432,0.141998996,0.388245217,0.643772825,0.792340967,0.917844465,1.053485022,1.004223363,1.008878847,0.656369458,0.020544526,-0.020369162,0.000953074,3.23E-05,0,0,0,0,0,0.000654134,-0.005129428,-0.02027985,-0.047516255,0.020785044,0.065512745,0.160469695,0.418633243,0.945336938,1.014896865,0.236634863,-0.029201317,0.000754148,0,0,0,0,0,0,0,0,0,5.51E-05,0.000146889,-0.007635995,-0.012567602,-0.021224197,-0.00279793,0.75691459,1.031745745,0.22152382,-0.020804058,0,0,0,0,0,0,0,0,0,0,0,0,0,0,-0.001914931,-0.013441347,0.494489022,0.927945925,0.153799988,-0.01663654,0,0,0,0,0,0,0,0,0,0,0,0,0,0,-0.001470384,-0.01956747,0.442497821,1.043785948,0.217345179,-0.020324074,0,0,0,0,0,0,0,0,0,0,0,0,0,0,-0.000686275,-0.022032271,0.296769301,0.919355086,0.201934066,-0.018967525,0,0,0,0,0,0,0,0,0,0,0,0,0,0,5.44E-05,-0.007583873,0.044929613,0.203405113,0.034895962,-0.004080211,0,0,0,0,0,0,0,0,0,0,0,0,0,0,2.04E-06,0.000489515,-0.003879868,-0.016588542,-0.00372352,0.000355733,0,0,0,0,0,0,0,0,0,0,0,0,0,0,0,0,0,0,0,0,0,0,0,0,0,0
0,0,0,0,0,0,0,0,0,0,0,0,0,0,0,0,0,0,0,0,0,0,0,0,0,0,0,0,0,0,0,0,0,0,0,0,0,0,0,0,0,0,0,0,0,0,0,0,0,0,0,0,0,0,0,0,0,0,0,0,0,0,0,0,0,0,0,0,0,0,0,0,1.47E-05,-5.38E-05,-0.001373519,-0.003715788,-0.001529616,0.000177327,0,0,0,0,0,2.48E-05,-0.000306066,-0.002704963,0.000148897,0,0,0,4.29E-18,0.000392157,-0.007037422,-0.024049173,-0.019566976,0.006496868,0.002975252,-0.000330602,0,0,0,0.000127655,-7.39E-05,-0.012968563,-0.027576236,-0.006534058,-0.002830525,0.000336309,0,1.31E-18,0.000574449,-0.008931951,0.021137931,0.172760161,0.421055522,0.701092865,0.289444138,-0.033617464,0,0,0,-0.001022944,-0.008265052,0.126362745,0.345648216,0.381345895,0.015404565,-0.003833924,0,0.000193015,-0.007172862,0.042888583,0.501579549,0.881205185,1.012779854,1.050398914,0.391934862,-0.046293669,0,0,0,-0.01603889,0.187324469,0.844760099,0.653054316,0.202316762,-0.001832121,-0.001248469,0,-0.002320227,-0.02084096,0.489723955,0.891698018,0.495909512,0.898546992,0.75505933,0.070769553,-0.011779707,0,0,0,-0.021128642,0.547253509,0.808158071,0.082426249,-0.028867851,-0.000596405,-0.000132434,-0.000808211,-0.020988971,0.050896072,0.747845367,0.872215921,0.839286663,0.851913943,0.169691602,-0.021256485,0.00084383,0,0,0,-0.020144846,0.852784266,0.610415935,-0.02991813,-0.004990502,-0.018662241,-0.032070424,-0.028562092,0.048717218,0.353339937,0.947762749,1.024158021,0.727897603,0.187676454,-0.02148703,-5.51E-06,0,0,0,0,-0.019968682,0.886378154,0.715133204,0.058753711,-0.04678896,0.110623928,0.28978534,0.399061547,0.846089444,0.972470129,0.921243583,0.970884442,0.331278425,-0.051162156,-0.002718171,0.000205065,0,0,0,0,-0.020947372,0.494305454,1.020551981,0.753906948,0.604946844,0.826940836,1.031613367,0.915465993,0.637724843,0.323464767,0.22501828,0.821966916,0.919433977,0.248639706,-0.025189611,-0.000230801,0,0,0,0,-0.003892354,0.017535163,0.242200685,0.481833564,0.684376724,0.32878944,0.183886704,0.112256125,0.010705876,-0.039389497,-0.040834437,0.147666778,0.85236213,0.864901519,0.097478225,-0.018305562,0.000937267,0,0,0,0.000423815,-0.005985624,-0.020941415,-0.020769846,-0.020778697,-0.020844567,-0.020674181,-0.015827546,-0.006734069,6.76E-05,-0.000405433,-0.044325666,0.285747089,0.985052645,0.663416956,0.027316228,-0.006868045,0,0,0,0,0,0,0,0,0,0,0,0,0,4.68E-05,-0.004817425,0.008291718,0.540225218,0.985226784,0.324898063,-0.038837797,0,0,0,0,0,0,0,0,0,0,0,0,0,0,0.000755778,-0.014474877,0.06010529,0.921025752,0.424765523,-0.048515348,0,0,0,0,0,0,0,0,0,0,0,0,0,0,0,-0.017330831,0.257887391,0.874136642,0.233643229,-0.028807631,0,0,0,0,0,0,0,0,0,0,0,0,0,0,0,-0.013457258,0.227236558,0.328781864,0.001768579,-0.002085663,0,0,0,0,0,0,0,0,0,0,0,0,0,0,0,0.000479984,-0.007647229,-0.017534382,-0.003291292,0.000436183,0,0,0,0,0,0,0,0,0,0,0,0,0,0,0,0,0,0,0,0,0,0
0,0,0,0,0,0,0,0,0,0,0,0,0,0,0,0,0,0,0,0,0,0,0,0,0,0,0,0,0,0,0.000748911,-0.008209082,-0.019537184,-0.018033429,-0.019704691,-0.003574857,0.000278799,0,0,0,0,0,0,0,0,0,0,0,0,0.000366883,-0.023810434,0.212133372,0.825400946,0.78345201,0.352667186,0.009301088,-0.002362266,0,0,0,0,0,0,0,0,0,0,0,0,-0.002703738,-0.019241898,0.514862047,0.898194377,0.728947712,1.003666377,0.244649935,-0.017542484,0,0,0,0,0,0,0,0,0,0,0,0,-0.014220588,0.073148046,0.775641102,0.497513028,0.383575589,1.007208333,0.348636387,-0.023024816,0,0,0,0,0,0,0,0,0,0,0,0,-0.026783701,0.186447661,0.903260263,0.324288095,0.526666752,0.94501057,0.170216282,-0.01318316,0,0,0,0,0,0,0,0,0,0,0,0,-0.026981618,0.188874626,0.88588334,0.477873881,0.910885961,0.660079878,-0.004464205,-0.002918964,0,0,0,0,0,0,0,0,0,0,0,0,-0.026911765,0.185811354,0.908728123,0.924083075,0.993808412,0.414342601,-0.015233786,-0.001523786,0,0,0,0,0,0,0.000129902,-0.001103503,-0.014301522,-0.012925143,0.000734224,6.54E-05,-0.026997141,0.184462878,0.905488017,1.048188466,0.766183909,0.074609086,-0.015692334,5.31E-05,0,0,0,0,0,0,-0.000885978,-0.001515795,0.188337435,0.191669696,-0.013355295,-0.000259736,-0.032733796,0.178193474,0.918649782,0.950966023,0.333110073,-0.00562437,-0.002557598,0,0,0,0,0,0,0,-0.018031097,0.258863971,0.925547726,0.588267616,-0.001418307,-0.010143229,0.016462146,0.558003693,1.010678224,0.592877142,-0.028560917,-0.003252468,0.000397059,0,0,0,0,0,0,0,-0.022622855,0.342336908,0.992731975,0.450937585,-0.014600556,-0.02164905,0.341864685,0.986473448,1.018628251,0.353061314,-0.024885366,0.000369775,0,0,0,0,0,0,0,0,-0.034096908,0.562993678,0.912724716,0.207408228,-0.070864808,0.112274452,0.821569205,1.034481574,1.015349116,0.606785101,-0.006031314,-0.00128409,0,0,0,0,0,0,0,0,-0.042191789,0.721414726,0.828862898,0.054920224,0.167009108,0.647428275,0.992126208,0.861732315,0.992852924,0.895719515,0.147835478,-0.014791837,0,0,0,0,0,0,0,0,-0.040952819,0.679141136,0.966306509,0.729403254,0.884790996,1.037437432,0.537510042,0.202506996,0.795377979,0.934972416,0.195461772,-0.018884464,0,0,0,0,0,0,0,0,-0.018080627,0.254179551,0.960042841,1.088414982,1.086046856,0.741683807,0.053263055,-0.016798492,0.141803411,0.308658704,0.071062857,-0.006579776,0,0,0,0,0,0,0,0,-0.000838797,-0.01031124,0.297105018,0.434011506,0.429412189,0.210137102,-0.011046824,-0.002297386,-0.011293045,-0.020793893,-0.00469133,0.000437857,0,0,0,0,0,0,0,0,0.000204231,-0.000662427,-0.036081285,-0.05060821,-0.050217422,-0.0260181,0.000550324,0.000183441,0,0,0,0,0,0,0,0,0,0,0,0,0,0,0,0,0,0,0,0,0,0,0,0,0,0,0,0,0,0,0,0,0,0,0,0,0,0,0,0,0,0,0,0,0,0,0,0,0
0,0,0,0,0,0,0,0,0,0,0,0,0,0,0,0,0,0,0,0,0,0,0,0,0,0,0,0,0,0,0,0,0,0,0,0,0,0,0,0,0,0,0,0,0,0,0,0,0,0,0,0,0,0,0,0,0,0,0,0,0,0,1.71E-05,8.83E-05,-0.003537633,-0.014521855,-0.015068474,-0.003385818,0.000303922,-6.02E-05,-0.003712623,-0.004868668,-0.00277506,-0.001767259,-0.000156505,3.22E-05,0,0,0,0,0,0,0.000808773,-0.009386812,0.011567334,0.189811104,0.211991677,0.037734941,-0.00482261,-0.01850783,0.008499183,0.022834286,-0.00286977,-0.015806747,-0.020080797,-0.001579963,0.000174632,0,0,0,0,0,-0.009418287,0.054976682,0.606713916,0.98032147,0.913491592,0.351493213,-0.019193338,0.134833027,0.680874132,0.810740128,0.579645958,0.473094005,0.159616285,-0.016659467,-3.37E-05,4.35E-18,0,0,0,0,-0.028905059,0.228809726,0.931062228,0.927444632,0.353409688,0.090769706,0.047664488,0.698008357,1.033955695,0.988978724,1.025898047,1.047416786,0.848719005,0.263490724,-0.026148046,0.000811218,0,0,0,0,-0.025357062,0.196142823,0.914573906,0.737507541,-0.032518582,-0.046348347,0.222604018,0.916137999,1.000305515,0.475069113,0.229182016,0.536908639,1.01695275,0.75746321,0.056295028,-0.010381535,0,0,0,0,-0.032293832,0.263295377,0.941434947,0.531116422,-0.029843444,-0.030727294,0.243811802,0.935390523,0.869093597,0.147382727,-0.060256206,0.100963065,0.830609647,1.012010723,0.339750477,-0.040617994,0,0,0,0,-0.051039093,0.439633,1.072476988,0.578502655,-0.03155896,-0.030932341,0.248065785,0.950385689,0.754000868,-0.004017429,-0.02786352,0.047152369,0.797962997,1.024296671,0.341897025,-0.040884595,0,0,0,0,-0.050796136,0.436555709,1.078995438,0.667335818,-0.011613681,-0.041793292,0.311376906,0.982289471,0.822178581,0.072700095,0.021094347,0.571189491,1.010677781,0.74827388,0.118407339,-0.016674004,0,0,0,0,-0.037475847,0.311201644,0.956164335,0.958173424,0.405278935,-0.038595247,0.135235839,0.855916939,1.005406761,0.627290969,0.594909961,1.039422981,0.959644267,0.241549496,-0.027932547,0.001083527,0,0,0,0,-0.002769087,0.001385492,0.393826842,0.987191937,0.978936635,0.609585258,0.458687086,0.86755364,1.011090355,1.001020664,0.999120346,0.973184236,0.559813247,0.010761468,-0.003354327,0,0,0,0,0,0.00056663,-0.006864958,-0.011911305,0.379020272,0.83196795,0.997110085,0.974623775,0.982076423,1.026334542,1.021136302,0.955199917,0.345432768,-0.02908558,-0.022082278,-0.00379085,-0.000878022,7.61E-05,0,0,0,0,0.000206801,-0.003558977,-0.023007966,0.12681124,0.289533702,0.265335172,0.316543199,0.414988681,0.713676794,0.997070526,0.58952788,0.293635383,0.198923271,0.008462163,-0.01892128,-0.000166292,0,0,0,0,0,0.000308824,-0.001219056,-0.020568968,-0.027031647,-0.026589767,-0.024684555,-0.027741813,0.061935985,0.65924147,0.974582108,1.003887238,1.000131196,0.816898029,0.351175129,-0.014832006,0,0,0,0,0,0,2.96E-19,1.48E-05,-0.000469508,-0.000375919,-0.000688062,-0.000930504,-0.012972375,0.051095858,0.2840521,0.485337265,0.585791054,0.604876379,0.451742166,-0.012438725,0,0,0,0,0,0,0,0,0,0,0,4.84E-18,0.00063593,-0.009312872,-0.036986772,-0.017394827,0.00160501,0.00080439,-0.012400331,-1.53E-05,0,0,0,0,0,0,0,0,0,0,0,0,0,0,0.000193015,-0.003107639,-0.005506196,-0.005511642,-0.002929117,0.000112337,0,0,0,0,0,0,0,0,0,0,0,0,0,0,0,0,0,0,0,0,0
0,0,0,0,0,0,0,0,0,0,0,0,0,0,0,0,0,0,0,0,0,0,0,0,0,0,0,0,0,0,0,0,0.000778607,-0.006435696,-0.020186377,-0.02184215,-0.012002145,2.85E-05,0.000108932,0,0,0,0,0,0,0,0,0,0,0,0,0,-0.004736372,0.027249399,0.30503037,0.711040079,0.124294787,-0.013931272,-0.000232359,0,0,0,0,0,0.000117647,-0.000795394,-0.00419133,-0.004693449,-0.001765217,0.000163399,0,0,-0.044124985,0.371714461,1.028787735,1.055269625,0.707878625,0.037604511,-0.009540271,0,0,0,0,0.000528493,-0.00862163,-0.020519489,0.01327548,0.022125814,0.011375783,-0.001034858,0,0,-0.041033386,0.343452717,0.993245864,1.008468869,1.000221865,0.136739279,-0.020110124,0,0,0,0.000652236,-0.00854439,0.00864374,0.301060968,0.743854609,0.775311799,0.262155076,-0.024438743,0,0,-0.02571644,0.198917654,0.891559692,1.020661339,0.992460427,0.134211865,-0.019837793,0,0,0,-0.006395989,0.028653748,0.545980426,0.967355562,1.03568927,0.993256237,0.359679585,-0.033406948,0,0,-0.018055114,0.126623196,0.840697661,1.044946334,0.781252298,0.065434603,-0.012426981,0,0,0.000260894,-0.038650878,0.28912935,0.989346439,1.030668236,0.99996535,1.045249987,0.558858944,-0.0508502,0,0,-0.010101657,0.051572109,0.787896233,1.056489561,0.717803239,0.044773218,-0.010200698,0,0,-0.001972188,-0.032371438,0.491220622,1.067149986,0.741421364,0.726969295,1.080200155,0.576021242,-0.052355664,0,0,0.000339163,-0.046950436,0.718581699,1.063694444,0.725122549,0.047156659,-0.010457516,0,0,-0.00947389,0.038027954,0.699976767,1.024963967,0.401011387,0.613304977,1.092711671,0.572916667,-0.052083333,0,0,0.000905793,-0.052297318,0.714819955,1.064120302,0.725122549,0.047156659,-0.010457516,0,0,-0.015324585,0.092326291,0.869044986,0.983402778,0.07864871,0.682281165,1.08997921,0.580678105,-0.052764161,0,0.000272331,-0.024987974,0.160432802,0.870625374,1.046559028,0.725122549,0.047156659,-0.010457516,0,0,-0.018632387,0.123024897,0.975269046,0.752590244,0.096931117,0.765170156,1.05952791,0.496697134,-0.045406965,0.000812738,-0.011935764,-0.044698239,0.519297522,1.063850031,1.024906999,0.73126685,0.04917859,-0.010675381,0,0,-0.021355122,0.14829369,1.060781511,0.601887663,0.079936441,0.764664098,0.947499413,0.227941941,-0.027891834,-0.025685103,0.032287972,0.246927173,0.989266082,0.984593066,1.028860082,0.688554686,0.032609492,-0.008957374,0,0,-0.018890761,0.125110931,0.979221201,0.874988086,0.107943917,0.43990242,0.57976049,0.132149237,0.0008013,0.103686581,0.529097733,1.043838561,0.843623332,0.41317339,0.991397195,0.385333572,-0.047735111,0.000217865,0,0,-0.011208129,0.056097897,0.729255004,0.995226103,0.861585444,0.899645833,0.884444852,0.788509429,0.709480086,0.886712231,0.934316023,0.904727182,0.207895646,0.020450572,0.656195687,0.143359988,-0.018312339,0,0,0,-0.000220929,7.53E-05,0.011317504,0.198820942,0.840340329,0.782126174,0.894418695,0.941704282,0.932373621,0.803052237,0.483454946,0.026201643,-0.014135059,-0.000774595,0.011243617,-0.00487483,0.000436183,0,0,0,6.54E-05,-0.000294729,-0.005421824,0.003909603,0.111860737,0.012451355,0.175652117,0.252036424,0.217855154,-0.001134974,0.026209831,-0.011501569,-0.000575827,-0.000220333,-0.003708793,-0.000563011,7.83E-05,0,0,0,0,0,0.000156537,-0.001930618,-0.016410256,-0.005974481,-0.023259195,-0.031267376,-0.027668256,-0.004677347,-0.005739676,0.000624845,0,0,0,0,0,0,0,0,0,0,0,0,0,0,0,0,0,0,0,0,0,0,0,0,0,0,0,0,0,0,0,0,0,0,0,0,0,0,0,0,0,0,0,0,0,0,0
0,0,0,0,0,0,0,0,0,0,0,0,0,0,0,0,0,0,0,0,0,0,0,0,0,0,0,0,0,0,0,0,0,0,0,0,0,0,0,0,0,0,0,0,0,0,0,0,0,0,0,0,0,0,0,0,0,0,0,0,0,0,0,0,0,0,0,0,0,0,0,0,0,0,0,0,0,0,0,0,0,0,0,0,0,0,0,0,0,0,0,0,0,0,0,0,0,0,0,0,0,0,0,0,0,0,0,0,0,4.01E-18,-2.04E-17,-2.10E-16,-3.62E-16,-5.55E-16,-3.43E-16,-1.11E-16,7.68E-18,0,0,0,5.53E-05,-0.000630617,-0.001312285,2.21E-05,0,0,0,0,3.57E-06,0.000446112,-0.00364311,-0.017992409,-0.021007603,-0.020211397,-0.021160131,-0.012005379,0.000744996,0,0,0,0.001647151,-0.018459551,-0.031634291,-0.009232298,0.000211569,6.60E-05,0,0,7.81E-05,-0.008172975,0.030851491,0.351182772,0.573373332,0.799611291,0.55254124,0.200395809,-0.013515603,0,0,0,-0.020623553,0.232996068,0.410140214,0.044318593,-0.02930719,-0.009717678,-0.004807751,-0.003029789,-0.003273795,-0.019180692,0.322902778,0.963016868,0.859273165,0.684851801,0.855571912,0.642919628,-0.038626991,0,0,0,-0.038287207,0.419055011,1.004705984,0.744176743,0.426508817,0.095105699,0.020501328,0.00031591,-0.012230801,-0.016290645,0.560744621,0.899711482,0.177225042,0.026682853,0.495381332,0.727721133,-0.041438674,0,0,0,-0.006046177,0.053645067,0.453291244,0.816688674,1.00311569,0.936974282,0.87789791,0.6459524,0.52886232,0.521381621,0.757432632,0.881981737,0.520353227,0.631163688,1.003421705,0.663801488,-0.040246834,0,0,0,0.000491473,-0.006625051,-0.024053188,0.110771276,0.359463252,0.452670224,0.494971354,0.579066131,0.913314304,0.995945313,0.997348448,1.006600677,1.020089377,0.813497192,0.468076151,0.164475899,-0.011212623,0,0,0,0,0.000195671,-0.000478397,-0.016113081,-0.043241816,-0.045873487,-0.029707513,-0.006301179,0.100092842,0.11519793,0.292698728,0.869578543,0.846731383,0.072318393,-0.03843871,-0.023935429,0.001386817,0,0,0,0,0,0,0,6.74E-05,-0.000459218,-0.002112609,-0.004633083,-0.016155195,-0.024992851,-0.014277982,0.583330099,0.920928077,0.153094958,-0.017598295,0.000257353,0,0,0,0,0,0,0,0,0,0,0,0,0,0.000520833,-0.030844056,0.285045275,0.873931114,0.205809079,-0.018974248,0,0,0,0,0,0,0,0,0,0,0,0,0,0,0,-0.00038637,0.001769472,0.274885978,0.074947066,-0.006587861,0,0,0,0,0,0,0,0,0,0,0,0,0,0,0,0.00014808,-0.001512459,-0.018766408,-0.004946895,0.000439134,0,0,0,0,0,0,0,0,0,0,0,0,0,0,0,0,0,0,0,0,0,0,0,0,0,0,0,0,0,0,0,0,0,0,0,0,0,0,0,0,0,0,0,0,0,0,0,0,0,0,0,0,0,0,0,0,0,0,0,0,0,0,0,0,0
0,0,0,0,0,0,0,0,0,0,0,0,0,0,0,0,0,0,0,0,0,0,0,0,0,0,0,0,0,0,0,0,0,0,0,0,0,0,0,0,0,0,0,0,0,0,0,0,0,0,0,0,0,0,0,0,0,0,0,0,0,1.63E-05,-1.71E-05,-0.001691891,-0.001637,1.23E-05,7.20E-06,0,0,0,4.08E-05,-0.00037837,-0.004550263,-0.003726869,-0.000941942,7.09E-05,2.45E-06,0,0,0,0,2.21E-05,-8.05E-06,-0.001597801,-0.016614873,-0.017462129,0.000218495,8.07E-05,0,0,5.53E-05,-0.000932394,0.02219029,0.007323478,-0.014896191,-0.00128159,0.00011683,0,0,0,0,-0.00344601,0.003498125,0.351929875,0.449161101,0.104286271,-0.016997447,0.000381303,4.68E-05,5.88E-18,-0.007508681,0.070311138,0.744448589,0.69505547,0.289141289,-0.013084338,-0.000870455,0,0,0,0,-0.006179705,0.006362001,0.614744553,1.051466299,0.735558602,0.12998332,-0.018859793,-3.35E-05,-0.000805079,-0.040260842,0.279191091,0.962197373,1.039843052,0.863648795,0.108225065,-0.009745047,0,0,0,0,-0.005771948,0.003224398,0.595651641,1.044397293,1.029345437,0.608922146,0.003755577,-0.051559659,-0.042711263,0.079632896,0.679367059,1.012195677,1.017994035,0.812437681,0.106540772,-0.009485498,0,0,0,0,-0.001913126,-0.011335453,0.286810577,0.881500732,1.011902267,0.992278101,0.54195771,0.343761387,0.390776978,0.768334508,1.024724758,0.999575028,0.961694921,0.275490536,-0.028913654,-0.000288756,0,0,0,0,0.000178717,-0.002442522,-0.025266697,0.432439934,0.999622498,1.011526688,1.006111892,1.011129562,1.021101665,1.020659909,0.988620081,1.013227345,0.83473383,0.135276552,-0.021264229,4.08E-06,0,0,0,0,0,0.00034487,-0.005595946,0.001437926,0.409325725,0.898541905,1.046193982,0.958872787,0.875693355,0.429472324,0.661605988,1.034967898,0.837876311,0.135814032,-0.021346201,4.60E-06,0,0,0,0,0,0,0.000258425,-0.005280229,-0.025441619,0.265902131,0.507471702,0.322096848,0.180033565,-0.052415237,0.309902352,0.984728779,0.846819274,0.137198461,-0.02139277,0,0,0,0,0,0,0,0,0.000308181,-0.001466206,-0.017668256,-0.024182631,-0.026766387,-0.024760252,-0.015023253,0.141392099,0.923964171,0.845074549,0.129691037,-0.021163324,2.57E-05,0,0,0,0,0,0,0,0,0.000110635,-0.00122549,-0.002781515,-0.000974435,8.94E-05,-0.014921194,0.149393212,0.922132166,0.906134021,0.202145765,-0.022766033,-0.000242341,0,0,0,0,0,0,0,0,0,0,0,0,0,-0.014977788,0.150049786,0.923594075,0.889722886,0.182738664,-0.022338388,-0.000170496,0,0,0,0,0,0,0,0,0,0,0,0,0,-0.014891833,0.149104286,0.92640708,0.846244843,0.131412139,-0.02120098,1.93E-05,0,0,0,0,0,0,0,0,0,0,0,0,0,-0.015252672,0.153100746,0.933162206,0.857292433,0.138830678,-0.021597733,0,0,0,0,0,0,0,0,0,0,0,0,0,0,-0.013640054,0.134348206,0.917946125,0.802957856,0.091835976,-0.016381925,0,0,0,0,0,0,0,0,0,0,0,0,0,0,-0.002231839,0.015348839,0.596018898,0.373263123,0.035602107,-0.006887255,0,0,0,0,0,0,0,0,0,0,0,0,0,0,0.000223397,-0.001623349,0.097081924,-0.03430479,-0.003374779,0.000643382,0,0,0,0
0,0,0,0,0,0,0,0,0,0,0,0,0,0,0,0,0,0,0,0,0,0,0,0,0,0,0,0,0,0,0,0,0,0,0,0,0,0,0,0,0,0,0,0,0,0,0,0,0,0,0,0,0,0,0,0,0,0,0,0,0,0,0,3.68E-06,-6.68E-05,-7.56E-06,6.13E-07,0,0,9.19E-05,-8.94E-06,-0.009400276,-0.039788788,-0.038262204,-0.014901757,-0.002738715,0.000194853,3.67E-06,0,0,0,2.14E-05,0.001004341,-0.010838235,-0.028021242,-0.008983694,0.000649918,-0.004230158,-0.001397059,0.000169118,-0.011280773,0.108371426,0.64846074,0.621525718,0.197589291,-0.001219141,-0.009208027,0.000827932,0,0,0,0.00041905,-0.011940504,0.055429313,0.208475303,0.054189883,-0.003886046,0.017958552,0.003796722,-0.019689423,0.107860737,0.766200572,1.052172591,1.065425671,0.985939032,0.576582091,0.019762255,-0.005667115,0,0,0,-0.006811172,0.018051564,0.565692725,0.953196674,0.416663994,-0.030675977,0.274361369,0.115032424,-0.037093665,0.331043641,1.022300586,0.84586744,0.522949414,0.713477567,0.980946504,0.313843256,-0.037792997,0,0,0,-0.017040004,0.111030508,0.919984475,1.011738311,0.461872953,0.024137231,0.060837291,0.027128735,-0.003331312,0.612014628,0.943625532,0.197522859,-0.050324555,0.290291077,1.04557998,0.441854354,-0.051024106,0,0,0,-0.019838474,0.273482974,0.996373468,0.933246426,0.088106941,-0.008686955,-0.007763136,-0.008995302,0.033918641,0.863339767,0.744523386,0.038313189,-0.048081563,0.494171415,1.020067504,0.374407135,-0.044061799,0,0,0,-0.020759293,0.657739238,1.034431883,0.719375204,0.007519523,-0.003767667,0,-0.006415186,0.045862609,0.939192368,0.61874566,-0.021436652,0.112083844,0.830040833,0.935957125,0.217783088,-0.027744894,0,0,0,-0.020993328,0.826586173,1.0490048,0.575518706,-0.013979609,-0.002463491,3.06E-05,-0.00631873,0.044290526,0.916553939,0.823769523,0.26810055,0.791890795,0.989706887,0.519660522,-0.008171109,-0.002486242,0,0,0,-0.017410471,0.331261754,0.94276651,0.743682138,0.115515523,-0.028207159,-0.021018473,-0.026896804,0.022741932,0.858332465,0.982711295,0.912982604,0.995860328,0.501371511,0.027275701,-0.006677134,0.000264156,0,0,0,-0.006864783,-0.002183956,0.597113312,1.047816097,0.887180676,0.653314531,0.50005474,0.415590766,0.698173332,0.990229285,1.005178974,0.9228492,0.390324301,0.004013952,-0.011329644,0.000386144,0,0,0,0,0.000204248,-0.016492228,0.099712401,0.502119656,0.879172709,0.928982009,1.030178567,1.057096371,1.010504085,0.957656693,1.021006961,0.446764944,-0.049967031,-0.005555334,0.000366694,1.94E-05,0,0,0,0,8.51E-06,0.001235681,-0.012061938,-0.031646225,0.149158156,0.185404054,0.326126924,0.362810968,0.281144863,0.391863188,0.985781318,0.750138108,0.107984222,-0.015358779,0.00040625,0,0,0,0,0,0,0,0.000178309,-0.001415135,-0.022820159,-0.027218954,-0.028062893,-0.028328755,-0.03447338,-0.01533478,0.566492579,1.054524445,0.513881927,-0.019825725,-0.003383255,2.94E-05,0,0,0,0,0,0,0,0,4.36E-19,1.53E-05,-0.000596083,-0.000753625,-0.00020915,-0.011492188,0.074069564,0.686019594,0.927233507,0.202200555,-0.022942351,-0.000238205,0,0,0,0,0,0,0,0,0,0,0,0,1.47E-05,0.001032163,-0.022918926,0.066354888,0.684508802,0.780950515,0.035188656,-0.005321685,0,0,0,0,0,0,0,0,0,0,0,0,0,5.96E-18,0.000430624,-0.021837335,0.079480699,0.317531573,0.028460393,-0.002738715,0,0,0,0,0,0,0,0,0,0,0,0,0,0,0,0.001059883,-0.008821827,-0.028419884,-0.002447151,0.000241268,0,0,0
0,0,0,0,0,0,0,0,0,0,0,0,0,0,0,0,0,0,0,0,0,0,0,0,0,0,0,0,0,0,0,0,0,0,0,0,0,0,0,0,0,0,0,0,0,0,0,0,0,0.000300844,-0.000609025,-0.026583099,-0.047402366,-0.017696792,-0.000708491,0.000234805,0,0,0,0,0,0,0,0,0,0,0,0,0.00020144,-0.004346099,-0.017029105,0.206998468,0.402960879,0.129258306,-2.42E-05,-0.001199142,0,0,0,0,0,0,0,0,0,0,0,0.000117402,-0.002378421,-0.013517395,0.345380821,0.900475933,1.04454335,0.757738732,0.126092031,-0.019562194,0,0,0,0,0,0,0,0,0,0,3.21E-18,0.00072602,-0.03370658,0.410222614,0.973878796,1.016627604,1.028761414,0.687103128,0.032021582,-0.009473958,0,0,0,0,0,0,0,0,0,0,0.000372753,-0.024001162,0.138849724,0.881759804,0.912745609,0.84585032,1.009929936,0.422831648,-0.031827002,-0.000712316,0,0,0,0,0,0,0,0.000502629,-0.006748196,-0.031483021,-0.032140998,-0.002197991,0.599496793,0.918908048,0.468058205,0.769956925,0.874971912,0.148692692,-0.016173634,0.000132078,0,0,0,0,0,0,0.000859729,-0.011006179,0.027589308,0.252599043,0.183851886,0.205680635,0.989645118,0.805878183,0.570465431,0.993987269,0.608729244,-0.028285846,0.000668062,0,0,0,0,0,0,4.90E-05,-0.013093229,0.084143604,0.627758953,0.942809317,0.859410948,0.425739269,0.917562874,1.011350609,1.000168896,1.016396038,0.330830327,-0.020666871,0,0,0,0,0,0,0,-0.000398965,-0.034159635,0.324038246,0.986220571,1.020795581,1.000787514,0.29506006,0.492760808,0.985605375,1.002518314,1.01403782,0.414775182,-0.023410948,9.79E-06,2.30E-05,0,0,0,0,0,-0.00100354,-0.034853858,0.401079793,1.021572508,1.006270357,0.981590312,0.775011448,0.910872855,1.000684198,1.002997583,1.013697917,0.830429745,-0.007283667,-0.002684249,0.000151654,0,0,0,0,0,-6.11E-05,-0.016604761,0.132710346,0.603689023,0.997886025,1.043517267,0.995472893,0.710108825,0.430306466,0.889119702,1.002255955,1.004397525,0.669130352,0.077337468,-0.013875199,0,0,0,0,0,1.36E-05,0.000709307,-0.010574517,-0.005547437,0.495616966,0.703055964,0.43376741,-0.014906727,-0.03855593,0.47009998,1.036893229,1.015245353,0.860790322,0.134850746,-0.023232588,8.24E-05,0,0,0,0,0,0,7.11E-05,-0.001891204,0.001243992,0.025461533,-0.008954079,-0.002455406,-0.022143246,0.149548866,0.859279344,1.022171742,0.987047454,0.348942249,-0.021093018,-0.000992545,0,0,0,0,0,0,2.11E-05,5.91E-05,-0.004685355,-0.008953431,-0.003111165,0.000196078,-0.004365502,-0.011624098,0.557765761,1.016041098,1.016099724,0.847260502,0.053752332,-0.006694496,0,0,0,0,0,0,0,0,0,0,0,0,0.000339154,-0.028893706,0.269793675,0.967890492,1.02326057,0.598855579,0.017589205,-0.003919884,0,0,0,0,0,0,0,0,0,0,0,0,-0.006396906,0.02905137,0.382574141,0.59308835,0.393704174,0.034140611,-0.01050747,0.000170448,0,0,0,0,0,0,0,0,0,0,0,0,-2.85E-18,0.000425517,-0.004418573,-0.019406227,-0.020751294,-0.007455746,0.000424666,2.20E-05,0,0,0,0,0,0,0,0,0,0,0,0,0,0,0,0,0,0,0,0,0,0,0
0,0,0,0,0,0,0,0,0,0,0,0,0,0,0,0,0,0,0,0,0,0,0,0,0,0,0,0,0,0,0,0,0,0,0,0,0,0,0,0,0,0,0,0,0,0,0,0,0,2.94E-05,0.000128001,-0.004624353,-0.020594655,-0.004376096,0.000397456,0,0,0,0,0,0,0,4.52E-05,-0.000201797,-0.004094516,-0.004933211,-0.001013429,0.000126116,1.29E-05,0.000529565,-0.008775667,0.006773403,0.149528369,0.003471933,-0.014035233,0.00077165,2.60E-05,0,0,0,0,7.05E-05,0.000446272,-0.013539965,0.012846763,0.021757149,-0.005748587,-0.000466705,6.77E-05,-0.014772825,0.092576372,0.625088882,0.890943517,0.643344056,0.133082653,-0.016887783,-7.47E-05,0,0,0,0,-0.000111826,-0.015964341,0.126918079,0.72614374,0.835292977,0.249638038,-0.021761139,-0.003081597,-0.007854609,0.532520799,1.043738903,0.938283906,1.0338702,0.601377264,0.002737898,-0.003165135,0,0,0,0,-0.006273489,0.009310566,0.596528237,1.03372806,1.004385978,0.474061802,-0.031182076,-0.006454453,0.01871715,0.778200861,0.965146276,0.371375318,0.82273206,0.960589035,0.236256042,-0.016956393,0,0,0,0,-0.01357585,0.076224601,0.819973418,0.948485878,0.200550936,0.074523817,-0.007012113,-0.005128817,0.024232536,0.845139704,0.661855492,0.027009382,0.603161663,1.029357157,0.353908898,-0.023536495,0,0,0,0,-0.020988392,0.145281532,1.041801113,0.704601273,-0.006908548,-0.012870898,0.000641026,-0.004871324,0.023875715,0.843860243,0.582973482,-0.031059544,0.475210427,1.034069019,0.341544169,-0.022839767,0,0,0,0,-0.020993328,0.145327341,1.044091605,0.664620438,-0.001263617,-0.003125511,0,-0.004901961,0.02431444,0.842211142,0.548588916,-0.013715452,0.57548509,1.029702819,0.347863307,-0.023198529,0,0,0,0,-0.017248604,0.110573815,0.92228462,0.945720333,0.074267787,-0.012361945,0.000438221,-0.004972171,0.027350099,0.843317691,0.367500834,0.078869662,0.855031437,0.976511387,0.216444921,-0.015921467,0,0,0,0,-0.009192538,0.034776813,0.697279276,1.041035999,0.512765897,-0.005327699,-0.023425292,-0.020934862,-0.001638259,0.746610379,0.558275923,0.607695654,1.049950283,0.675968376,-0.000434641,-0.00322595,0,0,0,0,-0.001599677,-0.015138756,0.285958515,0.901100037,0.989197376,0.614444139,0.197980933,0.09639215,0.106415624,0.649777611,0.986421314,1.006360385,0.881312999,0.220340063,-0.020006166,-0.000430934,0,0,0,0,0.000154888,-0.000406119,-0.03525114,0.305094516,0.939095878,1.050492732,0.976593409,0.915852992,0.924816159,1.007958759,1.021013276,0.936138848,0.244428905,-0.023360566,-0.001698019,-0.001011693,1.82E-05,7.66E-06,0,0,0,0,-0.000125102,-0.020715805,0.242063334,0.473173169,0.583043513,0.799125136,0.729275412,0.529156335,0.875486996,0.978192542,0.300978196,-0.048325095,-0.025332721,-0.020836993,-0.004147252,0.000527471,0,0,0,0,0.000206801,-0.002105086,-0.02367453,-0.015366439,-0.003296288,0.02076091,0.011624864,-0.031297862,0.410739839,1.019442067,0.843943696,0.241255242,0.275623315,0.366123349,0.026441289,-0.005379732,0,0,0,0,0,5.61E-05,-0.00039185,-0.001786714,-0.002752996,-0.00470001,-0.003993158,-0.006462112,0.014619621,0.463879054,0.999826542,0.931685849,0.982521106,0.979399816,0.120363469,-0.018580304,0,0,0,0,0,0,0,0,0,0,0,0.000550324,-0.009819548,0.001759868,0.205590749,0.263104371,0.257061932,0.217908582,0.024633111,-0.003976771,0,0,0,0,0,0,0,0,0,0,0,1.50E-18,0.000367647,-0.00407019,-0.019305726,-0.020827376,-0.02079759,-0.019645289,-0.002491236,0.000379562,0,0,0,0,0,0,0,0,0,0,0,0,0,0,0,0,0,0,0,0,0
0,0,0,0,0,0,0,0,0,0,0,0,0,0,0,0,0,0,0,0,0,0,0,0,0,0,0,0,0,0,0,0,0,0,0,0,0,0,0,0,0,0,0,0,0,0,0,0,0,0,0,0,0,0.000364437,-0.005875423,-0.010855652,-0.004266846,0.000497923,0,0,0,0,0,0,0,0,0,0,0,0,0,6.28E-05,0.000182677,-0.01071921,0.022225763,0.056089086,0.021767412,-0.002540051,0,0,0,0,0,0,0,0,0,0,0,0,3.83E-18,-3.01E-05,-0.014259254,0.066769029,0.568050432,0.836824006,0.333068134,-0.038864294,0,0,0,0,1.02E-17,0.00078508,-0.013346354,-0.018405756,0.001046773,4.97E-18,0,0,9.88E-18,-0.012345622,0.072578914,0.768021735,1.022993515,1.085341554,0.447367562,-0.05215034,0,0,0,0,0.000872366,-0.016276978,0.130829163,0.193397757,-0.012949176,0.000203824,0,3.37E-05,0.00060866,-0.031741898,0.538275804,1.0050048,0.989066517,0.962643314,0.298569649,-0.036271249,0,0,0,0,-0.017067699,0.122172523,0.781045106,0.725650198,0.026037938,-0.006984755,0,6.15E-05,-0.024301037,0.253112456,0.934577073,0.691751933,0.881350944,0.727638855,0.022308915,-0.006681689,0,0,0,0.000167484,-0.047552077,0.385264876,1.060435015,0.803915935,0.053918079,-0.010415393,0,-0.003513787,-0.016767157,0.575725405,0.963120083,0.746806236,0.99751251,0.393580814,-0.030802271,0.000534018,0,0,0,-0.002298986,-0.028692012,0.494994741,1.067128149,0.640251566,-0.01253588,-0.002731238,0.000420956,-0.02500337,0.092687092,0.802577989,1.007891885,0.987728962,0.719284943,0.038897672,-0.005499081,0,0,0,0,-0.00819938,0.008596266,0.662470554,1.006626379,0.274684538,-0.022479592,-0.001042049,-0.018940053,-0.007433177,0.272331036,0.877173713,1.036189379,0.792775123,0.120157663,-0.021798969,0.000179075,0,0,0,0,-0.017528595,0.313174062,0.940912292,0.771954793,-0.017368311,-0.027396072,-0.004558008,0.14758861,0.514733371,0.8826867,0.994039148,1.047264193,0.698117358,0.054452819,-0.014477073,0.000179381,0,0,0,0,-0.020298975,0.747691101,1.030908273,0.966202934,0.588253978,0.567305094,0.623915855,0.942568111,1.046044172,0.969910674,0.72749166,0.791230172,1.012033244,0.786811008,0.10376279,-0.0092031,0,0,0,0,-0.006911254,0.146501366,0.431360124,0.703728231,0.959620983,0.966757098,0.953227175,0.781716588,0.637945874,0.378082431,-0.035361571,0.094620973,0.802403833,1.055644999,0.306451014,-0.021114685,0,0,0,0,0.000642531,-0.01372583,-0.04603188,0.030376225,0.209882268,0.214754255,0.206034405,0.088522382,-0.015518553,-0.016074414,-0.001243736,-0.023790272,0.182075249,0.422986281,0.07454325,-0.005780484,0,0,0,0,0,0,0.000638787,-0.009396752,-0.029600797,-0.030151042,-0.02916045,-0.015866422,-0.004214461,-0.001905331,0.000255208,-4.88E-05,-0.013216061,-0.023080576,-0.009078499,0.000590278,0,0,0,0,0,0,0,0,0,0,0,0,0,0,0,6.11E-05,-0.000531046,-0.001240809,-4.85E-05,7.66E-06,0,0,0,0,0,0,0,0,0,0,0,0,0,0,0,0,0,0,0,0,0,0,0,0,0,0,0,0,0,0,0,0,0,0,0,0,0,0,0,0,0,0,0,0,0,0,0,0,0,0,0,0,0,0,0,0,0,0,0,0,0,0,0
0,0,0,0,0,0,0,0,0,0,0,0,0,0,0,0,0,0,0,0,0,0,0,0,0,0,0,0,0,0,0,0,0,0,0,0,0,0,0,0,0,0,0,0,0,0,0,0,0,0,0,0,0,0,0,0,0,0,0,0,0,0,0,0,0,0,0,0,0,0,0,0,0.000123517,9.73E-05,-0.021372243,-0.035546824,-0.015161305,0.000583955,9.60E-05,0,0,0,0,0,0.000159926,-0.000332721,-0.013887561,-0.021557111,-0.021383272,-0.010497243,0.000244792,4.32E-05,-0.001149158,-0.008883391,0.328006638,0.569662718,0.21119761,-0.017686397,-0.000587554,0,0,0,0,0.000282118,-0.004086635,-0.024181747,0.073256842,0.138593871,0.136284807,0.056165186,-0.002727839,-0.000178615,-0.016768986,0.114476409,0.832043999,1.0507564,0.795413194,0.070473635,-0.012961772,0,0,0,0.000411724,-0.006218937,0.011201287,0.291843273,0.726618481,0.852498098,0.846575946,0.53747018,0.003543896,-0.002807241,-0.003957442,-0.006568576,0.75065014,1.025428343,1.030881502,0.148182606,-0.021302083,0,0,6.52E-05,-0.002317539,-0.010075262,0.381930211,0.961696833,0.969315373,0.916635347,1.032026789,0.778011903,0.017741242,-0.004530135,0.000497923,-0.036384677,0.499266489,1.005036586,0.970685255,0.12879231,-0.019188476,0,0,-0.00037803,-0.025968214,0.245243617,0.923773352,0.983142548,0.354381808,0.524988229,1.034933721,0.463469601,-0.015019982,-0.001754391,0.000741103,-0.033752962,0.407989754,1.010791071,0.819019523,0.078708726,-0.013803956,0,0,-0.003588133,-0.01521427,0.51770835,1.051640131,0.576035301,0.117924258,0.872704316,0.970226494,0.242129902,-0.028657067,0.000200061,-0.014148832,0.049278339,0.714161458,1.013061462,0.98447789,0.133380315,-0.019691925,0,0,-0.013575878,0.07643018,0.818807173,0.94044424,0.096649152,0.395121987,1.034408232,0.754594193,0.05685723,-0.013025446,-0.005815342,-0.038369988,0.349812279,0.954949517,1.015509208,1.011843682,0.143134758,-0.020734103,0,0,-0.021090516,0.146308803,1.051752145,0.543015795,0.092481805,0.812152744,1.000646291,0.339210478,-0.034222052,-0.020342916,0.00200223,0.375409584,0.916631281,0.96467659,0.826889076,1.032759566,0.145460591,-0.021018008,0,0,-0.014236748,0.080592667,0.859750876,0.84667307,0.501925812,0.991348073,0.719544459,-0.026923994,-0.019699207,0.162425706,0.570832671,1.001250605,0.971938754,0.349934471,0.437077796,0.893751427,0.090800854,-0.015167713,0,0,-0.002290816,-0.009565193,0.317297743,0.831297164,1.018229082,0.958063283,0.543340399,0.352104456,0.508864226,0.91778188,1.061111213,0.857879367,0.334424786,-0.031746426,0.173405127,0.267668709,-0.015597,-0.001043028,0,0,0.000117273,-0.000335035,-0.0193846,0.109488443,0.586202836,0.843331938,0.977845906,0.997052764,0.930817419,0.73940208,0.482621562,0.150604185,-0.025237949,-0.001487422,-0.006058398,-0.007625391,0.000351749,3.80E-05,0,0,1.23E-05,9.17E-05,-0.001403442,-0.017764519,-0.00512454,0.052457482,0.246145557,0.270332448,0.090147723,0.006812806,-0.015176539,-0.020443368,-0.001205065,0.00026685,-0.001048713,-0.001785233,7.61E-05,9.19E-06,0,0,0,0,1.55E-05,-2.91E-05,-0.002674939,-0.006572355,-0.017380508,-0.018694342,-0.008731311,-0.003755515,-0.001839869,-0.000103492,2.60E-05,0,0,0,0,0,0,0,0,0,0,0,0,0,0,0,0,0,0,0,0,0,0,0,0,0,0,0,0,0,0,0,0,0,0,0,0,0,0,0,0,0,0,0,0,0,0,0,0,0,0,0,0,0,0,0,0,0,0,0,0,0,0,0,0,0,0
0,0,0,0,0,0,0,0,0,0,0,0,0,0,0,0,0,0,0,0,0,0,0,0,0,0,0,0,0,0,0,0,0,0,0,0,0,0,0,0,0,0,0,0,0,0,0,0,0,0,0,0,0,0,0,0,0,0,0,0,0,0,0,4.14E-06,-5.10E-05,-0.000450827,2.48E-05,0,0,0,0,0,0,9.19E-07,0.000122855,-0.001008527,-0.004837265,-0.000849792,0.000110805,0,0,0,2.94E-05,0.000661918,-0.016139246,-0.020668658,-0.00104902,0.000227467,0,0,0,0,0,0.000177083,-0.002572508,-0.016425466,0.02445801,0.006252446,-0.000710955,0,0,1.09E-18,0.000963679,-0.016333997,0.110895561,0.263886029,0.002841656,-0.001795279,0,0,0,0,1.95E-17,-0.001020323,-0.013849792,0.313076746,0.811558721,0.130606834,-0.017673441,0,0,0.000124251,-0.014431841,0.087205219,0.689109392,0.520266953,0.021082482,-0.005295748,0,0,2.07E-19,0.000258715,-0.001598657,-0.027101392,0.104033292,0.933962657,0.717414879,0.040832416,-0.009798475,0,0,-0.001765114,-0.02884822,0.456919221,0.661339224,0.026673308,0.000408921,-0.000491821,0,5.87E-05,0.00031715,-0.011686438,-0.040135495,0.275065699,0.861441323,0.859671419,0.130806632,-0.020252841,0.000145734,0,0,-0.008696895,0.030666096,0.714971575,0.404340108,-0.032571998,-0.001371017,-1.25E-05,-0.001461806,-0.005802134,-0.022145544,0.045614311,0.341273542,0.90648092,1.041821878,0.525316602,-0.040310151,-0.000212996,7.83E-05,0,0,-0.013563964,0.076238484,0.850624643,0.376920054,-0.046588031,-0.010877621,-0.018426685,-0.019787701,0.036917807,0.294831274,0.663519608,0.513069772,0.596663892,0.93884838,0.167448223,-0.013384974,4.08E-05,0,0,0,-0.017165543,0.111034456,0.93397549,0.465953312,0.098809913,0.030226222,0.138251311,0.468319632,0.763930113,0.845723533,0.579702495,0.004487095,0.404516646,0.98001057,0.102074312,-0.009554585,0,0,0,0,-0.018942504,0.127013422,0.961588746,0.919132302,0.830975541,0.715493413,0.769306116,0.812218001,0.440817402,0.122865111,-0.038979048,-0.056257389,0.440725882,0.932179194,0.070994553,-0.007735192,0,0,0,0,-0.005006081,0.021452139,0.356021327,0.515987152,0.608725711,0.712816487,0.243992535,0.056813776,-0.021857446,-0.02077397,0.000488311,-0.045254055,0.389981826,0.980321277,0.141050321,-0.011607609,0,0,0,0,0.000343818,-0.002159512,-0.0186266,-0.020886949,-0.020665679,-0.020834184,-0.01836282,-0.012450129,-0.002251498,0.000281012,2.55E-06,-0.031824222,0.260636319,0.917967031,0.313045394,-0.021142565,6.11E-05,0,0,0,0,0,0,0,0,0,0,0,0,0,0,-0.028186376,0.224346558,0.922941142,0.433909518,-0.020279633,-0.000695447,0,0,0,0,0,0,0,0,0,0,0,0,0,0,-0.011314255,0.070524289,0.698195074,0.661547113,0.03186249,-0.007183564,0,0,0,0,0,0,0,0,0,0,0,0,0,0,-0.00031022,-0.002608984,0.096105086,0.128232145,-0.00368236,-0.000370144,0,0,0,0,0,0,0,0,0,0,0,0,0,0,0.000107395,-0.000228283,-0.014104195,-0.016961396,0.000207085,7.81E-05,0,0,0,0,0,0,0,0,0,0,0,0,0,0,0,0,0,0,0,0,0,0,0,0,0,0,0,0,0,0,0,0,0,0,0,0,0,0,0,0,0,0
0,0,0,0,0,0,0,0,0,0,0,0,0,0,0,0,0,0,0,0,0,0,0,0,0,0,0,0,0,0,0,0,0,0,0,0,0,0,0,0,0,0,0,0,0,0,0,0,3.67E-06,0.000439036,-0.002109576,-0.034308426,-0.051124993,-0.050679956,-0.028000897,-0.00068281,0.000180995,0,0,0,0,0,0,0,0,0,0,0,6.46E-05,-0.003758681,-0.002887357,0.279570976,0.43953783,0.435142106,0.222144012,-0.003085665,-0.001008783,0,0,0,0,0,0,0,0,0,0,0,-0.001370864,-0.012808977,0.358061257,0.957305249,1.046108054,1.046386693,0.879217473,0.161532186,-0.012720792,0,0,0,0,6.74E-19,0.000224206,-0.001088048,-0.018818083,-0.021906063,-0.005030893,0.000642045,-0.006053922,0.036885621,0.942548815,0.999532475,0.978733235,0.983721201,0.976862745,0.225456699,-0.016443627,0,0,0,0,3.91E-05,-0.001900147,0.002534807,0.192891136,0.236963933,0.05618013,-0.007119563,-0.005950674,0.035143587,0.949511097,0.986096916,0.980392157,0.984877451,0.961838235,0.217802288,-0.015980392,0,0,0,0,-0.001026932,-0.020365118,0.270985216,0.879438924,0.815440429,0.178182249,-0.023074101,-0.021854592,0.324230973,0.979155354,0.98361247,0.980392157,0.984877451,0.961838235,0.217802288,-0.015980392,0,0,0,0,-0.001918233,-0.032044658,0.483488307,1.051405314,0.551894404,0.018850592,-0.005435979,-0.013423713,0.171070006,0.961825214,0.985017616,0.980392157,0.983941636,0.97848412,0.226229728,-0.016491115,0,0,0,0,-0.001949551,-0.032314113,0.490721558,1.044763225,0.435823632,-0.042718614,0.001497289,-0.00553799,0.027839818,0.945238681,0.986041003,0.980098039,0.999714971,0.69236717,0.081518723,-0.007720078,0,0,0,0,-0.001354507,-0.025268334,0.35428319,0.967777148,0.588281931,0.029346609,-0.011517756,-0.006005089,0.039614737,0.950308262,0.988791054,0.982990196,1.01331587,0.505001072,-0.014958521,-0.001886387,0,0,0,0,8.22E-05,-0.008109586,0.02382947,0.774187381,0.943717831,0.287688555,-0.001259953,-0.015171126,0.039810389,0.951784688,0.989872141,0.98352649,1.018855937,0.524649374,-0.009661186,-0.00224806,0,0,0,0,0,-0.00919612,0.042969066,0.785720687,1.010702275,0.912103155,0.518499423,0.032633691,0.013865449,0.945213641,0.985979679,0.989148526,0.927847791,0.371042796,-0.011975884,-0.001451276,0,0,0,0,0,-0.007459949,0.034469158,0.632337963,0.938603588,1.012483252,0.984437888,0.518937194,0.200095265,0.950558381,0.985166462,1.008475398,0.759017378,0.073948223,-0.017872702,0.000160846,0,0,0,0,0,-0.001151604,0.004386217,0.086493345,0.405181866,0.90957981,1.026057743,0.98024983,0.889573189,1.006836618,1.007781199,1.023785924,0.890141119,0.276183943,-0.02633941,-0.00263174,0.000242143,0,0,0,0,0.000183441,-0.000903186,-0.020583231,0.002745132,0.378446436,0.781386528,0.805519863,0.813250289,0.799382813,0.793348856,0.788578143,0.845012136,0.827078857,0.249425058,-0.019774476,-0.000668848,7.66E-05,0,0,0,0,6.43E-06,0.000313113,-0.006043726,0.014810083,0.076708926,0.081741013,0.08093287,0.081841095,0.080760621,0.055611743,0.278244145,0.932871307,0.884348618,0.246334252,-0.019799132,-0.000873162,0,0,0,0,0,0,0.000377074,-0.004025519,-0.012629105,-0.013231014,-0.013125025,-0.013243243,-0.013102605,-0.01899105,0.013612266,0.484659224,0.901162865,0.409830334,-0.028663787,-0.001507786,0,0,0,0,0,0,0,0,0,0,0,0,0,0.000558477,-0.004376362,-0.018540816,-0.020783973,-0.008211465,0.000588031,3.06E-05,0,0,0,0,0,0,0,0,0,0,0,0,0,0,0,0,0,0,0,0,0
0,0,0,0,0,0,0,0,0,0,0,0,0,0,0,0,0,0,0,0,0,0,0,0,0,0,0,0,0,0,0,0,0,0,0,0,0,0,0,0,0,0,0,0,0,0,0,0,0,0,0,0,0,0,0,0,0,0,0,0,0,0,0,0,0,0,0,0,0,0,0,0,0,0,0,0,0,0,0,0,0,0,0,0,0,0,0,0,0,0.000325368,-0.001594975,-0.018510723,-0.022327259,-0.004010723,0.000341912,5.51E-06,0,0,0,0,0,0,0,0,0,0,0,0,0.000135315,-0.002658769,-0.014601988,0.110943815,0.144387068,-0.010366132,-0.013215193,0.001064866,1.40E-05,0,0,0,0,0,0,0,0,0,0,0,-0.001441483,-0.007008476,0.330289114,0.810480052,0.873740505,0.555923645,0.090584474,-0.031769693,-0.00566219,0.000676695,0,0,0,0.000126371,-0.002469276,-0.007640536,-0.018192083,-0.006053973,0.000397456,0,-0.004716074,0.01960859,0.801867093,1.036250968,0.942121958,1.011796706,0.805372182,0.230428913,0.030683013,-0.004786408,0,0,0,-0.000284586,-0.004221173,0.027459695,0.12841282,0.041595146,-0.003857384,8.51E-05,-0.004721048,0.020880293,0.793084304,1.024282646,0.388492095,0.659482707,1.052642633,0.933145884,0.257793505,-0.031959154,0,0,0,-0.016183449,0.494568794,0.79757678,0.831344448,0.256485345,-0.041275191,-0.021194458,-0.014153986,0.016441466,0.763051522,1.021620575,0.218100584,0.352149033,1.025402471,0.955499081,0.267744553,-0.033072439,0,0,0,-0.019105733,0.430707421,0.995414369,1.047766765,0.824574585,0.354031761,0.116618174,0.032484698,-0.046065683,0.404245592,1.011639519,0.753294777,0.616784824,1.00753816,0.768223243,0.128430896,-0.017804411,0,0,0,-0.004015863,-0.004228391,0.397209865,0.923102907,1.04245915,1.030355869,0.835709001,0.692040135,0.341506825,0.521954929,0.963303939,1.034854878,0.912609681,0.63808735,0.164927696,0.006306951,-0.001855611,0,0,0,0.000521789,-0.007887038,-0.010034344,0.208356382,0.592938102,0.863658449,0.983293776,1.036553748,0.971042915,0.961946415,0.939946343,1.027974142,0.72901193,0.071393611,-0.030066854,-0.002044556,0.000302659,0,0,0,0,0.000472871,-0.003609409,-0.017445193,-0.027677696,0.086414931,0.292833982,0.434777029,0.421581053,0.353987779,0.248987439,0.857921015,0.907881876,0.164980239,-0.025763514,4.70E-05,0,0,0,0,0,0,0,3.06E-05,0.000580406,-0.009401382,-0.027513232,-0.03994247,-0.038100831,-0.032712929,-0.04056781,0.663257783,0.619706904,0.017293369,-0.007208946,0,0,0,0,0,0,0,0,0,0,0,0,0,0,3.06E-05,-0.005520493,0.213001712,0.140541326,-0.017747975,0.00054565,0,0,0,0,0,0,0,0,0,0,0,0,0,0,9.99E-18,0.000363562,-0.014571664,-0.01058078,0.000754647,1.75E-05,0,0,0,0,0,0,0,0,0,0,0,0,0,0,0,0,0,0,0,0,0,0,0,0,0,0,0,0,0,0,0,0,0,0,0,0,0,0,0,0,0,0,0,0,0,0,0,0,0,0,0,0,0,0,0,0,0,0,0,0,0,0,0,0
0,0,0,0,0,0,0,0,0,0,0,0,0,0,0,0,0,0,0,0,0,0,0,0,0,0,0,0,0,0,0,0,0,0,0,0,0,0,0,0,0,0,0,0,0,0,0,0,0,0,0,0,0.000478397,-0.004404223,-0.005175492,0.000133301,1.83E-05,0,0,0,0,0,0,0,0,0,0,0,0,0,0.000213184,-0.001661816,-0.023820676,0.002736843,0.010222069,-0.024875511,-0.0023245,0.000368106,0,0,0,0,0,0,0,0,0,0,0,0.000165441,-0.002252434,-0.006612115,0.30001476,0.716785097,0.717968035,0.375059283,0.010565223,-0.003484571,0,0,0,0,0,0,0,0,0,0,0,-0.000680147,-0.031020135,0.421599009,0.743457275,0.410408769,0.407167143,0.803127247,0.352797777,-0.040668542,0,0,0,0,0,0,0,0,0,0,0,-0.010435049,0.043337929,0.688311036,0.294602374,-0.046115809,-0.04388957,0.363350116,0.383378642,-0.041143859,0,0,0,0,0,0,0,0,0,0,0,-0.022301578,0.155195569,0.756548075,0.122522912,-0.017386776,-0.031902983,0.460274296,0.452203929,-0.048716737,0,0,0,0.000381434,-0.031591965,-0.010870864,0.000953585,0,0,0,0,-0.024496017,0.175648829,0.771949636,0.116021038,-0.035301385,0.158805522,0.847457635,0.302871392,-0.035693205,0,0,0,-0.005694955,0.509798265,0.161613817,-0.01472452,5.51E-05,0,0,0,-0.024594669,0.173405042,0.808941347,0.137298503,0.014236486,0.65754999,0.561372243,-0.007734766,-0.002562472,0,0,0,-0.015785675,0.883501097,0.442028016,-0.049766221,0.000126889,4.21E-05,3.00E-18,9.02E-19,-0.026687806,0.18402405,0.915299803,0.325866251,0.652075946,0.622572117,0.014626277,-0.009366422,0.000579675,0,0,0,-0.020151484,0.86645362,0.737430896,0.103385502,-0.028880123,-0.01975737,-0.013773898,-0.01199806,-0.040053922,0.145423713,0.874861383,0.873947981,0.77323206,0.12134101,-0.019711431,5.52E-05,0,0,0,0,-0.019666103,0.327550333,0.96755099,0.838436077,0.490163518,0.226973099,0.085147504,0.063668776,0.0801137,0.35310094,0.95173668,0.770421168,0.10704121,-0.016244701,-0.000206473,3.06E-05,0,0,0,0,-0.005728316,0.02235734,0.292672981,0.608965329,0.859842542,0.803223158,0.763021568,0.778901195,0.86150851,0.997771191,0.76653268,0.093973968,-0.024606141,-0.000382966,0.000153186,0,0,0,0,0,0.000540407,-0.003466277,-0.032074789,0.018897042,0.126955355,0.128983745,0.236448728,0.341790288,0.271041565,0.278644131,0.140885434,-0.018546125,-0.000190462,0,0,0,0,0,0,0,0,0,0.000486213,-0.007321078,-0.020368873,-0.02036009,-0.028433207,-0.028061717,-0.032459406,-0.033325214,-0.015470384,0.000249175,0.000125613,0,0,0,0,0,0,0,0,0,0,0,0,1.23E-05,-9.05E-05,-0.000568525,-0.00010432,-0.000153033,-0.000242341,2.57E-05,0,0,0,0,0,0,0,0,0,0,0,0,0,0,0,0,0,0,0,0,0,0,0,0,0,0,0,0,0,0,0,0,0,0,0,0,0,0,0,0,0,0,0,0,0,0,0,0,0,0,0,0,0,0,0,0,0,0,0,0,0,0,0,0,0,0,0
0,0,0,0,0,0,0,0,0,0,0,0,0,0,0,0,0,0,0,0,0,0,0,0,0,0,0,0,0,0,0,0,0,0,0,0,0,0,0,0,0,0,0,0,0,0,0,0,0,0,0,0,0,0,0,0,0,0,0,0,0,0,0,0,0,0,0,0,0,0,2.81E-05,-4.70E-05,-0.005042701,-0.013386234,-0.013369945,-0.011594567,-0.002472886,0.000322857,0,0,0,0,0,0,0,0,0,0,0,0.000143382,0.000217661,-0.022154276,0.032569572,0.168937466,0.169053768,0.136618583,0.01809569,-0.002681913,0,0,0,0,0,0,0,0,0,0,1.59E-18,0.000678922,-0.022526365,0.159467576,0.678978198,0.993181781,0.976047879,0.955968035,0.326325793,-0.039064857,0,0,0,0,0,0,6.74E-05,-0.000540067,-0.001476886,-0.00011567,0.000165611,-0.025166599,0.14001845,0.877226409,1.008956507,0.880351614,0.991058568,1.053733201,0.412611026,-0.048416697,0,0,0,0,0.000331949,-0.002656639,-0.008339448,-0.033832141,-0.03146697,-0.004270637,-0.0017564,-0.010204945,0.566058287,1.042919656,0.400219519,0.436269482,1.020308436,0.717016139,0.071780061,-0.011736993,0,0,0,0.000184334,-0.002794678,0.002391357,0.026310543,0.33786683,0.431243992,0.049739309,-0.017840039,0.110327682,0.939130276,0.749020833,0.296736035,0.888106805,0.928222665,0.15353656,-0.021469107,0.000929436,0,0,0,-0.002071249,-0.020832569,0.361828397,0.786197219,0.993941415,0.947396055,0.108059802,-0.038639791,0.313482264,1.013224231,0.820383221,0.833051938,0.984387068,0.374376464,-0.015076712,-0.001357486,0,0,0,0,-0.015708572,0.104401828,0.883192947,1.059105069,0.96196155,0.427667722,0.001296319,-0.017400548,0.169154208,0.925950061,1.005335359,1.037293713,0.606178462,-0.023211823,-0.008341912,0.000236213,0,0,0,0,-0.02054279,0.50908884,1.011107571,0.831365281,0.335316313,0.01775931,-0.018095828,-0.029022655,0.069305998,0.822421637,1.023552407,1.023007912,0.725499302,0.092326253,-0.015127928,-3.26E-05,0,0,0,0,-0.020887177,0.856059578,0.979524717,0.319438279,-0.053960142,-0.027023358,0.051784975,0.344152042,0.759588463,1.015964494,0.854806928,0.859300824,1.024081366,0.695368887,0.010015321,-0.003835861,0,0,0,0,-0.020495813,0.487362198,1.02610386,0.84697229,0.541254732,0.527018059,0.717243403,1.030964137,0.997861605,0.601024135,0.153166531,0.262279123,1.037180573,0.713877553,0.011385655,-0.00397406,0,0,0,0,-0.005763208,0.027493987,0.443383289,0.913161799,1.008418164,1.010575146,0.981732706,0.61827325,0.243298866,0.007223499,-0.042994536,0.407723289,1.062783003,0.390858081,-0.025236486,-0.001010212,0,0,0,0,0.000610532,-0.010087288,-0.015003387,0.031040101,0.048471456,0.141917501,0.063049271,-0.000491983,-0.031563266,-0.007045037,-0.019379766,0.414877128,0.848778782,0.142607724,-0.023125221,5.49E-05,0,0,0,0,6.64E-06,0.000124282,-0.001671824,-0.005595486,-0.006748009,-0.011859886,-0.007511975,-0.00301394,-7.58E-05,3.68E-05,-0.00609358,0.064438788,0.201415016,0.003888957,-0.002251787,3.52E-06,0,0,0,0,0,0,0,0,0,0,0,0,0,2.36E-18,0.000741918,-0.009048452,-0.02575109,-0.001386001,0.000366883,0,0,0,0,0,0,0,0,0,0,0,0,0,0,0,0,0,0,0,0,0,0,0,0,0,0,0,0,0,0,0,0,0,0,0,0,0,0,0,0,0,0,0,0
0,0,0,0,0,0,0,0,0,0,0,0,0,0,0,0,0,0,0,0,0,0,0,0,0,0,0,0,0,0,0,0.000219567,-0.001206127,-0.013331801,-0.018545581,-0.009592184,0.000599469,0,0,0,0,0,0,0,0,0,0,0,0,0,1.02E-17,-0.001002303,-0.007631415,0.075383851,0.122648537,0.050164486,-0.008017508,0.00048816,0,0,0,0,0,0,0,0,0,0,0,0,0.000260417,-0.018126362,0.178073118,0.806078023,0.96717065,0.603911594,0.001613188,-0.00393869,0,0,0,0,0,0,0,0,0,0,0,0,-0.002818627,0.010732571,0.672262477,0.814368243,0.741263617,0.830278578,0.094500511,-0.014579919,0,0,0,0,0,0,0,0,0,0,0,0,-0.021209916,0.2296178,0.907036284,0.315526535,0.66579793,0.832256179,0.082470895,-0.013281154,0,0,0,0,0,0,0,0,0,0,0,0,-0.039241643,0.439988,0.913437997,0.262014008,0.816942062,0.754790611,-0.021696351,-0.00228038,0,0,0,0,0,0,0,0,0,0,0,0,-0.041982169,0.467564765,0.932742677,0.593983837,0.938503832,0.484495519,-0.033212211,0.000312422,0,0,0,0,0,0,9.19E-06,7.07E-05,-0.001408037,-0.013992245,-0.021557445,-0.020783088,-0.042495796,0.452876532,0.962582141,0.873940274,0.944878523,0.092268297,-0.009044781,0,0,0,0,0,0,4.14E-05,0.000396752,-0.012446981,-0.018443542,0.191915111,0.317811479,0.316061989,0.00017179,0.205867409,0.932149016,1.045588933,0.647625034,-0.001528356,-0.003067198,0,0,0,0,0,0,0.000348243,-0.014999404,0.049460444,0.447348771,0.875985895,0.995610754,0.881893229,0.067634787,0.129333589,0.924332426,0.858193474,0.16709472,-0.019676096,-0.000205167,0,0,0,0,0,2.85E-05,-0.008091214,0.086985635,0.650218461,0.864624353,0.508853016,1.000128438,0.604149357,-0.044771157,0.470414148,1.036219902,0.591034943,-0.012848635,-0.00472692,2.82E-05,0,0,0,0,0,0.000506466,-0.036123986,0.510830344,0.863899301,0.291207146,0.616518333,0.974187049,0.284911948,0.386321423,0.927585657,1.062860239,0.520571844,-0.05333566,0.000587012,0,0,0,0,0,0,-0.007937304,0.033102754,0.789663075,0.456289011,0.233421313,0.978332467,0.791693508,0.501773642,0.958173815,0.645414556,0.7688353,0.483700385,-0.043324908,0,0,0,0,0,0,0,-0.007848437,0.043381825,0.550918284,0.826059334,0.827777693,1.016198195,0.979453193,0.803459763,0.424982162,0.027641033,0.094156509,0.101082687,-0.008820125,0,0,0,0,0,0,0,0.000262933,-0.011735856,0.097055709,0.868329146,1.016526263,0.639357785,0.488949925,0.117972852,-0.027916479,-0.011091095,-0.016459887,-0.014541973,0.001279105,0,0,0,0,0,0,0,2.57E-05,-0.013305402,0.178159348,0.838436479,0.465788263,0.008648886,-0.03752548,-0.009761387,-0.000853503,0.000107843,0,0,0,0,0,0,0,0,0,0,0,-0.000695701,0.007367769,0.083405436,-0.001854083,-0.011138183,0.000697077,0,0,0,0,0,0,0,0,0,0,0,0,0,0,0.000172079,-0.002165203,-0.014303002,-0.00424326,0.000513636,0,0,0,0,0,0,0,0,0,0,0,0,0,0,0,0,0,0,0,0,0,0,0,0,0,0,0,0,0,0,0,0
0,0,0,0,0,0,0,0,0,0,0,0,0,0,0,0,0,0,0,0,0,0,0,0,0,0,0,0,0,0,0,0,0,0,0,0,0,0,0,0,0,0,0,0,0,0,0,0,0,0,0,0,0,0,0,0,0,0,0,0,0,0,0,0,0,0,0,0,0,1.93E-05,1.59E-05,-0.002179636,-0.008370939,-0.008492749,-0.020618362,-0.005725235,0.000373723,1.22E-06,0,0,0,0,0,0,0,0,0,0,5.61E-05,0.000360907,-0.016080916,-0.007073649,0.081018218,0.080368141,0.299974503,0.058176998,-0.008784501,0.000469202,0,0,0,0,0,0,0,0,0,0,-0.000146752,-0.010246477,0.098156318,0.454541905,0.913405436,0.967467984,0.993082516,0.529098312,0.009640336,-0.004360197,0,0,0,0,0,0,0,0,0,0,-0.004078891,0.015772467,0.669268127,1.032895101,1.002210468,0.997437347,1.029737132,0.772723192,0.016830831,-0.006470588,0,0,0,1.22E-05,0.000530874,-0.004906445,-0.030377889,-0.027336431,-0.002991317,0.000468634,-0.01670789,0.229910895,0.977511346,0.99825904,0.991971362,0.991635889,1.027862806,0.820827796,0.083144915,-0.013506572,0,0,0,0.000318117,-0.008614763,0.015405025,0.241858252,0.214246426,0.011393842,-0.002851596,-0.03228605,0.51349103,1.01157467,0.993731873,0.990856875,1.007820517,0.978359579,0.630748196,0.01416299,-0.005391953,0,0,0,-0.006511438,0.018114291,0.521276365,0.941774016,0.900229184,0.284759464,-0.031546207,-0.02390191,0.333940785,0.94803399,0.997746834,1.015380947,0.802416701,0.372303649,0.099180317,-0.010474112,0.000328972,0,0,0,-0.0189391,0.489461803,0.975962469,1.014347307,1.035220231,0.569823751,-0.005779286,-0.043677492,0.327938674,0.850354728,1.003116728,1.002022339,0.929010263,0.456275888,-0.006605716,-0.002641936,6.56E-05,0,0,0,-0.021248809,0.860650503,1.030863375,0.995700895,1.004898182,0.41863974,0.009658273,0.272940666,0.794214529,1.019990111,1.005781012,1.009857663,1.003750187,0.996658463,0.448566942,-0.02819807,-5.50E-05,0,0,0,-0.009733093,0.353575615,0.706987146,1.039536165,0.99820095,0.811574997,0.770955245,0.948633362,0.997756767,1.032517903,0.724262719,0.545072665,0.986881922,1.022155996,0.850905504,0.125006132,-0.017945167,0,0,0,4.26E-05,-0.041361339,0.207171994,0.790263565,0.987422828,1.033000272,1.034593525,1.042929024,1.005537786,0.70436072,0.167836431,0.0600062,0.773720248,1.028083146,0.953905484,0.291355086,-0.035495903,0,0,0,3.40E-05,0.000169581,-0.012788654,0.097870524,0.342044475,0.639113817,0.649441557,0.394711142,0.296673509,0.069609971,-0.024833572,-0.025262406,0.467933892,1.02765305,0.993037463,0.344757149,-0.041150789,0,0,0,0,0.000190779,-0.00078171,-0.018554892,-0.02245595,0.003168879,0.004938411,-0.024430113,-0.029167382,-0.013133272,0.000652403,-0.020920162,0.151373434,0.438066074,0.320484903,0.00895527,-0.002877583,0,0,0,0,0,2.30E-06,6.63E-05,-0.000897774,-0.003297998,-0.003417105,-0.001058007,-0.000418811,-1.19E-05,7.86E-06,0.001175553,-0.010507098,-0.028281863,-0.021724009,-0.001971967,0.000333863,0,0,0,0,0,0,0,0,0,0,0,0,0,0,0,0,0,0,0,0,0,0,0,0,0,0,0,0,0,0,0,0,0,0,0,0,0,0,0,0,0,0,0,0,0,0,0,0,0,0,0,0,0,0,0,0,0,0,0,0,0,0
0,0,0,0,0,0,0,0,0,0,0,0,0,0,0,0,0,0,0,0,0,0,0,0,0,0,0,0,0,0,0,0.000391476,-0.002703722,-0.019801879,-0.007473618,0.000440325,2.09E-05,0,0,0,0,0,0,0,0,0,0,0,0,0,3.60E-18,-0.002834169,0.016110601,0.138630101,0.036232267,-0.004334363,-2.31E-05,0,0,0,0,0,0,0,0,0,0,0,0,0,0.000178717,-0.019826048,0.127595016,0.945160982,0.492865485,-0.010903918,-0.00202354,0,0,0,0,0,0,0,0,0,0,0,0,0,-0.002602465,0.010383987,0.608954163,0.994428513,0.748836959,0.015100746,-0.004269148,0,0,0,0,0,3.73E-18,0.000421262,-0.007608252,-0.001685049,0.00011489,0,0,5.60E-19,-0.00576874,0.044838559,0.891855917,1.043469584,0.667720503,0.006493821,-0.003566942,0,0,0,0,0,0.000317965,-0.007096099,0.07226137,0.009258578,-0.00071538,0,0,0.000481005,-0.037102226,0.347622379,0.978775886,1.028103911,0.455661356,-0.015287377,-0.001710478,0,0,0,0,8.15E-06,-0.005396608,0.015677459,0.638337902,0.435483861,-0.025842709,0,0.000155314,-0.005530247,-0.035260555,0.610629527,1.069347122,0.769261003,0.081998509,-0.016031144,3.45E-05,0,0,0,0,0.000262629,-0.026460856,0.181890523,0.816385281,0.456171347,-0.027818117,-8.24E-05,-0.009460937,-0.029089852,0.295624915,0.915503166,0.982881099,0.365217371,-0.017596865,-0.001945602,1.33E-05,0,0,0,0,-0.005933755,0.007916616,0.575300177,0.997137119,0.147440496,-0.035957618,-0.028203701,0.088973073,0.283016936,0.891702853,1.030621187,0.955404845,0.26979679,-0.034144046,0.00086826,0,0,0,0,0,-0.005933755,0.00362898,0.61440368,1.035145901,0.35857901,0.117585801,0.200521857,0.620612422,1.032660063,0.861106209,0.798594771,1.011993651,0.691201508,0.04919967,-0.011215074,0,0,0,0,0,0.000262629,-0.031547888,0.224657356,0.897226971,0.993341827,0.845810168,0.976235834,1.055888753,0.820858303,0.126809266,0.256176964,0.972280584,0.892453551,0.165445415,-0.024628064,0,0,0,0,0,8.15E-06,-0.000521111,-0.008003037,0.1751617,0.511935391,0.91506254,0.811990276,0.427423957,0.114958828,-0.04477948,0.223349249,0.953424285,0.85635322,0.140535156,-0.021782744,0,0,0,0,0,0,0.000305736,-0.00204759,-0.017541701,-0.013810934,0.103181934,0.051182857,-0.02476154,-0.013764808,-0.015064253,0.148395884,0.921105591,0.933448257,0.192923866,-0.027713542,0,0,0,0,0,0,0,0,0.000160846,-0.000644233,-0.010872396,-0.006310043,0.000310628,0,-0.00533301,0.040032424,0.88894635,0.930764842,0.188086857,-0.027169424,0,0,0,0,0,0,0,0,0,0,0,0,0,0,-0.009596695,0.08849086,0.897668036,0.76821955,0.071601818,-0.014024203,0,0,0,0,0,0,0,0,0,0,0,0,0,0,-0.017911305,0.186214852,0.871278026,0.55179005,-0.012083401,-0.003719056,0,0,0,0,0,0,0,0,0,0,0,0,0,0,-0.002312125,0.024360248,0.11759209,0.050121428,-0.009143176,0.00046961,0,0,0,0,0,0,0,0,0,0,0,0,0,0,0.000344669,-0.003604133,-0.017405018,-0.009127349,0.000812738,0,0,0,0,0,0,0,0,0,0,0,0,0,0,0,0,0,0,0,0,0,0,0,0,0
0,0,0,0,0,0,0,0,0,0,0,0,0,0,0,0,0,0,0,0,0,0,0,0,0,0,0,0,0,0,0,0,0,0,0,0,0,0,0,0,0,0,0,0,0,0,0,0,0,0,0,0,0,0,0,0,0,0,0,0,0,0,0,9.80E-06,0.00011346,-0.002895118,-0.00566345,-0.00059328,9.75E-05,0,0,0,0,0,0,0,0,0,0,0,0,0,0,0.000466401,-0.009295479,-0.001034654,0.031392412,0.001937701,-0.000421603,0,0,0,0,0,0,0,0,0,0,0,0,0,1.59E-17,-0.004950674,0.037510008,0.588077478,0.903687245,0.10471429,-0.016446589,-1.21E-16,-4.97E-16,0.000544662,-0.022393434,-0.02660803,-0.027625868,-0.031941466,-0.004528356,0.000652236,0,0,0,0,0.000778607,-0.028638361,0.305980545,1.016773199,1.050398097,0.150456412,-0.025605937,-0.018481413,-0.021222426,-0.027042484,0.234451816,0.282498213,0.294101562,0.342214308,0.042725694,-0.006395989,0,0,0,0,-0.023836444,0.183387024,0.838887224,1.05078766,0.620314755,0.002796597,-0.023030315,0.25732816,0.723803266,0.864058997,0.953414031,0.970079746,0.964051048,0.964599232,0.304257708,-0.03685445,0,0,0,0,-0.031799764,0.255815802,0.962292075,0.889176079,0.112933126,-0.039157444,0.481229065,0.960800466,1.038141902,1.058190308,0.928517845,0.90628382,1.030549496,1.028481941,0.388790305,-0.045865639,0,0,0,0,-0.042316661,0.357682615,1.013090278,0.466940206,0.27553142,0.755991653,1.007030093,1.032030859,0.954081427,0.491964563,0.144932076,0.315675534,0.940374438,0.922551981,0.22334021,-0.028304594,0,0,0,0,-0.052122213,0.44832998,1.065387493,0.958115877,0.992300041,1.073484503,1.043327785,0.655736571,0.158152165,-0.023677968,-0.058832498,0.199720112,0.921579248,0.882440462,0.161393314,-0.021739839,0,0,0,0,-0.036180751,0.296730954,0.976053105,1.036031658,1.036960478,0.624410644,0.379112983,0.055659007,-0.02645144,-0.001402216,-0.044853451,0.381704078,1.054049377,0.756316891,0.001548475,-0.004800457,0,0,0,0,-0.002352931,0.000266754,0.383756709,0.477790381,0.216085735,0.002888941,-0.050210856,-0.009781093,0.001401492,0,-0.050520895,0.432824233,1.096116699,0.733144694,-0.050578095,0.000624845,0,0,0,0,0.000521789,-0.004012289,-0.018481413,-0.021222426,-0.021267361,-0.006717181,0.000434028,0,0,0.000261438,-0.052322368,0.420951951,1.073961891,0.576997192,-0.035832414,0,0,0,0,0,0,0,0,0,0,0,0,0,0,-0.003976035,-0.012995801,0.543737286,1.038487422,0.35710483,-0.023728248,0,0,0,0,0,0,0,0,0,0,0,0,0,0,-0.010718954,0.049582977,0.73727451,1.00480719,0.208426471,-0.015544118,0,0,0,0,0,0,0,0,0,0,0,0,0,0,-0.007603486,0.020669357,0.647575163,1.023800654,0.307452614,-0.020995098,0,0,0,0,0,0,0,0,0,0,0,0,0,0,-0.000489177,-0.047220933,0.461577596,1.064280332,0.397205118,-0.026012749,0,0,0,0,0,0,0,0,0,0,0,0,0,0,0.000108932,-0.035493457,0.28060546,0.971526144,0.330958282,-0.021739124,0,0,0,0,0,0,0,0,0,0,0,0,0,0,0,-0.001549468,0.003796262,0.204862149,0.059181373,-0.003882047,0,0,0
0,0,0,0,0,0,0,0,0,0,0,0,0,0,0,0,0,0,0,0,0,0,0,0,0,0,0,0,0,0,0,0,0,0,0,0,0,0,0,0,0,0,0,0,0,0,0,0,0,0,0,0,0,0,0,0,0,0,0,0,0,0,0,0,0,0,0,0,0,0,0,0,0,0,0,0,0,0,0,0,0,0,0,0,0,0,0,0,0,0,0,0.000251225,-0.000460438,-0.023205882,-0.039627451,-0.026366115,-0.000554228,0.00022013,0,0,0,4.77E-18,-9.93E-17,-1.36E-16,1.19E-17,0,0,0,0,0,2.72E-18,-0.001270255,-0.005219518,0.155864413,0.297253217,0.186804381,-0.005442691,-0.000609433,0,0,0,0.000428922,-0.017220897,-0.01537854,-0.001146855,0.000251225,0,0,0,0,0.000348924,-0.017520595,0.093129374,0.836456359,1.093883595,0.836584355,0.117467388,-0.017119155,0,0,0,-0.008309214,0.23626837,0.253004158,-0.009381633,-0.001289593,0,0,0,8.07E-05,-0.001780502,-0.010051126,0.483930444,0.989377386,0.747651356,0.970894056,0.344552046,-0.040929772,0,0,0,-0.021090856,0.804173053,0.797677611,0.081227158,-0.016113307,3.84E-05,0,1.26E-05,0.000270935,-0.033305709,0.29749069,0.96485537,0.575983541,0.255951457,0.937418811,0.308057938,-0.036788146,0,0,0,-0.020640319,0.512368092,0.939132013,0.234375817,-0.027903612,-0.000123723,0,0.000294526,-0.024303139,0.111426675,0.827413331,0.820981462,0.067407067,0.32816076,0.904220401,0.232752894,-0.028907505,0,0,0,-0.013757659,0.08106999,0.845056985,0.732410863,0.003030246,-0.018838116,-0.003847173,-0.026330508,-0.010385332,0.628901518,1.000772876,0.213454761,-0.069970044,0.591497175,0.836497975,0.101834678,-0.015244385,0,0,0,-0.003234273,-0.013236823,0.439093512,1.008270748,0.587403135,0.117674292,0.023136881,0.21706667,0.615499472,0.931380276,0.364461091,-0.00406236,-0.019053905,0.669741336,0.567096286,-0.014351358,-0.001911459,0,0,0,0.0004158,-0.009329144,0.004678332,0.601450732,1.025109012,0.882386912,0.828894459,0.943583408,0.868160423,0.3443772,-0.031732247,-0.030635546,0.238770128,0.818671596,0.205099925,-0.017132812,0.000292896,0,0,0,0,0.00070523,-0.011701985,0.053473924,0.395879545,0.636341827,0.677987122,0.486567436,0.076574755,-0.031579691,-0.007354133,0.012025244,0.475919815,0.338759429,-0.021651229,-0.000624745,0,0,0,0,0,0,0.00052211,-0.007537446,-0.030488409,0.000261353,0.010799176,-0.02759055,-0.009930726,0.001240809,-0.002017633,0.015961538,0.084199585,0.002031182,-0.003352175,0.000103401,0,0,0,0,0,0,0,0.000110294,-0.000591299,-0.005689338,-0.007086951,-0.001593137,0.000153186,0,0.000248162,-0.001708756,-0.012681066,-0.003325368,0.000446691,0,0,0,0,0,0,0,0,0,0,0,0,0,0,0,0,0,0,0,0,0,0,0,0,0,0,0,0,0,0,0,0,0,0,0,0,0,0,0,0,0,0,0,0,0,0,0,0,0,0,0,0,0,0,0,0,0,0,0,0,0,0,0,0,0,0,0,0,0,0,0,0,0,0,0,0,0,0,0,0,0,0,0,0
0,0,0,0,0,0,0,0,0,0,0,0,0,0,0,0,0,0,0,0,0,0,0,0,0,0,0,0,0,0,0,0,0,0,0,0,0,0,0,0,0,0,0,0,0,0,0,0,0,0,0,0,0,0,0,0,0,0,0,0,0,0,0,0,0,0,0,0,0,0,1.66E-05,0.000463899,-0.014306541,-0.038112745,-0.032246426,-0.001001736,0.000202359,0,0,0,0,0,0,0.000131434,-0.00081587,-0.020925245,-0.01517065,-0.000833741,0.00020527,0,0.001013157,-0.021885638,0.1991027,0.617667024,0.513979507,-0.001796705,-0.002278544,0,0,0,0,0,0,0.000257251,-0.01473623,0.132926964,0.081479405,-0.001968716,-0.000749421,0.000352328,-0.013189338,0.089526654,0.7453296,1.039214597,0.974869536,0.176829878,-0.018227414,0.000448412,0,0,0,0,0,-0.017241779,0.25145064,0.833174445,0.774834167,0.116083935,-0.014453636,-0.003921569,-0.019870643,0.504297045,1.01879338,1.0116138,1.014880191,0.634304075,0.009339512,-0.004928458,0,0,0,0,0,-0.019493855,0.27959806,1.011758506,0.8244554,0.0911017,-0.013975276,-0.026261057,0.274852618,0.960358662,0.867070551,0.5258884,1.025294882,0.793121679,0.042762984,-0.009206697,0,0,0,0,0,-0.02768076,0.429298611,1.026688011,0.698972478,0.037507558,-0.01496298,0.025459542,0.683046415,1.025414148,0.586575354,0.457643825,1.03709118,0.788840839,0.041910709,-0.009099099,0,0,0,0,0.000110065,-0.028528186,0.4283173,1.010746596,0.512272518,-0.005207645,-0.025357111,0.258972699,0.975231124,0.840786424,0.150381405,0.692359256,1.039646208,0.600919322,0.003949653,-0.004191024,0,0,0,0,-0.000493253,-0.023805079,0.452767974,0.998720878,0.34723063,-0.065493135,0.113592269,0.80938111,1.032634549,0.425043675,0.006120793,0.694811275,1.008412939,0.323687738,-0.02315705,0.000134116,0,0,0,0,-0.006842363,0.025267157,0.691500204,1.018512629,0.350662326,-0.021295011,0.564434181,1.014276859,0.807479422,0.089809249,0.028249137,0.711206393,0.958833742,0.035705797,-0.006098448,1.59E-05,0,0,0,0,-0.004980452,0.010028586,0.631887272,1.025272631,0.787501325,0.652594286,0.988967106,1.020345583,0.451333228,-0.047495991,0.168368167,0.979815811,0.935921929,0.035242329,-0.005919296,0,0,0,0,0,0.000191594,-0.023437585,0.317454163,0.994290305,1.015818713,1.016617171,1.028401637,0.735343137,0.085381213,-0.030537105,0.187664163,1.026446589,0.939274272,0.037695721,-0.006077053,0,0,0,0,0,0,-0.003737694,0.02024217,0.515269659,0.955846235,0.9866009,0.737533105,0.129967014,-0.020782288,-0.02079902,0.19920772,1.033997004,0.619773489,0.002099112,-0.003165901,0,0,0,0,0,0,0.000393536,-0.010490554,0.014539454,0.132797607,0.146825717,0.0631875,-0.018855886,0.000317113,-0.026778952,0.555065275,0.956681373,0.228373111,-0.026999251,-0.000190666,0,0,0,0,0,0,7.81E-06,0.000270374,-0.003476971,-0.011334304,-0.012187283,-0.006887102,1.39E-05,-0.00841813,0.075568151,0.806283121,0.9568077,0.19664985,-0.028899306,2.70E-05,0,0,0,0,0,0,0,0,0,0,0,0,0,-0.015693578,0.164348002,0.920075265,0.534288078,0.051995774,-0.010006726,0,0,0,0,0,0,0,0,0,0,0,0,0,0,-0.008191211,0.093810423,0.407625386,-0.022896412,-0.004092456,0.000585172,0,0,0,0,0,0,0,0,0,0,0,0,0,0,0.000744656,-0.008489073,-0.037428832,0.000297862,0,0,0,0,0,0
0,0,0,0,0,0,0,0,0,0,0,0,0,0,0,0,0,0,0,0,0,0,0,0,0,0,0,0,0,0,0,0,0.000489177,-0.004011949,-0.013583197,-0.011293573,-0.001088474,0.000179365,0,0,0,0,0,0,0,0,0,0,0,0,0,0.000513636,-0.00683668,0.001443734,0.07522706,0.054497574,-0.008746229,0.000561384,0,0,0,0,0,0,0,0,0,0,0,0,8.94E-06,-0.004056628,-0.010060026,0.40868139,0.832486724,0.751993821,0.190324959,-0.023958665,0,0,0,0,0,0,0,0,0,0,0,0,0.000326372,-0.021810577,0.278296288,0.956813215,0.897074942,1.043306764,0.42959501,-0.050071746,0,0,0,0,0,9.43E-18,-1.71E-16,-1.94E-17,1.57E-18,0,0,0,-0.004692181,0.032105375,0.794513609,0.867064117,0.393609818,1.003305709,0.424681458,-0.049149647,0,0,0,0,0.000807142,-0.006852022,-0.019093137,-0.00374966,0.00027931,0,0,0,-0.007004442,0.063534433,0.816428142,0.485985788,0.456121511,0.9491939,0.287849588,-0.034844482,0,0,0,0.000256818,-0.007589667,0.02514232,0.336557366,0.056191435,-0.004187457,0,0,0,-0.003719358,0.023885849,0.768863988,0.644586425,0.76648506,0.791545341,0.043218292,-0.009115574,0,0,0,-0.001781556,-0.026324701,0.419816176,0.837664267,0.111425517,-0.009512306,0,0,6.99E-05,-0.000121307,-0.027314866,0.689528556,1.029536952,1.007078823,0.459377894,-0.020125528,-0.000943704,0,0,0,-0.011866319,0.056775084,0.79309712,0.486765931,-0.022670088,-0.001351409,0,0.000115809,-0.000889093,-0.021729065,0.022852056,0.749388784,1.025669969,0.74946909,0.057833929,-0.007906369,0.000132485,0,0,0,-0.020170718,0.252656825,0.997979967,0.296843222,-0.02850657,-0.000438011,0.000387265,-0.003639485,-0.0250481,0.188917994,0.73731713,1.020162923,1.033344805,0.53894184,-0.015576525,-0.001968954,0,0,0,0,-0.020696657,0.541986483,0.867355171,0.139934964,-0.025431441,-0.01354439,-0.023191064,0.007597307,0.181610907,0.84325463,1.033859069,0.727386946,0.892851154,0.760492222,0.016198291,-0.004335682,0,0,0,0,-0.020580082,0.860561498,0.712120463,-0.00272813,-0.034131201,0.070696839,0.143305153,0.60760023,0.95890798,0.925194991,0.43144742,0.015612474,0.516205923,0.851339615,0.022796224,-0.004863846,0,0,0,0,-0.020791122,0.890784195,0.885240554,0.467751906,0.504721661,0.822670445,0.98563182,0.919381978,0.725581325,0.255936104,-0.023787752,-0.063183795,0.435529276,0.8683149,0.022958248,-0.004911509,0,0,0,0,-0.01903782,0.603124295,0.979174649,1.040908327,1.012216656,0.881772876,0.648471883,0.230302628,0.043602277,-0.021822202,-0.000388957,-0.044612531,0.401793811,0.668251072,0.008372294,-0.003405484,0,0,0,0,-0.002813521,0.009835548,0.263945823,0.382648455,0.188703772,0.074978316,-0.001884537,-0.020777335,-0.011985839,-0.000238358,6.99E-05,-0.005707472,0.051668607,0.077652625,0.000209525,-0.000364788,0,0,0,0,0.000235907,-0.003383678,-0.018560202,-0.025106669,-0.014421211,-0.007891442,-0.003034171,-0.000452921,4.85E-05,0,0,0.000506298,-0.004561581,-0.00728508,-6.35E-05,3.60E-05,0,0,0,0,0,0,0,0,0,0,0,0,0,0,0,0,0,0,0,0,0,0,0,0,0,0,0,0,0,0,0,0,0,0,0,0,0,0,0,0,0,0,0,0,0,0,0,0,0,0,0,0,0,0,0,0,0,0,0,0,0,0,0
0,0,0,0,0,0.000382966,-0.004365809,-0.001421671,0.000153186,0,0,0,0,0,0,0,0,0,0,0,0,0,0,0,0,-0.004365809,0.049770221,0.016207044,-0.001746324,0,0,0,0,0,0,0,0,0,0,0,0,0,0,0,0,-0.001421671,0.016207044,0.005277619,-0.000568668,0,0,0,0,0,0,0,0,0,0,0,0,0,0,0,0,0.000153186,-0.001746324,-0.000568668,6.13E-05,0,9.33E-20,0.00013123,-5.09E-05,-0.01408604,-0.037138634,-0.018381076,-0.004202512,0.00021004,2.76E-05,0,0,0,0,0,0,0,0,0,0,0,1.21E-17,-0.001001157,-0.024066283,0.187054926,0.621829044,0.270714852,0.035340891,-0.003673413,-0.000137868,0,0,0,0,0,0,0,0,0,0,0,0.000106379,-0.018573836,0.217982366,0.921482928,0.89332438,0.908148625,0.51572486,-0.003180771,-0.004510825,0,0,0,0,0,0,0,0,0,0,0,-0.000770187,-0.010126974,0.746842601,0.718502672,0.148504357,0.693224009,0.614470588,0.00118656,-0.005574959,0,0,0,0,8.93E-05,0.000461865,-0.021498512,-0.042323591,-0.005486918,0.000815295,0,-0.016339445,0.176727831,0.875087223,0.245162023,0.002676545,0.82272317,0.431081608,-0.032087568,-0.001356107,0,0,0,1.96E-05,-0.00035672,-0.013517855,0.160454725,0.365433058,0.048927581,-0.007155161,0,-0.025007659,0.277896412,0.868660674,0.179008323,0.467349435,0.854285318,0.14015511,-0.020594554,0.000112337,0,0,0,0.000499776,-0.014440547,0.106711176,0.843466367,0.87701537,0.089672608,-0.015106379,0,-0.023609835,0.25720018,0.874743335,0.611643365,0.928998281,0.475153663,-0.027278833,-0.000235213,0,0,0,5.53E-05,-0.006899586,0.019212469,0.692825283,1.020772246,0.376998417,-0.0197788,-0.002022569,0.000298713,-0.022357111,0.200092422,0.927683543,1.045480835,0.671252638,0.011520204,-0.005881076,0.000205454,0,0,0,-0.000596575,-0.029106488,0.301137544,0.97152211,0.640738971,0.015743124,-0.007623364,0.000393519,-0.013130617,-0.026845469,0.415340925,0.974235151,0.632418709,0.091014314,-0.015462759,5.37E-05,0,0,0,0,-0.004424674,-0.007507595,0.544989435,1.016853216,0.260101844,-0.037817761,-0.017363443,-0.037166086,0.0394705,0.531936801,0.976183757,0.892373984,0.066780519,-0.023718509,0.000901512,3.06E-05,0,0,0,0,-0.000948053,-0.016749521,0.226897808,0.892828551,0.4546202,0.041838559,0.124692668,0.268057224,0.703242528,0.967745728,0.896278663,0.572605564,-0.019495336,-0.000330202,3.06E-05,0,0,0,0,0,8.51E-05,-0.00673454,0.01503268,0.674752519,0.968130872,0.800348754,0.848774459,0.930562755,0.760714563,0.240733439,0.482149374,0.278954656,-0.016651178,6.38E-05,0,0,0,0,0,0,0,0.00026334,-0.009570993,0.089616047,0.479284943,0.545878115,0.509617559,0.35410306,0.036980426,-0.037713525,0.086210018,0.031428125,-0.003268655,0,0,0,0,0,0,0,0,2.45E-05,0.000323734,-0.007947406,-0.029923611,-0.03246201,-0.030790734,-0.022857128,-0.005385672,0.000346609,-0.007037684,-0.003076872,0.000248672,0,0,0,0,0,0,0,0,0,0,0,0,0,0,0,0,0,0,0,0,0,0,0,0,0,0,0,0,0,0,0,0,0,0,0,0,0,0,0,0,0,0,0,0,0,0,0,0,0,0,0,0,0,0,0,0,0,0,0,0,0,0,0,0,0,0
0,0,0,0,0,0,0,0,0,0,0,0,0,0,0,0,0,0,0,0,0,0,0,0,0,0,0,0,0,0,0.00013191,-0.001175279,-0.010772084,-0.013617749,-0.002209797,0.000343137,0,0,0,0,0,0,0,0,0,0,0,0,0,0.000300844,-0.001507124,-0.018908371,0.049284019,0.074721832,0.006753139,-0.001335453,0,0,0,0,0,0,0,0,0,0,0,0,6.28E-06,-0.001794067,-0.009419152,0.275842899,0.74116312,0.830117817,0.180683347,-0.025601103,0,0,0,0,0,0,0,0,0,0,0,0,8.15E-05,-0.020692317,0.112194802,0.828723499,1.038022706,1.059572338,0.286059385,-0.038336091,0,0,0,0,0,0,0,0,0,0,0,0,-0.001766187,-0.014577631,0.461788228,1.016984001,0.993507263,1.033758612,0.274269114,-0.036918199,0,0,0,0,0,0,0,0,0,0,0,0,-0.005198887,0.02503719,0.87745464,1.004003523,1.00636854,0.924635383,0.192221235,-0.027695466,0,0,0,0,0,0,0,0,0,0,0,0,-0.014968611,0.197942841,0.982480076,0.998682687,1.01876631,0.603958953,0.012545589,-0.006778464,0,0,0,0,0,0,0,0,0,0,1.07E-05,0.000216002,-0.024338133,0.307068951,0.98403108,1.010096303,0.907860038,0.174804602,-0.021748026,0.000462623,0,0,0,0,0,0,0,0,0,1.96E-18,0.000364073,-0.008514889,-0.010798049,0.457639417,0.996555164,1.007407016,0.533401326,-0.003623621,-0.00147612,0,0,0,0,0,0,0.00013191,-0.001122304,-0.004721116,-0.000346797,0.00029999,-0.007023165,-0.008549217,0.383783871,0.910958299,1.017073529,0.949774237,0.175546519,-0.022071929,0.000314032,0,0,0,0,0,0,-0.001071453,0.009813348,0.032310645,-0.010451644,-0.017859392,-0.010580661,0.557700019,0.957752621,1.020378847,0.946390489,1.023482264,0.311831441,-0.020836227,0,0,0,0,0,0,0,-0.017542429,0.137037078,0.740239017,0.167421596,0.075267756,0.56188576,1.045012179,0.994255687,0.498264356,0.315572524,0.973563994,0.563188485,-0.020701527,0,0,0,0,0,0,0,-0.017307666,0.109253699,0.94343447,0.859067079,0.847000119,1.054138463,0.812820258,0.345511302,0.000492647,0.063988256,0.783947049,0.823611162,-0.020713678,0,0,0,0,0,0,0,-0.002464427,-0.012611746,0.368327342,0.835539318,0.849391068,0.706172505,0.160591972,-0.020564747,-0.014979371,0.032256502,0.709048475,0.89572974,-0.020718273,0,0,0,0,0,0,0,0.000401348,-0.00433421,-0.00674549,0.02247486,0.025974214,0.010297369,-0.015830786,-0.002563402,-0.013143978,0.053671875,0.764963406,0.578762994,-0.021222426,0,0,0,0,0,0,0,0,0.00019934,-0.001663348,-0.004909875,-0.005115656,-0.003900378,-0.000329889,-0.000534365,-0.027613307,0.335905348,0.869296347,0.154806198,-0.015220418,0,0,0,0,0,0,0,0,0,0,0,0,0,0,-0.000194295,-0.00302347,0.066468091,0.096348549,0.000814159,-0.001033896,0,0,0,0,0,0,0,0,0,0,0,0,0,0,2.09E-05,0.000486281,-0.008300824,-0.015576491,-0.001661333,0.000222971,0,0,0,0,0,0,0,0,0,0,0,0,0,0,0,0,0,0,0,0,0,0,0,0,0,0
0,0,0,0,0,0,0,0,0,0,0,0,0,0,0,0,0,0,0,0,0,0,0,0,0.000183824,-0.000794016,-0.011767259,-0.004233928,0.000331904,0,0,0,0,0,0,0,0,0,0,0,0,0,0,8.32E-05,-0.00105866,-0.013895122,0.059308273,0.023297078,-0.002048938,0,0,0,0,0,0,0,0,0,0,0,0,0,0,-0.000440666,-0.014613222,0.184444836,0.769708129,0.264545405,-0.018553581,0,0,0,0,0,0,0,0,0,0,0,0,0,0.000146753,-0.006003932,0.019139689,0.777575623,0.946101682,0.225721179,-0.017546637,0,0,0,0,0,0,0,0,0,0,0,0,0,-0.00035873,-0.022094754,0.402457125,0.947159892,0.338068321,-0.020581084,-0.001573393,0,3.11E-18,0.000825504,-0.008558049,-0.045890778,-0.052564594,-0.030973414,-0.005275991,0.000733765,0,0,0,8.17E-05,-0.012388407,0.066217933,0.775705797,0.868633715,0.120098107,-0.019895438,0.000162888,0,0.000272331,-0.012088099,0.07986799,0.502253115,0.578580729,0.332571657,0.050252332,-0.008226326,8.17E-05,0,0,-0.000366883,-0.032301951,0.305920944,0.960859185,0.54336654,0.024305046,-0.005885582,0,0,-0.001233134,-0.006571617,0.417046139,1.033706246,1.047556408,0.937401485,0.310930642,-0.028782725,-0.000709307,0,0,-0.005678105,0.006422893,0.560692504,0.975145629,0.129779939,-0.023495438,0.000255187,4.90E-05,0.000139706,-0.019315581,0.183772621,0.89921623,1.003884804,0.991815155,0.989583044,0.438505787,-0.01673882,-0.002790033,0,0,-0.008267974,0.026798744,0.665307019,1.030934028,0.603687943,0.054911016,-0.031754311,-0.028351818,-0.030280331,-0.047431219,0.435645884,0.986631949,0.993607367,1.009023386,0.871462146,0.174257659,-0.021616118,-0.000120507,0,0,-0.006303105,0.010999959,0.583931185,1.024017582,1.022223107,0.724561257,0.281927782,0.18850223,0.191842439,0.187902046,0.700423049,1.024215482,0.997571147,1.038107724,0.681562245,0.001974656,-0.004896254,3.68E-05,0,0,-0.000580065,-0.011355835,0.13603736,0.733707806,1.018292909,1.031481379,0.969081791,0.92716762,0.931057564,0.936429926,0.969822355,0.992702601,0.953024493,0.71098206,0.167422913,-0.008446708,-0.000400717,0,0,0,9.78E-05,0.000292896,-0.02072602,0.095425448,0.221626615,0.316725979,0.656735866,0.871975069,0.82041828,0.758789882,0.876494775,1.021141225,0.745493101,0.089249181,-0.032017906,0.000156486,7.81E-05,0,0,0,0,6.52E-05,8.87E-05,-0.011708367,-0.020821249,-0.022964154,-0.009849612,0.145330712,0.105085189,0.032882881,0.319963065,0.946304574,0.994751617,0.555827682,-0.015672079,-0.002590891,6.73E-05,0,0,0,0,0,0,0,0,0.000204248,-0.000937589,-0.014546739,-0.011017923,-0.010780484,0.018043641,0.700671463,0.995755021,0.97423075,0.263987371,-0.020915424,0.000239289,0,0,0,0,0,0,0,0,0,0,0,0,0.000612745,-0.012118566,0.013670628,0.555121034,1.051171228,0.802465839,0.091410573,-0.014239534,0,0,0,0,0,0,0,0,0,0,0,0,3.00E-18,0.000364583,-0.022003231,0.104499387,0.57253445,0.892495234,0.200709269,-0.025677306,0,0,0,0,0,0,0,0,0,0,0,0,0,0,0.001845245,-0.019150514,0.012889711,0.110738504,0.010765409,-0.001717103,0,0,0,0,0,0,0,0,0,0,0,0,0,0,0,0.000406965,-0.006372889,-0.016951763,-0.002608081,0.000362806,0,0,0,0,0,0,0,0,0,0,0,0,0,0,0,0,0,0,0,0,0,0
0,0,0,0,0,0,0,0,0,0,0,0,0,0,0,0,0,0,0,0,0,0,0,0,0,0,0,0,0,0,1.56E-19,1.19E-05,0.000203824,-0.004459763,-0.011637731,-0.011244043,0.000420752,2.45E-05,0,0,0,0,0,0,0,0,0,0,0,0,5.10E-05,0.000339876,-0.031786536,-0.009126106,0.058082936,0.055963628,-0.019796176,0.001686593,0,0,0,0,0,0,0,0,0,0,0,0.000107537,0.000117715,-0.022688436,0.233475755,0.560344703,0.759551011,0.73137757,0.119425109,-0.016588398,0,0,0,0,0,0,0,0,0,0,0,-0.00107261,-0.015172096,0.272537377,0.900658164,1.063508102,1.028178394,1.044639434,0.411978826,-0.048327422,0,0,0,0,0,0,0,0,0,0,0,-0.011508272,0.049546262,0.719027148,1.043828014,0.799889178,0.865346592,1.062901808,0.435424598,-0.050728058,0,0,0,0,0,7.66E-05,-0.001391442,-0.000157441,1.28E-05,0,0,-0.011980699,0.054035948,0.728152318,0.993966257,0.374606992,0.711704606,1.021979899,0.346815291,-0.041349721,0,0,0,0.000228283,-0.001157753,-0.017246647,-0.024596174,-0.010195926,0.000659319,0,0,-0.012036505,0.054555902,0.736306765,0.887579829,0.474466661,1.008730909,0.778418447,0.060122753,-0.010885967,0,0,0,-0.00124983,-0.001454095,0.109377417,0.350610175,0.101197253,-0.006795037,0,0,-0.011255821,0.048241779,0.707352839,0.995250194,0.903579589,1.009263906,0.356341197,-0.028363664,0.000476948,0,0,0,-0.016415101,0.184880882,0.842824721,0.953303139,0.289943474,-0.019765165,0,0,-0.001945772,-0.027441891,0.51223926,1.015607548,1.019447491,0.786584014,0.043987762,-0.00616619,2.04E-05,0,0,0,-0.021273489,0.576492771,1.041809028,0.997482945,0.359485498,-0.023876532,0,0.000127655,-0.004223924,-0.035139961,0.522138872,1.032270851,0.842921518,0.215379136,-0.0178245,-0.00044424,0,0,0,0,-0.020669935,0.845647786,1.015931883,0.991066687,0.376725388,-0.024776348,0.000407647,-0.004477294,-0.026439611,0.334418233,0.903430351,1.037904998,0.787003183,0.095445108,-0.018145833,6.11E-05,0,0,0,0,-0.020857452,0.813769467,1.021990356,0.982743145,0.290449958,-0.031705444,-0.016824433,-0.024905579,0.236279062,0.921642208,1.006401441,0.978568981,0.846767916,0.140613492,-0.022009702,8.56E-06,0,0,0,0,-0.019746562,0.294564395,0.993828789,1.011352311,0.614900735,0.028522008,0.069301343,0.440962759,0.891051147,1.046027369,0.653617205,0.407999691,0.860051641,0.173051249,-0.023414352,-7.22E-05,0,0,0,0,-0.005582959,-0.001182857,0.508814236,0.987005072,1.012732247,0.756834712,0.795501067,1.003762374,1.005901382,0.650981737,0.108579793,0.103713193,0.884522467,0.234896701,-0.026550109,-0.000210886,0,0,0,0,0.000514536,-0.008993162,0.001768944,0.32499086,0.678453874,0.902979065,0.935343392,0.75895178,0.361152284,0.015404378,-0.027759361,0.086797522,0.65983735,0.180202631,-0.02294184,-4.40E-05,0,0,0,0,9.70E-06,0.000302525,-0.002819751,-0.027470316,0.012313011,0.17805639,0.218658177,0.13532787,-0.014561632,-0.00659472,-0.00345641,0.01109968,0.280188232,0.12206953,-0.014835938,3.22E-06,0,0,0,0,0,0,8.56E-06,0.000562146,-0.005455546,-0.023466226,-0.027811693,-0.018450532,-0.000957564,0.000264156,0.000376055,-0.004466359,-0.001504729,0.007421732,-0.000733765,0,0,0,0,0,0,0,0,0,0,0,0,0,0,0,3.40E-06,0.000229302,-0.002558892,-0.001723516,0.000196078,0,0,0,0,0,0,0,0,0,0,0,0,0,0,0,0,0,0,0,0,0,0,0,0
0,0,0,0,0,0,0,0,0,0,0,0,0,0,0,0,0,0,0,0,0,0,0,0,0,0,0,0,0,0,0,0,0,0,0,0,0,0,0,0,0,0,0,0,0,0,0,0,0,0,0,0,0,0,0,0,0,0,0,0,0,0,0,0,0,0,0,0,0,0,6.07E-19,8.17E-05,-0.001132903,-0.004970997,-0.006297998,-0.002903288,5.06E-06,1.83E-05,0,0,0,0,0,0,0,0,0,0,0,0,0.000490196,-0.005817674,-0.018583476,0.023373911,0.039715754,0.001867273,-0.008398744,0.000830378,0,0,0,0,0,0,0,0,0,0,0,0.000245098,-0.003941993,0.00228588,0.357661343,0.845460308,0.988832806,0.565537531,0.056617511,-0.009355917,0,0,0,0,2.85E-05,0.000137697,-0.007245541,-0.006820534,0.000155739,2.45E-05,0,-0.002071078,-0.015918777,0.396664965,1.007148948,0.804676334,0.798693236,0.968359222,0.288929007,-0.035226448,0,0,0,4.08E-05,0.00076275,-0.013540367,0.021059017,0.022025193,-0.007245373,0.000612641,0,-0.022247768,0.143514193,0.880666945,0.610395502,0.04118994,0.514658306,0.97707552,0.306910066,-0.036943539,0,0,0,5.75E-05,-0.013441615,0.07988894,0.608007251,0.580439372,0.050630804,-0.008620113,0,-0.035556985,0.263695227,1.021463235,0.140663735,0.112148148,0.864125034,0.857569785,0.111136659,-0.016439199,0,0,0,-0.006787003,0.012700664,0.592159144,0.894989719,0.32087934,0.032758374,-0.005513024,0,-0.031878676,0.230036731,0.976325946,0.555147246,0.723538841,0.964041139,0.355324687,-0.008228877,-0.001550283,0,0,0,-0.020214291,0.363307652,0.987469839,0.295635893,-0.049989754,-0.005416003,0.000722759,0.000140421,-0.032898165,0.05317996,0.770807904,1.037002568,1.016493566,0.404623434,-0.035330763,-0.003453789,0.000308181,0,0,0,-0.02084712,0.78579121,0.754195295,0.044185798,-0.027736145,-0.017612115,-0.022112157,-0.022395663,0.143510774,0.597551658,0.946658667,0.984175669,1.007603758,0.626326882,0.036100269,-0.011323717,0.000644083,0,0,0,-0.021257117,0.859970349,0.780857062,0.131330374,0.062681964,0.120685884,0.397884606,0.696262094,0.917486751,1.021568729,0.682922798,0.19402538,0.517027537,0.983859402,0.684133732,0.076062669,-0.011976598,0,0,0,-0.016889638,0.34898083,0.91842036,0.907096456,0.825627621,0.963305964,1.048208287,0.884758851,0.74209392,0.351524918,0.037559606,-0.031508262,-0.003251634,0.329580644,0.857988817,0.259923594,-0.031427989,0,0,0,-0.002437364,0.016211749,0.188691142,0.471144625,0.689994911,0.51355976,0.381070295,0.150185577,0.056902114,-0.022369826,-0.006274714,0.001090457,-0.004049564,-0.006566159,0.238352141,0.080302968,-0.009524683,0,0,0,0.000398284,-0.005471444,-0.023832363,-0.01666876,0.006832584,-0.011994928,-0.023233426,-0.023605596,-0.01233364,-0.001023897,0.000115809,0,0.000145527,-0.001390114,-0.017298203,-0.007260791,0.000838123,0,0,0,0,2.57E-05,-0.000146293,-0.001667433,-0.003594261,-0.002073121,-0.001048469,2.91E-05,0,0,0,0,4.60E-06,-4.38E-05,-0.000614583,-0.000133987,1.71E-05,0,0,0,0,0,0,0,0,0,0,0,0,0,0,0,0,0,0,0,0,0,0,0,0,0,0,0,0,0,0,0,0,0,0,0,0,0,0,0,0,0,0,0,0,0,0,0,0,0,0,0,0,0,0,0,0,0,0,0,0,0,0
0,0,0,0,0,0,0,0,0,0,0,0,0,0,0,0,0,0,0,0,0,0,0,0,0,0,0,0,0,0,0,5.28E-05,0.000129938,-0.006930487,-0.011523693,-0.002090993,0.000162377,0,0,0,0,0,0,0,0,0,0,0,0,0,0,4.84E-05,-0.003739458,0.027907647,0.056077616,-0.02472652,-0.023441666,-0.000521111,0.000248665,0,0,0,0,0,0,0,0,0,0,0,1.28E-18,-0.006038092,0.015893308,0.507025123,0.765463201,0.433708435,0.161326797,-0.000152664,-0.001565223,0,0,0,0,0,0,0,0,0.000300844,-0.002166054,-0.014219669,0.00048223,-0.030965448,0.049464164,0.786199874,1.051770969,1.009932615,0.814825946,0.085080918,-0.01431781,0,0,0,0,0,0,0,0,-0.002657454,0.019133476,0.126235141,-0.0071162,0.112499847,0.480547012,0.818819785,0.643979643,0.681013906,1.055382132,0.147495669,-0.02129953,0,0,0,0.000334271,-0.00290305,-0.006783088,-0.000265182,4.19E-05,-0.003275855,0.022885349,0.161449619,0.015041377,0.646916173,0.826971247,0.38152114,0.182690989,0.720598482,0.930197746,0.108652827,-0.017061206,0,0,0.000293506,-0.0033561,-0.002927316,0.015023644,-0.008676267,0.000418552,-0.003452511,0.030483725,0.028574898,0.263656768,0.914250642,0.23334919,-0.05506485,0.23227469,1.012906136,0.723039199,0.043349113,-0.010091653,0,0,-0.002226307,-0.010015083,0.329567674,0.617667467,0.111595486,-0.008618566,-0.021844605,0.183968205,0.492142344,0.65689277,0.821376481,0.057341374,-0.036519659,0.583770425,1.026581699,0.43831233,-0.024664506,-0.002134395,0,0,-0.010774442,0.048872549,0.763783752,0.77471024,0.093878404,-0.00861729,-0.004061392,0.027556985,0.151859324,0.942933602,0.656491541,0.000910073,0.304246919,0.987432887,0.879630804,0.166312483,-0.024854164,0.000212759,0,0,-0.01333895,0.074369522,0.835519489,0.495371443,-0.019437296,-0.001567402,0.000601688,-0.011294833,0.024213065,0.99898686,0.578808824,-0.012837736,0.656603316,0.961143604,0.304637885,-0.018775429,-0.000195671,0,0,0,-0.018803785,0.125097835,0.998287105,0.35196138,-0.029277539,-0.000641646,0,-0.006245251,0.039887204,0.992973295,0.59302068,0.467453036,0.784785897,0.335706631,-0.017580491,-0.002154973,0.00012474,0,0,0,-0.021041913,0.145898249,1.054247941,0.483486694,-0.016185677,-0.001766438,0,-0.005994762,0.036819704,0.93564731,0.942238732,0.875302081,0.249214548,-0.011937413,-0.006233235,0.000233582,0,0,0,0,-0.016640114,0.104834087,0.917881264,0.73146669,0.002692793,-0.020517463,-0.022440433,-0.043783701,-0.021978265,0.786609069,1.022474112,0.381021259,-0.035786186,-0.002634634,0.000401348,0,0,0,0,0,-0.005399816,0.001523124,0.569943049,1.042522263,0.638050058,0.191632983,0.344885723,0.653621187,0.758742068,0.90056204,0.910534416,0.127171504,-0.017801777,0,0,0,0,0,0,0,0.000207482,-0.02533636,0.176868413,0.774297215,1.005817538,1.020199891,0.942350529,0.878115877,0.791462418,0.222728435,0.390884855,0.099803208,-0.011863086,0,0,0,0,0,0,0,2.09E-05,0.00129158,-0.021892157,0.091054636,0.366060849,0.566656658,0.311637978,0.144225065,0.035117545,-0.020218359,-0.025542688,-0.006143298,0.000725592,0,0,0,0,0,0,0,0,0,0.000972239,-0.015907423,-0.029298643,-0.010643166,-0.030041059,-0.020859117,-0.00823774,0.000446782,2.45E-05,0,0,0,0,0,0,0,0,0,0,0,0,0.000153186,-0.001140387,-0.004348788,-0.000585993,8.51E-05,0,0,0,0,0,0,0,0,0,0,0,0,0,0,0,0,0,0,0,0,0,0,0,0,0,0,0,0,0,0,0
0,0,0,0,0,0,0,0,0,0,0,0,0,0,0,0,0,0,0,0,0,0,0,0,0,0,0,0,0,0,3.21E-18,0.000291054,-0.005497975,-0.015382285,-0.015436411,-0.005273863,0.000194376,1.63E-05,0,0,0,0,0,0,0,0,0,0,0,0,0.001386001,-0.017486548,0.003809224,0.094170743,0.09287901,0.008436621,-0.006170662,0.000541858,0,0,0,0,0,0,0,0,0,0,0,0.000223346,-0.012927407,0.104476716,0.562300491,0.889892804,0.891085155,0.491044867,0.023996307,-0.005574987,0,0,0,0,0,0,0,0,0,0,0,-0.003095588,-0.01660946,0.528975848,0.973532826,0.414022297,0.714221865,0.937491966,0.216010144,-0.027545147,0,0,0,0,0,0,0,0,0,0,0,-0.010472426,0.040022689,0.730004204,0.730035431,-0.059699261,0.272752774,0.983799581,0.354727158,-0.041780196,0,0,0,0,0,0,1.84E-05,0.000199312,-0.004354065,-0.003240797,0.000144676,-0.023112745,0.152259242,0.88193687,0.563723452,-0.050653339,0.398503183,0.945552713,0.278659654,-0.0338433,0,0,0,0,0,0,0.000607191,-0.006121489,0.001053922,-0.01054995,-0.001348804,-0.029130794,0.206253125,0.958379465,0.537896731,-0.047369553,0.645531963,0.838770213,0.095931661,-0.014674902,0,0,0,0,0,7.72E-05,-0.00722549,0.01444521,0.449989907,0.445060162,-0.003154616,-0.026011642,0.170245149,0.907314168,0.625800569,0.190817572,0.923266204,0.474979626,-0.031619009,0.000234397,0,0,0,0,0,-0.0008606,-0.021624592,0.333419815,1.00868013,0.799284477,-0.014912088,-0.024332567,0.157679841,0.878316211,0.736634547,0.738106175,0.880662837,0.074899527,-0.008185917,3.06E-05,0,0,0,0,2.24E-18,-0.004690053,0.021055641,0.774177764,1.000235277,0.349059659,-0.019950214,-0.024781846,0.166245047,0.880692334,1.031222076,0.965781318,0.286720367,-0.027788058,-0.000332976,0,0,0,0,0,0.000301659,-0.024872992,0.325288841,1.027216486,0.559155876,0.010835983,-0.005570108,-0.044121715,0.213493532,0.967843444,0.932814007,0.384369451,0.003700844,-0.005492749,6.69E-05,0,0,0,0,0,-0.003788121,-0.006139018,0.731202594,0.912213186,0.175810437,-0.033658985,-0.02992484,0.163605608,0.757353213,1.029168535,0.442619958,-0.027880012,-0.005509967,0.00061728,0,0,0,0,0,0,-0.021219274,0.157724877,0.883334644,0.604987183,-0.027716384,-0.032575771,0.201739685,0.826433381,1.025657475,0.968210563,0.168682908,-0.022684334,0.000258034,3.06E-06,0,0,0,0,0,0,-0.03833476,0.320904225,0.976180964,0.418362064,0.03838094,0.381729631,0.917530501,0.803902693,0.426124217,0.825651535,0.129078394,-0.018119213,0,0,0,0,0,0,0,0,-0.042745913,0.360683687,1.009078687,0.698245149,0.823974282,1.003416086,0.636790816,0.070430334,0.083377876,0.649559777,0.118679273,-0.015236758,0,0,0,0,0,0,0,0,-0.015264767,0.109171109,0.670517906,0.916245745,0.687581818,0.397219793,0.025067249,-0.02080159,0.031187347,0.283717627,0.061819127,-0.007469363,0,0,0,0,0,0,0,0,0.000720036,-0.009880254,0.04476545,0.101003271,0.027036454,-0.019255622,-0.007692308,0.000992825,-0.003035292,-0.000508693,0.001514364,-0.000118727,0,0,0,0,0,0,0,0,8.97E-05,-0.00027948,-0.00979422,-0.016312466,-0.00836312,-0.002218112,0.000102124,3.06E-05,-7.06E-05,-0.00266459,-0.000701663,8.00E-05,0,0,0,0,0,0,0,0,0,0,0,0,0,0,0,0,0,0,0,0,0,0,0,0,0,0
0,0,0,0,0,0,0,0,0,0,0,0,0,0,0,0,0,0,0,0,0,0,0,0,0,0,0,0,0,0,0,0,0,0,0,0,0,0,0,0,0,0,0,0,0,0,0,0,0,0,0,0,0,0,0,0,0,0,0,0,0,0,0,0,0,0,0,0,0,0,0,0,0,0,0,0,0,0,0,0,0,0,0,0,0,2.30E-05,2.60E-05,-0.012615568,-0.008198529,0.000719975,0,0,0,0,0,0,0,0,0,0,0,0,2.48E-19,4.60E-05,0.000237439,-0.011071538,-0.024061989,0.080157369,0.067824755,-0.00591299,0,0,2.73E-18,-2.44E-17,-4.36E-17,-8.24E-19,2.33E-19,0,0,0,0,0,0.000179365,-0.001356039,-0.019048543,0.113187466,0.271980273,0.514989163,0.155326797,-0.014133136,2.55E-05,-6.30E-05,-0.00626792,-0.014746732,-0.018828295,-0.009112881,0.000417007,1.63E-05,0,0,0,8.97E-05,-0.000608573,-0.018080762,0.199202081,0.660122821,0.232578795,0.083235901,0.006135604,-0.001514308,-0.021989829,-0.044612633,0.006454797,0.121053531,0.174741908,0.038808395,-0.018296798,0.00112887,3.67E-05,0,0,-0.000807972,-0.016214331,0.206883476,0.864750783,0.353659671,-0.032157578,-0.012455957,-0.008579606,-0.018142548,0.16402611,0.40692819,0.630941088,0.827204163,0.983137902,0.656729762,0.088437772,-0.015104816,0.000163909,0,0,-0.000470282,-0.039536658,0.4053005,0.696154939,0.021730154,-0.009181645,-0.028379958,0.038004715,0.431968801,0.865437585,0.686087231,0.42986585,0.263416207,0.555064645,1.027531267,0.630694717,0.028279677,-0.008097937,0,0,-0.008554432,0.030119288,0.695097137,0.555732009,-0.036632166,-0.017165084,0.209317989,0.708826678,0.791647484,0.34677085,0.043993464,-0.028085382,-0.036788126,0.041544424,0.781671637,0.951771616,0.124259356,-0.018543539,0,0,-0.016730494,0.104480504,0.926421041,0.810724214,0.26036363,0.594181373,0.82621394,0.556482962,0.079310577,-0.0281755,-0.005920803,-0.000829461,-0.00279856,-0.001020595,0.516631978,0.944408803,0.146219172,-0.020163058,0,0,-0.004965316,0.007975669,0.465873487,0.823272407,0.765431852,0.748118078,0.211492438,-0.002458097,-0.019125341,0.000628592,5.14E-05,0,-0.004147354,0.014083931,0.749508258,0.782242197,0.061961228,-0.011990611,0,0,0.000331904,-0.002044862,-0.018483286,-0.018785914,-0.009241217,-0.018971609,-0.017513215,-0.005631298,0.000531897,0,0,0,-0.004365656,0.0204399,0.762538228,0.488730375,-0.013337257,-0.003351886,0,0,0,0,0,0,0,0,0,0,0,0,0,0,-0.002277216,0.00679982,0.434932207,0.268518536,-0.023461589,-0.000523727,0,0,0,0,0,0,0,0,0,0,0,0,0,0,6.88E-05,-0.002250885,0.005095792,0.015570534,-0.00266153,8.58E-05,0,0,0,0,0,0,0,0,0,0,0,0,0,0,8.58E-06,6.88E-05,-0.002477635,-0.002141136,0.000232359,0,0,0,0,0,0,0,0,0,0,0,0,0,0,0,0,0,0,0,0,0,0,0,0,0,0,0,0,0,0,0,0,0,0,0,0,0,0,0,0,0,0,0,0,0,0,0,0,0,0,0,0,0,0,0,0,0,0,0,0,0,0
0,0,0,0,0,0,0,0,0,0,0,0,0,0,0,0,0,0,0,0,0,0,0,0,0,0,0,0,0,0,0,0,0,0,0,0,0,0,0,0,0,0,0,0,0,0,0,0,0,0,0,0,0,0,0,0,0,0,0,0,0,0,0,0,0,0,0,0,0,0,0,0,0,1.85E-05,-0.000316074,-0.000381842,-2.61E-05,4.89E-06,0,0,0,0,0,0,0,0,0,0,0,0,0,0,0,0.001299888,-0.022033122,-0.02753908,-0.004090874,0.000578044,0,0,0,0,0,0,0,0,0,0,0,0,0,0,8.44E-18,-0.013390217,0.228521412,0.271342031,0.018346592,-0.004545422,8.94E-05,0,0,0,0,0,0,2.13E-18,0.000217865,-0.004112993,-0.009017225,-0.00143093,0.000223652,0,0.000350577,-0.045845418,0.705917245,1.017553785,0.307284092,-0.028484112,-0.000720827,0,0,0,0,0,0,0.001049692,-0.012957075,-0.005729727,0.039050487,0.004839642,-0.000828238,2.85E-05,-0.011356635,0.061548534,0.774449302,0.957126748,0.723409377,0.056703034,-0.01118177,0,0,0,0,0.000201287,-0.002144914,-0.025425977,0.05836089,0.490314891,0.662655399,0.11684261,-0.025995813,-0.0186242,-0.054857527,0.165491694,0.854062568,0.761313402,0.879000306,0.122144582,-0.017775225,0,0,0,0.000902531,-0.009602328,-0.008397672,0.202645714,0.700508272,0.962645921,0.495714257,0.05634775,0.062491609,0.270488511,0.51477007,0.743496511,1.001140795,0.952508612,0.587660982,0.03744991,-0.008473073,0,0,0.000348924,-0.008723962,0.011840312,0.511007932,0.947440751,1.024604439,0.868705363,0.716859222,0.743343699,0.990615554,0.937869962,0.883426787,1.004804109,0.811886812,0.200654054,-0.014529973,-0.005659879,0.000463984,0,0,-0.00389774,-0.003273613,0.438311632,0.994522161,1.028498809,1.019408241,0.963858706,0.793258817,0.728804296,0.502387629,0.292884515,0.286204276,0.959754987,0.368064474,-0.036368328,-0.003383681,3.52E-05,2.35E-05,0,0,-0.013398353,0.079415388,0.780702733,0.687625657,0.488112847,0.321119179,0.187726014,0.061882771,0.042639772,-0.022157321,-0.052722898,0.326148737,0.786198518,0.074245377,-0.016119349,7.35E-05,0,0,0,0,-0.002140353,0.014236323,0.115007744,0.017109886,-0.025670275,-0.020858013,-0.018680615,-0.012340516,-0.009955576,-0.002847392,-0.013929909,0.410210193,0.376133408,-0.040097529,0.00060815,4.60E-06,0,0,0,0,0.000199993,-0.001275172,-0.011181321,-0.003356481,0.000436581,0,0,0,0,-5.10E-17,-0.001337146,0.069713764,0.03810866,-0.003342865,0,0,0,0,0,0,0,0,0,0,0,0,0,0,0,7.37E-18,0.000257353,-0.010672924,-0.007334559,0.000643382,0,0,0,0,0,0,0,0,0,0,0,0,0,0,0,0,0,0,0,0,0,0,0,0,0,0,0,0,0,0,0,0,0,0,0,0,0,0,0,0,0,0,0,0,0,0,0,0,0,0,0,0,0,0,0,0,0,0,0,0,0,0,0,0,0,0,0,0,0,0,0,0,0,0,0,0,0,0,0,0,0,0,0,0,0
0,0,0,0,0,0,0,0,0,0,0,0,0,0,0,0,0,0,0,0,0,0,0,0,0,0,0,0,0,0,0,0,0,0,0,0,0,0,0,0,0,0,0,0,0,0,0,0,0,0,0,0,0,0,0,0,0,0,0,0,0,0,0,0,0,0,0,0,0,0,0,0,1.35E-05,6.61E-05,-0.003182445,-0.005784007,-0.00454902,-0.000422527,7.56E-05,0,0,0,0,0,0,0,0,0,0,0,0,3.06E-05,0.000848518,-0.012309402,0.003779259,0.032876838,0.025744587,0.002383413,-0.000426539,0,0,0,0,4.93E-18,-6.57E-17,-3.38E-16,-3.44E-16,-3.50E-16,1.17E-18,6.48E-19,1.30E-19,0.000350626,-0.013604215,0.054441959,0.607665152,0.917958146,0.721821912,0.067106416,-0.012000613,0,0,0,0.00042803,-0.003155637,-0.017354813,-0.021157748,-0.020924224,-0.020223221,-0.007086567,0.000680998,0.000453091,-0.014628779,0.002844428,0.583795786,1.013613783,1.022141953,0.823754868,0.077954986,-0.013810764,0,0,0.000199747,-0.003395153,-0.002724665,0.182570659,0.535460727,0.561924113,0.562722309,0.056951205,-0.005412471,-0.012489724,0.008499042,0.517720232,1.008980627,0.644194489,0.935298262,0.67611388,0.029031432,-0.008507093,0,0,-0.001400293,-0.019968764,0.307062704,0.945622345,0.975710444,0.776167126,0.747148625,0.267786441,-0.042006723,0.029299394,0.570368243,1.019102394,0.488994587,0.488142923,1.026603452,0.467423475,-0.026924555,-0.002193117,0,0,-0.008842593,0.031170356,0.6916138,1.029910522,0.456650191,0.056409671,0.076026779,0.096503489,0.060365468,0.621305079,0.915549088,0.411352795,0.007030365,0.658621885,0.886870966,0.167792467,-0.024930343,0.000217014,0,0,-0.016627008,0.104572633,0.916183364,0.779658344,0.021565887,-0.023070857,-0.024671929,0.204703448,0.71994184,0.945525242,0.345367817,-0.053846986,0.240178054,0.939509344,0.458714001,-0.031374302,0.000287799,0,0,0,-0.016585308,0.104222311,0.928052849,0.537064202,-0.02407627,-0.038160641,0.216256285,0.909539948,0.935823785,0.378470469,-0.007266987,-0.038567731,0.275213933,0.882411799,0.146684998,-0.012392412,0.000105173,0,0,0,-0.013230368,0.073056952,0.841230671,0.378525522,0.06047034,0.404784966,0.925109431,0.879516564,0.244727454,-0.024668379,-0.004624659,-0.023481308,0.191010949,0.788398812,0.104784066,-0.010221149,0.000165974,0,0,0,-0.008555794,0.028355397,0.693223295,0.840351358,0.799861979,1.005169594,0.707102136,0.173592388,-0.030381264,-0.003508817,0.00023846,-0.023009661,0.176698427,0.868953295,0.402161237,-0.03531701,-0.002549122,0.000295139,0,0,-0.000959627,-0.014771819,0.215009719,0.751066721,0.808304705,0.385773744,0.033743444,-0.022716418,0.001122089,4.60E-05,0,-0.003403856,-0.004521378,0.62981793,0.919156641,0.356026842,0.007087766,-0.00400463,0,0,0.000174632,-0.000910175,-0.012592473,0.01141682,0.019447083,-0.017643842,-0.01254372,0.00049377,7.66E-06,0,0,0.000550324,-0.0131274,0.083908582,0.67214614,0.980185492,0.137028046,-0.019781454,0,0,0,9.17E-05,-0.000659161,-0.004064798,-0.004639042,-0.001292739,0.000121989,3.06E-06,0,0,0,0,0.00052114,-0.017509344,0.044574891,0.305179517,0.050594656,-0.006733728,0,0,0,0,0,0,0,0,0,0,0,0,0,0,7.34E-06,0.001024826,-0.008654356,-0.036730667,-0.005931144,0.000798989,0,0,0,0,0,0,0,0,0,0,0,0,0,0,0,0,0,0,0,0,0,0,0,0,0,0,0,0,0,0,0,0,0,0,0,0,0,0,0,0,0
0,0,0,0,0,0,0,0,0,0,0,0,0,0,0,0,0,0,0,0,0,0,0,0,0,0,0,0,0,0,0,0,0,0,0,0,0,0,0,0,0,0,0,0,0,0,0,0,0,0,0,0,0,0,0,0,0,0,0,0,0,0,0,0,0,0,0,0,0,0,1.56E-20,4.29E-05,-6.46E-05,-0.003229269,-0.024587163,-0.024596507,-0.001999898,0.000349762,0,0,0,0,0,0,0,0,0,0,0,0,9.05E-18,0.000243056,-0.01557925,0.002352873,0.374835376,0.372556424,0.009290356,-0.003149484,0,0,0,0,0,0,0,0,0,0,0,0,0.000223397,-0.012969516,0.11975745,0.635236894,0.973602192,0.990469244,0.331524833,-0.039761934,0,0,0,0,0,0,0,0,0,0,0,0,-0.002236094,0.004259855,0.615319901,0.93454776,0.877566789,1.029571129,0.392694496,-0.046200318,0,0,0,0,0.000156211,-0.000540948,-0.016411072,-0.022163385,-0.020029758,-0.002492057,0.000383189,0,-0.013600563,0.134462262,0.909843517,0.823368493,0.84782087,0.799735267,0.132424415,-0.018321457,0,0,0,0.000445261,-0.00685021,-0.023988443,0.112081614,0.167638072,0.14791122,0.007755034,-0.00277805,4.44E-05,-0.019799649,0.140174922,0.90435145,1.019066415,0.973732503,0.278267616,-0.02774423,0.00085606,0,0,0,-0.006596031,0.041334519,0.45803171,0.815171943,0.874893621,0.858180453,0.297998468,-0.016398046,-0.015060764,0.011874711,0.301378353,0.934835056,0.981275191,0.475659722,0.011069325,-0.003118362,0,0,0,0,-0.019873706,0.686985804,1.003222052,0.98550143,0.484623043,0.433009276,0.082261288,-0.070527642,0.081495949,0.646690496,0.963467201,1.049231279,0.912774459,0.25570675,-0.034142736,0.000169935,3.85E-18,0,0,0,-0.021171364,0.778867623,1.038297505,0.99224389,0.543649765,0.294888668,0.401423828,0.575347529,0.756207278,1.061270374,0.722514621,0.506149464,0.978043045,0.839927594,0.118959729,-0.015355937,0.000521789,0,0,0,-0.012232481,0.177909643,0.629411323,0.852379031,1.056629265,0.980604371,1.016018257,1.003487475,0.73607585,0.536756553,0.076886491,-0.046116268,0.432790228,1.01732038,0.620281633,0.027865524,-0.006707725,0,0,0,0.000430624,-0.015428947,-0.018369502,0.120124847,0.472433619,0.490545684,0.503257018,0.346399867,0.007790373,-0.027851137,-0.010250204,-0.01388804,0.047092405,0.659429534,0.984203346,0.298523642,-0.036188089,0,0,0,0,0.000112103,-0.000239566,-0.012361707,-0.043208742,-0.044088712,-0.045459911,-0.032229116,-0.002495234,0.000543811,0,0.000957972,-0.023361435,0.184823189,0.94320704,0.430696538,-0.049282133,0,0,0,0,0,0,0,0,0,0,0,0,0,0,0,-0.000342371,-0.002295496,0.109462061,0.058997821,-0.006632424,0,0,0,0,0,0,0,0,0,0,0,0,0,0,0,9.56E-05,-0.000978554,-0.010049786,-0.00499469,0.000566222,0,0,0,0,0,0,0,0,0,0,0,0,0,0,0,0,0,0,0,0,0,0,0,0,0,0,0,0,0,0,0,0,0,0,0,0,0,0,0,0,0,0,0,0,0,0,0,0,0,0,0,0,0,0,0,0,0,0,0,0,0,0
0,0,0,0,0,0,0,0,0,0,0,0,0,0,0,0,0,0,0,0,0,0,0,0,0,0,0,0,0,0,0,2.55E-05,0.000134014,-0.003929909,-0.007703057,-0.00240928,0.000162888,0,0,0,0,0,0,0,0,0,0,0,0,0,9.94E-19,0.000419367,-0.005980926,-0.003426736,0.019985681,-0.009152246,-0.001680883,0.00021479,0,0,0,0,0,0,0,0,0,0,0,1.19E-05,0.000184232,-0.009469958,0.011031484,0.444304551,0.661658786,0.324558279,-0.01560655,-0.000494476,0,0,0,0,0,0,0,0,0,0,4.60E-06,0.000755515,-0.009802883,-0.005108354,0.500942345,0.984284433,1.045254408,0.890163654,0.213951321,-0.027252864,0,0,0,0,0,0,0,0,0,0,-2.91E-05,-0.00748172,0.03543059,0.499132489,0.987820479,1.006020765,1.004537071,0.93666202,0.265192028,-0.032727977,0,0,0,0,0.000236436,-0.001473822,-0.014915407,-0.007923645,-0.000874864,0.0001386,-0.000184079,-0.031021667,0.26145527,0.996813215,1.008030417,0.99331393,1.024068661,0.787572917,0.044969124,-0.009423179,0,0,0,0,-0.000436903,-0.000739218,0.090163518,0.028955149,-0.001599405,-2.68E-05,-0.00022548,-0.035004637,0.306674905,1.043556605,0.798612558,0.935183645,1.010000221,0.506061174,-0.026329372,-0.000567893,0,0,0,0.000321691,-0.024155864,0.150356924,0.836051079,0.621395799,0.117909416,-0.015805308,-0.000105086,-0.035909824,0.288431475,1.036631025,0.835156027,0.954493004,0.888739668,0.139199993,-0.012065155,6.11E-05,0,0,0,-0.004779922,-0.002132964,0.532317147,1.031503387,0.721882778,0.040149135,-0.00854796,-0.002068985,-0.011688402,0.502496477,1.023000885,1.006689665,1.011258936,0.659717899,-0.017330525,-0.017933977,-0.00208848,0.000303309,0,0,-0.011696793,0.058543832,0.776400191,0.818957244,0.179494366,-0.022098992,0.000886226,-0.001922232,-0.021719346,0.637218733,1.015809334,1.009339203,0.86852451,0.246266068,0.058678275,0.078274748,0.011035425,-0.001602669,0,0,-0.021318253,0.148287422,1.048048935,0.767411748,0.058535097,-0.006840822,-0.010049563,-0.039362711,0.297785301,0.866642021,1.015116285,1.016452312,0.948622328,0.770308279,0.74693236,0.769349094,0.108361716,-0.015720146,0,0,-0.02076743,0.143644577,1.035982906,0.621651601,0.004154318,-0.025596592,0.035633084,0.175885971,0.810469372,1.013352578,0.918940524,0.879031792,0.95882516,1.049302617,1.048239523,1.06441117,0.149042965,-0.02168141,0,0,-0.020996732,0.147606294,1.038900854,0.358563266,-0.038700555,0.175557104,0.692391328,0.94303828,1.02987854,0.908362915,0.251183824,0.054428563,0.356138548,0.779574789,0.785489158,0.57620515,0.056461926,-0.009853282,0,0,-0.01842133,0.120177887,0.970794798,0.846852277,0.657381774,0.854642531,1.03371676,1.042505327,0.753356141,0.275843835,0.006310832,-0.016720323,0.003172964,0.091174973,0.103047147,-0.000347648,-0.011554971,0.000902097,0,0,-0.005815632,0.016544372,0.476091265,0.935106481,1.0493862,1.011456801,0.846456592,0.641503711,0.128565513,-0.039128183,-0.004258987,0.001019934,-0.003646446,-0.01624326,-0.017490502,-0.005238971,0.000638376,0,0,0,0.000158803,-0.001703304,-0.016625528,0.217056475,0.593508085,0.476751549,0.118375202,-0.0251795,-0.008204453,-0.000111315,5.32E-05,0,0,0,0,0,0,0,0,0,2.45E-05,2.68E-05,-0.001820859,-0.025642452,0.009394898,-0.007278342,-0.018960031,-0.001742081,-0.000236028,4.40E-05,0,0,0,0,0,0,0,0,0,0,0,0,3.57E-05,-0.000168164,-0.006245064,-0.003888208,0.000141657,2.38E-05,0,0,0,0,0,0,0,0,0,0,0,0,0,0,0,0,0,0,0,0,0,0,0,0,0,0,0,0,0,0,0
0,0,0,0,0,0,0,0,0,0,0,0,0,0,0,0,0,0,0,0,0,0,0,0,0,0,0,0,0,0,0,0,0,0,0,0,0,0,0,0,0,0,0,0,0,0.001396193,-0.015276589,-0.046563951,-0.017681709,0.001600016,0,0,0,0,0,0,0,0,0,0,0,0,0,0,8.92E-05,-0.01211523,0.122755804,0.394604055,0.144149323,-0.014028305,9.93E-05,1.38E-05,-8.27E-05,-0.00081347,-0.000382813,2.08E-05,1.07E-06,0,0,0,0,0,0,0,-0.00082935,-0.031678275,0.437728707,1.04933331,0.49883735,-0.02892756,-0.001630515,0.00053462,-0.007123894,-0.026861809,-0.018664982,-0.000312074,0.000104422,0,0,0,0,0,0,1.53E-05,-0.008935866,0.02388174,0.681775429,1.045343154,0.519951117,-0.018088882,-0.002857077,-0.007742119,0.050608227,0.36066139,0.214538926,-0.002023352,-0.000978656,0,0,0,0,0,0,-0.000149612,-0.020229847,0.159560304,0.863144199,0.740285302,0.069984409,-0.003514331,-0.003779395,-0.025206887,0.426478622,1.051615111,0.665550739,0.003896599,-0.00344807,0,0,0,0,0,0,-0.001085565,-0.023521904,0.392409536,1.049676854,0.617096582,-0.033128049,-0.003571298,-0.022234571,0.360625229,0.954299702,1.041258527,0.446154695,-0.017997738,-0.001557417,0,0,0,0,0,0,-0.001101154,-0.023790424,0.40035786,1.030117443,0.466317449,-0.021582806,-0.036145289,0.273994196,0.901170632,0.896864817,0.980825844,0.607204521,-0.000200844,-0.003000408,0,0,0,0,0,0,-0.003123672,0.001260587,0.632121817,0.883568474,0.106011373,-0.047034688,0.356130362,0.928150684,0.737501311,0.384559163,0.990027608,0.731879323,0.013581597,-0.004132659,0,0,0,0,0,0,-0.003995762,0.010941653,0.770932428,0.594116285,-0.017490845,0.381532867,0.974162752,0.8259239,0.112455865,0.079577405,0.878323615,0.406863732,-0.020900957,-0.001196027,0,0,0,0,0,0,-0.008833078,0.091319717,0.920511949,0.545487388,0.188282564,0.934926556,0.994645867,0.219406369,-0.044509174,0.093682381,0.857043522,0.359003898,-0.024175637,-0.000839818,0,0,0,0,0,0,-0.007409349,0.067470751,0.843693626,0.84633953,0.846666634,1.015561297,0.451157651,-0.034824049,-0.021548772,0.29065361,0.921861828,0.218744633,-0.026130355,-0.000173199,0,0,0,0,0,0,-0.001214205,-0.011987217,0.330600337,0.835557002,0.921312472,0.45764425,0.025853077,-0.00886089,-0.01464265,0.594823013,0.907727652,0.167102652,-0.025347392,2.20E-05,0,0,0,0,0,0,-5.11E-08,-0.001568917,0.005465499,0.114838388,0.178302896,0.00685415,-0.008678853,-0.004595163,0.039277897,0.862609878,0.739761932,0.055373128,-0.012124081,0,0,0,0,0,0,0,1.29E-05,0.000238358,-0.003653799,-0.01903799,-0.026137031,-0.004911152,0.000474877,-0.013531454,0.138309504,0.914023837,0.462314747,-0.030600933,-0.001049632,0,0,0,0,0,0,0,0,0,0,0,0,0,0,-0.032268689,0.361012221,0.870907746,0.180817913,-0.018198768,0.000121324,0,0,0,0,0,0,0,0,0,0,0,0,0,0,-0.027630006,0.314929579,0.486335055,-0.009556191,-0.000131212,0,0,0,0,0,0,0,0,0,0,0,0,0,0,0,0.000668062,-0.007546126,-0.016643906,-0.001721644,0.000174462,0,0,0,0,0,0,0,0,0,0,0,0,0,0,0,0,0,0,0,0,0,0,0,0,0
0,0,0,0,0,0,0,0,0,0,0,0,0,0,0,0,0,0,0,0,0,0,0,0,0,0,0,0,0,0,0,0,0,0,0,0,0,0,0,0,0,0,0,0,0,0,0,0,0,0,0,0,0,0,0,0,0,0,0,0,0,5.26E-05,0.000142931,-0.006181832,-0.026317096,-0.017373519,0.000707363,3.42E-05,0,0,4.47E-05,-0.000386285,-0.004761679,-0.005991371,-0.002146395,0.000126634,6.13E-06,0,0,0,0,-0.000440325,-0.003832039,0.067342933,0.401143842,0.261895748,-0.016303956,6.20E-05,0,0,0.000444666,-0.005811802,0.023162376,0.03546618,0.00185946,-0.00177628,5.49E-05,0,0,0,0,-0.007573019,0.023320441,0.61587357,1.038191262,0.692933977,0.029824449,-0.007337654,0,0.000942096,-0.019359766,0.094819921,0.780417771,0.940271191,0.405497158,-0.013529071,-0.001532271,0,0,0,0,-0.002300177,-0.02545524,0.46362517,1.050548118,0.807423917,0.070567164,-0.013958665,0.000286118,-0.012129289,0.040731379,0.573531029,0.998769159,1.020984937,0.802304024,0.021452887,-0.004789726,0,0,0,0,0.0002772,-0.038443817,0.286865955,0.972571151,0.941363394,0.274063039,-0.040425747,-0.001827433,-0.04629107,0.257122043,0.987830381,1.002094071,1.001125668,0.895214762,0.032747612,-0.005671905,0,0,0,0,0,-0.007784028,0.034168096,0.692461363,1.030798883,0.779323802,0.146035408,-0.048374949,0.297491081,0.773005464,1.009125528,0.992733531,1.013083231,0.684685866,0.008922624,-0.003740298,0,0,0,0,0,0.000764339,-0.018947712,0.142808892,0.816934266,1.029838576,0.7775631,0.509956121,0.901890472,1.030382132,0.986054483,0.991049743,1.02482935,0.520858558,-0.010006468,-0.002221405,0,0,0,0,0,0,0.00038031,-0.022673339,0.134427219,0.56113477,1.028865772,1.037277012,1.059847443,0.799867579,0.432184317,0.936283036,1.012399186,0.430639723,-0.016120762,-0.001559589,0,0,0,0,0,0,5.53E-05,0.000140574,-0.021387034,0.066887749,0.464308494,0.757559675,0.635436836,0.219983473,0.137072832,0.917579033,0.981364464,0.216720844,-0.032745251,9.51E-05,0,0,0,0,0,0,0,0,0.001059883,-0.013168032,-0.02365252,0.055949513,0.01510232,-0.05897052,0.301260684,0.976623206,0.861521103,0.147643322,-0.022568791,0,0,0,0,0,0,0,0,0,7.78E-19,0.000228077,-0.002444356,-0.011434164,-0.008536016,-0.032213218,0.512870728,1.049844805,0.713531795,0.048624557,-0.011354167,0,0,0,0,0,0,0,0,0,0,0,0,0,-0.010918505,0.046116166,0.690187109,1.055994813,0.716673305,0.052246732,-0.011764706,0,0,0,0,0,0,0,0,0,0,0,0,0,-0.01774663,0.104887919,0.793512221,1.052638906,0.716055964,0.052246732,-0.011764706,0,0,0,0,0,0,0,0,0,0,0,0,0,-0.030872243,0.219953414,0.968222222,1.046124496,0.721401825,0.054181985,-0.012009804,0,0,0,0,0,0,0,0,0,0,0,0,0,-0.008886205,0.04952594,0.42277416,0.935770879,0.597072276,-0.001202764,-0.005253149,0,0,0,0,0,0,0,0,0,0,0,0,0,0.000652574,-0.00468784,-0.029688862,0.283902596,0.260199227,-0.025221695,0.000245098,0,0,0,0,0,0,0,0,0,0,0,0,0,0,1.69E-17,0.00084678,-0.026793054,-0.024133221,0.002116949,0,0,0,0,0
0,0,0,0,0,0,0,0,0,0,0,0,0,0,0,0,0,0,0,0,0,0,0,0,0,0,0,0,0,0,0,0,0,0,0,0,0,0,0,0,0,0,0,0,0,0,0,0,0,0,0,0,0,0,0,0,0,0,0,0,0,0,0,0,0,0,0,0,0.000120404,-0.001872396,-0.004659467,-0.001608609,0.000190779,5.84E-05,0.000687347,-0.016921518,-0.038637306,-0.011274816,0.00074806,0,0,0,0,0.000109375,-0.001650429,-0.004980392,-0.001663603,0.000198117,-6.13E-07,-0.001386285,0.019560815,0.007249132,-0.000848722,-0.0009856,-0.010931883,0.281218529,0.627703857,0.152617929,-0.012061036,0,0,0,0,0.00072018,-0.012402846,-0.009120047,-0.011296722,-0.001269771,-0.024535267,0.385779854,0.790100797,0.269068049,-0.031992988,-0.00131444,-0.020067368,0.410927032,1.049644318,0.62906681,-0.021123877,0,0,0,0.000468795,-0.024116745,0.309948546,0.648968563,0.312790799,-0.006947383,-0.040669271,0.67145481,1.030550313,0.345933858,-0.041269007,-0.000164777,-0.025513702,0.209543403,0.93470144,0.878061483,-0.020695976,0,0,0,-0.002739798,-0.015448667,0.697342971,1.062149406,0.463930741,-0.03508309,0.114816949,0.833051258,0.979597108,0.299976832,-0.036380528,5.14E-05,-0.026590131,0.172010246,0.915301438,0.864798624,-0.020669935,0,0,0,-0.02638009,0.205293403,0.916519046,0.867269216,0.143508306,-0.043537769,0.295442998,0.955797811,0.815165254,0.080154888,-0.013095675,-0.000171007,-0.025538586,0.211166871,0.935417262,0.878244925,-0.020677594,0,0,0,-0.046230076,0.39282227,1.051233303,0.79088557,0.046700266,0.04200194,0.74617899,1.044877485,0.803099316,0.081860192,-0.01327504,-0.001300449,-0.019685083,0.40846155,1.025041343,0.617215207,-0.020639808,0,0,0,-0.046345848,0.393272569,1.063409773,0.794979779,0.033668692,0.320706759,1.016685883,1.020435747,0.803135944,0.081762749,-0.013264849,-0.003367136,-0.000578499,0.734577887,0.997638174,0.192819494,-0.019368873,0,0,0,-0.011827891,0.076422011,0.655022518,0.929283003,0.639346524,0.841694981,1.009650991,1.031151876,0.802597273,0.072119332,-0.019915107,-0.03737963,0.279797573,0.942421484,0.983320517,0.122035027,-0.019174496,0,0,0,0.001484006,-0.035702529,0.309143193,1.004997758,1.0382516,1.067916085,0.707645072,0.558258989,0.980591174,0.4568417,-0.019086088,0.22455952,0.827507609,1.018019054,0.515597747,0.008670941,-0.005526341,0,0,0,0,-0.01442836,0.191300926,0.909311751,1.037933449,0.758876388,0.242751038,0.150288858,0.965327444,0.900323223,0.570004858,0.912895221,1.051974094,0.683450674,0.039451951,-0.013034018,0.000389774,0,0,0,0,-0.00125577,-0.000948546,0.267923662,0.42107564,0.096055382,-0.021643893,-0.000705712,0.411813691,0.8438069,1.022735705,0.91875691,0.680598618,0.143224043,-0.012704623,0.000187518,0,0,0,0,0,0.00019858,-0.002084269,-0.019781999,-0.021701542,-0.012908514,-0.000861043,-0.002800415,-0.017750834,0.097364532,0.389692345,0.153857605,0.001468682,-0.014114856,-2.25E-05,7.34E-05,0,0,0,0,0,2.60E-06,1.75E-05,-0.000662275,-0.001291513,-0.000156689,3.07E-05,5.84E-05,-0.001313521,-0.009032475,-0.02541631,-0.012341656,-0.003332976,-0.000275837,3.34E-05,0,0,0,0,0,0,0,0,0,0,0,0,0,0,0,0,0,0,0,0,0,0,0,0,0,0,0,0,0,0,0,0,0,0,0,0,0,0,0,0,0,0,0,0,0,0,0,0,0,0,0,0,0,0,0,0,0,0,0,0,0,0,0
0,0,0,0,0,0,0,0,0,0,0,0,0,0,0,0,0,0,0,0,0,0,0,0,0,0,0,0,0,0,0,0,0,0,0,0,0,0,0,0,0,0,0,0,0,0,0,0,0,0,2.36E-18,0.000481024,-0.005836359,-0.024097672,-0.037814194,-0.002492764,0.000280054,0,0,0,0,0,0,0,0,0,0,0,0,0,-1.06E-17,-0.00363477,0.035720891,0.182996766,0.31369407,-0.00645464,-0.011616371,0.001101871,0,0,0,0,0,0,0,0,0,0,0,0,-2.03E-16,-0.018353418,0.353968975,0.899017021,0.960533854,0.485066755,0.12053622,-0.019554951,0.000340074,0,0,0,4.97E-18,0.001450163,-0.023456223,-0.043364907,-0.016079453,0.001268803,5.11E-05,0,-3.90E-16,-0.019770391,0.570867236,0.99881187,1.006617494,1.038382642,0.469640574,-0.029869757,-0.001995507,0,0,0,0.000481024,-0.020166633,0.249307938,0.473276399,0.162205202,-0.019386525,-0.0021378,-0.009047862,-0.011021072,-0.006820023,0.134125036,0.576518961,1.003033292,1.011150293,0.862802492,0.092601759,-0.015335818,0,0,0,-0.007878088,0.03261533,0.73672248,1.039842614,0.872667254,0.17927227,-0.018035615,0.033985264,0.054685143,-0.019490594,-0.051070532,0.248006196,0.927994493,1.004555155,1.02212116,0.145352628,-0.020996053,0,0,4.75E-05,-0.032474471,0.257195108,0.933481294,1.008726494,1.034432275,0.240736245,0.201669628,0.684612575,0.719473073,0.175397365,-0.035505992,0.238510706,0.915677492,1.006610532,1.013602941,0.142578778,-0.020697168,0,0,8.22E-05,-0.048952601,0.408981294,1.03530673,1.003760178,0.886750749,0.147635916,0.546762595,1.050541292,1.01019281,0.801540782,0.05133902,0.226265404,0.921128302,1.006128983,1.012826797,0.142326036,-0.020669935,0,0,-0.009990809,0.043197892,0.708648659,1.018979167,1.011281693,0.783514434,0.10002344,0.730378251,1.017410829,0.99584489,1.004253591,0.307008173,0.486904769,1.007007523,0.994157867,1.023862592,0.145919704,-0.021057156,0,0,-0.020285097,0.138610585,1.003213729,0.994129936,1.009114005,0.799476954,0.448808379,0.947656676,0.999997192,1.002963644,0.999078159,0.708479577,0.901390472,1.003475831,1.010590976,0.908916377,0.104323356,-0.01668624,0,0,-0.018493946,0.120871966,0.962049057,1.017705217,0.994573906,0.96888274,0.967218347,0.993728191,0.969241079,0.901354205,1.023259498,1.016066429,1.032647059,1.034755123,0.894628616,0.322860089,0.00929126,-0.003916303,0,0,-0.004853452,0.020398934,0.33285129,0.768686377,1.001637476,0.997651025,0.998922401,1.012633068,0.811816704,0.262723346,0.52967676,0.741108478,0.61894424,0.606625698,0.398815938,-0.042403408,-0.001527659,0.000275735,0,0,0.000463814,-0.00205225,-0.056961329,0.320909739,0.994205814,1.011390438,1.03322957,0.956575368,0.38707244,-0.035774714,-0.035045054,0.09102841,0.013646395,-0.001219073,0.001105937,-0.000118209,0,0,0,0,0,0,-0.003345129,0.022693117,0.47146778,0.697726358,0.719563681,0.364482043,-0.014307768,-0.004451491,-0.001417279,-0.015868289,-0.00702114,-0.005416054,-0.003818627,0.000238971,0,0,0,0,0,0,0.000288603,-0.006085018,-0.008892208,0.083584252,-0.02016362,-0.027019557,-0.001290084,0.000265319,3.68E-06,0,0,0,0,0,0,0,0,0,0,0,0,0.000330194,-0.002152379,-0.012859239,-0.002398086,0.000305736,0,0,0,0,0,0,0,0,0,0,0,0,0,0,0,0,0,0,0,0,0,0,0,0,0,0,0,0,0,0,0,0,0,0,0,0,0,0,0,0,0,0,0,0,0,0,0,0,0,0,0
0,0,0,0,0,0,0,0,0,0,0,0,0,0,0,0,0,0,0,0,0,0,0,0,0,0,0,0,0,0,0,0,0,0,0,0,0,0,0,0,0,0,0,0,0,0,0,0,0,0,0,0,0,0,0,0,0,0,0,0,0,0,0,0,6.62E-05,-0.000468393,-0.002155178,-0.000343188,4.65E-05,0,0,0,0,0,0,0.000126379,-0.001440717,-0.016321593,5.06E-05,0,0,0,0,1.01E-05,0.000244792,-0.00385306,-0.010423764,-0.008333079,0.000205099,0,0,0,0,0,0,-0.000384242,0.004380362,0.236981693,-0.000153697,0,0,0,0,-1.78E-05,-0.015528986,0.112794611,0.519814679,0.145099058,-0.011304807,0,0,0,0,0,0.000160846,-0.019727839,0.206680709,0.772096429,-0.007322815,0,0,0,0,-0.000749387,-0.027016442,0.364420241,0.91945961,0.193788217,-0.016973209,-0.001365911,-0.000422964,2.81E-05,0,0,-0.001426164,-0.033050875,0.538300994,0.884610085,-0.018259464,0,0,0,0,-0.004331713,0.017419507,0.759347153,0.623778043,-0.001249181,-0.022292202,-0.03565086,-0.012390292,0.000819219,0,0,-0.00802984,0.019623572,0.685715251,0.767682133,-0.020522672,0,0,0,5.14E-05,-0.011229882,0.12569167,0.962353145,0.435209729,-0.07124414,0.144260298,0.455052356,0.12576314,-0.02533027,0.001084138,0.000125817,-0.025862541,0.16011797,0.906870626,0.497431243,-0.020816823,0,0,0,-2.45E-06,-0.027229013,0.444352465,0.845035165,0.182071436,0.427441638,0.881470895,1.031583878,0.799202904,0.196851035,-0.029502721,-0.000647995,-0.030642174,0.380300466,1.011464205,0.177577521,-0.0196138,0,0,0,-0.009450491,0.046407867,0.772915816,0.965663892,0.882114226,1.01527788,0.746396633,0.257865196,0.695878557,0.700006349,0.044217979,-0.021444615,0.042371204,0.792199755,0.746841333,0.041457136,-0.010650191,0,0,0,-0.02713913,0.211964342,0.906628268,1.036568866,0.978020391,0.502496025,0.032583095,-0.043729813,0.121218937,0.850820636,0.588004277,0.003379596,0.454761029,1.032136812,0.43081604,-0.029302158,-0.001689985,0,0,0,-0.032947136,0.271140241,0.895195824,0.746793003,0.248268229,-0.003504938,-0.013317231,-0.000642147,-0.020974277,0.30845826,0.868893117,0.897881269,1.022331183,0.780267298,0.085318203,-0.016416413,0.000240512,0,0,0,-0.002447923,0.015388412,0.153956121,0.065819632,-0.024209984,-0.004510619,0.000352328,0.000266544,-0.001286424,-0.026888957,0.126466359,0.669358524,0.708427134,0.187101716,-0.021660897,0.00085606,0,0,0,0,0.000275162,-0.001840788,-0.015213099,-0.007626549,0.000468495,0,0,0,5.96E-18,0.000363562,-0.014485515,0.030915254,0.037352158,-0.016555351,0.000702972,0,0,0,0,0,0,0,0,0,0,0,0,0,0,6.43E-05,0.000195365,-0.009034007,-0.010132047,-0.000171569,5.70E-05,0,0,0,0,0,0,0,0,0,0,0,0,0,0,0,0,0,0,0,0,0,0,0,0,0,0,0,0,0,0,0,0,0,0,0,0,0,0,0,0,0,0,0,0,0,0,0,0,0,0,0,0,0,0,0,0,0,0,0,0,0,0,0,0,0,0,0,0,0,0,0,0,0,0,0,0,0,0,0,0,0,0,0
0,0,0,0,0,0,0,0,0,0,0,0,0,0,0,0,0,0,0,0,0,0,0,0,0,0,0,0,0,0,0,0,0.000729689,-0.006156897,-0.017941517,-0.003515965,0.000261438,0,0,0,0,0,0,0,0,0,0,0,0,0,0,0,-0.015489316,0.136283733,0.282848895,0.000920349,-0.004954853,0.000380765,0,0,0,0,0,0,0,0,0,0,0,0,0,0,-0.036449391,0.304999523,0.930385468,0.386592746,-0.001871732,-0.002523083,1.58E-05,0,0,0,0,0,0,0,0,0,0,0,0,0,-0.024709144,0.189014893,0.913871766,0.878607707,0.143674871,-0.025359698,0.000448155,0,0,0,2.46E-17,-2.06E-16,-6.12E-16,-4.55E-16,-5.62E-18,3.35E-18,0,0,0,0,-0.005046268,0.007114549,0.699191619,1.028358235,0.561422164,0.013826485,-0.00633204,0,0,0.000137868,-0.00028892,-0.012383068,-0.021700538,-0.014410914,-8.32E-05,9.78E-05,0,0,0,0,-0.000468387,-0.010527471,0.20226491,0.951695534,0.9984231,0.134099863,-0.019825197,0,0,-0.000851474,-0.026448354,0.312894501,0.837752826,0.6251368,0.00836727,-0.004675352,0,0,0,0,8.79E-05,-0.00556714,0.014097061,0.913107633,1.026252616,0.14395283,-0.020845223,0,0,-0.007571998,0.020906251,0.638890846,1.055524425,0.579653663,-0.008471405,-0.002542192,-0.021576797,-0.043116217,-0.012464052,0.000409569,7.58E-05,-0.005613868,0.02522549,0.912022263,1.036252655,0.147247615,-0.021199449,0,0,-0.008500136,0.029146998,0.670516255,1.03700771,0.389169867,-0.030053462,-0.020328156,0.328274935,0.706847205,0.170658105,-0.011024084,-0.001955689,-0.026640761,0.155540475,0.970318644,0.780303105,0.062899036,-0.012156012,0,0,-0.0139311,0.079770087,0.829917143,0.908196538,0.229798969,-0.0311386,0.121844112,0.802901144,1.073919322,0.714157612,-0.000809794,-0.037293527,0.089668096,0.743333674,1.054334065,0.61238043,0.012637173,-0.006675858,0,0,-0.021174769,0.147012454,1.055617136,0.549333538,-0.025543811,-0.019502894,0.566530971,1.026694785,1.020562943,0.927064287,0.480216725,0.426433764,0.77275017,1.007649033,0.805282952,0.189808041,-0.011487862,-0.001051028,0,0,-0.02076743,0.143230861,1.038861407,0.640977403,-0.019538662,0.364035489,0.957740314,0.96346733,0.822887792,1.023178308,1.026559812,1.016580929,1.05695095,0.818835742,0.14107461,-0.024763514,-0.000473515,0.00015083,0,0,-0.021475184,0.14943974,1.042807292,0.951532033,0.592501294,0.909151212,1.041240403,0.660824534,0.112763395,0.484283718,0.709447661,0.77146145,0.511790407,0.163800381,-0.02496315,-0.000929245,0.000126371,0,0,0,-0.010018893,0.046697291,0.67806107,1.008327461,1.058107656,1.003536169,0.690940222,0.142405144,-0.017696504,-0.040886046,0.059075197,0.09042572,-0.038199551,-0.017282816,0.001019114,4.47E-05,0,0,0,0,0.000299564,-0.011045208,0.048633902,0.389845027,0.616107213,0.429109766,0.030827287,-0.022879374,9.85E-05,-0.000346814,-0.012355699,-0.016048062,-0.000857843,0.00010723,0,0,0,0,0,0,3.88E-05,0.000290449,-0.005922539,-0.025531556,-0.037962265,-0.02765528,-0.004970242,0.000170292,2.17E-05,0,0,0,0,0,0,0,0,0,0,0,0,0,0,0,0,0,0,0,0,0,0,0,0,0,0,0,0,0,0,0,0,0,0,0,0,0,0,0,0,0,0,0,0,0,0,0,0,0,0,0,0,0,0,0,0,0,0,0,0,0,0,0,0,0,0,0,0,0,0
0,0,0,0,0,0,0,0,0,0,0,0,0,0,0,0,0,0,0,0,0,0,0,0,0,0,0,0,0,0,3.37E-18,0.000350626,-0.006131867,-0.017709014,-0.019961703,-0.015659722,-0.000579385,0.000154906,0,0,0,0,0,0,0,0,0,0,0,0,-1.11E-16,-0.0102452,0.187972603,0.566228225,0.674965927,0.285684287,-0.016081896,-0.000236758,0,0,0,0,0,0,0,0,0,0,0,0,-9.61E-17,-0.009992851,0.173192033,0.507507949,0.774342354,0.816567215,0.085411765,-0.01450104,7.56E-05,0,0,0,0,0,0,0,0,0,0,0,8.43E-18,0.000876566,-0.016431539,-0.056660965,0.303321895,0.968164505,0.362108252,-0.029124017,-0.001094941,0,0,0,0,0,0,0,0,0,1.06E-18,6.89E-05,-0.000608915,-0.000865502,0.000216461,-0.007039369,0.031283344,1.005463133,0.54980079,-0.014574212,-0.003873911,0,0,0,0,0,0,0,0,0,0.000179228,-0.0025577,-0.012698206,-0.005377179,-0.001693775,-0.015757659,0.159331597,0.990344567,0.451234477,-0.026596653,-0.002056441,0,0,0,0,0.000108842,-0.000271086,-0.021326893,-0.012797685,0.001425427,-0.00190407,-0.001167163,0.420196707,0.410399579,0.003173955,-0.006055399,0.668079658,0.937433095,0.230902192,-0.029566883,4.54E-05,0,0,0,0,-0.000510366,-0.00375497,0.15840722,0.103128047,-0.011229872,-0.013946589,0.147621085,0.984791973,0.786358115,0.02930328,0.147817113,0.906244315,0.845256944,0.096816296,-0.015113836,1.53E-05,0,0,0,0,-0.009138531,0.104289182,0.844798696,0.368353469,-0.046178407,-0.025659212,0.580456274,1.025302015,0.968085784,0.193432612,0.524492545,1.007096712,0.348419645,-0.017397178,-0.000578044,0,0,0,0,0,-0.013494077,0.170412548,1.037021293,0.468467235,-0.061792222,0.168294867,0.869534909,0.634728435,0.857363154,0.963441666,1.015937687,0.733882864,0.000661016,-0.005405076,0.000198117,0,0,0,0,0,-0.012384446,0.152073512,0.991236503,0.614954572,0.012790975,0.542714801,0.923507336,0.112616779,0.378523012,0.844561405,0.77105113,0.14631844,-0.021648523,1.31E-05,0,0,0,0,0,0,-0.010068026,0.112070798,0.947219352,0.631730107,0.103982139,0.839698613,0.666078567,-0.005656958,-0.002497707,0.08024348,0.059170234,-0.005905742,-0.000642147,3.06E-05,0,0,0,0,0,0,-0.004985141,0.023522723,0.861971354,0.681333827,0.52591471,0.975998111,0.261328619,-0.029370966,-0.003971184,-0.014117681,-0.011804875,-0.001112983,0.000217525,0,0,0,0,0,0,0,-0.004749694,0.02084181,0.805278459,0.947222086,0.986712612,0.67872309,0.033870949,-0.010305981,3.19E-05,0,0,0,0,0,0,0,0,0,0,0,-0.001371885,-0.01654822,0.389895135,1.032965754,0.87177539,0.233365026,-0.026726103,0.000434436,0,0,0,0,0,0,0,0,0,0,0,0,9.54E-05,-0.010043147,0.045750579,0.364631944,0.195677799,-0.011228894,-0.000157952,3.68E-05,0,0,0,0,0,0,0,0,0,0,0,0,0,0.001107986,-0.007198647,-0.043367983,-0.025231361,-0.000474909,0.000132485,0,0,0,0,0,0,0,0,0,0,0,0,0,0,0,0,0,0,0,0,0,0,0,0,0,0,0,0,0,0,0,0,0,0,0,0,0,0,0,0,0,0,0,0,0,0,0,0,0,0
0,0,0,0,0,0,0,0,0,0,0,0,0,0,0,0,0,0,0,0,0,0,0,0,0,0,0,0,0,0,0,0,0,0,0,0,0,0,0,0,0,0,0,0,0,0,0,0,0,0,0,0,0,0,0,0,0,0,0,0,0,0,0,0,0,0,0,0,0,0,0,0,0,4.78E-05,0.000337929,-0.011983252,-0.027525174,-0.008819912,0.0005673,0,0,0,0,0,0,0,0,0,0,0,0,0,0,-0.00086826,-0.004945261,0.210934164,0.441920309,0.100645272,-0.008792552,0,0,0,0,0,0,0,0,0,8.10E-18,-1.21E-16,-3.96E-16,-1.28E-16,1.53E-17,-9.82E-05,-0.018684164,0.134912565,0.836798288,0.749793408,-0.020617,0,0,0,8.15E-06,0.000333095,-0.007202138,-0.006352124,0.000369179,0,0.000680658,-0.010900906,-0.02133187,-0.009900599,0.000345481,7.26E-05,-0.012448427,0.056890608,0.740323632,0.891199554,-0.020533769,0,0,0,-7.32E-06,-0.001592424,0.029117341,0.023861644,-0.001392473,0.000107395,-0.014688761,0.207868394,0.591238569,0.197464178,-0.023308723,1.20E-05,-0.016971995,0.091531718,0.80141863,0.903104943,-0.020796305,0,0,0,-0.000446782,-0.025824993,0.525756196,0.482235771,-0.027943321,-0.000294016,-0.033238834,0.545424343,1.050483643,0.599867307,0.004551333,-0.010555641,-0.038546977,0.188954436,0.907129783,0.657000581,-0.020140591,0,0,0,-0.006100852,0.013341231,0.809093512,0.725919798,-0.041963712,-0.017069626,0.074453227,0.767950163,1.05138157,0.886270204,0.195622172,-0.00260786,0.173608524,0.747826168,0.822254187,0.101555668,-0.012826117,0,0,0,-0.026071501,0.20435369,0.904247106,0.538056645,-0.039205099,-0.011581146,0.548338099,0.97252434,0.641267106,0.859157305,0.891545375,0.566493243,0.924979371,0.889060287,0.344818849,-0.020179263,-0.002325368,0,0,0,-0.042860462,0.365857537,0.975270033,0.241332346,-0.042684913,0.39996124,0.961832857,0.723403918,0.003636727,0.182142446,0.6374538,0.876570993,0.645487354,0.167023455,-0.008523012,-0.002658932,0.000188419,0,0,0,-0.050549777,0.438294131,1.022040327,0.265128273,0.400179195,0.981866756,0.678846545,0.106154797,-0.011503862,-0.019286668,0.020452377,0.086784528,0.020419418,-0.020398424,-0.002008785,0.000302659,0,0,0,0,-0.049988994,0.432416973,0.993897791,0.602699636,1.024765625,0.786453127,0.113546262,-0.026465652,-5.40E-05,-0.000366456,-0.007437868,-0.014735669,-0.00751651,-0.000154378,4.80E-05,0,0,0,0,0,-0.048004566,0.410797198,1.014041173,0.996171484,0.663288518,0.126261295,-0.013414097,0.000362115,0,0,0,0,0,0,0,0,0,0,0,0,-0.00436672,0.035850473,0.114723005,0.192125885,0.019086397,-0.021231044,-0.000656658,8.43E-05,0,0,0,0,0,0,0,0,0,0,0,0,0.000442705,-0.00370767,-0.010550449,-0.014519199,-0.004225797,8.76E-05,3.52E-05,0,0,0,0,0,0,0,0,0,0,0,0,0,0,0,0,0,0,0,0,0,0,0,0,0,0,0,0,0,0,0,0,0,0,0,0,0,0,0,0,0,0,0,0,0,0,0,0,0,0,0,0,0,0,0,0,0,0,0,0,0,0,0,0,0,0,0,0,0,0,0
0,0,0,0,0,0,0,0,0,0,0,0,0,0,0,0,0,0,0,0,0,0,0,0,0,0,0,0,0,0,3.11E-19,8.00E-05,-0.000900391,-0.00398063,-0.003019982,-7.64E-05,1.79E-05,0,0,0,0,0,0,0,0,0,0,0,0,0,1.57E-17,0.00028892,-0.019675135,-0.013776599,-0.019893553,-0.031482665,-0.005184002,0.000712714,0,0,0,0,0,7.78E-05,-0.001394046,-0.000520374,3.26E-05,0,0,0,0.001662071,-0.030055317,0.246774031,0.548706308,0.497967473,0.264194359,0.013553224,-0.00937472,0.000517259,0,0,0,0.000352207,-0.002721712,-0.012353945,-0.017213491,0.000195312,8.07E-05,0,0,-0.028090533,0.298290356,0.907571661,1.064692317,1.023354439,0.944018961,0.577212589,0.035240767,-0.008202444,0,0,0,-0.001847458,-0.002582278,0.365528067,0.225874932,-0.008294815,-0.000794505,-0.020793335,-0.01421441,-0.034828602,0.387418641,0.987031477,0.817016578,0.388527625,0.520642736,0.844838542,0.090963373,-0.014809028,0,0,0,-0.018025356,0.126084269,0.882295139,0.729298747,-0.012918692,-0.003899726,0.215654956,0.14508672,-0.015837589,0.072832755,0.309153299,0.145437738,-0.010766782,0.041199993,0.72263751,0.170805206,-0.020105869,0,0,8.56E-05,-0.03780026,0.303219583,0.992483558,0.80261212,0.035009529,0.114964959,0.894457999,0.651142228,0.006418545,-0.013114223,-0.03740485,-0.019863999,-0.015240665,0.065132061,0.702115724,0.160521029,-0.019098963,0,0,-0.000639808,-0.03463857,0.358031624,1.013791428,0.709928922,-0.028763974,0.140104511,0.962612677,0.832001634,0.024346065,-0.005014297,0,-0.000204299,-0.032628898,0.281017702,1.029808041,0.145268742,-0.020692062,0,0,-0.00310032,-0.019228272,0.499751974,1.041161322,0.509884464,-0.059621477,0.186010507,0.918326151,0.819954861,0.018505208,-0.004639706,0,-0.000335937,-0.033300092,0.315691687,1.05719921,0.14201011,-0.020669935,0,0,-0.005118294,-0.002238341,0.573461193,1.039116898,0.620546705,0.167771038,0.769703131,1.022693202,0.835501957,0.045764842,-0.006205984,2.11E-18,-0.002367085,-0.008011829,0.53498943,1.042031148,0.142326036,-0.020669935,0,0,-0.016716367,0.105634299,0.900407067,1.018536424,0.808448104,0.52419133,0.963468808,1.024242477,0.968379698,0.322273778,-0.029016987,0.000741918,-0.002540339,-0.007322644,0.579532782,1.049585376,0.145595879,-0.021022263,0,0,-0.014572887,0.085741381,0.843524486,0.966146644,0.422621462,0.806323903,0.842189869,0.465389915,0.99170665,0.738887292,0.005382356,-0.015852588,-0.018709388,0.024960034,0.842867154,0.780525984,0.060816188,-0.011925047,0,0,-0.010639978,0.048271575,0.737749183,0.998915152,0.894580627,1.007649084,0.345488973,0.004820398,0.740187755,1.017890778,0.490895323,-0.002324049,0.051151416,0.509143382,1.023426113,0.488402012,-0.022574498,-0.002723992,0,0,-0.002958538,-0.008090885,0.378029854,0.92535255,0.903256587,0.480845401,0.014558178,-0.03276765,0.306834899,0.965621221,0.989797147,0.775731387,0.804340516,1.026249813,0.797253438,0.166464444,-0.016339835,-0.000453772,0,0,0.00020561,-0.002510293,-0.005739464,0.101422726,0.082046075,-0.010826372,-0.006920376,-0.000783514,-0.014561938,0.332943764,0.778033548,0.945476251,0.958354524,0.758747804,0.20867276,-0.022395952,-0.000115772,7.35E-05,0,0,8.17E-06,0.000123517,-0.00163271,-0.009548049,-0.008371528,-0.001968035,9.55E-05,0.000179126,-0.000876225,-0.029432428,0.026609766,0.237257772,0.256005855,0.039495132,-0.01799326,-0.000153748,8.32E-05,0,0,0,0,0,0,0,0,0,0,0,0,0.000723574,-0.007449757,-0.029746434,-0.031750846,-0.008677592,0.00030329,3.67E-05,0,0,0,0,0,0,0,0,0,0,0,0,0,0,0,0,0,0,0,0,0,0,0,0,0,0,0,0,0,0,0,0,0,0,0,0,0,0,0,0,0,0,0
0,0,0,0,0,0,0,0,0,0,0,0,0,0,0,0,0,0,0,0,0,0,0,0,0,0,0,0,0,0,0,0.000192334,-0.000835168,-0.014193049,-0.010388753,0.00019744,4.19E-05,0,0,0,0,0,0.001200874,-0.010429253,-0.02436835,-0.000952672,0.000150422,0,0,0,0,-0.001083833,0.003704066,0.090182473,0.051806082,-0.0060128,3.09E-05,0,0,0,0,0.000223652,-0.011242815,0.072919526,0.192408548,0.007931832,-0.001201746,0.00019934,-0.001732128,-0.004028339,-0.00015625,-0.012072985,0.062762372,0.791008221,0.68006793,0.004907186,-0.0044255,0.000100281,0,0,0,-0.003323632,-0.012796411,0.478137,0.797428922,0.025586584,-0.00423463,-0.005229404,-0.008967661,0.012055402,-0.009758885,-0.003685015,0.010879958,0.340498264,0.902201372,0.488055743,-0.029618192,-4.08E-05,0,0,0,-0.010079316,0.043207268,0.738597188,0.738490536,0.010770016,-0.007488017,-0.002690168,0.409833878,0.719836789,0.104034875,-0.008097886,-0.007245934,-0.028323325,0.610947951,0.878158701,0.136006876,-0.020012841,8.51E-05,0,0,-0.011030944,0.052974553,0.775733575,0.387583538,-0.027259974,-0.016488528,0.092061728,0.883869196,1.015744281,0.318611588,-0.021656148,0.000271493,-0.01893847,0.231535914,0.927559215,0.358625664,-0.03107782,-0.000885076,0,0,-0.012577283,0.067296512,0.81132003,0.5430295,-0.009277598,-0.021325856,0.209598157,0.970609671,1.004849663,0.462387812,-0.031407556,0.000195264,-0.003852625,0.009896627,0.747743535,0.548607561,-0.014767856,-0.003729295,0,0,-0.012733354,0.068737363,0.813440683,0.58629759,-0.00484358,-0.023342456,0.286072826,1.018961363,1.022503319,0.61853668,-0.023783207,-0.001462231,-0.004202972,0.013916513,0.786891323,0.573990928,-0.007186264,-0.004582823,0,0,-0.007550722,0.020478884,0.656464018,0.796561002,0.010878268,-0.024706767,0.300737112,0.967981277,0.915130293,0.717932479,0.021467661,-0.006591252,-0.003225797,0.002518893,0.654290867,0.750677917,0.048802892,-0.010601341,0,0,-0.001150259,-0.030659879,0.386145255,0.930927339,0.175698274,-0.036012697,0.561106236,0.890218273,0.729087606,0.822681713,0.123725099,-0.017537402,-0.00248172,-0.006685015,0.568473754,0.811921092,0.06714606,-0.012581699,0,0,0.000100592,-0.023440596,0.166380515,0.902830355,0.621186768,-0.054486639,0.693134096,0.750448359,0.415188504,0.949415986,0.304385825,-0.038667604,-0.002271752,-0.007125136,0.565050603,0.805050075,0.064882394,-0.012336601,0,0,0,-0.001520618,-0.016665138,0.519260273,0.887262274,0.281338256,0.904132469,0.566216233,0.073630118,0.970037181,0.449732481,-0.040827563,-0.003370582,-0.00811835,0.602744062,0.812071172,0.067975918,-0.012666796,0,0,0,0.000334271,-0.010771055,0.069111383,0.826602754,1.001117715,0.946388753,0.248672675,-0.040131213,0.563451287,0.775672641,0.043582559,-0.020890165,0.058781965,0.903551454,0.71525994,0.040025631,-0.009699244,0,0,0,0,-0.000366268,-0.020016136,0.227910165,0.805606601,0.584343093,0.016981686,-0.032612779,0.267751821,0.933545684,0.247944047,-0.052398403,0.418883647,1.021114005,0.455840278,-0.023560342,-0.002365026,0,0,0,0,0.000112132,-0.001382047,-0.016594227,0.050621681,0.014192552,-0.00781073,-0.017183211,0.094446657,0.795208384,0.911051866,0.520742307,0.911547198,0.814036373,0.123807428,-0.018606253,8.85E-05,0,0,0,0,0,0.000113051,-0.000560764,-0.006410999,-0.003624801,0.000175143,0.001079963,-0.029095605,0.187647229,0.817358003,1.071257149,0.81394744,0.21266008,-0.027073632,0.001074355,1.02E-05,0,0,0,0,0,0,0,0,0,0,0,0.001786005,-0.023321512,0.071483348,0.150068434,0.071157005,-0.019260782,0.000668797,0,0,0,0,0,0,0,0,0,0,0,0,0,4.26E-05,-5.45E-05,-0.01314782,-0.021542926,-0.013097426,-0.000609511,9.75E-05,0,0,0,0,0,0,0,0,0,0,0,0,0,0,0,0,0,0,0,0,0,0,0
0,0,0,0,0,0,0,0,0,0,0,0,0,0,0,0,0,0,0,0,0,0,0,0,0,0,0,0,0,0,0,0.000279139,-0.001775305,-0.015330202,-0.010503132,-4.22E-05,5.31E-05,0,0,0,0,0,0,0,0,0,0,0,0,0,0,-0.001620399,0.009951751,0.093077127,0.05008581,-0.007571644,0.000144307,0,0,0,0,0,0,0,0,0,0,0,0,0,6.92E-18,-0.016215448,0.098250377,0.856896327,0.702948632,0.058640097,-0.00637403,0,0,0,0,0,0,0,0,0,0,0,0,0,-1.07E-16,-0.020475728,0.260276045,1.017146242,1.004633051,0.325961431,-0.024210733,0.00022013,0,0,0,0,2.04E-05,0.001363783,-0.026608881,-0.03312483,-0.002180351,0.000617841,-0.004272621,-0.00411603,0.000125528,-0.0206787,0.460142694,1.02216025,1.027524918,0.612285182,-0.024830491,-0.001322816,0,0,0,0,6.11E-05,-0.017412429,0.286493141,0.355492239,0.014327853,-0.007839825,0.03273412,0.031047028,-0.001745387,-0.020791718,0.332196489,0.950443679,0.913603656,0.782361571,0.046690104,-0.009520607,0,0,0,0,-0.005985655,0.013481496,0.760300963,0.968582627,0.24189145,0.033016546,0.720890693,0.652365357,0.012921083,-0.02433922,0.524027937,0.884703029,0.909112551,0.803098749,0.068951327,-0.011892797,0,0,0,0,-0.019011863,0.135976716,0.842670394,1.025619434,0.643331972,0.088257426,0.77302051,0.801463729,0.017792807,-0.025193202,0.554002147,0.914790935,0.954440921,0.809455576,0.06947789,-0.01200318,0,0,0,0,-0.0310448,0.25233044,0.911421449,0.492619196,0.612970588,0.505359953,0.888170871,0.870267531,0.015539828,-0.027314406,0.545238338,0.963491081,0.982665016,0.637123536,-0.02467356,-0.00145041,0,0,0,0,-0.032821328,0.269812806,0.928461754,0.321192947,0.012155859,0.316244072,1.025714427,0.981462827,0.217390114,-0.056084235,0.533337512,1.025751362,1.001573597,0.364730307,-0.026102805,0.000197301,0,0,0,0,-0.030751702,0.249951423,0.917363613,0.384636404,-0.0601995,0.425410892,0.972354439,0.950500068,0.832043369,0.363533565,0.593559883,1.01819087,0.936347256,0.172523199,-0.013475337,2.45E-06,0,0,0,0,-0.023372285,0.179550891,0.879094241,0.455073699,0.00426953,0.829320175,0.765367613,0.276369729,0.855406255,0.962709735,0.968292146,1.002599381,0.460228113,-0.012755867,-0.001833598,0,0,0,0,0,-0.017593249,0.122592473,0.863574891,0.699111792,0.597384259,1.039288774,0.50428862,-0.036273999,0.135383817,0.385908139,0.875851066,0.88069104,0.147137289,-0.026667688,0.000186887,0,0,0,0,0,-0.003619502,0.002298849,0.529479303,1.006955065,1.018406948,0.734073553,0.076758323,-0.011188555,-0.014707159,-0.045736315,0.568599018,0.873338048,0.144205525,-0.022221814,0,0,0,0,0,0,0.000297583,-0.00817179,0.057399731,0.4703013,0.559878387,0.098532078,-0.020930181,0.001082516,-0.000177866,-0.035779037,0.603373979,0.753778663,0.068647467,-0.013561275,0,0,0,0,0,0,9.78E-06,0.000349009,-0.005710529,-0.029801879,-0.034652778,-0.008783376,0.000478962,-0.001731005,-0.0070721,0.270529854,0.705945385,0.213940479,-0.020694461,0.000114583,0,0,0,0,0,0,0,0,0,0,0,0,0,-0.000568668,-0.001804859,0.085575394,0.093605689,-0.020614732,0.000839754,7.34E-05,0,0,0,0,0,0,0,0,0,0,0,0,0,6.13E-05,0.000207653,-0.009279684,-0.013904176,-0.00047658,6.81E-05,0,0,0,0,0,0,0,0,0,0,0,0,0,0,0,0,0,0,0,0,0,0,0,0,0
0,0,0,0,0,0,0,0,0,0,0,0,0,0,0,0,0,0,0,0,0,0,0,0,0,0,0,0,0,0,0,0,0,0,0,0.000174462,-0.001988868,-0.015445593,6.98E-05,0,0,0,0,0,0,0,0,0,0,0,0,0,0,0,0,-0.002803426,0.031959052,0.331657131,-0.00112137,0,0,0,0,0,0.000148897,-0.000684641,-0.009058517,-0.004537371,0.000252247,0,0.000196589,-0.002206904,-0.004525396,-0.000896395,8.55E-05,-0.008589495,0.097920241,0.75744011,-0.003435798,0,0,0,0,8.27E-06,-0.000875,-0.001692998,0.096614992,0.048328934,-0.003047726,0.000375,-0.003791633,0.000583061,0.02012226,0.004673798,-0.000426794,-0.008184402,0.093302185,0.738539977,-0.003273761,0,0,0,0,4.80E-06,-0.022209014,0.144678224,0.853322508,0.462296584,-0.020173186,-0.00184489,-0.021562109,0.42528479,0.774271789,0.154796092,-0.014838644,-0.001583776,0.018055045,0.64088592,-0.00063351,0,0,0,0,-0.000679075,-0.028735958,0.359652471,1.04435158,0.362792164,-0.020775888,-0.024876413,0.136729592,0.882678343,0.810762284,0.066776705,-0.007736332,0.0004319,-0.004923662,0.613181281,0.00017276,0,0,0,0,-0.004800558,0.023780692,0.767320737,0.996332735,0.158865625,-0.024783641,-0.002062628,0.626605876,0.994296689,0.247651802,-0.027195097,0.000739218,-0.001449662,0.01403306,0.637939284,-0.000502086,0,0,0,0.000292283,-0.025349112,0.333765387,1.018237575,0.87234569,0.087046679,-0.036331053,0.353828142,1.039924326,0.590790305,-0.005641586,-0.005970827,0.000334048,-0.029426062,0.259536509,0.800851932,-0.009326491,0,0,0,-0.003120541,-0.010685219,0.683633868,0.977017582,0.575730562,-0.001942389,0.260820942,0.915722733,0.929192232,0.227648625,-0.030463189,-0.003571044,-0.035108626,0.036310032,0.690290901,0.887148727,-0.019598822,0,0,0,-0.023778892,0.182666718,0.889480188,0.521815768,-0.019982128,0.196567269,0.894157067,1.040672283,0.610491388,-0.03413591,-0.022094476,-0.018817981,0.168019812,0.651882132,0.999843461,0.501264149,-0.019939577,0,0,0,-0.046895357,0.405300466,0.979133868,0.156188947,0.246452342,0.848420145,1.041089665,0.997795718,0.3232476,0.018635229,0.195780917,0.587634089,0.923402812,0.967682479,0.46460495,0.001615439,-0.005823802,0,0,0,-0.051101398,0.447803375,0.923696547,0.452515864,0.93695078,0.937033501,0.536774065,0.867031188,0.896499175,0.882217755,0.953181222,0.986138712,0.765100213,0.260374747,-0.014693857,-0.009690789,0.000713383,0,0,0,-0.037278138,0.306548271,0.992659807,1.065932121,0.850126362,0.253369835,-0.029946368,0.434441908,0.78471058,0.775035505,0.577082654,0.255130634,0.043614941,-0.025207908,-0.004122328,0.000521789,0,0,0,0,-0.00480331,0.026496153,0.346776722,0.430117783,0.141055862,-0.021417968,-0.004488034,0.003699602,0.075974077,0.073748792,-0.013077925,-0.026851256,-0.00568704,0.000648914,6.38E-06,0,0,0,0,0,0.000821817,-0.006885723,-0.019484988,-0.0221771,-0.019913637,-0.000633586,0.00053125,-0.004389093,-0.014623468,-0.014283395,-0.003846154,0.000278799,0,0,0,0,0,0,0,0,0,6.16E-05,-0.001047794,-0.001313368,-8.08E-05,1.59E-05,0,0,0,0,0,0,0,0,0,0,0,0,0,0,0,0,0,0,0,0,0,0,0,0,0,0,0,0,0,0,0,0,0,0,0,0,0,0,0,0,0,0,0,0,0,0,0,0,0,0,0,0,0,0,0,0,0,0,0,0,0,0,0,0,0,0,0,0,0,0,0,0
0,0,0,0,0,0,0,0,0,0,0,0,0,0,0,0,0,0,0,0,0,0,0,0,0,0,0,0,0,0,0,0,0,0,2.76E-05,-6.48E-05,-0.002383578,-0.000626758,7.15E-05,0,0,0,0,0,0,0,0,0,0,0,0,0,0,0,0.000646631,-0.004832915,-0.018139293,-0.020820938,0.000351596,0,0,0,0,0,0,0,0,0,0,0,0,0,0,0,-0.008707721,0.050104218,0.415009651,0.233405436,-0.010725592,0,0,0,0,0.000827206,-0.013796875,-0.01960049,-0.00528462,0.000653051,0,0,0,0,0,0,-0.016634804,0.093380464,0.819446674,0.76155312,-0.021424122,0,0,0,0,-0.005222375,0.087693559,0.118345912,0.026216827,-0.003363499,3.83E-05,7.91E-05,-0.00904565,-0.00669424,0.000733765,1.30E-18,-0.002215074,-0.025620064,0.542938113,0.881507005,-0.018074619,0,0,0,0,-0.033313164,0.549083657,0.849175364,0.29207421,-0.034720965,-1.58E-05,-0.007161288,0.08283718,0.069255344,-0.007529249,6.48E-19,0.000334252,-0.044835393,0.473267531,0.86714088,-0.016753132,0,0,0,0.000371002,-0.044359586,0.665421321,1.093003173,0.425268045,-0.049546202,-0.007348661,0.045068774,0.78541721,0.413131208,-0.028833524,-0.00145649,-0.004556989,-0.008219702,0.609808932,0.863003111,-0.019389242,0,0,0,-0.002901635,-0.013500477,0.6938654,1.027741949,0.356210512,-0.042895877,-0.026594941,0.440573495,0.97016236,0.294716588,-0.035633688,6.48E-19,-0.006490502,0.005329436,0.674329895,0.690870888,-0.020801334,0,0,0,-0.011661163,0.066967593,0.803469771,0.920867919,0.211753779,-0.058607782,0.155007574,0.873528629,0.833865196,0.098062143,-0.014978599,4.14E-05,-0.015746324,0.07818813,0.783094975,0.52835854,-0.020756059,0,0,0,-0.018794179,0.13416922,0.872801215,0.721682564,-0.030236826,0.060236419,0.689153322,1.087942776,0.793642463,0.062877519,-0.01129795,2.53E-05,-0.032841197,0.242512306,0.960209133,0.233409852,-0.019716776,0,0,0,-0.034210591,0.281153493,0.959442538,0.515338133,-0.003115485,0.658120236,0.957804194,0.688099792,0.880703227,0.19270864,-0.04080507,-0.018795615,0.011431458,0.676757932,0.726968069,0.032557071,-0.009628438,0,0,0,-0.035462787,0.293840617,0.937095682,0.561045837,0.698073237,0.998335697,0.416761309,0.062148931,0.859755853,0.681402256,0.091270251,0.070481975,0.587778202,0.998666296,0.328528427,-0.03271226,-0.000541662,0,0,0,-0.039167992,0.326059062,0.976836669,0.996908429,1.027381791,0.543475331,-0.021017412,-0.028301215,0.312906182,0.978504068,0.854853604,0.847810662,1.048173271,0.595681424,0.005071981,-0.005398272,9.19E-05,0,0,0,-0.0238486,0.185100082,0.835773591,0.757147501,0.354824346,0.033307499,-0.007033207,-0.005447185,0.002290203,0.351765574,0.61541828,0.606323104,0.395782356,0.056416292,-0.009762561,0.000489177,0,0,0,0,-6.24E-05,-0.004278186,0.088488511,0.022074414,-0.022975133,-0.008739809,0.000536322,0.000655331,-0.005260263,-0.014198904,-0.003292501,-0.002450589,-0.02339054,-0.012374302,0.000752502,0,0,0,0,0,0.000121071,-0.000704044,-0.008517004,-0.004689849,-0.000932138,1.85E-05,8.68E-06,2.76E-06,9.05E-05,-0.001285641,-0.002846908,-0.002841248,-0.001105954,5.49E-05,3.52E-06,0,0,0,0,0,0,0,0,0,0,0,0,0,0,0,0,0,0,0,0,0,0,0,0,0,0,0,0,0,0,0,0,0,0,0,0,0,0,0,0,0,0,0,0,0,0,0,0,0,0,0,0,0,0,0,0,0,0,0,0,0,0,0
0,0,0,0,0,0,0,0,0,0,0,0,0,0,0,0,0,0,0,0,0,0,0,0,0,0,0,0,0,0,0.000748911,-0.00810866,-0.020790021,-0.018064066,-0.00353605,0.000458708,2.55E-06,0,0,0,0,0,0,0,0,0,0,0,0,0,-0.007797532,0.076908215,0.377383464,0.428257052,0.019454024,-0.008599986,0.000121836,0,0,0,0,0,0,0,0,0,0,0,0,0,-0.041890489,0.456497141,1.044268833,0.950983456,0.342783395,-0.021244553,-0.000864226,0,0,0,0,0,0,0,0,0,0,0,0,0,-0.018653408,0.191748281,0.71800995,1.035360175,0.804782952,0.088813487,-0.01409855,0.000572337,0,0,0,0,0,0,0,0,0,0,0,0,0.001000817,-0.022186989,0.10418389,0.73243893,1.037689713,0.605251481,0.001404105,-0.003954996,0,0,0,0.000158292,-0.006647881,-0.007095758,-0.005642872,-0.000236077,3.73E-05,0,0,0,5.36E-05,6.59E-05,-0.061574589,0.405401229,1.066438232,0.831974316,0.133518791,-0.018706127,0,0,0,-0.000441788,0.025042453,0.015054778,0.007811697,0.000555878,-6.34E-05,0,0,0,0,0,-0.040236585,0.336312778,0.984475018,1.02614836,0.387795154,-0.045699501,0,0,0,-0.013303717,0.500685391,0.636277165,0.555577257,0.023049071,-0.01619327,-0.01517325,-0.000486877,8.04E-05,2.49E-19,0.000354882,-0.050751855,0.391840584,1.025382608,1.051087112,0.435593188,-0.050744772,0,0,0,-0.021301743,0.826756162,1.067822304,0.68627005,-0.030410454,0.168835563,0.20491594,-0.026543896,-0.006670803,0.000849265,-0.005106039,-0.015785927,0.571580644,1.039713354,0.963045718,0.306542671,-0.037095104,0,0,0,-0.020522195,0.455135662,1.023341095,0.770493277,0.165960069,0.65576748,0.919357174,0.307137561,0.019046994,-0.011168522,-0.036297147,0.249903116,0.909147757,1.026297981,0.702048339,0.045023386,-0.008949492,0,0,0,-0.018666088,0.210678835,0.954445142,0.990349758,0.866594958,1.005210121,1.017589071,0.943742494,0.30592756,0.010413143,0.179009055,0.756085225,1.025031948,0.983194513,0.321168573,-0.028201031,0.000660389,0,0,0,-0.0175071,0.101134133,0.93055598,1.025920553,1.017027588,0.937121584,0.919451166,1.029385777,0.880967942,0.596485705,0.847510327,1.002323845,0.984224009,0.687416993,0.024693636,-0.0045149,0,0,0,0,-0.007582721,0.029292834,0.56932307,0.807504442,1.014767889,0.515756825,0.226573774,0.823368396,0.971590312,1.026885859,1.040792518,1.004558059,0.480667296,0.020733932,-0.006048986,1.89E-05,0,0,0,0,0.000393178,-0.010015185,0.043071929,0.123305079,0.388551505,0.114949891,-0.007753455,0.098582091,0.547037514,0.827051522,0.562669339,0.373267787,0.028533156,-0.01091665,0.000167654,2.55E-05,0,0,0,0,3.06E-05,0.000728262,-0.009807241,-0.016431032,-0.01875514,-0.015143876,-0.001687151,-0.021452461,0.002610839,0.024917943,-0.005690598,-0.018363737,-0.008144744,0.000742953,0,0,0,0,0,0,0,0,1.18E-05,-0.000141646,-0.001268587,-5.00E-05,1.22E-05,0.000175398,-0.002852737,-0.005042433,-0.002589052,-0.00121428,3.63E-05,0,0,0,0,0,0,0,0,0,0,0,0,0,0,0,0,0,0,0,0,0,0,0,0,0,0,0,0,0,0,0,0,0,0,0,0,0,0,0,0,0,0,0,0,0,0,0,0,0,0,0,0,0,0,0,0,0,0,0,0,0,0,0,0,0,0
0,0,0,0,0,0,0,0,0,0,0,0,0,0,0,0,0,0,0,0,0,0,0,0,0,0,0,0,0,0,0,0,0,0,0,0,0,0,0,0,0,0,0,0,0,0,0,0,0,0,0.000519751,-0.005007949,-0.039630046,-0.045424157,-0.036369492,-0.00355917,0.000357099,0,0,0,0,0,0,0,0,0,0,0,0,0.000182904,-0.004835121,0.026651144,0.330923831,0.385023557,0.299633289,0.00558672,-0.009307138,0.000314755,3.83E-05,0,0,0,0,0,0,0,0,0,0,-0.002657475,-0.007018638,0.360056492,0.969973044,1.020521872,0.959544475,0.457865911,0.052081784,-0.009589754,0.00010672,0,0,0,0,0,0,0,0,0,0,-0.010582108,0.041387272,0.706000902,1.043361716,0.993276535,1.00056873,1.01070721,0.631791701,0.029435663,-0.008212657,0,0,0,0,6.89E-05,-0.000907884,-0.004796943,-0.002011336,0.000232359,0,-0.002144914,-0.004029497,0.26779405,0.783216542,1.017165458,0.991463542,0.997945636,0.965750919,0.126019883,-0.01893876,0,0,0,9.76E-05,-0.000108179,-0.014969121,-0.007523083,-0.004368809,-0.000301439,0.000218091,-0.002151971,-0.006813012,-0.020830582,0.043006689,0.554434508,1.030698249,0.988012922,1.018775733,0.14486101,-0.020926073,0,0,2.60E-05,0.000324131,-0.019862932,0.205644965,0.583029905,0.242066534,-0.026460295,-0.016170309,-0.012117102,0.006963593,-0.006128489,-0.064595563,0.409663194,1.042000562,1.00446669,0.833743141,0.084153214,-0.014396446,0,0,2.50E-05,-0.024349038,0.186208657,0.822616388,1.071734835,0.685836516,0.023339958,0.203771718,0.577442249,0.752182019,0.327555981,-0.069275305,0.426479575,1.042282493,1.026924003,0.55259952,-0.003172822,-0.004877791,0,0,-0.004952002,-0.001918287,0.549023506,1.029356669,1.015098243,0.754227192,0.06893745,0.619270408,1.043466061,1.048845673,0.491237813,0.099373938,0.801153135,1.021194002,0.912865366,0.270894387,-0.033520953,2.83E-05,0,0,-0.014874387,0.087952896,0.853272093,1.00933267,1.011046671,0.724368532,0.269430364,0.925639025,0.99980016,1.000072236,0.507919969,0.537350767,1.018789828,1.009527914,0.401534722,-0.024269608,-0.000508438,2.55E-05,0,0,-0.017643492,0.117270515,0.898621489,0.967945864,1.006863306,0.786451989,0.71610744,1.004361981,0.998982529,0.998893492,0.967000734,0.990102608,0.943537769,0.672384704,0.068839716,-0.009136093,0.000234317,0,0,0,-0.00204759,0.007599058,0.129093444,0.667207023,1.004802066,1.000817249,1.016103655,0.958544986,0.926636966,1.018716214,0.896607775,0.754965129,0.269660863,0.00726937,-0.011099367,0.000392157,0,0,0,0,0.000212759,-0.011250561,0.041240656,0.718658531,1.023651297,1.021295462,0.962227708,0.474167382,0.220101086,0.3360096,0.193296705,0.085268181,-0.029755157,-0.002422045,0.000482537,0,0,0,0,0,0,-0.003679018,-0.002583674,0.640918862,0.924765557,0.608860073,0.245431546,0.002952393,-0.02845447,-0.028657373,-0.023290594,-0.015887856,0.000428922,0,0,0,0,0,0,0,0,0.000232359,-0.01506107,0.218691857,0.26612083,-0.02122578,-0.021063297,-0.00264517,-6.95E-05,-0.000617034,-0.000180607,2.20E-05,0,0,0,0,0,0,0,0,0,0,0.001538462,-0.026193388,-0.032764257,-0.001668501,0.000361238,0,0,0,0,0,0,0,0,0,0,0,0,0,0,0,0,0,0,0,0,0,0,0,0,0,0,0,0,0,0,0,0,0,0,0,0,0,0,0,0,0,0,0,0,0,0,0,0,0,0,0,0
0,0,0,0,0,0,0,0,0,0,0,0,0,0,0,0,0,0,0,0,0,0,0,0,0,0,0,0,0,0,0,2.89E-05,-7.69E-05,-0.002500851,-0.003592899,-0.000126804,2.20E-05,0,0,0,0,0,0,0,0,0,0,0,0,0,0,0.000110574,-0.000344,-0.008878001,-0.016459837,-0.013896345,0.000824722,0,0,0,0,0,0,7.00E-05,-0.001074653,-0.0035745,-5.28E-05,2.57E-05,0,0,0,-0.004221303,0.012058976,0.356087061,0.53056827,0.107123281,-0.022115554,0.000521432,7.51E-05,0,0,0,0.000176104,-0.001158446,-0.011475422,0.019252162,0.000578278,-0.000162651,0,0,0,-0.005728316,0.009430975,0.531587997,1.037625749,0.726839308,0.157346099,-0.012182341,-0.000711806,0,0,0,-0.000149199,-0.016131791,0.288298611,0.580607639,0.008133425,-0.00416045,0,0,0,-8.66E-05,-0.00879158,0.053586414,0.705348397,1.071412871,0.595387629,0.007014933,-0.006112983,0,0,0,-0.017294036,0.122602141,0.822169781,0.607985379,-0.018609749,-0.001331682,-0.007084695,-0.01393093,-0.001000817,0.000141953,0.000429711,-0.020740911,0.167365877,0.865829419,0.955175909,0.144403561,-0.01814968,0,0,0,-0.030586883,0.247134085,0.932843137,0.50370363,-0.033077738,-0.003279062,0.039079532,0.077911265,-0.009726061,0.000209582,0,-0.000421355,-0.032518684,0.364631079,1.01338434,0.549750882,-0.020926583,0,0,0,-0.047635237,0.410522331,1.013105596,0.250082414,-0.020086737,-0.019618748,0.427374081,0.836727482,0.189867136,-0.013785999,0,0.00011729,-0.028440445,0.175726409,0.924123843,0.749268765,-0.020585172,0,0,0,-0.049975134,0.432754936,1.027373281,0.220378319,-0.020908071,-0.007841575,0.567202529,1.050627757,0.407106413,-0.028812806,0.000234805,2.62E-05,-0.027254442,0.183428819,0.926646463,0.540088086,-0.020643893,0,0,0,-0.049534874,0.428663841,1.023151297,0.223309453,-0.032195006,0.106409679,0.876145901,1.016814679,0.529586363,-0.033823274,6.60E-05,-0.000353145,-0.026808755,0.262290424,0.976109358,0.471596059,-0.020594533,0,0,0,-0.049538951,0.428811581,1.022516425,0.207263531,-0.058877672,0.425289345,1.032987813,1.026871596,0.905752825,0.192343154,-0.044470568,-0.017272093,-0.027627791,0.544745098,1.055115588,0.235598121,-0.020980903,0,0,0,-0.050999698,0.44091223,1.042535839,0.446894083,0.444292086,0.976146742,0.77834344,0.378757015,0.951345593,0.71155188,0.186238398,0.126386766,0.564338711,0.97128499,0.803039165,0.079925295,-0.013072745,0,0,0,-0.033253434,0.268910658,0.959025837,1.054754187,1.039987234,0.648828455,0.142276603,-0.03425914,0.402566704,0.888387476,0.950492081,0.857344584,1.063024799,0.853560423,0.211512731,-0.02090102,-0.000589767,0,0,0,-0.002659492,0.00497001,0.349250953,0.481141595,0.403217507,0.042513622,-0.023404395,-0.002154088,-0.031642906,0.219774289,0.57627186,0.802084269,0.548634123,0.192949244,-0.020257932,-0.000360513,8.94E-05,0,0,0,0.000371367,-0.00279553,-0.014143638,-0.016186445,-0.020448325,-0.008001661,0.000474707,0.000336397,-0.001856652,-0.017313419,-0.005942158,0.020636506,-0.007609001,-0.018251532,-0.000798254,0.000183441,0,0,0,0,8.56E-06,-6.79E-06,-0.001275888,-0.001789011,-0.001260723,-9.10E-05,1.89E-05,0,5.62E-05,-0.000546875,-0.002599721,-0.004685253,-0.002451491,-0.000379596,3.35E-05,0,0,0,0,0,0,0,0,0,0,0,0,0,0,0,0,0,0,0,0,0,0,0,0,0,0,0,0,0,0,0,0,0,0,0,0,0,0,0,0,0,0,0,0,0,0,0,0,0,0,0,0,0,0,0,0,0,0,0,0,0,0,0
0,0,0,0,0,0,0,0,0,0,0,0,0,0,0,0,0,0,0,0,0,0,0,0,0,0,0,0,0,0,0,0,0,0,0,0,0,0,0,0,0,0,0,0,0,0,0,0,0,0,0,0,0.001454717,-0.011754515,-0.043502099,-0.031867841,-0.00852187,0.001064189,0,0,0,0,0,0,0,0,0,0,0,0,0,0,-0.013543679,0.110639382,0.386063249,0.255907135,0.055798169,-0.009938496,0.000219056,0,0,0.000477941,-0.004398924,-0.013967525,0.000951287,2.76E-05,0,0,0,0,0,0,-0.012990094,0.083568679,0.729073597,0.968827223,0.440034841,-0.015422629,-0.002887051,0,0,-0.003140999,0.030406119,0.077701355,-0.016744451,0.000880651,5.11E-06,0.00025478,-0.001218256,-0.020838014,-0.038634429,-0.008202699,0.00177612,-0.015205712,0.082281131,0.843763412,0.803045173,0.065548388,-0.012504425,0,0,-0.017889774,0.148591884,0.674087691,0.07671424,-0.012462725,5.51E-05,-0.002909074,0.00238894,0.2160729,0.421063964,0.088106533,-0.011383556,-0.002783803,-0.008572644,0.584789948,1.036122396,0.14126279,-0.020555896,0,0,-0.021151129,0.148078137,1.056433968,0.292228524,-0.033411092,-0.00090243,-0.026398216,0.28559683,0.905637119,0.996331292,0.314571817,-0.038019118,-0.000853257,-0.026939196,0.374527418,1.052716172,0.142931355,-0.020735158,0,0,-0.020751634,0.142684766,1.05920224,0.33631153,-0.031577308,-0.006860362,-0.005273684,0.575647927,1.058670411,0.817413637,0.148895578,-0.020148129,-0.003802032,-0.004115111,0.643935611,1.048393178,0.146078329,-0.021081495,0,0,-0.021027369,0.145643268,1.046281914,0.641635315,0.012276876,-0.024226682,0.126894372,0.795913892,0.969413722,0.332026944,-0.027395935,-0.002951622,-0.038005821,0.268945806,0.952822985,0.856766885,0.085130549,-0.014617715,0,0,-0.01886489,0.125574019,0.979936172,0.733310968,-0.012802083,0.198284961,0.817596528,0.958106175,0.488381179,-0.004688811,-0.012684675,-0.015068621,0.26016282,0.831859494,0.914368821,0.285724997,-0.008408646,-0.002149033,0,0,-0.011464291,0.056765164,0.761117409,0.879335835,0.459352158,0.804163807,1.025388199,1.027186309,0.410484954,-0.047097903,0.030796586,0.425778063,0.947978877,0.873072815,0.312540305,-0.043493209,3.26E-05,0.000186377,0,0,-0.003927683,-0.013931882,0.542081771,1.072341901,1.02322016,0.939678366,0.533587549,0.865105785,0.882392976,0.309979125,0.594019693,1.027480626,0.957352873,0.31977593,-0.026125854,-0.000517356,0,0,0,0,0.000212759,-0.02673505,0.20025657,0.622609852,0.602541428,0.2272628,-0.026661333,0.22795767,0.874472869,1.057741626,1.014117,0.788292925,0.341984358,-0.016042347,-0.005472154,0.000190972,0,0,0,0,0,0.002262443,-0.021953278,-0.003782152,0.011620728,-0.025504221,-0.001664221,-0.025842252,0.335054211,0.596913705,0.434274033,0.093849449,-0.0082404,-0.00267693,0.000283395,0,0,0,0,0,0,0,0.000309743,-0.005299939,-0.006632659,0.000378676,0.00022013,-0.001808313,-0.006053836,-0.003221048,-0.014317317,-0.015915372,-0.002783054,0.000283395,0,0,0,0,0,0,0,0,0,0,0,0,0,9.50E-05,-0.001525991,-0.002846967,-0.001650071,-2.66E-05,1.74E-05,0,0,0,0,0,0,0,0,0,0,0,0,0,0,0,0,0,0,0,0,0,0,0,0,0,0,0,0,0,0,0,0,0,0,0,0,0,0,0,0,0,0,0,0,0,0,0,0,0,0,0,0,0,0,0,0,0,0,0,0,0,0,0,0,0,0
0,0,0,0,0,0,0,0,0,0,0.000542535,-0.005818951,-0.027307285,-0.013866762,-0.001656114,0.000291054,0,0,0,0,0,0,0,0,0,0,0,0,0,0,-0.006184896,0.066465397,0.310946354,0.147206904,-0.000480324,-0.004277131,0.000129187,0,0,0,0,0,0,0,0,0,0,0,0,0,-0.024007039,0.25661459,0.638839566,0.803746399,0.494789552,-0.002797583,-0.002225755,0,0,0,0,0,0,0,0,0,0,0,0,0,0.000217014,-0.006014263,-0.008186988,0.3578734,0.899083146,0.111924751,-0.011452921,0.00019934,0,0,0,0,0,0,0,0,0,0,0,0,0,0.000323393,-0.008472749,0.002481158,0.733909161,0.587270544,-0.012322951,-0.002256736,0,0,0,0,0,0,2.43E-18,-1.81E-17,-6.89E-17,-9.28E-18,1.35E-18,0,0,0,0.000345277,-0.031424751,0.460159552,0.844978469,0.111504732,-0.016239044,0,0,0,0,0,1.53E-05,0.000466708,-0.00678462,-0.015844397,-0.00152664,-0.001467354,-0.006927764,-0.000498366,5.21E-05,2.08E-05,-0.019563368,0.298279412,0.856909058,0.17490979,-0.022728792,0,0,0,0,0,4.98E-05,-0.007569504,0.046884571,0.191758167,0.023523106,-0.017088769,0.023062757,0.003200848,-0.000227773,0,-0.019919439,0.307478599,0.867365629,0.185934956,-0.023915363,0,0,0,0,0,-0.001976001,-0.010541548,0.498395374,0.737489651,0.050313634,0.282229694,0.54340482,0.021688811,-0.00339134,0,-0.019629749,0.295537735,0.924783548,0.271225456,-0.032937915,0,0,0,0,0,-0.005213644,0.028922981,0.852826678,0.569811377,0.042536383,0.757795956,0.970162582,0.080909348,-0.009159263,0.000161428,-0.024553666,0.374274425,0.878507693,0.19071235,-0.024485345,0,0,0,0,0,-0.012857179,0.17306233,0.905351494,0.248519608,0.220277795,0.972516459,0.992132081,0.401189423,-0.029122277,0.001087451,-0.044346524,0.58168299,0.770782271,0.00342373,-0.004828584,0,0,0,0,0,-0.01316156,0.180340465,0.891076372,0.213081257,0.601892028,0.695054143,0.634993634,0.758246545,0.043836652,-0.04897159,0.150559692,0.854456138,0.620458725,-0.022818457,-0.001441034,0,0,0,0,0,-0.013117484,0.18375282,0.842780105,0.29178801,0.833805518,0.351178933,0.128328679,0.889194692,0.57618819,0.29439483,0.736689869,0.901365619,0.196346561,-0.01640939,0.000185501,0,0,0,0,0,-0.01315579,0.167999387,0.949978877,0.955841214,0.766287724,0.082749949,-0.035280893,0.352506621,0.829485566,0.816208794,0.86060849,0.343195789,-0.018735822,-0.000899765,0,0,0,0,0,0,-0.013251787,0.165676709,0.98948155,0.997127111,0.26211958,-0.025947032,-0.004630174,0.02466556,0.139699653,0.161027492,0.127221541,-0.004406727,-0.002631451,8.28E-05,0,0,0,0,0,0,-0.006346405,0.073987456,0.542594822,0.335399323,-0.022075282,-0.002463065,0.000696385,-0.005748775,-0.021408088,-0.023406506,-0.020459559,-0.002763174,0.000334559,5.51E-06,0,0,0,0,0,0,0.000402727,-0.00474377,-0.033810049,-0.022544935,-0.000294118,0.000198632,0,0,0,0,0,0,0,0,0,0,0,0,0,0,0,0,0,0,0,0,0,0,0,0,0,0,0,0,0,0,0,0,0,0,0,0,0,0,0,0,0,0,0,0,0,0,0,0,0,0,0,0,0,0,0,0,0,0,0,0,0,0,0,0,0,0,0,0,0,0,0
0,0,0,0,0,0,0,0,0,0,0,0,0,0,0,0,0,0,0,0,0,0,0,0,0,0,0,0,0,0,0,0,0,0,0,0,0,0,0,0,0,0,0,0,0,0,0,0,0,0,0,0,0,0,0,0,0,0,0,0,0,0,0,0,0,0,0,0,0,0,0,0,0,0,0,0,0,0,0,0,0,0,0,0,0,0,0,0,0,0,0,0,0,0,0,0,0,0,0,0,0,0,8.20E-18,0.000274459,-0.004633459,-0.006154259,-0.000847631,0.00025478,-0.000937415,-0.006201065,-0.006201065,-0.000937415,0.000132485,0,0,0,0,0,0,0,0,0.000103826,3.52E-05,-0.014618651,0.031012817,0.055648403,0.008946419,-0.001811993,0.002823989,0.049523506,0.049374404,-0.000441091,-0.001428295,0.000108252,0.0002628,-0.004212282,-0.011326423,-0.001535302,0.000222971,0,0,6.78E-05,-0.016627186,0.111649444,0.734481863,0.829700753,0.186418783,-0.04830953,0.140517491,0.779595801,0.857124693,0.28173882,-0.023010488,-0.000531368,-0.007459949,-0.003064082,0.053774357,0.00711905,-0.001033896,0,0,-0.012275497,0.064169775,0.782704997,0.942755753,0.421123928,0.013375545,-0.023801058,0.50065545,1.042860175,1.037279718,0.46758187,-0.023477844,-0.006684436,0.034026433,0.479441313,0.762885706,0.104956789,-0.015236247,0,0,-0.014072712,0.080327341,0.849631298,0.770350116,-0.007886676,-0.044851852,0.107081329,0.909007642,1.02018544,1.025645646,0.564246766,-0.006743202,-0.016346252,0.105835393,0.891680658,1.058836091,0.148225307,-0.021461737,0,0,-0.001280637,-0.021996046,0.315944938,0.909876243,0.681579538,0.356661441,0.657498692,1.040436751,0.735270867,0.913650395,0.850100967,0.137744419,-0.06847709,0.372734988,1.004953074,0.882879562,0.097646498,-0.015891033,0,0,0.000134804,-0.006743712,0.008532237,0.677062279,1.058879272,1.018744843,1.047338962,0.826354643,0.162235635,0.626971218,1.052922335,0.654848831,0.372259293,0.818386029,1.053337912,0.583183755,0.003627502,-0.005694955,0,0,0,0.000771293,-0.019217928,0.153326573,0.754436801,0.858803453,0.77796312,0.172914034,-0.037891477,0.345635692,0.99586248,1.024648247,1.006234866,1.040668831,0.879440844,0.225206558,-0.026262446,-0.000170702,0,0,0,0,0.000739379,-0.011897297,-0.021183449,-0.020800143,-0.021303996,-0.014026927,-0.003331733,-0.020617034,0.362548543,0.84528199,0.866737558,0.801297879,0.243299649,-0.028347392,0.00033478,6.98E-05,0,0,0,0,0,0,0,0,0,0,0.000117034,0.000518059,-0.022166343,0.117971563,0.150561172,0.10747612,-0.01422966,0.000281965,0,0,0,0,0,0,0,0,0,0,0,0,1.10E-05,3.28E-05,-0.001160233,-0.019489116,-0.022933517,-0.018066176,-0.000905637,0.000130515,0,0,0,0,0,0,0,0,0,0,0,0,0,0,0,0,0,0,0,0,0,0,0,0,0,0,0,0,0,0,0,0,0,0,0,0,0,0,0,0,0,0,0,0,0,0,0,0,0,0,0,0,0,0,0,0,0,0,0,0,0,0,0,0,0,0,0,0,0,0,0,0,0,0,0,0,0,0,0,0,0,0,0
0,0,0,0,0,0,0,0,0,0,0,0,0,0,0,0,0,0,0,0,0,0,0,0,0,0,0,0,0,0,0,0,0,0,0,0,0,0,0,0,0,0,0,0,0,0,0,0,0,0,0,0.000142677,-0.001236265,-0.004895438,-0.000226652,6.60E-05,0,0,0,0,0,0,0,0,0,0,0,0,0,0,7.03E-18,-0.00046041,-0.002356457,0.002251072,-0.029768365,-0.004196742,0.000342065,0,0,0,0,0,0,0,0,0,0,0,0,0,-1.04E-16,-0.015512834,0.225944706,0.755785556,0.506612881,0.02312563,-0.005508936,0.000190779,0,0,0,0,1.01E-17,7.66E-05,-0.001391442,-0.000157441,1.28E-05,0,0,0,-3.26E-16,-0.021300041,0.512424551,1.048387051,1.015723482,0.467754221,-0.026638906,-0.000329787,0,0,0,0.000263821,-0.002404441,-0.014756434,0.010194376,0.002108013,2.74E-05,-0.001078228,-0.00800177,-0.002098312,0.000281863,-0.02076491,0.390345413,1.01558941,1.017672879,0.822511489,0.115504204,-0.016815866,0,0,0,-0.001417085,-0.015194589,0.169818138,0.521656679,0.035150286,-0.004288961,-0.009071029,0.022848844,-0.000959602,-0.001498512,-0.018445912,0.178531454,0.951130423,1.004064092,0.990706215,0.34507302,-0.041181174,0,0,0,-0.016343614,0.287372627,0.770886812,0.225934062,-0.01883912,-0.013440394,0.187585623,0.66755016,0.2273838,-0.018422879,-0.013391289,0.067345111,0.793011693,1.010934334,1.048457925,0.430526552,-0.050223798,0,0,0,-0.021142599,0.618790765,0.860159603,0.123747158,-0.020219499,-0.030059572,0.49409633,1.074475831,0.53726937,-0.010271548,-0.008573972,0.009092373,0.599760876,1.031713457,1.031220078,0.402185628,-0.047235335,0,0,0,-0.020676232,0.885465398,0.676561428,0.010524799,-0.018414794,0.018446946,0.600505211,1.049851426,0.638273114,-0.020837367,-0.004253064,-0.045422578,0.38452451,1.034718971,0.904263412,0.212410369,-0.027144022,0,0,0,-0.020669424,0.898361393,0.662077325,-0.025020033,0.014426811,0.526795258,0.943212721,0.864319053,0.945217848,0.296498502,-0.018146599,-0.050147382,0.448181032,1.048674411,0.733112422,0.051074312,-0.009728914,0,0,0,-0.0208493,0.887462078,0.839674222,0.330145751,0.518113815,0.980484761,0.459831563,0.201407556,0.86256096,0.953996202,0.441237261,0.377901033,0.857986646,0.970494765,0.281123035,-0.023087573,0.000371002,0,0,0,-0.019881706,0.512085032,1.011161118,1.045675824,0.862607639,0.424707959,0.000547963,-0.036572151,0.20269921,0.755566449,1.040670547,1.049627121,1.009510774,0.513790407,-0.016303683,-0.002411526,6.52E-05,0,0,0,-0.004579589,0.011366383,0.352104048,0.352342014,0.121214495,-0.017513702,-0.004456453,0.001194547,-0.023096473,0.059393808,0.415523029,0.564886046,0.468585938,0.066766459,-0.014302577,0.000143944,0,0,0,0,0.000640319,-0.008161714,-0.02257581,-0.027663909,-0.021409246,-0.002137153,0.000273328,6.95E-05,0.000351103,-0.015564321,-0.020044986,-0.005993488,-0.009850303,-0.004571129,0.000356311,8.27E-06,0,0,0,0,0,0.000100281,-0.000942606,-0.000732537,6.78E-05,6.13E-07,0,0,0,0.000121272,-0.001331955,-0.002586065,-0.00199229,-0.000295803,4.78E-05,0,0,0,0,0,0,0,0,0,0,0,0,0,0,0,0,0,0,0,0,0,0,0,0,0,0,0,0,0,0,0,0,0,0,0,0,0,0,0,0,0,0,0,0,0,0,0,0,0,0,0,0,0,0,0,0,0,0,0,0,0,0,0,0
0,0,0,0,0,0,0,0,0,0,0,0,0,0,0,0,0,0,0,0,0,0,0,0,0,0,0,0,0,0,0,0,0,0,0,0,0,0,0,0,0,0,0,0,0,0,0,0,0,0,0,0,0,0,0,0,0,0,0,0,0,0,4.89E-06,2.06E-05,-0.001199346,-0.000985498,5.76E-05,0,0,0,0,0,0,0,0,0,0,0,0,0,0,0,0.00096694,-0.008724707,-0.013839188,0.002843205,-9.36E-05,0,0,0,0,0,0,0,0,0,0,0,0,0,0,0,-0.007518242,0.053348226,0.360862081,0.190231447,-0.01164425,0,0,0,0,0,0,0.000211908,-0.001234852,-0.030974265,-0.039682479,-0.00956825,0.000702104,0,0,0,-0.035645917,0.316010757,0.601510808,0.104966844,-0.008296977,0,0,0,0,0,0,-0.002415748,0.014077308,0.353549156,0.447335325,0.094967677,-0.007826968,0,0,0,-0.049566542,0.459596327,0.477264533,-0.030616057,-0.000723778,-0.000756648,-0.002323591,0.000203824,0,0,0,-0.011902593,0.184885961,0.423504324,0.61446802,0.535667755,-0.015931542,0,0,0,-0.046675635,0.431582755,0.470860141,-0.016863681,-0.00158301,0.002069728,-0.007387,-0.00758832,0.000829044,0,0,8.48E-05,-0.00046361,-0.030238732,0.184170769,0.727817337,-0.0067516,0,0,0,-0.036263096,0.327436138,0.50899857,-0.001450419,-0.013444291,0.082143478,0.480669918,0.076134651,-0.013702819,7.72E-05,0,3.68E-06,0.000396752,-0.025671569,0.238039777,0.697245441,-0.008546262,0,0,0,-0.022730015,0.182875323,0.725388293,0.052877774,-0.049469176,0.141260242,0.893543011,0.269869536,-0.024386046,-0.000458589,0,0.000110498,-0.009932972,0.015241251,0.660225609,0.410369278,-0.019367,0,0,0,-0.002387184,-0.011116064,0.596716061,0.522307751,0.245836789,0.596001335,0.824764331,0.608736928,-0.004499166,-0.006562109,0.000917207,-0.00565465,-0.02964774,0.431064032,0.716861077,0.051398197,-0.011287105,0,0,0,0.000237978,-0.009837043,0.087827698,0.59186796,0.758907675,0.478109187,0.101407199,0.687244813,0.384618765,-0.036589468,-0.058094696,-0.022714474,0.341467786,0.809065366,0.258047216,-0.022370439,-0.00075177,0,0,0,1.22E-05,0.000490707,-0.011358592,-0.005149782,0.01446538,-0.015260283,-0.026945295,0.180311445,0.699347869,0.547482196,0.434103074,0.551890131,0.654437568,0.210549734,-0.025151484,-0.000671599,0.000146378,0,0,0,0,0,0.00010723,-0.000883374,-0.002073972,-9.43E-05,0.000524663,-0.021679143,0.106319513,0.362094499,0.470076893,0.310078397,0.051601375,-0.028495932,0.00078508,3.06E-05,0,0,0,0,0,0,0,0,0,0,6.89E-05,0.000467831,-0.017712895,-0.031901076,-0.021579889,-0.033709525,-0.011209286,0.000896752,2.30E-05,0,0,0,0,0,0,0,0,0,0,0,0,0,3.57E-05,-0.000403391,-0.001271707,-0.000102124,1.02E-05,0,0,0,0,0,0,0,0,0,0,0,0,0,0,0,0,0,0,0,0,0,0,0,0,0,0,0,0,0,0,0,0,0,0,0,0,0,0,0,0,0,0,0,0,0,0,0,0,0,0,0,0,0,0,0,0,0,0,0,0,0,0,0,0,0
0,0,0,0,0,0,0,0,0,0,0,0,0,0,0,0,0,0,0,0,0,0,0,0,0,0,0,0,0,0,0,0,0,0,0,0,0,0,0,0,0,0,0,0,0,0,0,0,0,0,0,0,0,0.000352207,-0.005954507,-0.008305002,-0.000293099,7.81E-05,0,0,0,0,0,0,0,0,0,0,0,0,0,0,0.000113734,-0.002863511,0.030227277,0.03706296,-0.010866643,-2.04E-06,7.35E-05,0,0,0,0,0,0,0,0,0,0,0,0,0,-0.002001957,-0.009647467,0.486118124,0.731078976,0.192172045,-0.018621081,-0.000429432,0,0,5.11E-05,0.000800008,-0.012707653,-0.022275412,-0.000895289,0.000147229,2.17E-05,-0.000682955,-0.000673594,1.45E-05,2.55E-06,-0.001410868,-0.01394104,0.429475524,1.049116388,0.721169424,0.045887601,-0.010306543,0,0,-0.000222971,-0.011421772,0.125586023,0.235594788,0.008260144,-0.001061921,-0.007931036,-0.013524731,-0.010623723,-0.002346303,0.000170037,8.32E-05,-0.010075061,0.098840039,0.890306202,0.964977022,0.123052974,-0.018606686,0,0,-0.010406391,0.049445977,0.705913606,0.923037143,0.172061134,-0.022114552,0.064225189,0.635197522,0.618699723,0.019044644,-0.003862562,0,-0.00447337,0.015638274,0.806550725,1.034966233,0.144898639,-0.020947135,0,0,-0.019286663,0.128966563,0.989921449,0.85979873,0.065037446,-0.028432394,0.450195705,1.043727397,0.900205644,0.110536016,-0.009967116,0,-0.004439542,0.014974946,0.807164828,1.037326185,0.145681179,-0.021031454,0,0,-0.018576389,0.122896539,0.967498672,0.810630821,0.016787548,-0.029371732,0.759381242,1.026217933,0.823816823,0.045284348,-0.00614471,0.000542986,-0.016556883,0.133962742,0.917972971,0.86858221,0.092562829,-0.015307904,0,0,-0.011756536,0.059563002,0.772453091,0.848192385,0.010737405,-0.029670922,0.837291981,1.032382387,0.774105392,0.015692913,-0.004275089,-0.003818451,-0.009905501,0.520150208,1.047242273,0.594370251,0.003108567,-0.00573172,0,0,-0.005673679,0.002584179,0.594626753,1.006053343,0.473385263,0.464683007,0.969851599,1.0023045,0.395783616,-0.037052543,-0.023423049,-0.038672513,0.268460206,0.890780246,1.029193696,0.39129485,-0.037148251,-0.000728996,0,0,0.000238474,-0.020465496,0.126600832,0.757451099,0.966031246,0.938191829,0.870424024,0.965418195,0.727531219,0.289859447,0.214384996,0.457003405,0.964085562,0.988666144,0.551848647,0.036650055,-0.006361792,-7.29E-05,0,0,3.40E-05,0.000699115,-0.016676879,0.081048475,0.304692947,0.269853452,0.09613044,0.318979847,0.782635774,0.978411799,0.988115434,0.941980572,0.818546467,0.350314764,0.006309981,-0.010491643,0.000656822,1.53E-05,0,0,0,0,0.000615298,-0.00901331,-0.028079895,-0.025011063,-0.011155816,-0.031590482,0.09246715,0.258813981,0.29474806,0.192083316,0.111419833,-0.018197815,-0.005456563,0.00029999,0,0,0,0,0,0,0,0,0,0,8.81E-05,0.000185662,-0.017202512,-0.026527046,-0.024894421,-0.028348671,-0.018576831,-0.001443934,0.000314338,0,0,0,0,0,0,0,0,0,0,0,0,0,4.04E-05,-0.000350848,-0.000580525,3.01E-05,2.55E-06,0,0,0,0,0,0,0,0,0,0,0,0,0,0,0,0,0,0,0,0,0,0,0,0,0,0,0,0,0,0,0,0,0,0,0,0,0,0,0,0,0,0,0,0,0,0,0,0,0,0,0,0,0,0,0,0,0,0,0,0,0,0,0,0,0,0
0,0,0,0,0,0,0,0,0,0,0,0,0,0,0,0,0,0,0,0,0,0,0,0,0,0,0,0,0,0,0,2.72E-05,-0.000224206,-0.000987711,-0.001154684,-0.0003702,2.45E-05,0,0,0,0,0,0,0,0,0,0,0,0,0,1.71E-17,0.000652236,-0.023474392,-0.034648557,-0.031957523,-0.019289827,-0.006557417,0.000543078,2.04E-05,0,0,0,0,9.19E-07,0.000507047,-0.004016697,-0.014055913,-0.002136786,0.000265012,0,-1.47E-16,-0.008822508,0.227631772,0.41652005,0.400304449,0.181002485,0.025136489,-0.008900677,0.000344329,0,0,0,0,0.000152267,-0.00880627,0.037062602,0.18300577,0.025049122,-0.003382864,0,-3.83E-16,-0.014900769,0.530713077,0.744190819,0.917888855,0.907780382,0.584579929,0.029511248,-0.008373843,0,0,0,0,-0.000961959,-0.022076048,0.362719958,0.961625698,0.190678733,-0.019308619,3.17E-18,-4.57E-17,-0.000333776,0.021184318,0.016512663,0.116117068,0.738889706,1.02142116,0.376758421,-0.020346371,0,0,0,0,-0.007929688,0.074806934,0.885010536,0.919094771,0.125377414,-0.016689645,-8.22E-05,-0.011945125,-0.019828091,-0.008298446,-0.003786935,-0.031523455,0.119758783,0.855320364,0.80607123,-0.020749081,0,0,0,0,-0.033585718,0.537980022,1.040068536,0.587216957,0.011236934,-0.006570751,-0.009183839,0.097598243,0.178562652,0.029205492,-0.002669683,-0.023044821,0.135695837,0.867374903,0.890525519,-0.020669935,0,0,0,0.000360768,-0.040692913,0.615310917,0.948697134,0.244426164,-0.033914842,-0.007147297,0.038713848,0.71853639,1.008088559,0.254515358,-0.020919645,-0.031466639,0.319756434,1.002180147,0.678555637,-0.020758783,0,0,0,-0.004724634,0.004772025,0.705474367,0.856614311,0.118718648,-0.018821491,-0.009922369,0.408779071,0.995218631,0.959254953,0.184838147,-0.041912973,0.092849129,0.685448836,1.026571317,0.294669687,-0.020184845,0,0,0,-0.021843789,0.162717559,0.892835359,0.77412546,0.017635485,-0.038113543,0.165863971,0.881820789,1.026664709,0.869018842,0.077920896,0.042941925,0.601935117,1.035639553,0.658309385,0.021752256,-0.008025769,0,0,0,-0.031077005,0.250863341,0.94469407,0.630327887,-0.031237371,0.020322925,0.564678207,0.992689389,1.021446504,0.900727005,0.171878219,0.603145578,1.045487592,0.919266323,0.213282748,-0.031079705,0.000244928,0,0,0,-0.047148523,0.404036661,1.035506128,0.425807363,-0.039515834,0.565180584,1.026186577,0.768054095,0.632239717,1.016274714,0.911875703,1.00586834,0.808419806,0.258656937,-0.01260823,-0.000875027,2.85E-05,0,0,0,-0.050459011,0.436396208,1.031807955,0.371053445,0.511577019,1.00927167,0.896055232,0.192808194,0.191350286,0.873496681,0.978314429,0.676607588,0.157283939,-0.02456507,-0.002738375,0.000309812,0,0,0,0,-0.047785251,0.407361673,1.04102582,0.899544526,1.007973192,0.986339071,0.416004153,-0.022714376,0.00929873,0.177864379,0.237590481,0.065387749,-0.022445551,0.000184113,6.26E-05,0,0,0,0,0,-0.017896947,0.130751651,0.735553632,1.054424326,0.938522672,0.433926257,-0.018175381,-0.003735737,-0.003089495,-0.023079146,-0.02847139,-0.012793641,0.000679841,4.96E-05,0,0,0,0,0,0,0.000990991,-0.018205185,0.120276927,0.50108781,0.24972915,-0.001448847,-0.005600592,0.000177798,1.21E-05,-0.000116422,-0.000177734,4.08E-06,0,0,0,0,0,0,0,0,1.95E-05,0.000503037,-0.010953233,-0.017914934,-0.029420886,-0.003100629,0.000452489,0,0,0,0,0,0,0,0,0,0,0,0,0,0,3.68E-05,-0.000482537,-0.003240911,-0.000140761,3.26E-05,0,0,0,0,0,0,0,0,0,0,0,0,0,0,0,0,0,0,0,0,0,0,0,0,0,0,0,0,0,0,0,0
0,0,0,0,0,0,0,0,0,0,0,0,0,0,0,0,0,0,0,0,0,0,0,0,0,0,0,0,0,0,0,0,0,0,0,0,0,0,0,0,0,0,0,0,0,0,0,0,0,0,0,0,0,0,0,0,0,0,0,0,0,0,0,0,0,0,0,0,0,0,0,0,0.000266601,-0.001372192,-0.020856822,-0.026688215,-0.009298611,0.000104103,8.22E-05,0,0,0,0,0,0,0,0,0,0,0,0,0,-0.003669642,0.016058347,0.336470146,0.410417058,0.110191857,-0.007092454,-0.000538535,0,0,0,0,0,0,0,0,0,0,0,0,0,-0.020809588,0.159737183,0.73012626,1.031042552,0.727033905,0.052422496,-0.010895118,0,0,0,0.000183441,-0.001639093,-0.002887561,-5.11E-05,1.53E-05,8.15E-06,-4.43E-05,-0.000635893,-0.00027948,1.74E-05,-0.000572337,-0.003164777,0.091897501,0.852080116,0.982070312,0.127573784,-0.01910369,0,0,0,9.40E-05,0.000182728,-0.019581601,-0.010759651,0.000649077,0.000314863,-0.001482818,-0.027360483,-0.029653194,-0.005941564,0.000956794,-0.004494772,-0.00929635,0.694986582,1.028617328,0.140798553,-0.020505347,0,0,9.55E-05,-0.021222891,0.170139417,0.477333538,0.094466384,-0.007025071,-0.002429171,0.006983881,0.289899118,0.274239243,0.047110481,-0.006109413,-0.012635366,0.099347546,0.958455746,0.845090074,0.085182677,-0.014522569,0,0,-0.000646616,-0.035285914,0.366381349,1.0153742,0.304116847,-0.020487796,-0.029525193,0.202309998,0.906021752,0.849325521,0.162992511,-0.027285272,0.001281727,0.433979133,1.0307981,0.687519965,0.033409767,-0.008991694,0,0,-0.01163688,0.058650636,0.765005327,0.879684862,0.132768876,-0.011253932,-0.052637564,0.380497804,1.061665084,0.746781676,-0.021932156,-0.062154094,0.232139859,0.924109341,0.902520306,0.226499762,-0.023750204,-0.000390285,0,0,-0.021670581,0.151489595,1.066679926,0.626534671,-0.024275752,-0.024659126,0.38975018,0.746553343,1.048648369,0.863956138,0.510235703,0.483634806,0.777971609,0.954975184,0.307157901,-0.01495447,-0.001367453,6.33E-05,0,0,-0.018867453,0.124395718,0.982832453,0.855702937,0.529753985,0.684354728,0.958006412,0.825090413,0.377825422,0.756733096,1.00581966,1.01474321,0.813596589,0.260631208,-0.024358363,-0.002690371,0.000253843,0,0,0,-0.004853452,0.012760028,0.405493158,0.826918147,0.82341505,0.522077155,0.321667346,0.125075231,-0.038899527,0.150536663,0.369551845,0.39297513,0.143274867,-0.032842371,-0.001908361,0.000182802,0,0,0,0,0.000463814,-0.006047603,-0.003034348,0.12031633,0.118029582,-0.016156676,-0.033541098,-0.012689781,0.001575691,-0.014923747,-0.033969907,-0.035992299,-0.014312279,0.001308466,0,0,0,0,0,0,0,0.00046961,-0.003466299,-0.01953125,-0.019151654,-0.002981618,0.000418246,0,0,0,0,0,0,0,0,0,0,0,0,0,0,0,0,0,0,0,0,0,0,0,0,0,0,0,0,0,0,0,0,0,0,0,0,0,0,0,0,0,0,0,0,0,0,0,0,0,0,0,0,0,0,0,0,0,0,0,0,0,0,0,0,0,0,0,0,0,0,0,0,0,0,0,0,0,0,0,0,0,0,0,0,0,0,0,0,0,0,0,0
0,0,0,0,0,0,0,0,0,0,0,0,0,0,0,0,0,0,0,0,0,0,0,0,0,0,0,0,0,0,0,0,0,0,0,0,0,0,0,0,0,0,0,0,0,0,0,0,0,0,0,5.30E-05,0.00091408,-0.014200807,-0.019119074,-0.008813746,-0.001247809,0.000185501,0,0,0,0,0,0,0,0,0,0,0,0,1.18E-18,0.000136676,-0.013705974,0.097391646,0.136300483,0.040531607,-0.017394131,-0.006598488,0.000465686,0,0,0,0,0,0,0,0,0,0,0,-2.00E-17,-0.011278935,0.080449703,0.726532322,0.880386983,0.759987234,0.463294169,0.053701847,-0.006934232,0,0,0,1.24E-18,0.000506791,-0.006653816,-0.035547726,-0.01490928,0.001722311,0,0,-2.90E-17,-0.01300977,0.117040293,0.6744327,0.844897552,1.041284841,1.015900871,0.388787996,-0.02049309,0,0,0,0.000118218,-0.005992222,0.060227992,0.382900327,0.161172896,-0.018607069,0,0.000272672,-0.002353282,-0.003307632,-0.006466206,-0.051069274,0.098376668,0.734642378,1.031101784,0.663852387,-0.02069921,0,0,0,-0.000500771,-0.025791125,0.485642147,1.03642979,0.418175879,-0.048619512,0.000248257,-0.003907199,-0.015901207,-0.013758255,-0.010376704,0.000803066,-0.04647762,0.456312523,1.042833965,0.847017788,-0.020616771,0,0,0,-0.020042803,0.145115502,0.858728401,1.073647808,0.42812306,-0.049998777,-0.001288399,-0.010735107,0.380070006,0.556181236,0.058167591,-0.028661577,0.14603765,0.799347052,1.027963252,0.498730161,-0.020727294,0,0,0,-0.048508418,0.414447117,1.037911356,1.018895425,0.390166888,-0.045194244,-0.024713388,0.244190972,0.953271072,1.060935815,0.384953477,0.014752757,0.679159058,1.048488341,0.816695193,0.07070771,-0.01366745,0,0,0,-0.040893156,0.342659535,0.994715159,0.947298849,0.282533684,-0.042315336,-0.015161373,0.693585495,1.024894829,0.999164573,0.819152858,0.612058619,0.970726052,1.020199159,0.418349929,-0.024549906,-0.002206053,0,0,0,-0.044296604,0.374658207,1.024747447,0.899230239,0.207479116,-0.035596558,0.434765097,0.965900769,1.010298118,0.995176215,1.015717884,1.032218767,1.015893093,0.564272365,0.070687364,-0.013065713,0.000185866,0,0,0,-0.050185691,0.430298007,1.07352559,0.797420662,0.058977094,0.238082359,0.955172486,1.006235834,0.548982835,0.569385913,0.982001864,0.899034572,0.507671059,0.009896356,-0.016942593,0.001415664,0,0,0,0,-0.050172843,0.430219941,1.073074023,0.771334304,0.301916548,0.798736293,1.046723039,0.66088431,0.008496102,0.039196895,0.318249273,0.145963286,-0.003228316,-0.009670309,0.000438623,0,0,0,0,0,-0.040357914,0.336456376,1.004152063,0.975136829,0.9286867,1.039213631,0.793256927,0.138395238,-0.017119792,-0.005786203,-0.029739157,-0.014623757,-0.001513991,0.000283395,0,0,0,0,0,0,-0.01029106,0.060620966,0.661662139,0.954771327,0.95876057,0.847529368,0.211046688,-0.022581461,-0.001110294,5.79E-05,0,0,0,0,0,0,0,0,0,0,7.42E-05,-0.00635466,0.08248989,0.264628625,0.273399391,0.194540445,-0.007076031,-0.001072117,0.000121324,0,0,0,0,0,0,0,0,0,0,0,6.83E-05,0.000154906,-0.012552281,-0.032741837,-0.033610941,-0.025021046,-0.000825486,0.000132485,0,0,0,0,0,0,0,0,0,0,0,0,0,0,0,0,0,0,0,0,0,0,0,0,0,0,0,0,0,0,0,0,0,0,0,0,0,0,0,0,0,0,0,0,0,0,0,0,0,0
0,0,0,0,0,0,0,0,0,0,0,0,0,0,0,0,0,0,0,0,0,0,0,0,0,0,0,0,0,0,0,0,0,0,0,0,0,0,0,0,0,0,0,0,0,0,0,0,0,0,0,0,0,0,0.000110065,-0.000972239,-0.001381925,0.000146448,0,0,0,0,0.000384004,-0.003503166,-0.004736673,4.11E-05,2.01E-05,0,0,0,0,0,0,0.000192402,-0.002104422,-0.021194802,-0.01401731,-0.004672761,0.000350286,0,0,0,-0.003300314,0.030881059,0.026775888,-0.004006757,6.90E-05,0,0,0,0,0,0,-0.002948632,0.012266374,0.510371153,0.441019336,0.015454748,-0.00489311,0,0,0,-0.047883902,0.43034358,0.707713065,0.023032578,-0.004392157,0,0,0,0,0,0,-0.008299888,0.08896041,0.816629204,0.919367188,0.48790848,-0.02030467,0,0,0,-0.049994701,0.43620801,0.974306985,0.100338882,-0.009461959,0,0,0.000174632,-0.0015128,-0.002532169,0.000121785,-0.002915169,0.0441322,0.125466146,0.418011029,0.815864858,-0.014495677,0,0,0,-0.050177555,0.438259226,0.969066012,0.109380495,-0.009944866,0,0.000155314,-0.001672476,-0.01775264,-0.017208685,-0.005566803,0.000639191,-0.001420957,-0.027936387,0.204558212,0.743305797,-0.007195997,0,0,0,-0.046838694,0.407911612,0.927658684,0.076308772,-0.00794087,0,-0.001088286,-0.008699891,0.308186053,0.416689474,0.017550616,-0.00722612,-0.009404752,0.02355593,0.677574363,0.521726132,-0.01995881,0,0,0,-0.028519424,0.228950793,0.903090618,0.353321981,-0.022632149,6.60E-05,-0.006400888,0.041632302,0.786984307,0.959031148,0.343327813,-0.034997192,-0.058491762,0.201495081,0.940044186,0.302110595,-0.020371221,0,0,0,-0.011372141,0.064472631,0.819547709,0.710867511,-0.048167994,0.001067629,-0.027440615,0.383278322,0.75796989,0.463284926,0.919583911,0.457211142,0.272046773,0.740832397,0.750820364,0.048222691,-0.010749081,0,0,0,-0.002302393,-0.018643195,0.707901927,0.779330542,0.022781812,-0.021066474,0.05231376,0.800002808,0.736234205,-0.006557581,0.476484397,0.99147515,1.013840584,0.816228231,0.161944189,-0.016825751,-0.00044441,0,0,0,0.000312422,-0.028697872,0.411992054,0.873632343,0.171811432,-0.045676314,0.444934878,0.979455145,0.270077385,-0.029946394,-0.00587531,0.125917309,0.145097224,0.074999541,-0.01838806,7.32E-06,0.000114141,0,0,0,0,-0.00820578,0.084041531,0.898806628,0.370546467,0.19496462,0.956923118,0.64909952,-0.00143173,-0.00268219,-0.00394297,-0.018861996,-0.020539216,-0.013347801,-0.000222971,0.000105988,0,0,0,0,0,-0.00321441,-0.000928734,0.687814083,0.8688101,0.888031861,0.825900548,0.121553462,-0.019421824,-2.14E-06,0,0,0,0,0,0,0,0,0,0,0,-0.000249183,-0.023166326,0.217761932,0.789375357,0.742690558,0.216836295,-0.021502791,-0.000707721,3.49E-05,0,0,0,0,0,0,0,0,0,0,0,3.02E-05,-0.000573785,-0.00283284,0.018336159,0.015431223,-0.017008136,0.000313215,0.000113971,0,0,0,0,0,0,0,0,0,0,0,0,0,0.000183441,-0.001243325,-0.006601851,-0.006039352,0.00015083,0,0,0,0,0,0,0,0,0,0,0,0,0,0,0,0,0,0,0,0,0,0,0,0,0,0,0,0,0,0,0,0,0,0,0,0,0,0,0,0,0,0,0,0,0,0,0,0,0,0,0
0,0,0,0,0,0,0,0,0,0,0,0,0,0,0,0,0,0,0,0,0,0,0,0,0,0,0,0,0,0,0,0,0,0,0,0,0,0,0,0,0,0,0,0,0,0,0,0,0,0,0,0,0,0,0,0,0,0,0,0,0,0,0,0,0,0,0,0,0,0,0,9.45E-05,-0.000294576,-0.007701848,-0.012143127,-0.005470997,0.000348652,0,0,0,0,0,0,0,0,0,0,0,0,0,0,-0.000877077,0.001145031,0.085370541,0.144981686,0.0448878,-0.016993515,0.001237312,1.53E-05,0,0,0,0,0,0,0,2.07E-19,1.10E-17,-1.18E-16,-2.54E-16,-1.61E-17,-0.010803207,0.050621306,0.734662037,1.024534331,0.61322258,0.050844312,-0.011332141,0.000188079,0,0,0,0,0.000195568,-0.003502179,-0.001330338,0.000190462,4.03E-05,-0.011999932,-0.021341231,-0.006108898,-0.005535471,0.030452794,0.36690739,0.7522604,1.034464325,0.489350286,-0.013527985,-0.003489243,0,0,0,0.000800582,-0.007327208,-0.008830052,-0.011129591,-0.000319103,-0.0126258,0.215804424,0.431506308,0.05425319,-0.004055532,-0.005327046,-0.039766265,0.150167152,0.93863151,0.88939799,0.096063473,-0.015779694,0,0,5.51E-05,-0.006214789,0.028932717,0.450089188,0.252369451,-0.020504238,-0.002166799,0.586968835,1.051131757,0.345968018,-0.023723141,0.000214015,-0.00517596,0.003435066,0.753608081,0.912486758,0.103055878,-0.016459184,0,0,-0.000270629,-0.032763748,0.30097435,0.940704521,0.280985566,-0.023976699,-0.003205689,0.571574806,1.043313981,0.450332465,-0.035733456,0.001011679,-0.011367953,0.012545803,0.850712095,0.678582567,0.025993946,-0.008213848,0,0,-0.006951934,0.014219763,0.653292143,0.670501753,-0.001807377,-0.012835189,0.036369254,0.704348499,1.068907748,0.778594652,0.085938657,-0.040308623,-0.004282867,0.429423935,1.024782339,0.482101614,-0.022491134,-0.002675654,0,0,-0.01813351,0.118536851,0.969873877,0.583425773,-0.00415208,-0.025590737,0.200453746,0.981360856,0.752341333,0.958577631,0.621868924,0.185013367,0.459526927,0.997747719,0.73383318,0.120117358,-0.018536189,0.000146889,0,0,-0.019172679,0.128195789,0.999387544,0.583330786,-0.049325802,-0.031727015,0.735954413,0.726397585,0.101582623,0.549081434,0.905856433,0.929448563,0.94278464,0.596386324,0.060025478,-0.015075211,0.000859162,4.08E-06,0,0,-0.009010587,0.032594931,0.707211278,0.853105341,0.377841827,0.525290901,0.720436777,0.091318679,-0.023185168,-0.02815385,0.196285829,0.419842665,0.320412241,0.026713303,-0.01900514,-0.00022195,9.38E-05,0,0,0,-0.000818866,-0.014680353,0.196997413,0.737417347,0.996126532,0.980625987,0.336555158,-0.030601937,0.001059964,0.000794441,-0.018717235,-0.037508238,-0.029356447,-0.004216878,0.000689338,0,0,0,0,0,0.000165441,-0.000681383,-0.015037752,0.025570244,0.139102311,0.121976699,0.010273531,-0.002170309,0,0,0,0,0,0,0,0,0,0,0,0,0,7.95E-05,-0.000468546,-0.004790696,-0.011535488,-0.010647008,-0.002274367,0.000199653,0,0,0,0,0,0,0,0,0,0,0,0,0,0,0,0,0,0,0,0,0,0,0,0,0,0,0,0,0,0,0,0,0,0,0,0,0,0,0,0,0,0,0,0,0,0,0,0,0,0,0,0,0,0,0,0,0,0,0,0,0,0,0,0,0,0,0,0,0,0,0
0,0,0,0,0,0,0,0,0,0,0,0,0,0,0,0,0,0,0,0,0,0,0,0,0,0,0,0,0,0,0,0,0,0,0,0,0,0,0,0,0,0,0,0,0,0,0,0,0,0,0,0,0,0,0,0,0,0,0,0,0,0,0,0,0,0,0,0,0,0,0,0,0,0,0,0,0,0,0,0,0,0,0,0,0,0,0,0,0,0,0,0,0,0,0,0,0.00046875,-0.005923322,-0.013359375,0.001171875,0,0,0,0.000739124,-0.012868924,-0.011758323,0.000681679,7.13E-05,0.000360839,-0.018766595,-0.011082176,0.000663807,1.49E-18,0,0,0,-0.003055556,0.024920271,0.087083333,-0.007638889,0,0,0,-0.007952155,0.138520306,0.1253165,-0.007255583,-0.00018548,-0.010710103,0.193514859,0.108650089,-0.010236928,0.000379112,0,0,0.000434028,-0.022958027,0.368248916,0.513461754,-0.045025276,0,0,0,-0.022534905,0.386963961,0.457357714,-0.026033284,-0.023828715,0.167831485,0.853968873,0.608121645,-0.003786128,-0.003318267,0,0.000176104,-0.003127573,-0.004809323,0.763471753,0.584160858,-0.051297338,0,0,0,-0.025657578,0.43950463,0.540554466,-0.033196385,-0.021666055,0.424985669,1.018378183,0.905319427,0.196561121,-0.030482807,0.000445312,-0.001960886,-0.036705899,0.378587554,0.884770715,0.177725014,-0.016762834,0,0,0,-0.029404616,0.498839529,0.708483456,-0.052395153,0.043830052,0.773857298,0.834078806,0.761550449,0.53631427,-0.018010867,-0.021425347,-0.034028714,0.215502996,0.891849963,0.536836724,-0.035441176,0.001261234,0,0,0,-0.029544118,0.50216442,0.695801147,-0.07286409,0.287792606,0.982696078,0.348978435,0.198835563,0.838471507,0.418738348,0.053893025,0.351148914,0.912521174,0.655219005,0.035739642,-0.00883255,3.06E-05,0,0,0,-0.039778084,0.688179092,0.696280518,0.157282867,0.867042399,0.708427219,0.040827529,-0.007159807,0.546417228,0.990175305,0.780851086,0.969742936,0.579757812,0.12002451,-0.022792589,0.000389434,0,0,0,0,-0.020142626,0.299993885,0.920243264,0.88319847,0.735547274,0.177910773,-0.024889646,-0.007701327,0.048750068,0.290417361,0.625770488,0.397482369,0.010531997,-0.008598151,0.000421038,1.63E-05,0,0,0,0,-0.002830729,0.009514655,0.532941534,0.474466095,0.039388648,-0.018428649,0.000529854,0.000429432,-0.008033258,-0.020332267,-0.02099503,-0.020307394,-0.005724911,-0.000759123,0.000118218,0,0,0,0,0,0.000161969,-0.001640795,-0.017534314,-0.023879221,-0.007316813,0.000629766,0,0,0,0,0,0,0,0,0,0,0,0,0,0,1.56E-05,-3.83E-05,-0.003067096,-0.001844975,0.000205454,0,0,0,0,0,0,0,0,0,0,0,0,0,0,0,0,0,0,0,0,0,0,0,0,0,0,0,0,0,0,0,0,0,0,0,0,0,0,0,0,0,0,0,0,0,0,0,0,0,0,0,0,0,0,0,0,0,0,0,0,0,0,0,0,0,0,0,0,0,0,0,0,0,0,0,0,0,0,0,0,0,0,0,0,0,0,0,0,0,0,0,0
0,0,0,0,0,0,0,0,0,0,0,0,0,0,0,0,0,0,0,0,0,0,0,0,0,0,0,0,0,0,0,0,0,0,0,0,0,0,0,0,0,0,0,0,0,0,0,0,0,0,0,0,0,0,0,0,0,0,0,0,0,0,0,0,0,0,0,0,0,0,0,0,0,0,0,0,0,0,0,0,0,0,0,0,0,0,0,0,0,0.000325368,-0.001533701,-0.019365502,-0.013561514,0.000536152,0,0,0,0,0,0,0,0,0.000101912,-0.000491898,-0.009106499,-0.00280033,0.000182547,0,5.44E-19,-0.00131924,0.002515302,0.120736843,0.102801268,-0.003655195,0,0,0,0,0,0,0,0,-0.000130447,-0.003340142,0.082754545,0.03043139,-0.001914573,0,0.000102124,-0.022345316,0.128718018,0.799489788,0.362363982,-0.018767021,0,0,-1.24E-18,-0.002796462,-1.24E-18,0,0,0,-0.033377937,0.278414608,0.868783002,0.357713845,-0.022873558,0,-0.000581152,-0.031780876,0.392180727,0.980811015,0.194369956,-0.018994164,0,0.000580898,-0.006622233,-0.009272598,0.000232359,0,0,0,-0.041255962,0.34948892,0.989417807,0.20051108,-0.026824295,-0.001009794,-0.018151961,0.114258612,0.898175092,0.696429636,0.029622994,-0.009037599,0.000445823,-0.011657935,0.029174122,0.375420437,-0.001339869,0,0,0,-0.00718071,0.029862626,0.69254085,0.765527999,0.106124081,-0.031421688,0.041247413,0.658538807,1.079536373,0.603118362,-0.009712116,-0.02345304,-0.027749404,0.050285471,0.580881451,0.865436743,-0.015741251,0,0,0,0.000803066,-0.022520255,0.19695687,0.90795624,0.840269438,0.510590002,0.748804892,0.94720098,0.82275257,0.972140199,0.432779255,0.076297675,0.123894353,0.674066517,1.00298332,0.517482301,-0.020159144,0,0,0,1.22E-05,-0.000549581,-0.017109715,0.2375713,0.709091316,0.989244527,0.846229013,0.355117222,0.137034603,0.753474469,1.012577334,0.798751787,0.836741473,0.975975031,0.523698768,0.008109739,-0.006124047,0,0,0,0,0.000144307,-0.001392728,-0.023352391,0.041537748,0.122240034,0.077950196,-0.021756553,-0.02033208,0.078233935,0.371400606,0.666673987,0.631526657,0.184347611,0.009132017,-0.011442775,0.000618605,0,0,0,0,0,0.000140931,-0.000513004,-0.009743668,-0.018565964,-0.01384038,-0.001643519,-3.69E-05,-0.012385621,-0.021168963,-0.020808313,-0.020870609,-0.018418947,-0.006063794,0.000606376,1.02E-05,0,0,0,0,0,0,0,0,0,0,0,0,0,0,0,0,0,0,0,0,0,0,0,0,0,0,0,0,0,0,0,0,0,0,0,0,0,0,0,0,0,0,0,0,0,0,0,0,0,0,0,0,0,0,0,0,0,0,0,0,0,0,0,0,0,0,0,0,0,0,0,0,0,0,0,0,0,0,0,0,0,0,0,0,0,0,0,0,0,0,0,0,0,0,0,0,0,0,0,0,0,0,0,0,0,0,0,0,0,0,0,0,0,0,0,0,0,0,0,0,0
0,0,0,0,0,0,0,0,0,0,0,0,0,0,0,0,0,0,0,0,0,0,0,0,0,0,0,0,0,0,0,0,0,0,0,0,0,0,0,0,0,0,0,0,0,0,0,0,0,0,0,0,0,0,0,0,0,0,0,0,0,0,0,0,0,0,0,0,0,0,8.56E-19,0.000578533,-0.004505829,-0.032483507,-0.031807036,-0.01779902,-0.002921415,0.000393023,1.53E-06,0,0,0,0,0,0,0,0,0,0,0,-1.55E-17,-0.010191313,0.0807214,0.565991796,0.514058636,0.249318423,0.021662735,-0.005731778,0.000155739,0,0,0,0,0,0,0,0,4.72E-18,0.000113613,-0.001194427,-0.01421058,-0.0089471,0.032497248,0.504830406,0.956520595,0.964499336,0.344755447,-0.027493681,-0.001105324,0,0,0,0,0,0,0,0,0.000317965,-0.003394353,-0.003375119,0.140202206,0.012131161,-0.007692002,-0.037360481,0.544155995,1.042789675,0.677640676,0.030074905,-0.00864277,0,0,0,0,0.000481839,-0.008724879,-0.001513595,0.000108842,-0.007491628,0.036887595,0.602253135,0.921370986,0.365720347,-0.02055067,-0.027548612,0.340928468,0.994381021,0.890703396,0.102195525,-0.016324752,0,0,0.0003125,-0.00097652,-0.029799275,0.038761761,-0.010608422,0.000508017,-0.015504464,0.102190155,0.83504165,1.035078176,0.415591452,-0.027224532,-0.018543352,0.232059589,0.970457499,1.018540696,0.143497564,-0.020774952,0,0,-0.004721201,0.012522828,0.39684101,0.774429347,0.430755685,-0.026394965,-0.016766133,0.093597767,0.823558092,0.978843256,0.288286918,-0.037487465,-0.016995762,0.239096524,0.971222307,1.02273143,0.144820788,-0.020919288,0,0,-0.012084184,0.061340498,0.781683994,1.049534229,0.479221933,-0.031324483,-0.025080442,0.279554075,0.933278918,0.977495404,0.30384518,-0.037379082,-0.024338593,0.369461091,0.995809198,0.963975286,0.124379713,-0.018762425,0,0,-0.018285505,0.120360819,0.946800245,0.990501379,0.352587589,-0.038632812,0.05037901,0.737811666,1.026489158,1.019740451,0.507353979,-0.018411313,-0.060083946,0.565012034,1.038174888,0.561654667,0.005894073,-0.00568253,0,0,-0.012907138,0.070223946,0.795324997,1.00979655,0.375158473,-0.047283641,0.364061359,1.019598518,0.735127492,0.707910722,0.916369135,0.184010371,0.380475249,0.976788434,0.779274167,0.091418681,-0.017460058,0.000279239,0,0,-0.003908292,-0.012124353,0.525352958,1.050370455,0.638823921,0.379311275,0.918870528,0.761023591,0.101280944,0.17613831,0.727215891,0.752044233,0.83228399,0.630582227,0.174977448,-0.022284722,0.000589051,3.40E-05,0,0,-0.000289011,-0.021661673,0.199621375,0.792847478,0.897971303,0.907624166,0.770626758,0.194085512,-0.014251821,-0.012322355,0.081997328,0.180190405,0.150013123,0.020840618,-0.02086363,0.000933875,0,0,0,0,6.74E-05,-0.000354857,-0.005990724,0.015849758,0.108620847,0.153178002,0.020234941,-0.012955542,-0.001187262,-0.00050337,-0.014789522,-0.024780788,-0.022439951,-0.007787071,0.000366115,2.67E-05,0,0,0,0,0,0.000112511,-0.000812296,-0.004477124,-0.009530586,-0.011867034,-0.004601117,-0.000564747,6.64E-05,0,0,0,0,0,0,0,0,0,0,0,0,0,0,0,0,0,0,0,0,0,0,0,0,0,0,0,0,0,0,0,0,0,0,0,0,0,0,0,0,0,0,0,0,0,0,0,0,0,0,0,0,0,0,0,0,0,0,0,0,0,0,0,0,0,0,0,0,0,0
0,0,0,0,0,0,0,0,0,0,0,0,0,0,0,0,0,0,0,0,0,0,0,0,0,0,0,0,0,0,0,0,0,1.12E-05,-0.000192164,-0.000241524,1.38E-05,0,0,0,0,0,0,0,0,0,0,0,0,0,0,0,0.000527213,-0.003474685,-0.029291967,-0.028235855,-0.000193989,0.000137905,4.08E-06,0,0,0,0,0,0,0,0,0,0,0,0,0,-0.004131099,0.025341401,0.263259464,0.248273965,-0.021509242,-0.000173301,7.34E-05,0,0,0,0.00012474,-0.00048315,-0.012596201,-0.016022059,-1.78E-05,9.54E-05,2.21E-05,-0.000233456,-0.002745404,-0.000352328,-0.018136236,0.12926251,0.82683158,0.97125463,0.334726222,-0.027141321,-0.001046262,0,0,2.59E-19,0.00028413,-0.006550109,0.063636574,0.096685032,-0.007102788,0.000258041,0.00021492,-0.018891136,-0.019495098,-0.009773284,-0.012411235,0.099005719,0.461901859,1.009576729,0.778070976,0.057749888,-0.011742579,0,0,5.28E-05,-0.016824936,0.119002876,0.679435832,0.703600575,0.08355159,-0.013516775,-0.006198206,0.225384021,0.511034875,0.140113868,-0.012733174,-0.010400718,-0.015708197,0.699778084,0.994987524,0.129835616,-0.019324959,0,0,-0.000251043,-0.039610825,0.358831903,1.038930656,0.728876642,0.038059004,-0.018088767,0.049894097,0.752369825,1.069079583,0.508040608,-0.014786569,-0.006199876,-0.004614094,0.564950301,1.046242628,0.144110261,-0.020865605,0,0,-0.006039794,0.006071654,0.603801164,1.026312738,0.351864464,-0.027376328,-0.010704007,0.061013208,0.79531124,1.070410182,0.552395952,-0.011386664,-0.005447746,-0.021046432,0.404351103,1.037826661,0.143488647,-0.020669935,0,0,-0.011042177,0.052974043,0.745958027,0.950130481,0.088232418,-0.008753472,-0.010832926,0.053481379,0.790443015,1.015179194,0.39878188,-0.024778189,-0.001706733,-0.036651416,0.252528697,1.039251021,0.145538706,-0.020780229,0,0,-0.010620915,0.049064449,0.743927288,0.773225184,0.007992,-0.003901552,-0.022667186,0.173154327,0.877591146,0.971904054,0.274691313,-0.05153554,-0.001496579,-0.012936802,0.529183279,1.026249149,0.138532877,-0.020223312,0,0,-0.010408156,0.047089907,0.748059743,0.588088678,-0.004846882,-0.007810185,-0.015122566,0.52076011,1.025942896,1.010233115,0.68752902,0.157071546,-0.039726052,0.058105818,0.850033973,0.833737303,0.076953752,-0.01370064,0,0,-0.014790809,0.087763838,0.873154852,0.574136874,-0.007937661,-0.039201062,0.186166004,0.902254613,0.880200732,0.689816813,1.021727304,0.852609033,0.39067909,0.56701726,0.995591123,0.411298102,-0.015988256,-0.002609623,0,0,-0.019830133,0.134398822,1.01084472,0.691385144,-0.011038586,0.203623826,0.831102652,0.923303428,0.241156982,0.053589614,0.516334831,0.88897869,1.051265148,1.04801685,0.627950572,0.049170973,-0.011646794,0.000219567,0,0,-0.008893144,0.032868564,0.680055079,1.017148642,0.710946317,0.917063402,0.952648808,0.381918233,-0.010706836,-0.010029718,-0.026340618,0.189674935,0.571647161,0.571522314,0.0740104,-0.014257404,0.000787575,0,0,0,7.80E-05,-0.022332049,0.167915101,0.692829929,0.90121332,0.786241932,0.426156258,-0.020439951,-0.003599384,0.000202819,-0.002908361,-0.019838011,-0.0054984,-0.003195347,-0.011295428,0.000478196,1.47E-05,0,0,0,4.34E-05,0.000318322,-0.009159092,0.005558721,0.1643101,0.01156153,-0.023155633,-0.001442606,0.00010146,6.43E-06,3.57E-05,-0.000308029,-0.002637153,-0.002735652,-8.06E-05,1.67E-05,0,0,0,0,0,6.83E-05,-0.00032571,-0.004848967,-0.022027638,-0.005905589,-0.000426326,4.89E-05,0,0,0,0,0,0,0,0,0,0,0,0,0,0,0,0,0,0,0,0,0,0,0,0,0,0,0,0,0,0,0,0,0,0,0,0,0,0,0,0,0,0,0,0,0,0,0,0,0,0,0
0,0,0,0,0,0,0,0,0,0,0,0,0,0,0,0,0,0,0,0,0,0,0,0,0,0,0,0,0,0,0,0,0,0,0,0,0,0,0,0,0,0,0,0,0,0,0,0,0,0,0.000132485,-0.00096001,-0.011619427,-0.032756105,-0.031648934,-0.002542497,0.000278831,0,0,0,0,0,0,0,0,0,0,0,0,0.000133272,-0.000910863,-0.009002247,0.067167156,0.265425994,0.255116949,-0.006112234,-0.011964154,-4.19E-05,9.70E-05,0,0,0,0,0,0,0,0,0,0,-0.001700674,-0.010259498,0.291077938,0.775370501,0.937090805,0.92755142,0.488426403,0.11713414,-0.001865548,-0.00108575,0,0,0,0,0,0,0,0,0,0,-0.010967218,0.04828896,0.670468784,1.068417088,1.011145578,1.004672624,1.025994979,0.651831138,0.028829848,-0.008338099,0,0,2.21E-05,0.00010446,-0.002950027,-0.011954146,-0.014743158,-0.006672964,0.000436183,2.72E-05,-0.002845588,0.010573972,0.182630344,0.551573638,0.964222341,0.995756587,1.006388991,0.853077274,0.089835616,-0.015026212,0,0,0.000255289,-0.00278419,-0.006809139,0.060216817,0.086375861,0.024605346,-0.006884276,0.000317965,0.000352207,-0.001656374,-0.031936665,0.034967305,0.735812968,1.013409529,0.987055308,1.018252161,0.144870774,-0.020921997,0,0,-0.004066925,0.007862399,0.362202053,0.775988732,0.851208044,0.517353707,0.010363112,-0.027004476,-0.023286509,-0.021531454,-0.013770901,0.015130991,0.633638123,1.02238397,0.986656863,1.024418403,0.146819738,-0.021133578,0,0,-0.018350694,0.119070666,0.962378302,1.020155416,1.045434487,0.65597772,0.051710251,0.301099741,0.349322474,0.320388685,0.061593529,0.084664948,0.85320818,1.0070673,1.013072729,0.780677168,0.065786862,-0.012447236,0,0,-0.018666428,0.123912753,0.954181134,0.998405025,0.991449551,0.384314508,0.416000724,0.988314202,0.994674428,0.944687636,0.336516612,0.334558025,1.007615179,0.992726511,1.008085069,0.50545658,-0.008311422,-0.004051947,0,0,-0.010370541,0.046941778,0.71757387,1.025457312,0.902977022,0.623531607,0.908263031,1.000076593,0.992591742,0.997720503,0.859102414,0.912623789,0.998913348,1.020451865,0.877137187,0.176798662,-0.026835637,0.000283905,0,0,-0.019521897,0.131741457,0.979585881,0.992804088,0.98421893,0.98356396,0.994503624,0.993722874,1.026614046,1.030657026,1.022257755,1.027130608,1.004997214,0.92359027,0.358767529,-0.014498186,-0.000925063,0,0,0,-0.018614345,0.122367056,0.96140002,1.023171501,1.006919764,1.012359205,1.029393777,0.982753949,0.68088014,0.674044288,0.88033735,0.835591819,0.48641825,0.203464222,-0.011890829,-0.003335206,0.000301659,0,0,0,-0.003461499,0.012288074,0.261806866,0.500719448,0.789172726,0.808344363,0.515063372,0.344034858,0.036622055,0.018128013,0.167847733,0.125932629,-0.026139536,-0.021754579,-0.000399986,0.000119996,0,0,0,0,0.000514706,-0.003747911,-0.024111435,-0.012007659,0.020956682,0.023065138,-0.011091357,-0.022107384,-0.007925722,-0.008364583,-0.024849877,-0.020235722,-0.001845895,0.000206801,0,0,0,0,0,0,0,6.11E-05,-0.000467167,-0.002047794,-0.004707363,-0.004881996,-0.002151207,-0.000919577,-8.40E-05,1.75E-05,0,0,0,0,0,0,0,0,0,0,0,0,0,0,0,0,0,0,0,0,0,0,0,0,0,0,0,0,0,0,0,0,0,0,0,0,0,0,0,0,0,0,0,0,0,0,0,0,0,0,0,0,0,0,0,0,0,0,0,0,0,0,0,0,0,0,0,0,0
0,0,0,0,0,0,0,0,0,0,0,0,0,0,0,0,0,0,0,0,0,0,0,0,0,0,0,0,0,0,0,0,0,0,0,0,0,0,0,0,0,0,0,0.000105173,-4.97E-05,-0.021320778,-0.028275244,-0.002653149,0.000464718,0,0,0,0,0,0,0,0,0,0,0,0,0,0,-0.000222682,-0.010434351,0.159048969,0.229310389,0.019804482,-0.003663194,0,0,0,0,0,0,0,0,0,0,0,0,0,0.000418246,-0.015776961,0.146527829,0.859150054,0.834445551,0.09103235,-0.015096678,0,0,0,0,0,0,0,0,0,0,0,0,0,-0.002818067,-0.010182938,0.642247413,0.74702594,0.578512408,0.274857289,-0.017049632,0,0,0,0,0,0,0,0,0,0,0,0,0,-0.014203253,0.091896395,0.836244162,0.493202053,0.170737286,0.227920217,-0.007395323,0,0,0,0,0,0,0,0,0,0,0,0,0,-0.030085298,0.243672547,0.914538034,0.350235773,-0.013063165,0.005385218,-0.014239839,-0.016457136,-0.000666096,0.000105173,0,3.55E-05,0.000597204,-0.010701561,-0.039033876,-0.019173296,0.000921283,0,0,0,-0.047098365,0.405043981,1.017693696,0.240912326,-0.023464614,0.003326318,0.092238494,0.112212725,-0.019890591,-0.004593903,0.000351749,-0.000128983,-0.006504306,0.070815138,0.322748979,0.149934963,-0.007782033,0,0,0,-0.017832946,0.126032271,0.859301317,0.556813879,-0.06225206,0.072618829,0.749187245,0.863972682,0.421556747,0.011835955,-0.010134371,-0.002077444,-0.003740485,0.560697542,1.010665084,0.641830201,-0.021133578,0,0,0,0.000593127,-0.037241677,0.506362286,0.960466742,0.47527594,0.613452027,0.869045939,0.593735771,0.908549683,0.58346138,-0.000586401,-0.019316023,0.162393178,0.854390625,1.04323269,0.729962089,-0.020922181,0,0,0,6.97E-05,-0.007306373,0.084307394,0.398644897,0.796667977,0.82603517,0.253484562,-0.056798832,0.313004153,0.94805896,0.327094238,-0.050788331,0.303992783,0.543566585,1.061175177,0.400035109,-0.021218001,0,0,0,0,0.000873181,-0.015024459,-0.026733521,0.056137744,0.066831488,-0.017379082,-0.004579155,-0.040177598,0.526855323,0.770245176,0.069974913,0.056666259,0.745688585,0.834717195,0.084317378,-0.013350794,0,0,0,0,0,0.00026348,-0.001604031,-0.01150531,-0.01269703,-0.001117409,0.000555385,-0.013160233,0.08347835,0.739486415,0.715583452,0.617993532,0.911929432,0.27367213,-0.024761577,-0.000972733,0,0,0,0,0,0,0,0,0,0,0,0.000914862,-0.024454827,0.158501029,0.71588351,0.755410982,0.258428462,-0.007148659,-0.002536535,0.0001234,0,0,0,0,0,0,0,0,0,0,0,1.06E-17,-0.00010672,-0.011870236,0.011220929,0.013636574,-0.019056287,-0.003115911,0.000418246,0,0,0,0,0,0,0,0,0,0,0,0,0,7.20E-05,-0.000460285,-0.003853043,-0.004093546,-0.000649152,5.27E-05,0,0,0,0,0,0,0,0,0,0,0,0,0,0,0,0,0,0,0,0,0,0,0,0,0,0,0,0,0,0,0,0,0,0,0,0,0,0,0,0,0,0,0,0,0,0,0,0,0,0,0,0,0,0,0,0,0,0,0,0,0,0,0
0,0,0,0,0,0,0,0,0,0,0,0,0,0,0,0,0,0,0,0,0,0,0,0,0,0,0,0,0,0,0,0,0,0,0,0,0,0,0,0,0,0,0,0,0,0,0,0,0,0,0,0,0,0,0,0,0,0,0,0,0,0,0,0,0,0,0,0,0,0,0,0,0,0,0,0,0,0,0,0,0,0,0,0,0,0,0,0,1.38E-05,0.000684743,-0.007896752,-0.023834252,-0.004414516,0.000462623,0,0,0,0,0,0,0,0,7.13E-05,-0.000535301,-0.002978196,-0.000229779,2.30E-05,0,0.000122038,-0.007117885,0.028752213,0.156986656,0.025901767,-0.00300994,0,0,0,0,0,0,0,0,0.000222168,-0.003230018,0.019118413,0.002497106,-0.00018893,0,-0.002853605,0.003146361,0.550007915,0.888303122,0.199101545,-0.017650633,0,0,0,0,0,0,0,0,-0.029859118,0.263234615,0.534757552,0.015637187,-0.00308742,0,-0.005975908,0.035777893,0.933663562,1.0412571,0.406874631,-0.021085735,0,0,0,0,0,0,0,0,-0.050856467,0.459192368,0.714175756,-0.002274935,-0.004933415,0.000163263,-0.004390268,0.016948478,0.755893178,1.03009906,0.261292242,-0.020669935,0,0,0,0,0,0,0,0,-0.049569932,0.435072168,0.919703891,0.086320738,-0.023347648,-0.025729791,-0.008525395,-0.024021072,0.458905688,1.043436309,0.234243338,-0.020669935,0,0,-2.94E-18,-0.006606641,-2.94E-18,0,0,0,-0.020924137,0.155755804,0.837122515,0.893087963,0.438027148,0.138960329,0.009307326,0.012019012,0.482402352,1.0403822,0.373714603,-0.040334797,0.000627213,0.000394455,-0.003274357,0.026851756,0.00011489,0,0,0,-0.000655497,-0.008989992,0.225941347,0.691599894,0.910212469,0.8999547,0.633909007,0.668861026,0.927375647,0.810356839,0.854069935,0.183268484,-0.027875647,-0.025272586,0.01638574,0.425947678,-0.000885927,0,0,0,0.000205027,-0.000861563,-0.024221291,0.026903136,0.138273613,0.520357872,0.692572188,0.685467758,0.400167458,0.091442885,0.698650144,0.881237295,0.41772013,0.353390812,0.671279571,0.863155813,-0.016578173,0,0,0,0,5.92E-05,-0.000318968,-0.008718171,-0.016653561,-0.021094907,-0.019329725,-0.019476614,-0.018603962,-0.024154071,0.089121944,0.609256332,0.867663092,0.9250481,0.845973073,0.469746868,-0.016033327,0,0,0,0,0,0,0,0,0,0,0,3.24E-18,0.00097018,-0.015013164,-0.012874677,0.142882421,0.182184419,0.123838252,-0.025544974,-0.001755004,0,0,0,0,0,0,0,0,0,0,0,0,0,0.000557662,-0.004149203,-0.022041054,-0.026504596,-0.019946385,-0.001687661,0.000318627,0,0,0,0,0,0,0,0,0,0,0,0,0,0,0,0,0,0,0,0,0,0,0,0,0,0,0,0,0,0,0,0,0,0,0,0,0,0,0,0,0,0,0,0,0,0,0,0,0,0,0,0,0,0,0,0,0,0,0,0,0,0,0,0,0,0,0,0,0,0,0,0,0,0,0,0,0,0,0,0,0
0,0,0,0,0,0,0,0,0,0,0,0,0,0,0,0,0,0,0,0,0,0,0,0,0,0,0,0,0,0,0,0,0,0,0,0,0,0,0,0,0,0,0,0,0,0,0,0,0,0,0,0,0,0,0,0,0,0,0,0,0,0,0,0,0,0,0,0,0,0,0,0,0,0,0,0,0,0,0,0,0,0,0,0,0,0,0,0,0,0,0,0,3.67E-05,0.000727328,-0.019177696,-0.012598346,0.000747243,0,0,0,0,0.000110635,-0.004522339,-0.003153084,0.000276586,1.15E-17,0,0,0,0,0,0,-0.000273124,-0.005152863,0.139249966,0.07334072,-0.008227822,0.000387265,0,0,0,-0.001024646,0.034748549,0.027432938,-0.003806509,0.000140931,1.19E-05,0.000672109,-0.007406556,-0.010954691,-6.67E-05,5.31E-05,-0.001041539,-0.023513906,0.583703976,0.573306798,0.000858796,-0.00346908,0,0,0,-0.01551829,0.724297662,0.619169164,0.085658996,-0.014089214,-7.39E-05,-0.004108019,0.046093361,0.05434384,-0.001823407,-0.000165097,-0.000140346,-0.012815825,0.203921229,0.844096398,0.190395537,-0.02420948,0,0,0,-0.014860771,0.756831628,0.475764161,-0.002329674,-0.004361673,-0.000606975,-0.037656944,0.404250528,0.714093954,0.016756604,-0.003977992,2.04E-05,-0.004764434,0.019349248,0.832430028,0.42441859,-0.0479744,0,0,0,-0.020419901,0.324914105,0.777168726,0.082564168,-0.027008221,0.000188266,-0.055583242,0.449212452,1.028715022,0.116277999,-0.019564696,0.000924544,-0.004157884,0.012160114,0.813731124,0.444888531,-0.049957197,0,0,0,-0.010530195,0.037086204,0.745154259,0.712683279,0.06102674,-0.053897689,0.075161276,0.683031863,1.022604967,0.552449295,0.009039522,-0.009459816,-0.00540659,0.04508255,0.822898846,0.367483592,-0.042117729,0,0,0,-0.00041922,-0.018320391,0.181309215,0.753763548,0.715316296,0.37461763,0.732439057,0.776184317,0.456464869,0.928865519,0.471802151,-0.01436531,-0.048626549,0.343363443,0.861008561,0.15553319,-0.020785129,0,0,0,0.000110065,-0.000103734,-0.018368544,0.065827117,0.562816114,0.853932864,0.666142759,0.178313444,-0.032840946,0.384656591,0.865607514,0.682085758,0.548653965,0.882353723,0.550280835,-0.025135084,-0.000848178,0,0,0,0,0.000130447,-0.000597767,-0.012513957,-0.010565938,0.053132744,0.009225062,-0.01481073,-0.005576661,-0.016622328,0.150324925,0.557877566,0.836368243,0.694775871,0.077639263,-0.009923032,0.000264971,0,0,0,0,0,0,0.000130208,-0.000777846,-0.005879374,-0.002519771,0.000148931,0.000160846,-0.000208078,-0.017907305,-0.001729308,0.113409807,0.052971865,-0.00852902,0.000168556,0,0,0,0,0,0,0,0,0,0,0,0,0,2.15E-18,0.000355392,-0.004756329,-0.018793505,-0.011555453,2.54E-05,5.61E-05,0,0,0,0,0,0,0,0,0,0,0,0,0,0,0,0,0,0,0,0,0,0,0,0,0,0,0,0,0,0,0,0,0,0,0,0,0,0,0,0,0,0,0,0,0,0,0,0,0,0,0,0,0,0,0,0,0,0,0,0,0,0,0,0,0,0,0,0,0,0,0,0,0,0,0,0,0,0,0,0,0,0,0
0,0,0,0,0,0,0,0,0,0,0,0,0,0,0,0,0,0,0,0,0,0,0,0,0,0,0,0,0,0,0,0,0,0,0,0,0,0,0,0,0,0,0,0,0,0,0,0,0,0,0,0,0,0,0,0,0,0,0,0,0,0,0,0,6.43E-05,-0.000568321,-0.000807802,8.56E-05,0,0,0,0,0,0,0,0,0,0,0,0,0,0,0,0.000151654,-0.001285233,-0.020259395,-0.022852669,-0.004566875,0.00057598,0,0,0,0,0,0,0,0,0,0,0,0,0,0,-0.000866013,-0.007652505,0.255126294,0.340418709,0.019354694,-0.004560185,0,0,0,0,0,3.36E-18,-4.66E-18,-3.27E-16,-2.57E-16,1.00E-17,0,0,0,0,-0.006705219,0.053685747,0.863869911,0.830206291,0.071710693,-0.013246868,0,0,0,0,0,0.000162377,-0.000396072,-0.013648557,-0.020187552,-0.00603639,0.000565938,0,0,0,-0.022140812,0.340078132,0.934266065,0.321881446,-0.026461321,-0.021390486,-0.010002038,0.000161428,4.40E-05,0,0,-0.005282194,0.00988151,0.484360044,0.429135912,0.020302457,-0.003071369,0,0,0,-0.035516646,0.592902454,0.880078448,0.150119707,-0.013406863,0.147687364,0.0538614,-0.034581087,-0.011773744,-9.88E-05,-0.000354065,-0.004836652,-0.00144938,0.460715465,0.97729334,0.38841265,-0.03536986,0,0,0,-0.044614277,0.76944133,0.799138787,-0.013154156,0.252418776,0.865145425,0.77070961,0.539301692,0.140751123,-0.041199486,-0.030346439,-0.033692317,0.002010944,0.401592286,0.973809092,0.410193525,-0.037085546,0,0,0,-0.043835478,0.747557853,0.848114617,0.282731669,0.840366254,0.832496,0.629348056,0.946941789,0.84568927,0.379750401,0.293287956,0.30570961,0.631376089,1.000036509,0.707270613,0.055706784,-0.006710835,0,0,0,-0.025702717,0.393284586,1.002690938,0.997532935,0.905972358,0.258905076,-0.00417036,0.27064168,0.739730596,1.051305814,1.025820261,1.042654003,0.974559232,0.545598363,0.088937382,-0.014686649,0.000528493,0,0,0,-0.003228823,0.011713478,0.56017748,0.676123697,0.163191739,-0.023103403,-0.007276456,-0.025760687,0.052298231,0.321723144,0.489264315,0.446904818,0.150942056,0.000219756,-0.015842316,0.000549305,0,0,0,0,0.000309947,-0.004101988,-0.020223312,-0.021136642,-0.016483225,-0.001364209,0.000322883,-0.000648659,-0.010911799,-0.02050178,-0.020775463,-0.0210529,-0.018270016,-0.005086635,0.000174269,3.74E-05,0,0,0,0,0,0,0,0,0,0,0,0,0,0,0,0,0,0,0,0,0,0,0,0,0,0,0,0,0,0,0,0,0,0,0,0,0,0,0,0,0,0,0,0,0,0,0,0,0,0,0,0,0,0,0,0,0,0,0,0,0,0,0,0,0,0,0,0,0,0,0,0,0,0,0,0,0,0,0,0,0,0,0,0,0,0,0,0,0,0,0,0,0,0,0,0,0,0,0,0,0,0,0,0,0,0,0,0,0,0,0,0,0,0,0,0,0,0,0,0,0
0,0,0,0,0,0,0,0,0,0,0,0,0,0,0,0,0,0,0,0,0,0,0,0,0,0,0,0,0,0,0,0,0,0,0,0,0,0,0,0,0,0,0,0,0,0,0,0,0,0,0,0,0,0,0,0,0,0,0,0,0,0,0,1.69E-05,-9.29E-06,-0.00358655,-0.002435202,0.000249939,1.53E-06,0,0,0,0,0,0,0,4.90E-05,-0.000454935,-0.001397059,0.000122549,0,0,0,0.000722324,-0.014041939,0.006378728,0.002504136,-0.004943592,0.000382455,0,0,0,0,0,0,0,-4.08E-05,-4.04E-05,0.001164216,-0.000102124,0,0,0,-0.008962827,0.110094584,0.673316959,0.462374966,-0.015995526,-0.002873945,6.44E-18,-3.86E-17,-2.89E-16,-5.93E-17,7.31E-18,0,0,-0.009241898,0.084524207,0.263394097,-0.023104745,0,0,0,-0.023143484,0.34559889,1.024714954,0.842708589,0.082915953,-0.014295343,6.04E-05,-0.012036867,-0.021571691,-0.00691506,0.000428922,0,0,-0.018672726,0.230471308,0.532172692,-0.046681815,0,0,0,-0.029653092,0.465001002,1.036479573,0.664019693,0.027253869,-0.008609701,-0.008617616,0.117488025,0.473561871,0.112214398,-0.011159859,0,0,-0.021036987,0.300572562,0.599554136,-0.052592468,0,0,0,-0.041125613,0.673446998,1.055467695,0.708547079,0.042371897,-0.01307838,-0.00146424,0.655657033,1.058340669,0.365890778,-0.021133408,9.19E-07,7.61E-05,-0.021726205,0.503762858,0.591528033,-0.051885468,0,0,0,-0.0345769,0.554478707,1.049772995,0.621099929,0.01408422,-0.021424717,0.096985498,0.911902471,1.002940342,0.203531246,-0.019954725,0.000380208,-0.002452155,-0.036319547,0.789382465,0.604944598,-0.053033514,0,0,0,-0.035545037,0.572066534,1.060174258,0.525518927,-0.033876439,-0.014304092,0.486646769,1.010660165,0.996697917,0.208264203,-0.019927492,-0.002456733,-0.012537548,0.276246528,0.963843402,0.480042467,-0.042939389,0,0,0,-0.022134089,0.327094788,1.027314015,0.803293726,0.164399637,0.416804909,0.970284926,1.014944393,1.008257608,0.297371014,-0.034597801,-0.036502145,0.203218988,0.91797229,0.758644759,0.061540969,-0.007318474,0,0,0,-0.0063433,0.057775689,0.701668994,0.93300854,0.930498463,1.006806082,0.922742618,0.960162006,1.011020681,0.343781499,0.040306925,0.356835008,0.88990602,0.769666935,0.121000311,-0.020677323,0.000750326,0,0,0,0.000198632,-0.007637697,0.023903356,0.174903493,0.508601531,0.569733898,0.185149289,0.698273948,1.042122158,0.852180319,0.835123775,0.864606584,0.505367307,0.109243498,-0.028655749,0.000189781,2.13E-05,0,0,0,1.28E-05,0.000256161,-0.003896038,-0.017782544,-0.027679518,-0.02546732,-0.019593324,0.371488409,0.706657748,0.783241426,0.631842542,0.225710427,-0.029263004,-0.013885383,0.001447149,0,0,0,0,0,0,0,1.03E-18,7.35E-05,-0.001762566,-0.002764808,-0.000922862,1.21E-05,0.009425398,0.018041933,-0.000889348,-0.020732537,-0.003181679,0.00025,0,0,0,0,0,0,0,0,0,0,0,7.66E-06,4.62E-05,-0.00188174,-0.003868107,-0.004492071,-0.00301394,-0.000413603,6.89E-05,0,0,0,0,0,0,0,0,0,0,0,0,0,0,0,0,0,0,0,0,0,0,0,0,0,0,0,0,0,0,0,0,0,0,0,0,0,0,0,0,0,0,0,0,0,0,0,0,0,0,0,0,0,0,0,0,0,0,0,0,0,0,0,0
0,0,0,0,0,0,0,0,0,0,0,0,0,0,0,0,0,0,0,0,0,0,0,0,0,0,0,0,0,0,0,0,0.000921283,-0.007889263,-0.019826389,-0.015277267,-0.00208078,0.000305736,0,0,0,0,0,0,0,0,0,0,0,0,0,0,-0.006080032,0.052066416,0.131627125,0.093737465,0.003687528,-0.000953132,0,0,0,0,0,0,0,0,0,0,0,0,0,0,-0.048260161,0.414011046,1.019393638,0.843852175,0.180778714,-0.027073601,0.000286969,0,0,0.00015625,0.000296258,-0.019615196,-0.034588848,-0.01132261,0.000761029,0,0,0,0,0,-0.036994415,0.30547081,0.967252706,1.019685645,0.519378166,-0.003846409,-0.004536526,0,0,-0.000367477,-0.009447587,0.12232547,0.253181713,0.073489634,-0.005052696,6.71E-18,-4.18E-17,-4.12E-16,-4.12E-16,-4.06E-17,-0.015604745,0.104707159,0.803076951,1.043635263,0.689323104,0.036287198,-0.009260451,0,0,-0.013076321,0.071180445,0.805723107,1.013277301,0.442432632,-0.028395016,0.000688924,-0.005599639,-0.019681032,-0.019670139,-0.005520153,0.001704374,-0.045155842,0.564829674,1.041226801,0.678797505,0.033471577,-0.00893093,0,0,-0.021578479,0.150816918,1.042642473,0.96802488,0.290044535,-0.019970955,-0.012278443,0.085537738,0.598309027,0.595817061,0.075654767,-0.012796707,-0.020158575,0.295436081,0.985734768,0.923507144,0.112773138,-0.017463448,0,0,-0.018090108,0.118586533,0.949915594,0.84116476,0.060383017,-0.006850848,-0.034696201,0.266061138,0.959025701,0.985337044,0.332718563,-0.02773883,-0.019268553,0.258931832,0.979591793,0.947364532,0.120423648,-0.018288058,0,0,-0.010796058,0.050752262,0.752493209,0.696516323,0.003719414,-0.005173798,-0.025518629,0.382654037,0.976086159,1.033289811,0.525694053,-0.009291814,-0.025238885,0.276116422,1.005024578,0.72073029,0.045930404,-0.010282033,0,0,-0.018958504,0.126623405,0.985452938,0.648855733,0.004659382,-0.013623298,0.038531688,0.703156505,1.006914063,1.034352856,0.553059096,-0.008325231,-0.036504272,0.603341776,1.040960835,0.671489328,0.032164659,-0.008763446,0,0,-0.013126532,0.072470293,0.813034297,0.781728656,0.012408054,-0.034690325,0.434963821,0.979408735,1.003650276,1.038652046,0.563516885,-0.020734156,0.086459984,0.791842576,1.036519744,0.476129851,-0.018785924,-0.002946283,0,0,-0.004788159,-0.003846599,0.561824222,0.857029184,0.039884126,0.029266184,0.802434138,1.030983602,0.927856046,0.959434491,0.846999664,0.05299612,0.30666828,0.982407107,0.909945273,0.21128054,-0.031346378,0.000354653,0,0,-0.002863732,-0.009468071,0.37988431,0.956052049,0.532945295,0.652709593,1.023604911,0.880567725,0.240071487,0.439676351,0.992640761,0.381178577,0.671611996,1.054361622,0.602324857,0.007349043,-0.004551384,0,0,0,0.000268076,-0.009046156,0.027644387,0.457027216,0.952992375,0.999669935,0.710325184,0.216913892,-0.035209235,0.1258037,0.847223686,0.955895584,0.977986656,0.825890863,0.142097597,-0.016119775,0.000478986,0,0,0,0,0.000447189,-0.007545479,0.02965288,0.321111775,0.496446112,0.087641369,-0.027366643,-0.005349792,-0.004415288,0.351927373,0.679725195,0.489798832,0.167291769,-0.009234477,-0.000374694,0,0,0,0,0,2.32E-05,9.32E-05,-0.004036305,-0.021335018,-0.031133221,-0.008154784,-2.55E-07,0.000315921,-0.000505821,-0.022984783,-0.04073346,-0.030672998,-0.012854933,-0.000490809,9.10E-05,0,0,0,0,0,0,0,0,0,0,0,0,0,0,0,0,0,0,0,0,0,0,0,0,0,0,0,0,0,0,0,0,0,0,0,0,0,0,0,0,0,0,0,0,0,0,0,0,0,0,0,0,0,0,0,0,0,0,0,0,0,0,0
0,0,0,0,0,0,0,0,0,0,0,0,0,0,0,0,0,0,0,0,0,0,0,0,0,0,0,0,0,0,0,0,0,0,0,0,0,0,0,0,0,0,0,0,0,0,0,0,0,0,0,0,0,0,0,0,0,0,0,0,0,0,0,0,0,2.55E-06,0.000204248,-0.003908065,-0.010001174,-0.003422283,9.44E-05,1.46E-05,0,0,0,0,0,0,0,0,0,0,0,0,0,0.000696147,-0.010664488,0.019034895,0.1060609,0.025098278,-0.000953959,-0.000107792,0,0,0,0,0,0,0,0,0,0,0,0,0.000268076,-0.006701474,0.026003881,0.581144963,1.002475133,0.506061564,-0.008197355,-0.001840805,-0.006572041,-0.014928428,-0.001962486,0.00032935,0,0,0,0,0,0,0,3.11E-05,-0.00271412,-0.017901518,0.41155799,0.982637598,0.864085189,0.306808602,-0.021010178,-0.020405842,0.053024829,0.153689151,0.020174292,-0.003383885,0,0,0,0,0,0,0,3.62E-05,-0.022839825,0.14616718,0.864727471,0.903020447,0.152712622,-0.004464368,-0.030211399,0.118530057,0.710580893,0.895536855,0.19111974,-0.027041804,-0.001055807,-0.021453817,-0.016208063,0.001426766,0,0,0,-0.003087571,0.002556815,0.589376055,1.032544016,0.573057747,-0.042282033,-0.014316466,0.320701542,0.869034841,1.024024686,0.627705865,0.06887003,-0.013833163,-0.010889995,0.157401315,0.129029225,-0.011304722,0,0,0,-0.015170241,0.203149884,0.964855767,0.883846082,0.136981082,-0.014853554,0.423091537,0.958655178,1.014912667,0.538206895,0.05908604,-0.002395663,-0.032590431,0.316454231,0.9042395,0.528900633,-0.047399237,0,0,0,-0.034518536,0.553226716,1.036030263,0.80635849,0.46661549,0.797102771,1.008054773,1.022873877,0.649383391,0.029805263,-0.022940053,-0.039013089,0.251561223,0.900761285,0.908585276,0.286185832,-0.026982911,0,0,0,-0.033441993,0.532633442,1.027348414,1.03196858,0.955991059,0.754454487,0.978408037,0.80513877,0.108037803,-0.043116771,-0.030461023,0.282565547,0.854640234,0.948259889,0.285785893,-0.036036475,0.001648029,0,0,0,-0.003346633,0.033503849,0.326410443,0.321333449,0.11464918,0.516937701,1.005016866,0.363959854,0.00604942,0.149717338,0.554158106,0.936199095,0.887946272,0.250213386,-0.021334268,-0.001934457,0,0,0,0,0.000496834,-0.007497106,-0.020607469,-0.028687364,0.002298605,0.654333504,1.0311298,0.632333861,0.698228656,0.911908928,1.07145595,0.723090244,0.245682972,-0.026217337,-0.00332997,0.000294458,0,0,0,0,0,0,0,-0.00247515,-0.00791152,0.321369009,0.865312296,0.96743956,0.965353179,0.713987964,0.358591112,0.104250272,-0.032423424,0.000262731,8.15E-05,0,0,0,0,0,0,0,0,0.00022229,-0.002137194,-0.007207891,0.02696058,0.037231907,0.037312006,0.010870429,-0.029536016,-0.014383238,0.000483762,5.24E-05,0,0,0,0,0,0,0,0,0,4.08E-06,0.000118625,-0.001334048,-0.005304534,-0.006034875,-0.006049071,-0.003904549,-0.000688828,-0.000111315,1.84E-05,0,0,0,0,0,0,0,0,0,0,0,0,0,0,0,0,0,0,0,0,0,0,0,0,0,0,0,0,0,0,0,0,0,0,0,0,0,0,0,0,0,0,0,0,0,0,0,0,0,0,0,0,0,0,0,0,0,0,0,0,0,0,0,0
0,0,0,0,0,0,0,0,0,0,0,0,0,0,0,0,0,0,0,0,0,0,0,0,0,0,0,0,0,0,0,0,0,0,0,0,0,0,0,0,0,0,0,0,0,0,0,0,0,0,0,0,0,0,0,0,0,0,0,0,0,0,0,0,0,0,0,0,0,0,0,0,0,2.53E-05,3.11E-05,-0.004663858,-0.016915492,-0.003699859,0.000447815,0,0,0,0,0,0,0,0.000214461,-0.00026599,-0.021071078,-0.034658701,-0.003171262,0.000315257,0,0.000438725,-0.012007761,0.023578159,0.231447832,0.056687915,-0.006606584,0,0,0,0,0.000112337,-0.001315274,-0.012440428,-0.002069291,-0.000842811,0.145762851,0.252734528,0.002173696,-0.001152063,9.17E-05,-0.008157731,0.071504936,0.728281658,1.016262425,0.144404121,-0.02071521,0,0,0,0.000379112,-0.003959865,-0.00245498,0.120868736,-0.007680675,0.041150993,0.715589784,1.022697798,0.323033701,-0.021865962,-0.00068281,-0.024246868,0.48744887,1.025236656,0.967417228,0.124280502,-0.0187997,0,0,3.26E-05,-0.001721984,-0.013436264,0.426664544,0.839360061,0.207472959,-0.007289245,0.633165705,1.04489943,0.555901173,-0.034634085,-0.006192716,0.015011635,0.761409152,1.026066644,0.455366152,-0.013177065,-0.00322585,0,0,-4.12E-05,-0.028062961,0.225489515,0.924585852,0.995485192,0.314094482,-0.074747004,0.392165067,1.020716946,0.538277369,-0.037793913,-0.011666616,0.068297062,0.809444598,0.986850048,0.311857792,-0.033432086,-0.000343478,0,0,-0.00404616,-0.011136317,0.531146378,1.054599469,0.846229218,0.131034263,-0.052852207,0.406048135,1.032226035,0.668437466,-0.016716163,-0.023266632,-0.034921347,0.487394625,1.038470214,0.686736281,0.035348844,-0.009148625,0,0,-0.011952274,0.061008214,0.770891697,1.020605903,0.437473737,-0.027192844,0.018817109,0.653992256,1.040649612,0.973490928,0.544041513,0.116527591,-0.013923986,0.055027727,0.808686257,1.028787888,0.141927867,-0.020653254,0,0,-0.019470316,0.131200114,0.994667433,0.77517162,0.040956393,-0.042587452,0.16078608,0.934359954,0.94261409,0.946440462,1.03643973,0.83479514,0.647361537,0.481585801,0.749297096,1.031038892,0.142726193,-0.020727635,0,0,-0.021281576,0.148002472,1.052732325,0.654066199,0.000235773,0.154643648,0.771818627,1.045321566,0.462743213,0.231056164,0.696669045,0.901254868,0.999945868,1.034631232,1.02035236,1.027326614,0.143302356,-0.020885988,0,0,-0.018367034,0.120276079,0.963364532,0.849300773,0.597959984,0.91492419,1.043875369,0.661772144,0.068223005,-0.033029871,-0.006676624,0.041378596,0.303922164,0.567862098,0.600239022,0.757281999,0.152413324,-0.019159688,0,0,-0.004633034,0.002175411,0.473526059,0.978691176,1.02861009,0.983712231,0.572518633,0.114639127,-0.020956019,0.000924071,-0.001240383,-0.005444641,-0.030710274,-0.013835682,-0.030093324,0.303876855,0.104936764,-0.01115145,0,0,0.00039488,-0.005521585,-0.005385553,0.201756264,0.331479439,0.196669833,-0.002935979,-0.011406097,0.000427066,3.86E-05,0,0,0.000225184,-0.003772672,-0.006612779,0.010237337,0.003597998,-0.0003782,0,0,1.02E-05,0.000188945,-0.002150174,-0.015142565,-0.022303666,-0.014883732,-0.002741073,-0.000248928,3.96E-05,0,0,0,0,0,0.000186377,-0.002124694,-0.00069188,7.46E-05,0,0,0,0,0,0,0,0,0,0,0,0,0,0,0,0,0,0,0,0,0,0,0,0,0,0,0,0,0,0,0,0,0,0,0,0,0,0,0,0,0,0,0,0,0,0,0,0,0,0,0,0,0,0,0,0,0,0,0,0,0
0,0,0,0,0,0,0,0,0,0,6.61E-18,0.001076559,-0.016074049,-0.043299377,-0.007630804,0.000853588,1.28E-05,0,0,0,0,0,0,0,0,0,0,0,0,0,-7.54E-17,-0.012133204,0.182984285,0.480517174,0.068611026,-0.010294118,-3.68E-05,0,0,0,0,0,0,0,0,0,0,0,0,0,-7.96E-17,-0.018808005,0.216509638,0.969602968,0.522850815,-0.006801632,-0.002339081,0,0,0,0,0,0,0,0,0,0,0,0,0,2.64E-18,-0.003547113,-0.020729587,0.544999609,0.95126508,0.023334695,-0.005221456,0,0,0,0,0,0,0.00013511,-0.002341912,-0.002341912,0.00013511,0,0.000477022,-0.006845588,-0.027909007,-0.006946112,-0.04416524,0.345858711,0.978622464,0.174714103,-0.014086091,7.34E-05,0,0,0,0,0.000417839,-0.003169152,-0.016159092,-0.012109443,-0.001277301,0.000203824,-0.001954197,0.023159569,0.191466759,0.038473141,-0.028391831,0.161050688,0.846153203,0.558245949,-0.032161901,-0.0001386,0,0,0,0,-0.004143736,0.015855103,0.43003045,0.390862337,9.85E-06,-0.002323591,-0.03084375,0.496388531,0.955875885,0.376353333,-0.0199627,-0.043225099,0.472174377,0.726015863,0.019606805,-0.006196241,0,0,0,0,-0.021379779,0.157804241,0.896640543,0.786851552,0.071964249,-0.01165848,-0.0488033,0.740565934,1.088129561,0.56110109,-0.010794844,-0.025427147,0.337140285,0.797225398,0.079149376,-0.012633173,0,0,0,0.0002548,-0.034886419,0.245557802,0.945692453,0.594525531,-0.036930232,-0.00360768,-0.008534229,0.743885791,1.044098737,0.452646123,-0.023563756,-0.023508459,0.329956716,0.867291122,0.186855324,-0.024015735,0,0,0,-0.003103214,-0.025477661,0.474438368,1.029392582,0.576410556,-0.043409961,-0.002311667,-0.028572168,0.737710393,1.005174275,0.313321283,-0.040412845,-0.020777642,0.324954521,0.885283803,0.213143723,-0.026797929,0,0,0,-0.020082891,0.460538587,1.00761232,1.039258459,0.688882795,0.013922692,-0.033154325,0.149920326,0.862525174,0.935897399,0.235877485,-0.030846378,-0.025014161,0.334785778,0.970597341,0.329746068,-0.039178183,0,0,0,-0.020947372,0.754577932,0.984390234,0.805362592,0.974989975,0.485981056,0.089280842,0.73733175,1.031722443,1.002576576,0.37875206,-0.040214287,-0.00553719,0.590870013,0.993580576,0.326970095,-0.039108883,0,0,0,-0.019597652,0.82634379,0.681106729,0.101743202,0.797331438,0.99077273,0.840330115,1.040334831,0.719904967,0.753686866,0.826945005,0.06850547,0.007110221,0.808375797,0.846965319,0.094279347,-0.014618357,0,0,0,-0.007078057,0.624480606,0.194175007,-0.047257625,0.139809198,0.680201185,0.985418875,0.700755804,0.076598924,0.296459525,1.050167909,0.608325639,0.431177237,0.942987762,0.785129255,0.031465159,-0.007957279,0,0,0,-0.000254459,0.069115422,0.007278901,-0.0003862,-0.012926028,0.045988562,0.221324888,0.053970929,-0.027448887,0.045573104,0.600697066,1.022867443,1.047035829,0.988094669,0.290034161,-0.006043947,-0.001434919,0,0,0,9.19E-05,-0.012598141,-0.002619485,0.000340074,-0.000116422,-0.010762868,-0.031018405,-0.011787684,0.001452819,-0.012266782,0.019399901,0.479355747,0.729301437,0.334646463,-0.023745234,-0.002672232,0.00022013,0,0,0,0,0,0,0,0,0,0,0,1.93E-05,0.00024183,-0.004041616,-0.030324182,-0.043971405,-0.022482128,-0.000436785,0.000140778,0,0,0,0,0,0,0,0,0,0,0,0,0,0,0,0,0,0,0,0,0,0,0,0,0,0,0,0,0,0,0,0,0,0,0,0,0,0,0,0,0,0,0,0,0,0,0,0,0,0,0,0,0,0,0,0,0,0,0,0,0,0,0
0,0,0,0,0,0,0,0,0,0,0,0,0,0,0,0,0,0,0,0,0,0,0,0,0,0,0,0,0,0,0,0,0,0,0,0.000489345,-0.005323223,-0.019042232,-0.00708061,0.000638276,0,0,0,0,0,0,0,0,0,0,0,0,0,0,0,-0.003369461,0.0366498,0.131435137,0.048870817,-0.00440514,0,0,0,0,0,0,0,0,0,9.28E-05,0.000406761,-0.015091452,-0.013596877,-0.001197406,0.00014808,-0.023409841,0.254380021,0.928404485,0.346662922,-0.031230426,0,0,0,0,0,0,0,0,1.29E-05,-0.000469056,-0.017125579,0.213749132,0.179440827,0.013128659,-0.001391425,-0.035604541,0.347384566,0.941122016,0.337434981,-0.030722358,0,0,0,0,8.43E-05,-0.000222971,-0.007000187,-0.001822949,0.00023526,-0.01343784,0.061382302,0.746667705,0.910698028,0.122571487,-0.014733762,-0.029731005,0.547083435,0.960216002,0.211551011,-0.020186972,0,0,0,0,-0.000323223,-0.002010655,0.059528271,0.009826257,-0.003381366,-0.018224265,0.433270153,1.015292126,0.812240702,0.035141442,-0.027898489,0.147305981,0.874172096,0.746731568,0.012829095,-0.002960325,0,0,0,2.45E-06,-0.017889711,0.117704197,0.677840267,0.323233422,-0.020768704,0.024968645,0.727616723,1.036883807,0.505180589,-0.029209283,-0.033238844,0.392821838,1.013902936,0.286065669,-0.024627512,0.00042803,0,0,0,0.000111111,-0.034867153,0.231965839,1.021537718,0.399335416,-0.049552934,0.321104711,0.971744996,1.01732741,0.272333323,-0.044440904,0.225061853,0.932018655,0.639470418,0.012382581,-0.007605018,0,0,0,0,-0.001683517,-0.01660432,0.466922335,1.015508221,0.148530805,0.038287377,0.743120234,1.021366677,1.011432036,0.106798507,0.264225099,0.87954679,0.856060781,0.149937074,-0.021218356,6.57E-05,0,0,0,0,-0.008762561,0.091522263,0.872366558,0.801472869,0.052139657,0.338353145,0.964569308,1.008084031,1.003103894,0.480800739,0.902650429,1.003098907,0.269664114,-0.02699857,3.64E-05,6.43E-05,0,0,0,0,-0.016300398,0.222229013,1.01691779,0.614439151,0.041427938,0.712914165,0.831841333,0.488015404,0.957630719,1.059986717,0.944365349,0.509814406,0.002595469,-0.003454146,8.07E-05,0,0,0,0,0,-0.027072938,0.418943904,1.032820802,0.517661649,0.335995805,0.965633246,0.439086564,-0.03029478,0.361328234,0.589412455,0.245578893,-0.00135592,-0.004817934,0.000132536,0,0,0,0,0,0,-0.028416054,0.447401859,0.993494656,0.537201491,0.756758744,0.71908541,0.054718205,-0.017580644,-0.018642429,-0.021362935,-0.017749694,-0.005565598,0.000210206,2.20E-05,0,0,0,0,0,0,-0.040086703,0.656271906,1.012309419,0.961486996,0.935660898,0.239450385,-0.020353673,-0.000240196,0,0,0,0,0,0,0,0,0,0,0,0,-0.042302696,0.694387255,1.03609695,0.992971405,0.483215133,-0.008260876,-0.002424377,0.000143382,0,0,0,0,0,0,0,0,0,0,0,0,-0.023476001,0.357860464,0.989630276,0.534648659,0.066830796,-0.008322781,0.000183824,0,0,0,0,0,0,0,0,0,0,0,0,0,-0.001386664,0.016712068,0.128252262,0.022106162,-0.016400192,0.000483572,0,0,0,0,0,0,0,0,0,0,0,0,0,0,0.000331393,-0.00471218,-0.019340108,-0.00678428,0.00053249,2.21E-05,0,0,0,0,0,0,0,0,0,0,0,0,0,0,0,0,0,0,0,0,0,0,0,0,0,0,0,0,0,0,0
0,0,0,0,0,0,0,0,0,0,0,0,0,0,0,0,0,0,0,0,0,3.40E-06,0.000392361,-0.003196827,-0.017830542,-0.020490196,-0.006484886,0.000782683,1.48E-18,0,0,0,0,0.000389093,-0.005545854,-0.020823461,-0.015232843,-0.001042049,0.000222971,0,0,2.14E-05,-0.003486784,-0.002018348,0.549915175,0.890915338,0.438295439,-0.009453167,-0.003320798,0,0,0,0,-0.016213821,0.231704952,0.859891804,0.629091727,0.043244311,-0.009225572,0,0,-0.000536322,-0.028164313,0.283884038,0.95433015,0.999595588,0.324683415,-0.039085239,-7.39E-19,0,0,0,0,-0.018761387,0.26633861,1.017567334,0.746577665,0.051060393,-0.010925586,0,0,-0.00092065,-0.042273093,0.462496034,1.065070415,0.890050245,0.205479167,-0.026378868,0,0,0,0,0,-0.008506179,0.084796688,0.917093631,0.736227533,0.050018344,-0.010702614,0,0,-0.005334627,0.000199849,0.574334814,1.052226801,0.759182394,0.061809709,-0.010979985,1.52E-18,-1.49E-17,-2.01E-16,-4.01E-17,5.22E-18,-0.004302849,0.013661305,0.812659978,0.742153186,0.050018344,-0.010702614,0,0,-0.011123877,0.053927938,0.740190308,1.034698921,0.598324755,-0.028128132,-0.000900901,0.000466197,-0.006983422,-0.020654956,-0.015056509,-0.001205617,-0.002369485,-0.004968886,0.584743464,0.75507707,0.049977579,-0.010702614,0,0,-0.010784314,0.050776568,0.730629815,1.035162855,0.576214993,-0.040717663,0.000507686,-0.004842189,0.063435024,0.367613836,0.138450736,-0.0003829,-0.003451959,-0.01023331,0.53278109,0.753925288,0.050386905,-0.010702614,0,0,-0.011209661,0.054731411,0.742433875,1.034811564,0.624094975,-0.013627417,-0.002524968,-0.023463746,0.352652539,1.013538109,0.82533701,0.083226122,-0.015970078,-0.014636506,0.482229218,0.748026893,0.051235274,-0.010699551,0,0,-0.003800722,-0.014660735,0.536301164,1.062287718,0.781586499,0.074762851,-0.012524051,-0.026579657,0.366621885,1.000940496,0.941367919,0.117798449,-0.020433875,-0.007575555,0.562925909,0.758859528,0.0503918,-0.010758272,0,0,-0.000536322,-0.04132888,0.408973175,1.033540594,0.916632915,0.228592422,-0.032959673,-0.037349094,0.576944632,1.020748077,0.926385587,0.114510772,-0.018454316,-0.024950538,0.368188913,0.737696232,0.053043649,-0.010708912,0,0,-0.000145867,-0.027705403,0.234695295,0.915592593,1.015459116,0.578163586,-0.030580796,0.20801777,0.900775684,1.013590788,0.92320464,0.101999562,-0.02018127,-0.034776757,0.256280586,0.726705695,0.054710519,-0.010702104,0,0,2.04E-05,-0.005649638,0.012187606,0.666716553,1.024271432,0.945242584,0.660782746,0.792093304,1.010321889,0.995851796,0.950247544,0.229814709,-0.03235272,-0.040784602,0.45791225,0.747220303,0.05150113,-0.010702614,0,0,0,0.00049733,-0.018447644,0.181064628,0.813146429,1.028258936,1.011369899,1.004541888,1.011543352,1.018803615,1.000220418,0.851751254,0.361589852,0.174175432,0.797394863,0.743169356,0.049924585,-0.010702614,0,0,0,0,4.60E-07,-0.021811785,0.194017582,0.715247106,0.995029028,0.989492375,0.635557275,0.550614379,1.019751004,1.023714025,0.946403833,0.868389757,1.025107179,0.745244485,0.052623211,-0.011070261,0,0,0,0,0.000104422,-0.000623655,-0.021429092,0.033667909,0.329882648,0.224588984,0.003254817,0.045915152,0.491604575,0.907555134,1.058015625,1.064442402,1.027755838,0.604969822,0.029613805,-0.008012493,0,0,0,0,1.07E-06,4.56E-05,-0.000206291,-0.005207465,-0.022220711,-0.01644373,-0.003279156,-0.007858575,-0.012753728,0.235202465,0.430665169,0.429675245,0.376875426,0.083340397,-0.011343555,4.51E-05,0,0,0,0,0,0,0,0,0,0,0,0.00025478,-0.001877217,-0.029507236,-0.050234397,-0.05011618,-0.044635359,-0.012202927,0.000970218,4.48E-05,0,0,0,0,0,0,0,0,0,0,0,0,0,0,0,0,0,0,0,0,0,0,0,0,0,0,0,0,0,0,0,0,0,0,0,0,0,0,0,0,0
0,0,0,0,0,0,0,0,0,0,0,0,0,0,0,0,0,0,0,0,0,0,0,0,0,0,0,0,0,0,0,0,0,0,0,0,0,0,0,0,0,0,0,0,0,0,0,0,0,0,0,0,0,0,0,0,0,0,0,0,0,0,0,0,0,0,0,0,0,0,0,0,0,4.81E-05,-0.000233558,-0.006520118,-0.0126803,-0.001473187,0.00023029,0,0,0,0,0.000455882,-0.007189645,-0.017817708,-0.003317096,0.000440259,0,0,0,0,0,0.000461908,-0.015399476,0.055458657,0.186689798,0.024970089,-0.003640897,0,0,3.27E-18,0.001110839,-0.012247106,0.018310066,0.106720418,0.014259395,-0.002054543,9.80E-19,-1.70E-17,-1.70E-17,9.80E-19,0.000356692,-0.015713167,0.16241893,0.768395442,0.690493873,0.049608251,-0.010219227,0,0,0.000364243,-0.015008561,0.068669186,0.584732979,0.794342269,0.213592167,-0.026020138,-0.003161424,-0.016624626,-0.013583708,-0.000196759,-0.003238759,-0.005791428,0.636895323,0.984970571,0.27632358,-0.037441095,0.000290373,0,0,-0.006011271,0.009373129,0.565015083,1.054217521,0.748360731,0.102636613,-0.022571296,-0.011231452,0.122168837,0.100603981,-0.009445854,-0.02049865,0.152701514,0.880710054,0.948713397,0.2508573,-0.031563609,2.85E-05,0,0,-0.019287684,0.12871107,0.983616439,1.005456274,0.392643757,-0.038673237,0.018856651,0.42351154,0.912894046,0.763502128,0.065631774,-0.058008489,0.294553649,0.962381944,1.000881706,0.343547624,-0.041025641,0,0,0,-0.021173747,0.146806082,1.031021089,1.006661339,0.474787122,-0.065111077,0.094218846,0.901264978,1.024532373,0.987421398,0.645524629,0.038977399,0.151162003,0.876047232,1.061673203,0.416891953,-0.048797848,0,0,0,-0.018423373,0.121076954,0.952726699,1.025028374,0.781497226,0.115946827,0.077070458,0.805555641,1.029460291,1.012438674,1.024893161,0.613850706,0.287700317,0.880972818,0.980241115,0.302399442,-0.036664628,0,0,0,-0.007434981,0.020589356,0.624262442,1.036796824,1.021169101,0.819120064,0.703817126,1.002385025,0.843959542,0.883941772,1.021573615,1.001393441,0.924012425,0.990161833,0.953924343,0.276465788,-0.033962333,0,0,0,-8.25E-05,-0.01188578,0.086750642,0.648720327,0.942517767,1.052547644,1.003713507,0.884974454,0.328637914,0.303715792,0.880195552,1.003210448,1.046574436,1.055831533,0.741707414,0.055233684,-0.010230612,0,0,0,7.83E-05,0.000227263,-0.011678156,-0.021954061,0.253117341,0.514651757,0.31814889,0.089916769,-0.001179279,-0.007510978,0.142575742,0.430918498,0.687895289,0.565865264,0.180083197,-0.018520901,0.000627777,0,0,0,0,0,0.000118719,7.53E-05,-0.024028969,-0.04696521,-0.029728116,-0.009738392,-0.001179109,-0.000753591,-0.015964052,-0.02931432,0.027837708,-0.024544543,-0.020980869,0.001184641,0,0,0,0,0,0,0,0,0,0,0,0,0,0,0.000162377,-0.001037361,-0.00905913,-0.002711703,0.000352941,0,0,0,0,0,0,0,0,0,0,0,0,0,0,0,0,0,0,0,0,0,0,0,0,0,0,0,0,0,0,0,0,0,0,0,0,0,0,0,0,0,0,0,0,0,0,0,0,0,0,0,0,0,0,0,0,0,0,0,0,0,0,0,0,0,0,0,0,0,0,0,0,0,0,0,0,0,0,0,0,0,0,0,0
0,0,0,0,0,0,0,0,0,0,0,0,0,0.00022212,-0.004035182,-0.00045658,3.70E-05,0,0,0,0,0,0,0,0,0,0,0,0.000175143,-0.003035812,-0.003035812,0.000175143,0.0001386,-0.003257932,0.036028646,-0.016145067,-0.012954708,-0.00017325,0.000129357,0,0,0,0,0,0,0,0,0,-0.001625443,0.028174351,0.028174351,-0.001625443,-0.020541771,0.159240553,0.725760195,0.625694529,0.188132346,-0.011887661,-0.000909563,0,0,0,0,0,0,0,0,0,-0.004991575,0.086520629,0.086520629,-0.004991575,-0.003950104,0.019044169,0.288500017,0.912166616,0.739535641,0.046918593,-0.010479303,0,0,0,0,9.19E-07,0.000187194,-0.001218137,-0.009734375,-0.002200685,0.00069858,-0.007602703,-0.008860056,-0.000529054,0.000377685,-0.003853622,-0.038409978,0.458126991,1.023426726,0.135653459,-0.019929875,0,0,0,0,4.55E-05,-0.000384651,-0.009452717,0.03151394,0.008997238,-0.000962674,-0.001259753,-0.034578857,-0.019420547,0.000555114,-0.000869656,-0.024723652,0.385374387,1.050550551,0.14324202,-0.020747549,0,0,0,0,-0.000361826,-0.0200481,0.225375238,0.728623162,0.14585037,-0.017741456,0.006035846,0.517983081,0.32460335,-0.009101953,-0.003265761,-0.02405416,0.390611213,1.048060662,0.142521707,-0.020669935,0,0,0,8.79E-05,-0.005294474,0.013677507,0.819535639,0.986499022,0.161226115,-0.037250724,0.249337947,1.016722684,0.474587834,-0.024550276,-0.003853288,-0.019555257,0.431231095,1.034509192,0.138860152,-0.020274347,0,0,8.27E-05,-0.000255289,-0.030594516,0.349700231,1.016128217,0.586664063,0.008131548,-0.04133912,0.553941636,0.976536186,0.294004357,-0.036542334,-0.003345861,0.004192793,0.679282595,0.866296075,0.087525376,-0.014762391,0,0,-0.000245098,-0.019126411,0.165803241,0.867449942,0.925565785,0.227054619,-0.047712996,0.104450129,0.836266374,0.868648557,0.142761149,-0.019368146,-0.008958538,0.034771769,0.862926692,0.627003711,0.012910552,-0.006713133,0,0,-0.015425177,0.09527771,0.848759753,1.020992902,0.64316733,-0.026369928,-0.000830378,0.588038688,1.041817385,0.645563062,-0.030826831,-0.002684919,-0.01572275,0.424955695,0.952366762,0.292647178,-0.031528168,-0.000311479,0,0,-0.014232196,0.084095583,0.817990264,0.99888414,0.406210308,-0.066513821,0.299828075,0.989603231,1.038293981,0.709567708,0.017621119,-0.04608086,0.183000766,0.891834712,0.741272212,0.070962384,-0.012338979,5.21E-05,0,0,-0.000595675,-0.03062324,0.318059479,0.946120028,0.375022879,0.24871693,0.913802274,0.826502538,0.649010147,0.98262615,0.419751403,0.173956395,0.801220225,0.998210258,0.299417064,-0.023275651,0.000281912,0,0,0,0.000175313,-0.035239187,0.26969841,0.935630208,0.820695823,0.931500051,0.882589224,0.288039931,-0.012786152,0.716980086,0.990570789,1.003805695,0.948860209,0.500442045,0.005372702,-0.00371378,9.38E-05,0,0,0,0,-0.014514288,0.096271463,0.765075674,0.999622328,0.776036663,0.200971679,-0.008994196,-0.013260059,0.090843239,0.563792024,0.703599952,0.27462563,-0.00318893,-0.007260893,0.00023075,0,0,0,0,0,0.000458196,-0.009143672,0.076002196,0.129379357,0.045784586,-0.020867168,-0.003438283,0.000278493,-0.011565053,-0.000988596,0.008877747,-0.020672232,-0.005786407,0.000570772,8.27E-06,0,0,0,0,0,5.63E-05,-9.33E-05,-0.007559896,-0.011229984,-0.006016289,-0.000271187,6.94E-05,4.23E-05,-0.000174326,-0.00277502,-0.003808548,-0.000662531,6.51E-05,0,0,0,0,0,0,0,0,0,0,0,0,0,0,0,0,0,0,0,0,0,0,0,0,0,0,0,0,0,0,0,0,0,0,0,0,0,0,0,0,0,0,0,0,0,0,0,0,0,0,0,0,0,0,0,0,0,0,0,0,0,0,0,0,0
0,0,0,0,0,0,0,0,0,0,0,0,0,0,0,0,0,0,0,0,0,0,0,0,0,0,0,0,0,0,0,0,0,0,0,0,0,0,0,0,0,0,0,0,0,0,0,0,0,0,0,0,0,0,0,0,0,0,0,0,0,0,0,0,0,0,0,0,0,0,0,3.06E-05,1.04E-05,-0.003388838,-0.006514961,-0.003706648,0.000144863,8.56E-06,0,0,0,0,0,0,0,0,0,0,0,0,0,-0.000175654,-0.001028902,0.028450691,0.046996409,0.011129851,-0.011092405,0.000788696,2.14E-05,0,0,4.26E-05,0.000970711,-0.013435287,-0.020944393,-0.001703346,0.0001851,0,0,0,0,-0.005125613,0.006823101,0.488849418,0.979768484,0.656051964,0.030249898,-0.010845308,0.00030416,0,0,-0.000222971,-0.012467388,0.136806407,0.2176114,0.010807887,-0.001552032,0,0,0,0,-0.002354984,0.011371122,0.129707278,0.655988443,1.000906676,0.508784637,0.008803555,-0.005465686,0,0,-0.009016483,0.036335983,0.668463984,0.925908935,0.150188027,-0.01205546,0.001659744,-0.014700583,-0.028481106,-0.000728466,0.000429253,-0.001198433,-0.040904315,0.299350414,1.007256787,0.802413222,0.069100161,-0.012871129,0,0,-0.016281148,0.101193643,0.893955082,1.015793147,0.402799207,-0.025739226,-0.020460795,0.105275514,0.22661489,-0.001707789,-0.000802185,0.000631955,-0.044756587,0.487746732,1.003378966,1.02743219,0.14635767,-0.021105664,0,0,-0.021434334,0.149633372,1.037722971,0.962149033,0.173769744,-0.043110958,0.020536005,0.631012987,0.880470895,0.124751277,-0.012201746,-0.03237312,0.134549786,0.821617119,1.019316517,0.931220878,0.115068077,-0.017748502,0,0,-0.018221848,0.119737016,0.947655842,0.962024714,0.078448325,0.107383255,0.621315326,1.009441687,1.014005038,0.445989839,-0.070454265,0.148663477,0.782406505,1.036424496,0.923337027,0.267293403,-0.015696415,-0.001410505,0,0,-0.010146548,0.043766815,0.723756332,1.009851614,0.579805828,0.829290441,1.036118992,1.016298781,1.025229303,0.755994315,0.438961125,0.803363839,1.035971116,0.944546994,0.437015506,-0.002978111,-0.004440096,0.000155229,0,0,-0.002364525,-0.011476692,0.341451191,0.889179643,1.036217898,1.065638223,0.791416961,0.381016095,0.3449307,0.7589721,0.998702509,1.013555134,0.895471648,0.324761119,-0.017364236,-0.005758938,0.00048816,0,0,0,0.00019744,-0.00161836,-0.019658395,0.180483303,0.470647467,0.55217533,0.123618075,-0.031783769,-0.030223652,0.071233915,0.39736426,0.409412325,0.192140778,-0.013050024,-0.006606754,0.000305862,0,0,0,0,0,7.13E-05,0.000457857,-0.017667909,-0.042912582,-0.050255736,-0.012648961,0.00097869,0.000822951,-0.007892072,-0.036259617,-0.037695926,-0.018685747,-0.000415731,0.000214461,0,0,0,0,0,0,0,0,0,0,0,0,0,0,0,0,0,0,0,0,0,0,0,0,0,0,0,0,0,0,0,0,0,0,0,0,0,0,0,0,0,0,0,0,0,0,0,0,0,0,0,0,0,0,0,0,0,0,0,0,0,0,0,0,0,0,0,0,0,0,0,0,0,0,0,0,0,0,0,0,0,0,0,0,0,0,0,0,0,0,0,0,0,0,0,0,0,0,0,0,0,0,0,0
0,0,0,0,0,0,0,0,0,0,0,0,0,0,0,0,0,0,0,0,0,0,0,0,0,0,0,0,0,0,0,0,0,0,0,0,0,0,0,0,0,0,0,0,0,0,0,0,0,0,0,0,0,0,0,0,0,0,0,0,0,0,0,0,0,0,0,0,0,0,0,1.63E-05,5.50E-05,-0.002245762,-0.004336346,-0.001783599,0.000115043,0,0,0,0,0,5.14E-05,0.000197304,-0.0125481,-0.00470527,0.000295956,0,0,0,0,-3.00E-05,-0.000737434,0.009960903,0.016326882,-0.011434572,-0.009437551,0.001019934,0,0,0,1.19E-18,0.001136113,-0.014501991,0.061703653,0.002136472,-0.00526908,0.000509559,-3.75E-17,-2.64E-17,2.99E-18,-0.003296569,-0.004756431,0.396896259,0.758686564,0.435361639,0.034244383,-0.00773934,0.0001234,0,0,0.000112337,-0.018780115,0.130899561,0.696074721,0.498847324,0.027319053,-0.007742924,-0.013660641,-0.020351818,-0.008945738,-0.001484205,-0.007181525,0.261684624,0.915560815,1.008045479,0.359082108,-0.028701796,-0.00114294,0,0,-0.001925964,-0.027711366,0.440688517,1.064402321,0.745894803,-0.005796492,-0.022356607,0.118190436,0.171491837,0.069475052,-0.004321063,-0.0036014,-0.026909064,0.561468771,1.050637866,0.597059095,0.004389016,-0.005861801,0,0,-0.006892531,0.014068373,0.627047352,1.028362234,0.362319325,-0.040562755,0.307755255,0.823425398,1.002900769,0.351706121,-0.023371119,0.00028943,-0.021178292,0.259776297,0.99428302,0.839747923,0.084349497,-0.014429807,0,0,-0.012470384,0.066213668,0.783318747,0.987748451,0.346038024,0.552519318,0.934518993,1.038679296,0.623385229,0.037167875,-0.00510672,2.20E-05,-0.018380566,0.256593256,0.979608507,0.996678428,0.135640159,-0.019951151,0,0,-0.02119281,0.145037707,1.046382081,1.036187636,0.965933619,0.938676777,1.005093453,0.995093665,0.240056883,-0.040727022,0.000399816,0.000427215,-0.026141459,0.325056373,1.001091486,0.89743544,0.102004097,-0.016368124,0,0,-0.010115911,0.066241032,0.525711159,0.558505242,0.368528782,0.409973465,0.958238182,0.910771718,0.174879153,-0.029460955,-0.006228384,-0.024007582,0.008125579,0.693940581,1.05498366,0.53548812,-0.004984306,-0.004581972,0,0,0.000409686,-0.003450681,-0.014540938,-0.007225297,-0.046928903,0.143734594,0.954799964,0.802601029,0.123593905,-0.040131364,0.004832287,0.126446854,0.621159146,0.984755174,0.657362589,0.072907172,-0.014636002,0.000256308,0,0,6.13E-05,-0.000340386,-0.003719193,-0.004598822,-0.002698121,-0.004287854,0.618975038,1.032902812,0.766121698,0.475733218,0.617073529,0.853307278,0.762522774,0.38945418,0.062732775,-0.015205865,0.000688415,2.55E-05,0,0,0,0,0,0,0.000170207,-0.00991762,0.073449173,0.43359409,0.698547266,0.734182887,0.54829056,0.246833853,0.057603775,-0.024170956,-0.009750579,0.000583384,0,0,0,0,0,0,0,0,6.07E-18,0.000458027,-0.010492795,-0.019079793,0.007690479,0.013596354,-0.008285335,-0.027856488,-0.013398591,-0.001152574,0.000237132,0,0,0,0,0,0,0,0,0,0,2.30E-05,-0.0001093,-0.001455474,-0.003646804,-0.003943474,-0.002251532,-0.000194448,3.68E-05,0,0,0,0,0,0,0,0,0,0,0,0,0,0,0,0,0,0,0,0,0,0,0,0,0,0,0,0,0,0,0,0,0,0,0,0,0,0,0,0,0,0,0,0,0,0,0,0,0,0,0,0,0,0,0,0,0,0,0,0,0,0,0,0,0,0
0,0,0,0,0,0,0,0,0,0,0,0,0,0,0,0,0,0,0,0,0,0,0,0,0,0,0,0,0,0,0,0,0,0,0,0,0,0,0,0,0,0,0,0,0,0,0,0,0,0,0,0,0,2.45E-05,-6.69E-05,-0.004740125,-0.002801353,0.000312422,0,0,0,0,0,0,0,0,0,0,0,0,0,0,0,0.000211142,-0.004640387,0.007248111,0.009318304,-0.000990176,0,0,0,0,0,0,0,0,0,0,0,0,0,0,0,-0.008008681,0.094876617,0.691799139,0.308477414,-0.035378093,0,0,0,0,0,0,0,1.04E-17,0.000744656,-0.017716953,-0.029204538,-0.003753915,0.000635723,0,0,-0.004205933,0.045028663,0.357495404,0.291018876,-0.031714158,0,0,0,0,0,0,0,-1.10E-16,-0.008056747,0.189327195,0.313571027,0.03892293,-0.006686581,0,0,0.000100031,-0.033494741,0.283542892,0.392137153,-0.041598386,0,0,0,7.75E-05,-0.002672269,-0.002207411,0.000193633,-3.82E-16,-0.020539148,0.589564801,0.867996226,0.147493953,-0.022510395,0,0,-0.000483776,-0.032732835,0.400675676,0.474286549,-0.050637646,0,0,0,-0.00016408,-0.002747714,0.003531454,-0.001389059,0.000127911,-0.021510332,0.619641372,0.887338576,0.153262595,-0.023261642,0,0,-0.004546773,0.020847392,0.778472375,0.455454146,-0.050841384,0,0,0,-0.00954759,0.499217538,0.269914999,-0.047179636,-0.021598703,-0.041248826,0.563010663,0.811908837,0.100990707,-0.017715074,1.65E-05,0.000462272,-0.018738817,0.197399101,0.910652182,0.268271497,-0.032526599,0,0,0,-0.018967695,0.49032374,0.795210325,0.334652591,0.113549003,0.24587483,0.898972321,0.95993864,0.193692521,-0.02945098,0.000137255,-0.002745811,-0.014572508,0.552750766,0.685066211,-0.014836652,-0.002483796,0,0,0,-0.007094907,0.033989968,0.562358864,0.844454674,0.814872498,0.90456473,0.692291505,0.841810696,0.55199389,-0.022523523,-0.013417484,-0.037879826,0.238748809,0.913461823,0.393296875,-0.027723958,0.000293506,0,0,0,0.000397966,-0.01051583,0.01966257,0.092488297,0.177404763,0.167865065,0.00568864,0.335080358,0.94836569,0.353870392,0.013964015,0.215815111,0.887618812,0.692346351,0.034760388,-0.005151594,0,0,0,0,3.57E-05,0.000340895,-0.006711091,-0.014781114,-0.01974486,-0.019759838,-0.013882604,0.001687551,0.513573597,0.90975771,0.753990145,0.902977338,0.764285301,0.150877332,-0.022831223,9.14E-05,0,0,0,0,0,0,0,0,0,0,0.000438221,-0.007376089,0.030723175,0.291359801,0.449687653,0.312540816,0.084729711,-0.012956921,-0.000176334,2.81E-05,0,0,0,0,0,0,0,0,0,0,0,0.000583435,-0.008634429,-0.028013651,-0.022277557,-0.027700291,-0.015927458,-0.00020527,0.000165441,0,0,0,0,0,0,0,0,0,0,0,0,6.13E-07,3.75E-05,-0.000402063,-0.001274867,-0.000504362,2.50E-05,0,0,0,0,0,0,0,0,0,0,0,0,0,0,0,0,0,0,0,0,0,0,0,0,0,0,0,0,0,0,0,0,0,0,0,0,0,0,0,0,0,0,0,0,0,0,0,0,0,0,0,0,0,0,0,0,0,0,0,0,0,0,0,0,0,0
0,0,0,0,0,0,0,0,0,0,0,0,0,0,0,0,0,0,0,0,0,0,0,0,0,0,0,0,0,0,0,0,0,0,0,0,0,0,0,0,0,0,0,0,0,0,0,0,0,0,0,0,0,0,0,0,0,0,0,0,0,0,0,6.74E-06,-8.31E-05,-0.000734681,4.04E-05,0,0,0,0.000165952,-0.001871426,-0.005175085,-0.000515727,5.11E-05,0,0.0002548,-0.004322235,-0.007261795,0.000637,0,0,0,0.000488562,-0.007241592,-0.023251123,-0.009360907,0.001050202,3.06E-06,2.76E-05,-0.00067419,0.004663331,0.027957143,-0.00303428,0.000251055,0,-0.003680215,0.062684579,0.104886132,-0.009200538,0,0,0,-0.004495302,0.0624992,0.311035863,0.0510689,-0.006846184,-1.00E-05,0.000660233,-0.035494451,0.324718903,0.833286624,0.134704946,-0.012857009,0,-0.012380174,0.209014665,0.352834967,-0.030950436,0,0,0,-0.021246426,0.31740322,1.000294935,0.362380889,-0.039922445,-0.000161356,-0.010664828,0.031165918,0.676629902,0.944319433,0.165648659,-0.016250511,0,-0.016108388,0.239408622,0.459089052,-0.040270969,0,0,0,-0.018586075,0.263122257,1.041332888,0.449022546,-0.047598647,-0.001179851,-0.025925241,0.378240152,1.019510381,0.872346357,0.020713757,-0.003652691,0,-0.020720551,0.439156548,0.5905357,-0.051801377,0,0,0,-0.033220588,0.529833538,1.063251055,0.43651777,-0.046639354,-0.007060202,0.053152063,0.750240605,1.049619026,0.875100638,0.042674428,-0.005836006,0.000408292,-0.026627042,0.545314279,0.593540645,-0.05204759,0,0,0,-0.035982537,0.579575112,1.072729865,0.441853605,-0.046005462,-0.034046739,0.34187934,0.959777437,0.860454759,0.923067547,0.236327376,-0.04194664,-0.025173424,0.028600065,0.776195919,0.595721848,-0.05245098,0,0,0,-0.034050858,0.549300347,1.026464188,0.379626123,-0.069430415,0.076998536,0.799664522,0.725548696,0.172282458,0.904433863,0.686262749,0.111371255,0.094659144,0.60978382,1.022880692,0.413586772,-0.037791054,0,0,0,-0.044593137,0.750810458,0.961576934,0.222428513,0.041469739,0.696064304,0.957805777,0.191129238,-0.039949534,0.598016608,1.035223175,0.837811683,0.827937551,1.056762272,0.676073981,0.065204163,-0.007601869,0,0,0,-0.041460601,0.683337495,1.036027424,0.497461307,0.704771975,1.019605058,0.400051839,-0.03014981,-0.007681369,0.053679849,0.371294535,0.77394883,0.882733293,0.579787191,0.071124499,-0.01659915,0.000750326,0,0,0,-0.018859069,0.268591656,0.977746749,1.044714001,0.995055202,0.527159178,0.028095452,-0.01061203,0.000555726,-0.009205699,-0.020989924,-0.020768655,-0.020751634,-0.021175449,-0.009930462,0.000189781,2.13E-05,0,0,0,-0.005055351,0.03676074,0.718972733,0.698794424,0.326213533,0.013248213,-0.010196147,0.000793811,0,0,0,0,0,0,0,0,0,0,0,0,4.23E-05,-0.002103554,0.018418011,0.008636353,-0.020086166,-0.007712554,0.000617647,5.51E-06,0,0,0,0,0,0,0,0,0,0,0,0,2.76E-05,-0.000176471,-0.004283446,-0.003795088,-0.000927449,6.69E-05,0,0,0,0,0,0,0,0,0,0,0,0,0,0,0,0,0,0,0,0,0,0,0,0,0,0,0,0,0,0,0,0,0,0,0,0,0,0,0,0,0,0,0,0,0,0,0,0,0,0,0,0,0,0,0,0,0,0,0,0,0,0,0,0,0,0,0,0,0,0,0
0,0,0,0,0,0,0,0,0,0,0,0,0,0,0,0,0,0,0,0,0,0,0,0,0,0,0,0,0,0,1.04E-18,0.000354031,-0.00341133,-0.018994587,-0.021726409,-0.014238154,0.000868566,0,0,0,0,0,0,0,0,0,0,0,0,0,2.79E-18,-0.00225429,0.010604665,0.125746352,0.15155115,0.085176919,-0.02192537,0.001698797,0,0,0,0.000293607,-0.001593647,-0.018162582,-0.02258558,-0.004119996,0.000319087,0,0,0,-1.44E-16,-0.019386914,0.29049699,0.991920207,1.050463848,0.80334198,0.086278748,-0.014453498,5.87E-05,0,0,-0.003825912,0.018617769,0.255440938,0.336558143,0.043475916,-0.003716044,-0.009320655,-0.001571691,0.000137868,-1.29E-16,-0.01386523,0.230291026,0.760641153,0.974771157,1.027490656,0.401973158,-0.042938782,-0.000347392,0,0,-0.019775667,0.13429691,0.987836499,0.991043641,0.406380498,-0.041355818,0.032505198,-0.017428428,-0.001847597,0.000344669,-0.000119145,-0.019287653,0.113619145,0.800717048,1.046742817,0.690913501,0.035443775,-0.009205984,0,0,-0.020880821,0.144110768,1.022852992,1.001274561,0.426060168,0.128589171,0.664199312,0.357759651,0.001626498,-0.003374694,7.25E-05,-0.001732145,-0.029141306,0.51701297,1.032928275,0.709351307,0.042869685,-0.009954214,0,0,-0.020751634,0.143084261,1.017704248,0.997720588,0.393737431,0.447700597,1.067850946,0.774530169,0.07636178,-0.015162549,2.08E-05,0.000165974,-0.027275233,0.392567636,1.007001787,0.857394691,0.090751021,-0.015112681,0,0,-0.020751634,0.143084261,1.017704248,0.997720588,0.408029514,0.285273863,0.971485841,0.929726171,0.209873434,-0.026429296,-0.000129391,0,-0.010724571,0.12145144,0.964418573,0.992782373,0.13402506,-0.019775497,0,0,-0.020751634,0.143084261,1.017773182,0.997085478,0.40959341,0.157887868,0.920733154,1.018033565,0.379795343,-0.021707193,-0.001099929,0,-0.008589154,0.082658037,0.957548339,1.021419016,0.143234326,-0.020767804,0,0,-0.0211346,0.146638437,1.028142616,1.002367358,0.45183158,0.405182394,0.996760527,1.027158378,0.583105903,-0.009311138,-0.002447559,1.99E-18,-0.017484681,0.24426011,0.975110209,1.028182955,0.145919704,-0.021057156,0,0,-0.016818151,0.106216114,0.906697644,1.018125136,0.82179085,0.765608984,1.024094666,1.012782118,0.865518961,0.08178428,-0.014419339,0.000807142,-0.030307734,0.44525531,1.009214069,0.901987592,0.105330245,-0.01668624,0,0,-0.003943819,-0.011148506,0.518201527,1.044329148,1.032819698,1.032162672,0.814701107,0.89938914,1.006747585,0.498874451,0.003542847,-0.010767995,-0.023669558,0.51517184,1.041425679,0.646392677,0.020421663,-0.007586659,0,0,0.000279139,-0.024758469,0.168522655,0.68658398,0.771548475,0.629824176,0.088043734,0.451467116,1.024949329,0.968005259,0.423398472,-0.032165678,0.105494553,0.84497983,1.028606584,0.350434845,-0.045165097,0.000275735,0,0,0,-0.001245363,0.00849966,0.061847307,0.081634481,0.014007949,-0.030989225,0.083456938,0.715007455,1.032876396,0.912345622,0.280319103,0.512270289,1.006828346,0.77120241,0.097324074,-0.014640659,0,0,0,0,0.000330194,-0.002491728,-0.012474571,-0.015202512,-0.007140012,0.00130488,-0.021191483,0.152214018,0.848676011,1.028783922,1.013994079,0.996163994,0.765731686,0.128357656,-0.015298713,0.000494069,0,0,0,0,0,0,0,0,0,3.67E-05,-0.000542126,-0.013887051,0.160814815,0.51547549,0.700387384,0.419883153,0.091922181,-0.015334559,-0.000372396,5.87E-05,0,0,0,0,0,0,0,0,0,0,0.000106396,0.00022869,-0.026046737,-0.008832803,0.035015765,-0.024396478,-0.016357874,0.000494069,5.87E-05,0,0,0,0,0,0,0,0,0,0,0,0,0,0.000365945,-0.004096882,-0.009219457,-0.001988017,0.000187228,0,0,0,0,0,0,0,0,0,0,0,0,0,0,0,0,0,0,0,0,0,0,0,0,0
0,0,0,0,0,0,0,0,0,0,0,0,0,0,0,0,0,0,0,0,0,0,0,0,0,0,0,0,0,0,0,0,0.000134524,-0.000365094,-0.015792654,-0.021948189,-0.014212282,-0.000722046,0.00018893,0,0,0,0,0,0,0,0,0,0,0,0,0,-0.00084289,-0.007920811,0.248256899,0.627213526,0.389214735,0.000985219,-0.003637744,0,0,0,0,0,0,0,0,0,0,0,0,0,-0.013277078,0.080975116,0.818223209,1.068269165,0.721112303,0.043426888,-0.010124592,0,0,0,0,8.09E-05,-0.000918505,-0.006985294,-0.004956189,0.000156842,0.000259804,-0.006930453,-0.018102022,-0.002942402,-0.022023562,0.167937023,0.869223754,1.033595741,0.783509242,0.067674116,-0.012626123,0,0,0,2.86E-18,0.000369332,-0.007962163,0.013130617,0.004327393,-0.003724318,-0.005207176,0.019389365,0.108382949,0.010276433,-0.028686968,0.212203108,0.884424071,1.0246771,0.796004902,0.071650055,-0.013054534,0,0,0,0.000199747,-0.014351324,0.178464614,0.620085103,0.503347154,0.025662121,0.021062296,0.542878728,0.794931917,0.210460052,-0.049126819,0.19889728,0.414617239,0.962097903,0.799090839,0.071052953,-0.012990196,0,0,0,-0.004116002,0.00047051,0.648766374,1.080653663,0.597732733,-0.024116628,0.193827776,0.9163042,1.032828377,0.352874203,-0.042735557,0.001752171,0.008355058,0.896437671,0.812350716,0.073663389,-0.013271473,0,0,5.11E-06,-0.013251906,0.080578704,0.822499455,0.972817879,0.306275429,-0.045854021,0.476311172,1.03370001,0.898902369,0.209236554,-0.026537442,-0.007992647,0.028497498,0.93254662,0.737102533,0.049655283,-0.010685764,0,0,0.00024646,-0.030467572,0.215374847,0.936356533,0.783071385,0.013032254,0.042044726,0.768183875,1.050695466,0.768907118,0.028928836,-0.00757409,-0.009219414,0.075265846,0.979896718,0.592152012,0.002662906,-0.005634021,0,0,-0.002889944,-0.019166514,0.474078772,1.035550449,0.592945585,-0.05122646,0.248807444,1.005015897,1.010535505,0.541112813,-0.032024391,-0.000320411,-0.024646718,0.400690155,1.022357196,0.456488068,-0.029035812,-0.001920956,0,0,-0.008143723,0.025779728,0.660518944,1.039328721,0.505345146,-0.059147518,0.62132302,1.018214937,0.987011744,0.337950521,-0.028412156,-0.016676484,0.038953159,0.792342252,0.98082181,0.273448461,-0.03525427,0.00013174,0,0,-0.008238216,0.026951413,0.66044899,1.037006781,0.47208296,0.288740352,0.953910954,1.01037191,0.998020634,0.440559004,-0.037942926,0.02013131,0.604950878,1.024194506,0.689638434,0.027098722,-0.007030724,0,0,0,-0.013144744,0.072483592,0.799798356,1.010268246,0.692384889,0.793315785,1.017108794,0.962847495,1.017216759,0.880114158,0.546059538,0.592078102,1.009116609,0.895046994,0.137782084,-0.016767174,0.000542171,0,0,0,-0.01293573,0.069161877,0.805109528,1.025751906,1.000672437,1.047380396,0.736248658,0.33233061,0.798309743,1.025308926,1.059853639,1.045688652,0.807576031,0.254146429,-0.017149884,-0.000582976,0,0,0,0,-0.004577206,0.003435449,0.457572117,0.928283412,0.974209763,0.791501089,0.168365554,-0.041504034,0.141478996,0.410383017,0.615627587,0.418204788,0.110586108,-0.027471899,-0.001941432,0.000158854,0,0,0,0,0.000304841,-0.006028749,0.009197883,0.224784995,0.314180147,0.112989277,-0.017043333,-0.000936615,-0.011328227,-0.026690564,-0.037928871,-0.027097856,-0.009683109,-0.000160743,9.82E-05,4.60E-07,0,0,0,0,0,0.000566266,-0.003838001,-0.028564673,-0.037920998,-0.016389874,0.000455209,0.000118218,0,0,0,0,0,0,0,0,0,0,0,0,0,0,0,0,0,0,0,0,0,0,0,0,0,0,0,0,0,0,0,0,0,0,0,0,0,0,0,0,0,0,0,0,0,0,0,0,0,0,0
0,0,0,0,0,0,0,0,0,0,0,0,0,0,0,0,0,0,0,0,0,0,0,0,0,0,0,0,0,0,0,0,0,0,0,0,0,0,0,0,0,0,0,0,0,0,0,0,0,0,0,0,0,0,0,0,0,0,0,0,0,0,0,0,0,0,0,0,0,0,0,0,0,3.52E-06,-4.35E-05,-0.000384038,2.11E-05,0,0,0,0,0,0,0,0,0,0,0,0,0,0,0,0,-8.53E-06,0.001169509,-0.008441534,-0.013763787,0.001302434,1.23E-05,0,0,7.62E-18,-7.04E-17,-2.21E-16,1.66E-17,2.80E-19,0.000651042,-0.00535929,-0.024997872,-0.002905433,0.000513174,0,0,-0.000688725,0.000662786,0.144723312,0.088792518,-0.012179997,0.000189611,0,0,0.000434028,-0.003791631,-0.014600865,-0.000484579,0.000177696,-0.007260178,0.06058584,0.271090431,0.025669764,-0.005250545,1.17E-05,0,-0.00046104,-0.025344176,0.316561649,0.475676164,-0.012358343,-0.00311717,0,0,-0.011556806,0.105159419,0.349142004,-0.014980892,-0.001574844,-0.013698144,0.092484803,0.717188133,0.1977594,-0.025808314,-1.85E-05,0,3.23E-05,-0.019199329,0.126327368,0.649357531,0.109504398,-0.014494755,0,0,-0.021362677,0.187665913,0.708803751,0.016924394,-0.00796201,-0.004721882,-0.005449329,0.593890846,0.417976341,-0.034075742,-0.001939798,0.000135135,8.22E-05,-0.01560866,0.051853894,0.765925841,0.179452275,-0.021182768,0,0,-0.019202751,0.159222412,0.726596031,0.076173015,-0.014366422,-0.00446732,-0.041999664,0.531929432,0.856660471,0.126137731,-0.026839137,-0.025452591,-0.03010609,-0.03160626,0.318931798,0.930515608,0.145942226,-0.019932087,0,0,-0.012191925,0.08272441,0.635673373,0.154329333,-0.063493634,-0.048585546,0.268857619,0.747551845,0.552552866,0.765209712,0.373730273,0.142664503,0.197913331,0.508647161,0.957010263,0.503539386,0.000574222,-0.004722733,0,0,-0.001606754,-0.02358689,0.384593103,0.662942572,0.444733201,0.500674751,0.854847727,0.403984698,-0.030114107,0.407438862,0.932999387,0.90040459,0.964885553,0.92078656,0.45048446,0.058864192,-0.013109127,0.000343137,0,0,0.000240512,-0.007093371,0.015742802,0.392288771,0.868002969,0.747641284,0.261315383,-0.008757321,-0.011418817,0.004148577,0.184556038,0.251145689,0.244671487,0.132148149,-0.020086931,-0.012012606,0.001269216,0,0,0,0,0.000656312,-0.005380242,-0.017952751,-0.01608575,-0.017273114,-0.018215727,-0.003842252,0.000850014,-0.003936547,-0.01844533,-0.021085905,-0.021133749,-0.015942436,-0.002726716,0.00022212,0,0,0,0,0,0,0,0,0,0,0,0,0,0,0,0,0,0,0,0,0,0,0,0,0,0,0,0,0,0,0,0,0,0,0,0,0,0,0,0,0,0,0,0,0,0,0,0,0,0,0,0,0,0,0,0,0,0,0,0,0,0,0,0,0,0,0,0,0,0,0,0,0,0,0,0,0,0,0,0,0,0,0,0,0,0,0,0,0,0,0,0,0,0,0,0,0,0,0,0,0,0,0,0,0,0,0,0,0,0,0,0,0,0,0,0,0,0,0,0,0,0,0
0,0,0,0,0,0,0,0,0,0,0,0,0,0,0,0,0,0,0,0,0,0,0,0,0,0,0,0,0,0,0,0,0,0,0,0,0,0,0,0,0,0,0,0,0,0,0,0,0,0,0,0,0,0,0,0,0,0,0,0,0,0,0,0,0,0,0,0,0,0,0,0,0,0,0,0,0,0,0,0,0,0,0,0,0,0,0,0,0.000308824,-0.005513787,-0.002404105,0.000147978,0.000154091,-0.001151654,-0.006328738,-0.003946078,0.000238051,0,0,0,0,4.15E-19,6.33E-18,-9.73E-17,-2.57E-16,-4.74E-17,3.58E-18,0.000672618,-0.007005668,0.007772042,-0.003126311,0.000162173,-0.00071909,0.00623606,0.015820108,-0.010019318,-0.011936921,0.001164343,8.51E-06,0,0,0.000207653,-0.000891729,-0.014815496,-0.021663263,-0.011173747,0.000699551,-0.006713954,0.036748315,0.514375715,0.298018995,-0.017982077,-0.009254005,0.059357026,0.536985839,0.553505668,0.08712951,-0.016250357,0.000335308,0,0,-0.001793989,-0.001921825,0.208255948,0.441170356,0.146951239,-0.009434797,-0.032315783,0.223947132,0.946242102,0.503609956,-0.030996036,-0.002178414,0.005905691,0.22113343,0.75390691,0.716940996,0.04854822,-0.01034915,0,0,-0.010906352,0.0504824,0.747535624,1.053624098,0.413076117,-0.029474265,-0.026756553,0.483643961,1.040783735,0.473514297,-0.030125306,0.000264156,-0.002201185,-0.044222971,0.314573683,1.047556492,0.149464096,-0.02120047,0,0,-0.014998128,0.089455536,0.879536969,0.605359715,0.013081716,-0.034589801,0.051586972,0.767794901,1.03858158,0.466742647,-0.035570057,0.000401125,-0.001478401,-0.034433466,0.381425041,1.036845946,0.145754097,-0.020836908,0,0,-0.010083401,0.042594167,0.746644693,0.706356975,0.061221763,0.099287292,0.592983538,0.980492613,0.981934811,0.627073563,-0.017528374,-0.018615222,-0.028546586,0.069397774,0.750236843,0.92133718,0.102970578,-0.016526246,0,0,-0.001066687,-0.022019231,0.288780076,0.93175417,0.781282169,0.826475422,1.018833194,0.536174479,0.41437837,0.946080185,0.540988443,0.129459731,0.300268348,0.752734732,1.017462657,0.591924973,0.021922975,-0.0072532,0,0,0.000171212,-0.002789834,-0.006340345,0.199797807,0.533419041,0.538127879,0.274165278,0.024089095,0.017747357,0.697973381,0.977952183,0.928031374,0.962227488,1.020853461,0.727361791,0.105869325,-0.012931459,-0.000194652,0,0,0,0.000391342,-0.002806373,-0.017166905,-0.021191619,-0.02094584,-0.020017869,-0.006215959,-0.012427151,0.055412326,0.294417041,0.507640333,0.448462861,0.338689917,0.089027267,-0.017042399,5.81E-05,8.51E-05,0,0,0,0,0,0,0,0,0,5.11E-06,0.000802526,-0.006669986,-0.027333538,-0.045002582,-0.040305862,-0.03154616,-0.009603928,0.000659978,0,0,0,0,0,0,0,0,0,0,0,0,0,0,0,0,0,0,0,0,0,0,0,0,0,0,0,0,0,0,0,0,0,0,0,0,0,0,0,0,0,0,0,0,0,0,0,0,0,0,0,0,0,0,0,0,0,0,0,0,0,0,0,0,0,0,0,0,0,0,0,0,0,0,0,0,0,0,0,0,0,0,0,0,0,0,0,0,0,0,0,0,0,0,0,0,0,0,0,0,0,0,0
0,0,0,0,0,0,0,0,0,0,0,0,0,0,0,0,0,0,0,0,0,0,0,0,0,0,0,0,0,0,1.81E-18,0.00018893,-0.003339992,-0.009626736,-0.003032578,0.000283395,4.60E-06,0,0,0,0,0,0,0,0,0,0,0,0,0,4.14E-18,-0.000717969,0.000277031,0.037331591,-0.000328615,-0.002432789,9.19E-05,0,0,0,0,0,0,0,0,0,0,0,0,0,-2.42E-16,-0.014680181,0.37444526,0.734821708,0.313361741,-0.018449363,-0.000764961,0,0,0,0,0,0,0,0,0,0,0,0,0,-2.67E-16,-0.015028595,0.389567656,0.866966163,0.884505276,0.118371153,-0.017193117,0.000704415,0,0,0,0,1.49E-17,-1.19E-16,-4.76E-16,-1.55E-16,5.96E-05,0.000700644,-0.013242953,-0.013321249,0.000359562,-0.000150718,-0.016404091,0.128628762,0.833796279,0.363998009,0.020117068,-0.004377726,1.56E-18,0,0,3.57E-05,0.00058956,-0.008846678,-0.021240809,-0.010424666,0.000212759,-0.009163405,0.13503285,0.134229813,-0.004605545,-0.000355137,-0.001709724,-0.031158207,0.400304483,0.870639723,0.229268553,-0.030290653,0.00015659,0,0,-0.000103441,-0.021863922,0.188622865,0.679751573,0.246116461,-0.023439016,0.02199964,0.632073737,0.769498594,0.018212823,-0.004354439,7.81E-05,-0.007940871,0.064743471,0.886006397,0.470712857,-0.021631487,-0.002577351,0,0,-0.002990536,-0.01967806,0.490380634,1.052825283,0.518524629,-0.043977873,0.055529432,0.769528731,0.85746795,0.02425691,-0.005041411,0,-0.002841861,-0.003652897,0.638164828,0.729115009,0.039714188,-0.009666565,0,0,-0.004375,-0.008813746,0.550407322,1.03479342,0.407794884,-0.040478418,0.075168868,0.837988971,0.837879442,0.016632932,-0.00457358,0,-0.002152522,-0.010805164,0.52715465,0.882674377,0.089217368,-0.014968512,0,0,-0.002917007,-0.018444927,0.473465993,0.996308211,0.241043556,-0.046334559,0.230783447,1.005440053,0.936570568,0.174732162,-0.019858405,0.000642045,-0.002230392,-0.009844771,0.534123349,0.899524867,0.094856661,-0.015576151,0,0,-0.016046603,0.098741745,0.888004868,1.035853282,0.643260944,0.021932138,0.579251203,1.000469261,1.012818287,0.646040986,0.011875596,-0.015282534,-0.008351886,-0.020690359,0.526999762,0.876246936,0.086842057,-0.014719158,0,0,-0.011144063,0.066822895,0.62421662,0.852070985,0.971087552,0.638287286,0.951425321,0.687839978,0.417950213,0.960389235,0.511245754,0.02928319,-0.001311249,0.067644987,0.796164207,0.747526378,0.047598139,-0.010542783,0,0,0.000434028,-0.002996718,-0.028649067,0.057828993,0.617252911,1.06640271,0.899871693,0.22195515,-0.022655876,0.581782237,1.00272549,0.662359396,0.604258017,0.743011149,0.98784501,0.374766544,-0.025389049,-0.001534416,0,0,0,0,0.000425092,-0.018553105,0.068638787,0.407106379,0.246721733,-0.019605528,-0.013631519,0.042870302,0.527608439,0.97054336,1.005035046,0.950978843,0.380266868,0.035722852,-0.0080997,0.000157441,0,0,0,0,2.30E-05,0.000764093,-0.010819564,-0.023659348,-0.019083303,-0.000923577,0.001049326,-0.011260519,-0.00782758,0.057827664,0.065150395,0.055963831,-0.015151688,-0.009479524,0.001027272,0,0,0,0,0,0,1.75E-05,-7.26E-05,-0.001150633,-0.000594656,3.27E-05,1.47E-05,7.31E-05,-0.002341248,-0.007183767,-0.007667943,-0.00705142,-0.001382557,0.000105852,0,0,0,0,0,0,0,0,0,0,0,0,0,0,0,0,0,0,0,0,0,0,0,0,0,0,0,0,0,0,0,0,0,0,0,0,0,0,0,0,0,0,0,0,0,0,0,0,0,0,0,0,0,0,0,0,0,0,0,0,0,0,0
0,0,0,0,0,0,0,0,0,0,0,0,0,0,0,0,0,0,0,0,0,0,0,0,0,0,0,0,0,0,0,0,0,0,0,0,0,0,0,0,0,8.56E-05,-0.000198925,-0.008059598,-0.003739758,0.000447597,0,0,0,0,0,0,0,0,0,0,0,0,0,0,0,-0.000604575,0.00215564,0.050920309,0.001707567,-0.004828074,0.000180913,0,0,0,0,0,0,0.000642463,-0.010421722,-0.02224086,-0.001483915,0.000278831,0,0,0,-0.003581836,-0.006381517,0.458794935,0.566548883,0.000629425,-0.002595997,0,0,0,0,0,0,-0.009689951,0.157847273,0.33673526,-0.006110141,-0.006191452,0.000401348,0,0,-0.008732639,0.03025427,0.695190632,0.912179449,0.066171518,-0.007314968,-0.000579624,-0.014628013,-0.00924777,0.000466367,2.55E-05,0,-0.029544679,0.479962095,0.895462963,0.302476545,-0.001713852,-0.002817606,0,0,-0.006915169,0.014777424,0.624017225,1.015500562,0.183009225,-0.015859681,0.0038566,0.149972001,0.084857111,-0.009523591,2.45E-05,0,-0.021620609,0.324551385,0.897626294,0.823215414,0.070916035,-0.013145255,0,0,-0.008864124,0.032835927,0.688402548,0.861799832,0.044657508,-0.01192148,-0.005465561,0.577420645,0.744897222,0.16391598,-0.012221984,0,-0.008610228,0.090355248,0.836571736,0.864850376,0.088971526,-0.014943337,0,0,-0.018326014,0.120677663,0.96905159,0.634832857,-0.002599129,-0.028860686,0.333556911,0.909080202,0.989046228,0.127217763,-0.011105035,2.57E-05,-0.020347018,0.294328959,0.970816534,0.61543796,0.012422394,-0.006632115,0,0,-0.018644131,0.123494252,0.979599231,0.630441619,-0.002680368,0.070902437,0.847481231,1.046542739,0.969084644,0.175889212,-0.013744383,0.001026049,-0.04370338,0.54291442,1.017621987,0.377490485,-0.036946364,-0.000610192,0,0,-0.008748979,0.030907321,0.685118787,0.967536288,0.620010723,0.892926249,1.001095977,0.846250391,0.97024217,0.359754017,-0.023452512,-0.01430012,0.066286016,0.812727414,0.950200095,0.232041905,-0.030756594,0.000122549,0,0,-0.000679296,-0.017668206,0.204302049,0.831469448,1.058030399,0.85120338,0.348274564,0.28800223,0.940445347,0.60525817,-0.040634855,-0.029534823,0.419039914,1.017673424,0.62947355,0.001070789,-0.00402878,0,0,0,0.000126371,-0.00045887,-0.018096694,0.112767739,0.361528236,0.126630556,-0.060400134,0.148792208,0.883067972,0.681154152,-0.033128626,0.111669133,0.854634544,0.993448001,0.207545877,-0.021316345,0.000595555,0,0,0,0,0.000167135,-0.000792313,-0.013866081,-0.021387697,-0.014419594,-0.00507623,-0.000861009,0.706145459,0.873832755,0.161759191,0.545543479,1.041487779,0.863388702,0.081388651,-0.008256332,0,0,0,0,0,0,0,0,0,0,0.000417839,-0.028692487,0.374594703,0.994484392,0.8729383,0.965010293,0.950621647,0.320550347,-0.023099129,-0.000697406,0,0,0,0,0,0,0,0,0,0,0,-0.005330219,0.045507438,0.601006042,0.893156846,0.825896383,0.326587793,-0.00872532,-0.005628676,0.000148897,0,0,0,0,0,0,0,0,0,0,0,0.000158701,-0.008587827,0.045031607,0.1547596,0.1185901,-0.02602645,-0.001378574,0.000341912,0,0,0,0,0,0,0,0,0,0,0,0,2.57E-05,0.000431699,-0.008371041,-0.021093311,-0.017095362,0.0004158,0,0,0,0,0,0,0,0,0,0,0,0,0,0,0,0,0,0,0,0,0,0,0,0,0,0,0,0,0,0,0,0,0,0,0,0,0,0,0,0,0,0,0,0,0,0
0,0,0,0,0,0,0,0,0,0,0,0,0,0,0,0,0,0,0,0,0,0,0,0,0,0,0,0,0,3.98E-05,0.000282203,-0.007367068,-0.019642493,-0.014803581,-0.003843614,0.000234886,1.23E-05,0,0,0,0,0,0,0,0,0,0,0,3.79E-05,0.000622987,-0.017071359,0.021903153,0.132263483,0.0872868,-0.006675125,-0.003551221,0.000147976,0,0,0,0,0,0,0,0,0,0,0,-0.000357741,-0.00985655,0.124276944,0.622511744,0.992362232,0.851178615,0.465600422,-0.012442028,-0.001613715,0,0,0,0,0,0,0,0,2.80E-19,0.000137868,-0.000273328,-0.016561428,-0.028138225,0.171324176,0.760470929,0.986021344,1.026075317,0.985454912,0.300910556,-0.020643433,0,0,0,0,0,0,0,0,3.23E-18,-0.000247651,-0.010725443,0.095002536,0.074441432,-0.0109487,0.035650548,0.32650709,0.893684266,1.03961649,0.647466946,-0.039711959,0,0,0,0,0,0,0,0,2.13E-05,-0.012609783,0.139048449,0.75101188,0.26916042,-0.030540135,-0.009661475,-0.03083313,0.457911288,1.027997923,0.658947763,-0.040071844,0,0,0,0,0,0,0,0,0.000923576,-0.031926865,0.461875495,0.803688021,0.077162808,-0.045210346,-0.016675125,-0.035840755,0.265297311,0.953489275,0.520128069,-0.032015154,0,0,0,0,0,0,0,1.47E-05,-0.009556815,0.089303377,0.793509063,0.537502042,-0.009189219,0.27207261,0.161350082,-0.053300874,0.396437126,0.997747311,0.271857741,-0.018804687,0,0,0,0,0,0,0,0.000502451,-0.040058381,0.391655093,0.920401346,0.188757166,0.259482111,0.950447815,0.400497549,-0.067157321,0.487169986,1.007508374,0.145017497,-0.011998417,0,0,0,0,0,0,1.24E-18,-0.005897059,0.002421739,0.640271276,0.697509342,-0.019717337,0.705894029,0.823909824,0.102281437,0.029576318,0.740005838,0.759865775,0.018477499,-0.004420088,0,0,0,0,0,0,7.46E-05,-0.028562228,0.184580338,0.934764536,0.294399365,0.189430113,0.884111332,0.264418233,-0.053645221,0.226235902,1.009609971,0.444816023,-0.016667824,-0.001583384,0,0,0,0,0,0,-0.001680425,-0.01745808,0.49654512,0.802021694,0.114670266,0.66805204,0.700272241,-0.035859847,-0.01078698,0.69638815,0.815201378,0.114859701,-0.017154315,-6.94E-05,0,0,0,0,0,0,-0.005060304,0.030935287,0.795656199,0.444140302,0.49780864,1.063973107,0.540885144,0.301057581,0.589751685,0.786648696,0.224376191,-0.026856618,9.09E-05,2.14E-05,0,0,0,0,0,0,-0.017381996,0.25815659,0.853050517,0.60036249,0.822511652,0.838305181,0.813797471,0.735527335,0.682855052,0.171538733,-0.032539658,0.001394846,3.06E-05,0,0,0,0,0,0,0,-0.026249336,0.405285471,1.002185458,0.766330389,0.161201303,0.029813777,0.049417535,0.028522842,0.009357367,-0.013693643,-0.00041088,3.06E-05,0,0,0,0,0,0,0,0,-0.029086754,0.478361894,0.810317879,0.179656165,-0.032639568,-0.005980188,-0.005958027,-0.004514297,-0.00358221,-0.000454782,6.54E-05,0,0,0,0,0,0,0,0,0,-0.003120338,0.053697872,0.068339856,-0.015222474,0.000411275,6.11E-05,0,0,0,0,0,0,0,0,0,0,0,0,0,0,0.000512663,-0.008613494,-0.012895561,-0.000626702,0.0001386,0,0,0,0,0,0,0,0,0,0,0,0,0,0,0,0,0,0,0,0,0,0,0,0,0,0,0,0,0,0,0,0
0,0,0,0,0,0,0,0,0,0,0,0,0,0,0,0,0,0,0,0,0,0,0,0,0,0,0,0,0,0,0,0,0,0,0,0,0,0,0,0,0,0,0,0,0,0,0,0,0,0,0,0,0,0,0,0,0,0,0,0,0,0,0.00012474,-0.000904871,-0.005471865,-0.005276297,-0.000674837,0.000100281,0,0,0,0,2.57E-05,0.000202665,-0.007069138,-0.018711601,-0.004334355,0.000549101,0,0,0,0,-0.000195671,0.000115962,0.030815376,0.034023472,0.004336772,-0.000642452,0,0,0,0,0.001026049,-0.014766085,0.069106839,0.265103009,0.044347409,-0.009047226,0.000248162,0,0,0.00013191,-0.024307662,0.172289437,0.866381025,0.805080031,0.101221763,-0.01514125,-7.97E-17,-3.58E-16,-1.62E-16,1.02E-17,-0.012591823,0.080631196,0.710854711,0.993098414,0.384716946,-0.027278291,-0.001460206,0,0,-0.001245064,-0.030594503,0.38947389,1.021023301,0.848532765,0.132976205,-0.018007317,-0.009910471,-0.022144438,-0.01211363,0.000751123,-0.039543842,0.329128625,0.988794458,1.025798764,0.737252111,0.052916106,-0.011028731,0,0,-0.007300796,0.018454531,0.629849018,1.053582882,0.79068512,0.066189023,-0.032454145,0.143812183,0.556169558,0.265957054,-0.016603736,-0.040145868,0.335350713,0.982905762,1.000710445,0.996867858,0.13624458,-0.020037402,0,0,-0.015488834,0.094251355,0.864887987,1.045355818,0.72465705,-0.054178888,-0.014585881,0.593735873,1.075423577,0.609007557,-0.037647518,-0.028957238,0.229777591,0.908579742,1.00688157,1.017262221,0.143342149,-0.020790271,0,0,-0.019174326,0.128525692,0.971231396,1.011364941,0.510199295,-0.067362898,0.358444706,0.960239277,0.991398761,0.337599094,-0.022624183,-0.019132934,0.137059947,0.843514587,1.014722597,1.021545479,0.144379968,-0.020911629,0,0,-0.012686547,0.068350658,0.788990928,0.989211108,0.174875528,0.187656046,0.880423563,1.020648506,0.950741064,0.027498843,-0.011555522,-0.019554594,0.136564185,0.844485822,1.030392208,0.849363596,0.087608536,-0.014812772,0,0,-0.012618124,0.067378521,0.788125562,0.995124404,0.56733975,0.83012563,1.030117012,1.016953619,0.98788574,0.348043675,0.023342542,-0.045597662,0.222069921,0.89730176,0.985271974,0.392541531,-0.017443388,-0.002337112,0,0,-0.004910623,-0.00329869,0.555408531,1.064403425,1.058430014,1.064873714,0.812914458,0.586477026,0.890139246,1.003257698,0.881282799,0.854081886,0.923662696,1.031357704,0.817155419,0.090470799,-0.018252708,0.000330194,0,0,-0.000226375,-0.016854694,0.160447304,0.535032424,0.576846746,0.580091316,0.163458566,-0.040876447,0.276475541,0.677265795,0.92422418,0.979922173,0.851684709,0.880391068,0.712124643,-0.04971732,0.000736211,0,0,0,4.26E-05,0.001357976,-0.015493941,-0.048763872,-0.052166735,-0.052637783,-0.016156003,0.001580508,-0.031476988,0.013759191,0.185223924,0.224012729,0.117411424,0.503695023,0.725996545,-0.036534535,-0.000487546,0,0,0,0,0,0,0,0,0,0,1.93E-05,0.000545037,-0.007466299,-0.026819547,-0.031195732,-0.033427083,0.14838557,0.739816108,0.078807241,-0.012218418,0,0,0,0,0,0,0,0,0,0,0,0,0,0,0,-0.001714869,0.015134429,0.260330678,0.036314304,-0.005164893,0,0,0,0,0,0,0,0,0,0,0,0,0,0,0,0.000248257,-0.002614243,-0.031013819,-0.004130284,0.000595555,0,0,0,0,0,0,0,0,0,0,0,0,0,0,0,0,0,0,0,0,0,0,0,0,0,0,0,0,0,0,0,0,0,0,0,0,0,0,0,0,0,0
0,0,0,0,0,0,0,0,0,0,0,0,0,0,0,0,0,0,0,0,0,0,0,0,0,0,0,0,0,0,0,5.96E-05,0.0002665,-0.009043607,-0.012303581,-0.000177696,6.43E-05,0,0,0,0,0,0,0,0,0,0,0,0,0,0,-0.000210448,-0.003356862,0.054414567,0.065760568,-0.006795687,6.08E-05,0,0,0,0,0,0,0,0,0,0,0,0,0,0,-0.004815155,0.001791509,0.514946708,0.762191687,0.065059453,-0.006783599,0,0,0,0,0,0,0,0,0,0,0,0,0,0,-0.004154242,-0.009763106,0.533197815,1.040167126,0.368509072,-0.024324857,0,0,0,0,0,0,0,1.87E-19,1.88E-17,-2.36E-16,-1.89E-16,1.36E-17,-7.58E-17,-3.50E-16,-0.000686615,-0.03762311,0.392332465,1.031473856,0.58761969,-0.040062092,0.000397456,0,0,0,0,0,0,0.000321691,-0.001760791,-0.016360294,-0.008781066,-0.000216844,-0.015942947,-0.020366456,-0.005846099,-0.034656812,0.283925756,0.979094754,0.718597222,-0.000422658,-0.004343484,0,0,0,0,0,3.91E-05,-0.002034263,-0.021014414,0.366899264,0.274771478,-0.017285306,0.191101616,0.546155341,0.146144725,-0.040408661,0.167786321,0.896534708,0.769046343,0.025625161,-0.007231683,0,0,0,0,0,-0.000253013,-0.019959933,0.178230409,0.89860706,0.430607174,0.032737915,0.811448955,0.906876872,0.18531507,-0.064425013,0.335494638,1.01552051,0.791848805,0.044754664,-0.009386491,0,0,0,0,0,-0.001653033,-0.017770118,0.484496766,0.947928632,0.174056415,0.18983592,0.902417058,0.424415067,-0.018745047,-0.042607721,0.351621341,1.023388702,0.681324959,-0.010071147,-0.003179243,0,0,0,0,3.97E-18,-0.007249847,0.063268587,0.889361128,0.657868226,-0.011104062,0.514808551,0.811044475,0.016001719,-0.007245353,-0.020178957,0.151056696,0.873661152,0.578421194,-0.037255685,0.000262117,0,0,0,0,0.000191594,-0.022629221,0.307053326,1.005848584,0.400939117,0.006212428,0.764894625,0.625866575,-0.022476818,-0.018311785,-0.033619604,0.145826168,0.874230443,0.567147672,-0.034135212,6.11E-06,0,0,0,0,-0.006038132,0.017997058,0.696268939,0.879173733,0.133237723,0.436540315,0.847035588,0.889918369,0.336989642,0.088788268,0.03040428,0.411197464,0.976007025,0.255877037,-0.017835494,0,0,0,0,0,-0.007395133,0.034366728,0.657858592,0.666052509,0.230638548,0.697225823,0.126443151,0.398461431,0.915190785,0.891750017,0.799607622,0.830914794,0.531432921,0.054649935,-0.005568679,0,0,0,0,0,-0.000882149,-0.001124166,0.136063113,0.640501294,0.57022389,0.2996944,-0.024129766,0.002509957,0.214993651,0.350952461,0.484669041,0.339486724,-0.009176488,-0.011834797,0.000478043,0,0,0,0,0,0.000154091,-0.017429075,0.231432496,0.825808432,0.451774697,0.006382299,-0.005926981,-0.004128642,-0.027123587,-0.028638072,-0.016697937,-0.0155545,-0.006247038,0.000621017,6.43E-06,0,0,0,0,0,0,-0.015244741,0.241205559,0.614015642,0.063304483,-0.011513238,7.88E-05,1.00E-05,-0.000111775,-0.000626225,-0.001683431,-0.001117749,9.96E-05,0,0,0,0,0,0,0,0,-0.001333007,0.022757531,0.036299682,-0.012117525,0.000679763,2.85E-05,0,0,0,0,0,0,0,0,0,0,0,0,0,0,0.000245098,-0.00400531,-0.008529752,0.000238971,2.45E-05,0,0,0,0,0,0,0,0,0,0,0,0,0,0,0,0,0,0,0,0,0,0,0,0,0,0,0,0,0,0,0,0
0,0,0,0,0,0,0,0,0,0,0,0,0,0,0,0,0,0,0,0,0,0,0,0,0,0,0,0,0,0,0,5.45E-05,-6.11E-05,-0.005355052,-0.009527165,-0.006880787,-0.000184334,6.11E-05,0,0,0,0,0,0,0,0,0,0,0,0,0,-3.67E-05,-0.001322913,0.015279952,0.037169806,0.016728527,-0.015147517,0.00039541,8.56E-05,0,0,0,0,0,0,0,0,0,0,0,0,-0.005786016,0.018339142,0.468192555,0.73498412,0.597285795,0.126361366,-0.018549285,-0.000127655,0,0,0,0,0,0,0,0,0,0,0,0,-0.006426845,0.034958267,0.382734818,0.680945074,1.030810083,0.72542259,0.101193643,-0.011401654,0,0,0,0,3.27E-19,-4.03E-18,-3.56E-17,1.96E-18,0,0,0,0,-3.81E-05,0.001132037,-0.01186797,0.028488188,0.853570483,1.033662139,0.431179222,-0.020842525,0,0,0,0,0.000488154,-0.007813351,-0.016149748,-0.004844261,0.000587012,0.000266544,-0.004030331,-0.011794322,-0.004303343,0.000302576,-0.003701746,-0.013194172,0.500062245,1.030783429,0.509670009,-0.020625,0,0,0,0,-0.002988413,0.046020749,0.136475684,0.021570309,-0.002977776,-0.0002932,0.001298816,0.057329603,0.015565764,-0.00424211,1.27E-05,-0.030042497,0.25289552,0.990471716,0.791370552,-0.020584159,0,0,0,0.000949003,-0.039018382,0.477601426,0.925376004,0.32993333,-0.037902144,-0.036863154,0.416901825,0.782752774,0.326545411,-0.020630121,-0.001816823,-0.028822321,0.277687126,0.996525174,0.547515932,-0.020629766,0,0,0,-0.013871428,0.088754374,0.796000221,0.967918675,0.271493498,-0.05130916,0.115321912,0.859587929,1.064918079,0.629415662,0.010581051,-0.016171194,-0.030048015,0.526066653,1.039920377,0.447106399,-0.020945159,0,0,0,-0.043477233,0.367261914,1.026612473,0.760004085,0.074747821,-0.044101698,0.32139825,0.959418301,1.025013668,0.805945619,0.099629499,-0.006949857,0.327256213,0.901907033,0.944760468,0.303606916,-0.017901518,0,0,0,-0.050317965,0.432325827,1.075420445,0.615621545,-0.0646907,0.024529745,0.711325691,1.029503047,0.911989192,1.0346915,0.740577416,0.652938266,0.990975711,1.045506298,0.573312602,-0.000993488,-0.00618413,0,0,0,-0.050191793,0.432607789,1.056451174,0.453112541,-0.010232903,0.457018405,1.00912152,0.693615646,0.244920814,0.771767644,1.046508033,0.990458909,0.908023419,0.556442512,0.088507552,-0.011200678,-0.000109555,0,0,0,-0.034451918,0.285367868,0.926474724,0.371911135,0.563733541,1.017023409,0.919355222,0.234003983,-0.037647042,0.080321181,0.440291366,0.288081087,0.125506196,-0.014300534,-0.010651297,0.000257327,6.98E-05,0,0,0,-0.031470792,0.253004068,0.93932947,0.941536288,0.980888395,0.991999732,0.432645221,-0.010731584,-0.004126174,-0.008875443,-0.040445423,-0.027083333,-0.012831904,-0.000574023,9.06E-05,0,0,0,0,0,-0.01249358,0.08320435,0.64064248,0.996174888,0.837301828,0.380077674,-0.000154276,-0.007146923,0.000595588,0,0,0,0,0,0,0,0,0,0,0,0.000807142,-0.01209135,0.05246841,0.31209906,0.177759123,-0.03037422,-0.003888208,0.000273182,0,0,0,0,0,0,0,0,0,0,0,0,0,0.000668949,-0.009326566,-0.03778036,-0.023211039,0.00054796,0.000167135,0,0,0,0,0,0,0,0,0,0,0,0,0,0,0,0,0,0,0,0,0,0,0,0,0,0,0,0,0,0,0,0,0,0,0,0,0,0,0,0,0,0,0,0,0,0,0,0,0,0,0
0,0,0,0,0,0,0,0,0,0,0,0,0,0,0.001064645,-0.007936326,-0.030102805,-0.004033162,0.000587214,0,0,0,0,1.53E-06,0.000259906,-0.002136097,-0.009118328,-0.002102272,0.00019744,0,0,0,0,0,-0.011714154,0.087322389,0.331217831,0.044376503,-0.006461057,0,0,0,0,0.000281735,-0.004933401,-0.012903979,0.032854144,-0.000186772,-0.000796951,0,0,0,0,0,-0.021335147,0.159042759,0.603236517,0.080818644,-0.011767084,0,0,0,0,-0.001852737,0.001658531,0.325363409,0.724677458,0.245919398,-0.01518927,0,0,0,0,0,-0.020063113,0.149254051,0.5707628,0.077137296,-0.011188045,0,0,0,0,-0.017451185,0.246153918,0.947937381,0.732336074,0.125416938,-0.010165101,0,0,0,0,0,-0.023434436,0.178883017,0.614813708,0.073212313,-0.011248468,0,0,0,0,-0.029902931,0.481058228,0.961082057,0.267027642,-0.046467531,0.000458452,-0.001208044,-0.012977431,-0.000983796,0.00017325,0,-0.034095895,0.273182632,0.74726748,0.058568495,-0.011199108,0,0,0,0,-0.039537837,0.664184385,0.902750698,0.181179909,-0.024159023,-0.00060432,0.004367426,0.126673305,0.003221167,-0.001037463,0,-0.028594669,0.224605494,0.678002502,0.065825028,-0.0111923,0,0,0,0,-0.040264257,0.678527051,0.895010905,0.166265253,-0.022175073,-0.016241388,0.239327467,0.843831597,0.237090943,-0.031813791,0.000232359,-0.015651217,0.11012474,0.51716522,0.083592512,-0.01125107,0,0,0,0,-0.040023438,0.675795343,0.879023999,0.147068406,-0.020125555,-0.029992187,0.472543403,1.043991711,0.460809709,-0.029526059,-0.001928615,-0.008410233,0.046309641,0.424575691,0.092681658,-0.0111923,0,0,0,0,-0.04031347,0.680148557,0.887822168,0.158355852,-0.021328115,-0.026214512,0.402848363,1.03128428,0.592372192,0.004520658,-0.005820227,-0.015533395,0.109213882,0.51420498,0.08326704,-0.011199108,0,0,0,0,-0.038410386,0.649832312,0.847132234,0.104059998,-0.015549713,-0.021490656,0.316815666,1.021543471,0.626153493,0.013279728,-0.006923849,-0.017226103,0.124042739,0.536864634,0.081472881,-0.011248468,0,0,0,0,-0.029189849,0.47228091,0.917700044,0.220896446,-0.034192111,-0.039907884,0.479252638,1.024862473,0.784535914,0.064243304,-0.023961227,-0.029253268,0.168021242,0.611107979,0.072918144,-0.011188045,0,0,0,0,-0.023702203,0.35892021,1.005931899,0.597265059,-0.016459533,0.077999011,0.816309534,1.037257671,1.029742078,0.642468527,0.049409404,-0.030218244,0.316915654,0.735952706,0.059591415,-0.011208607,0,0,0,0,-0.006391595,0.046649067,0.87198429,1.012352873,0.477259386,0.638957193,1.029394693,0.764389314,0.81115562,1.047908089,0.742015557,0.576047352,0.870306798,0.759252723,0.05742591,-0.011501225,0,0,0,0,-0.001483915,-0.007463746,0.344985158,0.870909518,1.022744775,1.024801726,0.915897723,0.170832567,0.171427475,0.657121346,0.994836754,1.051775854,1.017109732,0.585077138,0.02297124,-0.00729473,0,0,0,0,0.000135876,-0.001935611,-0.027648676,0.166806849,0.590571284,0.479801607,0.364197117,-0.001172913,-0.022362234,0.005574324,0.349752349,0.520995643,0.40942516,0.087018961,-0.010749918,-5.26E-05,0,0,0,0,3.22E-06,9.45E-05,-0.000491779,-0.012950266,-0.036294383,-0.03037357,-0.023883017,-0.001082976,-3.77E-05,-0.003512902,-0.023240809,-0.032735703,-0.026630872,-0.007412275,0.000452947,3.83E-05,0,0,0,0,0,0,0,0,0,0,0,0,0,0,0,0,0,0,0,0,0,0,0,0,0,0,0,0,0,0,0,0,0,0,0,0,0,0,0,0,0,0,0,0,0,0,0,0,0,0,0,0,0,0,0,0,0,0,0,0,0
0,0,0,0,0,0,0,0,0,0,0,0,0,0,0,0,0,0,0,0,0,0,0,0,0,0,0,0,0,0,0,0,0,0,0,0,0,0,0,0,0,0,0,0,0,0,0,0,0,0,0,0,0,0,0,0,0,0,0,0,0,0,0,0,1.10E-05,-8.72E-05,-0.000254902,-2.32E-05,4.08E-06,0,0,0,0,0,0,0,0,0,0,0,0,0,0,2.02E-05,0.000750613,-0.010489311,-0.01868219,-0.000704007,0.000219227,0,0,0,0,0,0,0,0,0,0,0,0,0,2.48E-19,0.000261795,-0.013738307,0.067620217,0.197247226,0.012927469,-0.002745949,-8.28E-17,-2.59E-16,-5.13E-17,6.71E-18,0,2.52E-18,-6.45E-18,-2.12E-16,-1.78E-16,6.33E-18,0,0,0,0.000216053,-0.006412565,0.025544135,0.631052373,0.539022995,-0.006377186,-0.003983354,-0.010146038,-0.017987643,-0.003418096,0.000452489,3.57E-06,0.000611554,-0.005108762,-0.020434709,-0.011381178,0.000428922,0,0,0,-8.75E-05,-0.029216722,0.49662794,0.84546893,0.126165447,-0.018665152,-0.025462068,0.140888705,0.414128637,0.0812953,-0.01065043,-1.85E-05,-0.006838949,0.039289335,0.37536087,0.2737867,-0.010061079,0,0,0,-0.024719335,0.189299888,0.927122294,0.731779276,-0.075604099,-0.041948453,0.106800875,0.682749557,0.879025633,0.151674683,-0.02367112,-4.45E-05,-0.032134651,0.28329662,1.037945619,0.596189855,-0.021016646,0,0,0,-0.049743182,0.42614231,1.055746545,0.892628574,0.6178173,0.640592584,0.826966316,1.015021412,0.960188862,0.374262817,-0.028929467,-0.009790526,-0.027169543,0.209237524,0.938181185,0.622595967,-0.020594533,0,0,0,-0.050770861,0.435736128,1.050280637,0.996840312,1.03445578,0.981374808,0.758014025,0.851889621,1.016188862,0.880305981,0.306984581,-0.000993975,-0.049297726,0.129085274,0.880227499,0.644090097,-0.020771548,0,0,0,-0.039956382,0.332910199,0.993021089,1.033679875,0.755232503,0.296254433,0.023616388,0.347891306,0.999920513,1.011717559,0.886048198,0.632432632,0.318746851,0.478795326,0.956791956,0.297717378,-0.019519676,0,0,0,-0.004495953,0.03499949,0.152420882,0.179126785,0.074733772,-0.035571403,-0.017207156,0.046239639,0.795693171,1.012131758,1.023931178,1.039862317,0.978483297,1.006487947,0.605927296,0.011281834,-0.006921005,0,0,0,0.000660389,-0.005330882,-0.019249387,-0.021413399,-0.011977805,-0.000142677,-7.74E-05,-0.016104013,0.156977703,0.674734239,0.877597767,0.872720554,0.876949891,0.524446266,0.126464614,-0.008393546,-0.000737847,0,0,0,0,0,0,0,0,0,4.98E-05,-0.000737796,-0.010515625,0.068965465,0.161177235,0.163451491,0.156415782,2.64E-05,-0.016420871,0.000416565,9.79E-05,0,0,0,0,0,0,0,0,0,0,0.000170956,-0.00050674,-0.013082414,-0.024155253,-0.024334559,-0.02359375,-0.004761642,0.000360294,0,0,0,0,0,0,0,0,0,0,0,0,0,0,0,0,0,0,0,0,0,0,0,0,0,0,0,0,0,0,0,0,0,0,0,0,0,0,0,0,0,0,0,0,0,0,0,0,0,0,0,0,0,0,0,0,0,0,0,0,0,0,0,0,0,0,0,0,0,0,0,0,0,0,0,0,0,0,0,0,0,0,0
0,0,0,0,0,0,0,0,0,0,0,0,0,0,0,0,0,0,0,0,0,0,0,0,0,0,0,0,0,0,0,0,0,0,0,0,0,0,0,0,0,0,0,0,0,0,0,0,0,0,0,0,0,0,0,0,0,0,0,0,0,0,0.000903754,-0.006966963,-0.033494332,-0.01840431,0.001126072,0,0,0,0,0,0,0,0,0,0,0,0,0,0,0,-0.013940728,0.10613814,0.539600133,0.308952734,-0.018809487,0,0,0,0,0,0,0,0,0,0,0,0,0,0,0,-0.029353879,0.235460563,0.929684402,0.423923305,-0.026591759,0,0,0,0,0,0,2.33E-19,-2.88E-18,-2.54E-17,1.40E-18,0,0,0,0,0,-0.047757124,0.412573785,1.003897893,0.13159906,-0.011212776,0.000383189,-0.003183381,-0.010380072,-0.000983286,9.29E-05,0,4.08E-05,-5.34E-05,-0.007805351,-0.012540339,-0.005800993,0.000250204,0,0,0,-0.051066007,0.443421878,1.030440684,0.172510667,-0.0155197,-0.002133259,0.009729781,0.046355988,-0.018476672,0.000841079,0,-0.00059114,0.004967439,0.081729801,0.062408636,0.020224416,-0.001290714,0,0,0,-0.037765277,0.314723278,0.98008844,0.542651399,-0.017987915,-0.029877655,0.240192862,0.722609018,0.248629817,-0.029974163,0.000960774,-0.001602124,-0.00959392,0.401717967,0.818826253,0.443646525,-0.015952478,0,0,0,-0.023317843,0.176686632,0.902960086,0.751005821,-0.005823683,0.047216277,0.730780433,1.057226563,0.835139536,0.139737388,-0.027302036,-9.54E-05,-0.017666037,0.153259838,0.861274918,0.849367535,-0.021232298,0,0,0,-0.017924259,0.124985686,0.873110805,0.844103486,0.121824789,0.504957995,1.028648182,0.953559198,1.017810151,0.647244758,0.037653089,-0.035300177,-0.030402165,-0.018219975,0.68877354,0.912635458,-0.02068253,0,0,0,-0.000160613,-0.028020408,0.466742085,0.991018297,0.82397966,0.947532085,0.840167211,0.313699619,0.520975899,0.957860958,0.667475371,0.278151382,0.205864379,0.553694138,0.95441733,0.688423338,-0.020896991,0,0,0,0.000126922,-0.005197098,0.019501481,0.593843538,0.955825214,0.727542756,0.210975687,-0.043983514,0.015808178,0.340664313,0.896136443,0.968838086,0.93501065,1.025741256,0.989269717,0.345105057,-0.019409794,0,0,0,0,4.93E-05,-0.007275412,0.062558977,0.140620745,0.030778743,-0.017633612,-0.000734783,-0.005572236,-0.029723924,0.228009627,0.462144625,0.454926794,0.519110447,0.387106822,0.014279704,-0.005341946,0,0,0,0,3.19E-05,0.000111911,-0.007241881,-0.014159518,-0.00455546,0.000280842,0,1.41E-17,0.00084678,-0.021706378,-0.041586261,-0.040744894,-0.020118753,-0.016541054,-0.004347204,0.000506366,0,0,0,0,0,0,0,0,0,0,0,0,0,0,1.19E-05,1.26E-05,-0.002715074,-0.001936275,0.000212792,0,0,0,0,0,0,0,0,0,0,0,0,0,0,0,0,0,0,0,0,0,0,0,0,0,0,0,0,0,0,0,0,0,0,0,0,0,0,0,0,0,0,0,0,0,0,0,0,0,0,0,0,0,0,0,0,0,0,0,0,0,0,0,0,0,0,0,0,0,0,0,0,0,0,0,0,0,0,0,0,0,0
0,0,0,0,0,0,0,0,0,0,0,0,0,0,0,0,0,0,0,0,0,0,0,0,0,0,0,0,0,0,0,0,0,0,0,0,0,0,0,0,0,0,0,0,0,0,0,0,0,0,0,0,0,0,0,0,0,0,0,0,0,0,0,7.51E-06,-7.60E-05,-0.000964308,-0.000162684,2.20E-05,0,0,0,0,8.81E-05,-0.000212163,-0.011097631,-0.012512868,-0.002181015,0.000233888,5.11E-06,0,0,0,0,0.000517719,-0.007665526,-0.022810917,-0.018764706,-0.00093922,0.000245098,0,0,0,-0.001238841,0.003494843,0.148846729,0.153897518,-0.005200487,-0.013427908,0.000589597,0,0,0,1.12E-18,-0.004706597,0.060809113,0.357554824,0.171738749,0.003707758,-0.001909722,0,0,0,-0.005400921,0.008981533,0.736271429,0.954932513,0.445398301,0.045036128,-0.005244417,0,0,0,7.34E-05,-0.024534161,0.35977548,1.025373672,0.57473012,-0.009116866,-0.006430419,7.66E-05,0,0,-0.001613876,-0.014705593,0.480256587,1.011679653,1.004896957,0.422198103,-0.020004936,0,0,0,-0.001565773,-0.021927306,0.603420128,1.04569351,0.70830986,0.120282377,-0.025417669,0.001368167,0,0,0.000576029,-0.021773521,0.219603682,0.973746365,1.021985464,0.676161208,-0.020832994,0,0,0,-0.004383841,-0.002343001,0.749793301,1.025870234,1.014319342,0.863278471,0.191478537,-0.032596558,-0.00013511,-0.000139706,-0.006361288,-0.020902012,0.558439491,1.008492119,1.014829299,0.617080174,-0.020685253,0,0,0,-0.021131629,0.155997209,0.855468444,1.013481005,0.992538637,1.028074715,0.71403382,0.115849758,-0.033125511,-0.03135672,-0.007394623,0.284164556,0.875052032,1.005872192,1.024966963,0.347605258,-0.021090686,0,0,0,-0.039169622,0.326208844,0.975219107,0.999509446,0.996500119,1.013865738,1.01158221,0.841030229,0.290788109,0.262141425,0.616027153,0.947062262,1.002157322,1.01583941,0.85413283,0.105516269,-0.014674224,0,0,0,-0.044778444,0.379135281,1.012237439,1.00128348,0.955576917,0.784217538,0.937264961,1.029126004,0.979256978,0.973487473,1.011327198,1.002658258,1.018861435,0.964141238,0.334926896,-0.02442695,-0.001458844,0,0,0,-0.039092663,0.32533833,0.978425122,1.030237591,0.548183727,0.053233539,0.506776001,0.863401563,1.002727756,1.03321853,1.02738752,1.005121326,0.887986918,0.383481513,-0.005398,-0.003892872,0.000156944,0,0,0,-0.025828951,0.200505736,0.898499268,0.931960444,0.217684862,-0.042433146,-0.022623111,0.017443883,0.528108643,0.74750434,0.727698117,0.505449687,0.123413075,-0.025098295,-0.00467499,0.00045045,6.81E-06,0,0,0,-0.001744324,-0.007790475,0.430164045,0.420975575,0.017168113,-0.004237903,0.000216299,-0.005820874,0.008654276,0.06702691,0.056623847,-0.011528544,-0.015944989,0.000597001,4.72E-05,0,0,0,0,0,0.000410909,-0.003839359,-0.002634685,-0.009241405,-0.006235345,0.00068974,1.93E-05,0.000247243,-0.005716605,-0.013529412,-0.012307387,-0.003484988,0.00032935,0,0,0,0,0,0,0,0,0.000120098,-0.002097784,-0.001786816,0.000104013,0,0,0,0,0,0,0,0,0,0,0,0,0,0,0,0,0,0,0,0,0,0,0,0,0,0,0,0,0,0,0,0,0,0,0,0,0,0,0,0,0,0,0,0,0,0,0,0,0,0,0,0,0,0,0,0,0,0,0,0,0,0,0,0,0,0,0,0,0,0,0,0,0
0,0,0,0,0,0,0,0,0,0,0,0,0,0,0,0,0,0,0,0,0,0,0,0,0,0,0,0,0,0,0,0,0,0,0,0,0,0,0,0,0,0,0,0,0,0,0,0,0,0,0,0,0,0,0,0,0,0,0,0,0,0,0,0.000171262,-0.002831597,-0.004876787,-0.000551471,8.44E-05,0,0,0,0,5.87E-05,0.000611826,-0.020182394,-0.024688828,-0.002781352,0.00042803,0,0,0,0,0.00034487,-0.003754391,0.00527628,0.027108132,0.001300245,-0.000284946,8.92E-05,-0.000333027,-0.01638174,-0.010311887,-0.000264767,-0.009771446,0.316227618,0.371864056,0.010747787,-0.008046553,0.000392157,0,0,0,-0.002251437,-0.009393178,0.526088661,0.783045513,0.108666156,-0.015629204,-0.000133936,-0.005229048,0.094500698,0.062343359,-0.007847163,-0.015934351,0.738685509,1.048961261,0.424352584,-0.020022064,-0.002413024,0,0,7.66E-05,-0.013075598,0.070278322,0.839877621,0.834687636,0.066892123,-0.011216828,-0.01290928,0.078575402,0.759316704,0.45322275,-0.014350567,-0.020429143,0.341501174,0.839660641,0.912076219,0.102682779,-0.016473141,0,0,-5.61E-06,-0.033772584,0.27665831,0.965184494,0.662499219,0.010394161,-0.017677899,-0.023479781,0.521443463,1.039229529,0.446011322,-0.025994111,-0.003226564,-0.032721607,0.348611824,1.073383406,0.148359795,-0.021342213,0,0,-0.007961431,0.023648088,0.659066823,1.048433926,0.53478845,-0.04062037,0.025750938,0.441116422,0.975995081,0.817889417,0.103098192,-0.016527761,-0.001399408,-0.020034569,0.461725065,1.014850439,0.131275835,-0.019500613,0,0,-0.019854473,0.134251712,0.997287173,1.000353077,0.374010025,-0.060424666,0.508107819,0.984543182,1.026001447,0.535508204,-0.031562857,-0.000206677,-0.003248162,-0.000373826,0.709015268,0.783406063,0.05870898,-0.011714325,0,0,-0.011428207,0.068501947,0.639423986,0.937598431,0.39564488,0.316094227,0.92963113,0.997526893,0.980632166,0.380184283,-0.026549939,0.000821002,-0.019650037,0.169583674,0.984425279,0.487906505,-0.02513646,-0.002481277,0,0,0.000700061,-0.021065132,0.077317113,0.762387697,0.931699414,0.960139161,0.971898601,0.560792126,0.867201627,0.389776705,-0.027243804,-0.009155253,0.017080491,0.641429449,0.926298049,0.206300517,-0.028776242,0.000191993,0,0,0,-0.000416156,-0.011022584,0.213288034,0.77424913,0.942754763,0.8308312,0.137751688,0.709877876,0.587901533,-0.041485841,-0.045192781,0.388648377,1.018236653,0.580897623,-0.023704089,-0.001222841,0,0,0,0,0.000175288,-0.001128387,-0.015860992,0.042299666,0.155247396,0.199750231,-0.039722988,0.442052526,0.8888694,0.276544458,0.325513636,0.912491166,0.862310611,0.107200691,-0.013089903,0.000350577,0,0,0,0,0,2.17E-05,0.000191908,-0.005563215,-0.015462878,-0.019191278,-0.010711908,0.134353979,0.847665969,0.921108252,0.959853247,0.87294727,0.244286288,-0.023007847,-0.000305045,0,0,0,0,0,0,0,0,0,0,0,-0.000125051,-0.015770357,0.153304092,0.482458197,0.464075184,0.153761574,-0.026426028,-0.001693627,0.000125,0,0,0,0,0,0,0,0,0,0,0,6.63E-05,5.92E-05,-0.012062092,-0.029763225,-0.028984295,-0.012230954,-0.000114839,0.000125,0,0,0,0,0,0,0,0,0,0,0,0,0,0,0,0,0,0,0,0,0,0,0,0,0,0,0,0,0,0,0,0,0,0,0,0,0,0,0,0,0,0,0,0,0,0,0,0,0,0,0,0,0,0,0,0,0,0,0,0,0,0,0,0
0,0,0,0,0,0,0,0,0,0,0,0,0,0,0,0,0,0,0,0,0,0,0.000574783,-0.005074551,-0.010160846,-0.000285948,5.82E-05,0,0,0,0,0,0,0,0,0,0,0,0,0,0,0,-0.006891191,0.059992085,0.137221322,0.005170889,-0.000839193,0,0,0,0,0,0,0,0,0,0,0,0,0,0,0,-0.03772655,0.335599877,0.621033497,0.013576576,-0.003399765,0,0,0,0,0,0,0,0,0,0,0,0,0,0,0,-0.05124414,0.454825436,0.862107333,0.020540594,-0.004788143,0,0,0,0,0,0,0,0,0,0,0,0,0,0,0,-0.041682769,0.356044884,0.954294492,0.041356311,-0.005998315,0,0,0,3.76E-18,-4.29E-17,-1.40E-17,5.02E-18,-1.96E-17,-5.71E-16,-5.29E-16,-5.01E-17,8.81E-18,0,0,0,-0.029722392,0.24253845,0.88418624,0.0960673,-0.00852742,0,0,0.000520833,-0.003515625,-0.018909144,-0.003335066,0.000434028,0.000692402,-0.005031148,-0.021063283,-0.006427581,0.000434028,0,0,0,-0.018088361,0.131244021,0.825297464,0.275264767,-0.017907393,0,0.000454935,-0.009814724,-0.012937644,0.178633056,0.041630383,-0.008860455,0.015549577,0.69099911,0.763542711,0.083717806,-0.013010918,0,0,0,-0.017339693,0.124022093,0.822422539,0.290120966,-0.018695619,0.000454935,-0.00669761,-0.002078585,0.447315853,0.927460478,0.138785771,-0.019378574,-0.019733456,0.123173083,0.830750357,0.450863584,-0.020455644,0,0,0,-0.004697729,0.003607145,0.752991626,0.409773557,-0.02424423,-0.009814724,-0.003404871,0.607130293,1.015719737,0.840149578,0.080219365,-0.014113392,0.001890931,-0.05388111,0.400086176,0.812642269,-0.014871153,0,0,0,0.000631038,-0.041589767,0.618488971,0.530882693,-0.04358267,-0.038697566,0.463117205,0.817582618,0.514477226,0.891823989,0.092271004,-0.015318627,-0.000332721,-0.034238851,0.428005362,0.805459741,-0.014871153,0,0,0,0,-0.028347733,0.477269608,0.707282373,0.024657697,0.463124108,0.897919084,0.210410352,0.255182904,0.926977005,0.088668725,-0.02710563,-0.033712929,0.055471746,0.757147825,0.506911697,-0.020455644,0,0,0,0,-0.011894185,0.15154106,0.897548612,0.707104497,0.886838318,0.390765375,-0.059938683,0.298305376,0.882693225,0.124820925,0.034822487,0.144471315,0.728913772,0.835993743,0.111604401,-0.014642187,0,0,0,0,-0.001489737,-0.012192147,0.42624326,0.683936819,0.2486194,-0.029822815,-0.025629698,0.151498809,0.856189951,0.826159298,0.776548083,0.946540169,0.682506434,0.134361775,-0.02821413,0.000434028,0,0,0,0,0.000179994,-0.004456138,0.000575997,0.024116779,-0.021220649,0.000176845,-0.00104565,-0.00561186,0.171198308,0.358578329,0.444882591,0.215857026,0.033814542,-0.019866609,0.001732502,0,0,0,0,0,0,0.000474265,-0.003967218,-0.008486826,-0.000193531,8.88E-05,0.000314338,-0.000823529,-0.025972665,-0.03392646,-0.022534109,-0.032634021,-0.009454044,0.00065625,0,0,0,0,0,0,0,0,0,0,0,0,0,0,4.39E-05,-0.000407546,-0.001251532,0.000109783,0,0,0,0,0,0,0,0,0,0,0,0,0,0,0,0,0,0,0,0,0,0,0,0,0,0,0,0,0,0,0,0,0,0,0,0,0,0,0,0,0,0,0,0,0,0,0,0,0,0,0,0,0,0,0,0,0,0,0,0,0,0,0,0,0
0,0,0,0,0,0,0,0,0,0,0,0,0,0,0,0,0,0,0,0,0,0,0,0,0,0,0,0,0,7.35E-05,0.000363222,-0.012131332,-0.018791699,-0.015238971,-0.003406352,0.000481005,0,0,0,0,0,0,0,0,0,0,0,0,0,-0.000587012,-0.002226265,0.089769577,0.124578269,0.090625943,-0.006122304,-0.00530013,0.000218907,0,0,0,0,0,0,0,0,0,0,0,0,-0.002995711,-0.020509906,0.553989107,0.994920288,0.88815082,0.409168216,-0.020328244,-0.001093852,0,0,0,0,0,0,0,0,0,0,0,0,-0.000449449,-0.018379323,0.249549241,0.481990373,0.733896718,0.96637757,0.235654701,-0.016918147,0,0,0,0,0,0,0,0,0,0,0,0,7.17E-05,-0.000462214,-0.003212214,-0.048743206,0.358515421,1.00745607,0.478177679,-0.030049428,0,0,0,0,0,0,0,0,0,0,0,0,0,0.00010723,-0.002928922,-0.03566844,0.477368958,1.050435951,0.438814253,-0.028214665,0,0,0,0,0,0,0,0,0,0,0,0.000264156,-0.002887367,-0.028406506,-0.010132248,-0.032329665,0.482397409,1.031688017,0.246586088,-0.017642422,0,0,0,0,0,0,8.95E-05,-0.001422896,-0.003770629,4.28E-05,8.32E-05,-0.001727635,0.004723856,0.22277308,0.047245915,0.028561293,0.717161612,0.928642599,0.07862917,-0.008208282,0,0,0,0,0,0,-7.58E-05,0.000728588,0.015138617,-0.005063283,0.000926175,-0.031265421,0.363125851,0.934816789,0.359434181,0.266391946,1.02292179,0.545694444,-0.011909229,-0.002184385,0,0,0,0,0,0,-0.017278391,0.278210955,0.643165169,0.027939645,-0.026290204,0.122577019,0.840354184,1.077243975,0.696696402,0.829836279,0.800060645,0.095301862,-0.017859103,4.79E-05,0,0,0,0,0,0,-0.029412071,0.482773591,0.865069887,0.139540577,-0.033900269,0.530474214,0.960993804,0.833861741,1.038024442,0.991471081,0.33485209,-0.034774816,0.00010672,1.07E-05,0,0,0,0,0,0,-0.029872304,0.491422927,0.859172645,0.12973615,0.132841139,0.927755374,0.657033057,0.247486989,0.674120993,0.331841937,0.004773246,-0.002433859,8.81E-05,0,0,0,0,0,0,0,-0.029754749,0.48509472,0.896848295,0.167708197,0.567078713,1.047885791,0.35818847,-0.038919237,-0.022351324,-0.019179643,-0.004418573,0.000425517,0,0,0,0,0,0,0,0,-0.030093188,0.482770033,0.959045054,0.428583282,0.852093813,0.720894438,0.06450674,-0.012766119,-5.87E-06,0,0,0,0,0,0,0,0,0,0,0,-0.028190257,0.439462571,1.00787546,0.922102703,0.994016839,0.375418011,-0.042290288,0.0005625,9.19E-06,0,0,0,0,0,0,0,0,0,0,0,-0.010302339,0.122753353,0.784563215,1.061771616,0.659513354,0.05035723,-0.006700844,4.04E-05,0,0,0,0,0,0,0,0,0,0,0,0,0.000444692,-0.015080358,0.069076373,0.151227987,0.041965688,-0.012863825,0.000866251,0,0,0,0,0,0,0,0,0,0,0,0,0,6.38E-05,-9.02E-06,-0.012746119,-0.021757387,-0.009459459,0.000434028,0,0,0,0,0,0,0,0,0,0,0,0,0,0,0,0,0,0,0,0,0,0,0,0,0,0,0,0,0,0,0
0,0,0,0,0,0,0,0,0,0,0,0,0,0,0,0,0,0,0,0,0,0,0,0,0,0,0,0,0,0,0,0,0,0,0,0,0,0,0,0,0,0,0,0,0,0,0,0,0,0,0,0,0,0,0,0,0,0,0,0,0,0,0,0,0,8.17E-05,-0.000931373,-0.00030329,3.27E-05,0,0,0,0,0.00015671,-0.001335631,-0.017790186,-0.026095741,-0.004715411,0.000522365,0,0,0,0,0,0.001053309,-0.008358728,-0.023807496,-0.030669357,-0.005210035,0.000490196,0,0,0,-0.000635263,-0.010444087,0.248561598,0.398402829,0.041787653,-0.007948836,0,0,0,0,8.17E-05,-0.008358728,0.032584355,0.35887483,0.287346215,0.024461806,-0.00296841,-2.94E-16,-6.11E-17,0.001304472,-0.036529956,0.355765063,1.019229405,1.034668913,0.463027954,-0.020814781,0,0,0,0,-0.000605086,-0.028390319,0.339110056,1.042647586,0.995956341,0.221347018,-0.040158973,-0.022307496,-0.008897569,-0.013831479,0.108217116,0.633568117,0.632007098,0.911949602,0.895197199,-0.020898182,0,0,0,0,-0.004956382,0.025598868,0.809066929,0.689277462,0.595720091,0.265948579,0.368942664,0.484982148,0.122436628,-0.023351538,0.044196731,0.05615833,0.017736486,0.694080059,0.895786747,-0.020833333,0,0,0,0.000156537,-0.024997141,0.350896735,1.051327138,0.604954027,-0.040458196,0.190526382,0.910290782,1.086442028,0.506144301,-0.027565937,-0.006960784,-0.014090244,-0.028685236,0.632920581,0.904541244,-0.020833333,0,0,0,-0.000529126,-0.037102294,0.707395067,0.971343767,0.247629068,-0.055268844,0.078874796,0.815565053,1.075130106,0.470857843,-0.035641433,-0.001360396,-0.019590686,0.082707261,0.813590788,0.875912604,-0.020833333,0,0,0,-0.027495822,0.21535546,0.932278901,0.872304364,0.126691891,-0.031392303,0.117139042,0.779993821,1.081085427,0.439933364,-0.055033138,-0.001185866,-0.030908292,0.408291445,1.052463269,0.475328411,-0.020833333,0,0,0,-0.038325792,0.317903084,0.998767616,0.838785029,0.279797726,0.343002884,0.86550703,0.993048679,1.037368311,0.841889212,0.171626666,-0.047168318,0.115044918,0.922058415,1.045370166,0.213449836,-0.021267361,0,0,0,-0.03560476,0.292226655,0.959415841,0.99363968,0.944191075,0.964437344,1.031268956,0.952279599,0.756569901,1.041632747,0.911614775,0.575726207,0.787877549,1.055655786,0.61929156,0.003445443,-0.006717181,0,0,0,-0.025884799,0.199899561,0.903081087,1.025139331,1.013818798,1.019413616,1.007463763,0.43054473,0.028296347,0.517916411,1.027046679,1.058592763,1.071284212,0.894272757,0.141512306,-0.025178855,0.000434028,0,0,0,-0.006991969,0.030129919,0.623769846,1.015158871,1.004788126,0.984844398,0.541190581,0.006988205,-0.019643876,-0.003085767,0.262424636,0.540450061,0.511948019,0.188666309,-0.031650054,0.001946517,0,0,0,0,0.00093922,-0.012006281,0.022653901,0.368707142,0.391329521,0.210199696,-0.009158037,-0.010358235,0.001543505,-0.005210035,-0.032130366,-0.009105869,-0.013917143,-0.026990945,0.00151971,0,0,0,0,0,0,0.000332261,-0.004181679,-0.024441891,-0.025625817,-0.015670325,-0.0022572,0.000243821,0,3.27E-05,-0.000146753,-0.002349673,-0.002026144,-3.27E-06,9.80E-06,0,0,0,0,0,0,0,0,0,0,0,0,0,0,0,0,0,0,0,0,0,0,0,0,0,0,0,0,0,0,0,0,0,0,0,0,0,0,0,0,0,0,0,0,0,0,0,0,0,0,0,0,0,0,0,0,0,0,0,0,0,0,0
0,0,0,0,0,0,0,0,0,0,0,0,0,0,0,0,0,0,0,0,0,0,0,0,0,0,0,0,0,0,0,0,0,0,0,0,0,0,0,0,0,0,0,0,0,0,0,0,0,0,0,0,0,0,0,0,0,0,0,0,0,0,0,0,0,0,0,0,0,0,1.14E-18,5.36E-05,-0.001645061,-0.002546875,-0.00408895,-0.002740911,0.000165288,0,0,0,0,0,0,0,0,0,0,0,0,0,0.000367647,-0.004077308,-0.012210299,-0.006433517,0.012202444,0.006092865,-0.003454299,0.000315519,0,0,0,0,0,0.000112337,-0.000680828,-0.017490468,-0.019270833,-0.016648153,-0.001306339,0.000148931,-0.001970997,0.01085495,0.417388695,0.559665884,0.731563011,0.491982656,-0.043918675,-0.006276293,0.000634021,0,0,0,0,-0.000789931,0.000375647,0.178796467,0.198691619,0.170472905,0.010374966,-0.001263787,-0.019126157,0.196785641,0.942595627,1.034344737,1.025434232,0.898642633,0.435518484,0.01945061,-0.006797215,0,0,0,0,-0.018510252,0.268572911,0.903656309,0.932432212,0.883005211,0.271409832,-0.037266299,-0.026129065,0.097645411,0.884239798,1.024096993,0.991757164,1.004774741,1.001591218,0.311092698,-0.019825425,0,0,0,0.00039501,-0.029373264,0.388913909,1.005833214,1.022170326,0.926844537,0.182145067,0.049427645,0.085439883,0.155989754,0.544324953,0.88445881,0.990891561,0.993414999,1.018564134,0.795138957,-0.02084695,0,0,0,-0.005176308,0.009627587,0.673437908,1.016861009,1.008250136,0.869874496,0.367093461,0.761690155,0.812880838,0.869468699,0.704026096,0.46008815,0.934743856,1.002414522,1.015533599,0.566964623,-0.02076491,0,0,0,-0.024348783,0.185854575,0.885920956,1.01209215,0.994549598,0.968423831,0.927522433,1.02252999,1.019720282,1.019097052,0.916765912,0.791679841,0.978038892,0.995905978,1.008148829,0.411329797,-0.020499047,0,0,0,-0.042070034,0.353574278,0.994541156,0.997752042,0.991956597,0.993933951,0.99843173,0.994136863,0.998684164,0.993183721,0.997808589,1.004756842,0.99649537,1.03254822,0.780803122,0.094810784,-0.012292177,0,0,0,-0.034983577,0.286708128,0.947428781,1.003070401,0.992156863,0.991551544,0.9970629,1.01085769,0.98264339,1.018475857,0.999709358,1.000273633,0.992030951,0.713657362,0.227504586,-0.025071489,-0.000611471,0,0,0,-0.024624761,0.187843427,0.897936734,1.024793811,1.005475184,1.013989697,0.994722801,0.629631774,0.361169288,0.626291275,0.96340902,1.001427168,0.630041939,-0.014957721,-0.016890761,-0.000493253,0.000163399,0,0,0,-0.013626432,0.102239039,0.508317896,0.842042535,0.823585631,0.776691109,0.428702461,0.038376957,-0.050981941,0.020300756,0.226385781,0.246731107,0.06410209,-0.007893331,-3.23E-05,0,0,0,0,0,0.000147976,-0.001378268,-0.003112286,0.025430709,0.024642787,0.018427041,-0.014451763,-0.009104967,0.001354167,-0.007755821,-0.031476397,-0.033859988,-0.012197917,0.000738664,3.40E-05,0,0,0,0,0,6.24E-05,-0.000458027,-0.002415901,-0.005135876,-0.005014757,-0.004547664,-0.001619894,-2.15E-05,1.75E-05,0,0,0,0,0,0,0,0,0,0,0,0,0,0,0,0,0,0,0,0,0,0,0,0,0,0,0,0,0,0,0,0,0,0,0,0,0,0,0,0,0,0,0,0,0,0,0,0,0,0,0,0,0,0,0,0,0,0,0,0,0,0,0,0,0,0,0,0,0
0,0,0,0,0,0,0,0,0,0,0,0,0,0,0,0,0,0,0,0,0,0,0,0,0,0,0,0,0,0,8.30E-19,0.00039488,-0.003569633,-0.020054636,-0.021319785,-0.014111179,0.000221439,6.52E-05,0,0,0,0,0,0,0,0,0,0,0,0,-7.45E-18,-0.00498332,0.022328284,0.414804346,0.772818203,0.221013106,-0.031361339,-0.00042714,0.000171212,0,0,0,0,0,0,0,0,0,0,0,-2.60E-17,-0.014754562,0.12119281,0.800261421,1.018956836,0.80521412,0.139689253,-0.009298439,-0.000966095,0,0,0,0,3.68E-06,0.000191789,-0.002441789,-0.003566483,0.000116485,2.14E-05,0,4.25E-19,-0.001475524,0.004765586,0.081709661,0.708601018,1.031410216,0.726399595,0.073384646,-0.011410335,0,0,0,0,0.000197304,-0.002597937,-0.018398863,-0.015605954,-0.006358944,0.000661594,-2.20E-17,-1.20E-16,0.000278799,-0.001549774,-0.032653901,0.156412667,0.921661918,1.026288807,0.33975198,-0.020742273,0,0,0,0,-0.002432292,0.005145935,0.466794833,0.561931951,0.056887102,-0.01021378,-0.010540748,-0.019666905,-0.005918947,0.00071746,-0.002344516,-0.011359579,0.589544254,1.038003489,0.56839961,-0.020668573,0,0,0,0,-0.010175696,0.111861998,0.941497391,1.030537381,0.137370348,-0.017820105,0.084166616,0.267105499,0.04247386,-0.005854258,-0.002015154,-0.01296837,0.509604531,1.038989136,0.553408285,-0.020584159,0,0,0,0,-0.012849112,0.161269455,0.949323887,0.974531352,0.121533672,0.01249874,0.631174939,0.993141238,0.30666076,-0.039751997,-0.00508267,0.025663126,0.759284569,1.035228911,0.392609912,-0.020933415,0,0,0,0.000161428,-0.030959201,0.460284195,1.016739073,0.825121119,0.074592862,-0.009009549,0.754269046,1.056838559,0.508948002,-0.026096877,-0.047054126,0.258065632,0.978751838,0.882826014,0.116465272,-0.015673339,0,0,0,-0.00098773,-0.026504613,0.585281114,1.040913433,0.540433789,-0.006717215,-0.029408684,0.568335801,1.047257268,0.600950402,0.050718122,0.209069802,0.780403288,1.026248196,0.456329214,-0.015253353,-0.003427968,0,0,0,-0.006419225,0.019090533,0.730274799,1.003943236,0.34790962,-0.042065295,0.005523914,0.70328942,1.031297301,0.8836218,0.727520128,0.93784649,1.013531982,0.50963814,0.051790305,-0.011724145,0.000259395,0,0,0,-0.011566137,0.065645425,0.810438425,0.922758143,0.210554214,-0.070199589,0.283587807,0.937578523,1.000166779,0.940163382,0.983842668,0.916409135,0.477154926,-0.00274717,-0.014180629,0.001210637,0,0,0,0,-0.029932738,0.239034109,0.937919935,0.85002165,0.088638378,0.163918477,0.809465686,1.042750902,0.661326236,0.201449432,0.299780889,0.084755923,-0.029490571,-0.005322202,0.000375306,0,0,0,0,0,-0.021092495,0.155337793,0.865897263,0.987153646,0.72066408,0.83045378,1.033886353,0.792127604,0.136778254,-0.034208435,-0.028102197,-0.009250749,0.000851035,0,0,0,0,0,0,0,-0.002228201,-0.002308772,0.366742239,0.933097512,1.078908207,1.057361332,0.757976648,0.190951389,-0.022795513,-3.40E-05,0,0,0,0,0,0,0,0,0,0,0.00022013,-0.002342831,-0.020611826,0.267860652,0.437107911,0.404783149,0.103790458,-0.025167722,-8.68E-06,7.06E-05,0,0,0,0,0,0,0,0,0,0,0,0.000176104,-0.000322857,-0.032960744,-0.05087848,-0.047519118,-0.015257837,0.001136929,2.94E-05,0,0,0,0,0,0,0,0,0,0,0,0,0,0,0,0,0,0,0,0,0,0,0,0,0,0,0,0,0,0,0,0,0,0,0,0,0,0,0,0,0,0,0,0,0,0,0,0,0
0,0,0,0,0,0,0,0,0,0,0,0,4.08E-05,0.000928905,-0.022949857,-0.024376191,0.001402931,0,0,0,0,0,0,0,0,0,0,0,0,0,0,0,-0.000423953,-0.010204163,0.248401416,0.260030297,-0.018570517,0.000366883,0,0,0,0,0,0,0,0,0,0,0,0,0,0,-0.003459834,-0.008952295,0.742356474,0.731587158,-0.017945355,-0.002487175,0,0,0,0,0,0,0,0,0,0,0,0,0,0,-0.001145489,-0.022387323,0.560954231,0.854277659,0.122341776,-0.017549172,9.70E-06,0,0,0,0,0,0,0,0,0,0,4.96E-05,-0.00031587,-0.002020221,-0.000391851,-0.019821964,0.282266697,0.920477362,0.264374217,-0.03157408,-5.23E-05,0,0,0,0,0,0,0,0,0,3.19E-05,0.00081473,-0.012532697,-0.033442334,-0.005662733,-0.0126314,0.173400106,0.95642065,0.415163467,-0.030027363,-0.001457142,0,0,0,0,1.99E-05,-0.00023029,-0.002305964,-7.28E-05,2.04E-05,-7.84E-05,-0.018640846,0.158782441,0.598903084,0.120689553,-0.018187381,0.030050432,0.89123223,0.500322951,-0.019662468,-0.002988834,0,0,0,0,0.000480463,-0.007057244,-0.020010803,-0.014822266,0.001656083,-0.004570798,0.015264784,0.75584682,0.88395187,0.103442418,-0.025369549,0.115908901,0.953606083,0.531901811,-0.015803874,-0.003601226,0,0,0,0,-0.006134549,0.083395595,0.413587078,0.13252405,-0.015790632,-0.023317964,0.340311496,1.002012595,0.460647331,-0.029205699,-0.019068747,0.221943968,0.97193076,0.371984528,-0.033784905,-0.000794867,0,0,0,0,-0.014982179,0.203218631,0.982131076,0.375358864,-0.050706147,-0.018290356,0.74354633,0.882972546,0.121503557,-0.021728018,-0.027568236,0.358646446,0.960302985,0.291544135,-0.036161897,7.66E-05,0,0,6.38E-05,0.001028036,-0.045446946,0.445877911,0.921648829,0.230185611,-0.049131184,0.333947049,0.970841027,0.661887204,-0.041065291,-0.018458447,0.19162563,0.853880379,0.717934385,0.049786509,-0.009400758,0,0,0,-0.000700402,-0.011772604,0.151748451,0.813372515,0.808169833,0.039557224,0.13599911,0.874772076,1.026950061,0.446451457,-0.050520629,0.061292667,0.733954963,0.91660563,0.186374268,-0.020546058,0.000667727,0,0,0,-0.003286148,-0.011696465,0.450978201,0.974195032,0.744857782,-0.009666901,0.61213764,0.998747945,0.993716675,0.441226917,0.064570458,0.666057467,1.008943565,0.564972399,-0.010503462,-0.002239615,0,0,0,0,-0.000750613,0.001921548,0.046117341,0.390260212,0.858049258,0.591950351,0.965431546,0.526751668,0.66916716,0.757371477,0.6915521,0.999657644,0.481085223,0.028263565,-0.010314577,0.000138889,0,0,0,0,6.81E-05,-0.000132485,-0.03286506,0.400037718,0.993522178,1.015258017,0.658770858,0.035110975,0.20256284,0.906643927,0.850611315,0.305208223,0.012493124,-0.008245268,0.000586397,0,0,0,0,0,0,0,-0.007756536,0.103734409,0.48387757,0.395507489,0.032726533,-0.017728741,-0.006383272,0.098302339,0.071463065,-0.031618106,-0.007585308,0.000425551,2.21E-05,0,0,0,0,0,0,0,0.000532475,-0.007344312,-0.030542024,-0.025681628,-0.004928101,0.000456444,-0.000862132,-0.009220895,-0.007563828,-0.000282041,8.22E-05,0,0,0,0,0,0,0,0,0,0,0,0,0,0,0,0,0,0,0,0,0,0,0,0,0,0,0,0,0,0,0,0,0,0,0,0,0,0,0,0,0,0,0,0,0,0,0,0,0,0,0,0,0,0,0,0,0,0,0,0,0,0,0,0,0,0
0,0,0,0,0,0,0,0,0,0,0,0,0,0,0,0,0,0,0,0,0,0,0,0,0,0,0,0,0,0,0,0,0,0,0,0,0,0,0,0,0,0,0,0,0,0,0,0,0,0,0,0,0,0,0,0,0,0,0,0,0,0,6.24E-05,0.000290441,-0.013423509,-0.039935406,-0.030465635,-0.001860707,0.000426879,0,0,0,0,0,0,0,0,0,0,0,0,0,-0.000160205,-0.011260263,0.183581325,0.657251294,0.530329793,0.033663834,-0.00751668,0,0,0,0,0,0,0,0,0,0,0,0,0,-0.010527088,0.056727686,0.778228196,1.000943644,0.462902097,0.009251203,-0.017560168,-0.007577189,1.06E-05,3.70E-05,0,0,0,0,0,0,0,0,0,0,-0.025094778,0.192978503,0.917667245,0.817831036,0.050838559,-0.007952947,0.119377979,0.066513906,-0.002803564,-0.000190717,0,0,0,0,0,0,0,0,0,0,-0.036118142,0.298251056,0.980416004,0.638859946,-0.031400269,0.317234343,0.924825,0.738837593,0.02373507,-0.004597652,0,0.000161428,-0.000369329,-0.02968815,-0.044835107,-0.020778529,0.000892748,0,0,0,-0.045840773,0.391569189,1.028550603,0.429912803,-0.032134157,0.673679919,1.039972052,0.986095061,0.208759549,-0.017852584,0.000229913,-0.001097733,-0.001190768,0.241057394,0.378175688,0.164862317,-0.00751634,0,0,0,-0.034502059,0.282288722,0.98315162,0.598774952,0.235349231,0.937185228,1.013814713,1.013690751,0.581516731,-0.009178019,-0.002742652,-0.008501532,0.085889297,0.864104337,1.036016016,0.659587563,-0.020882183,0,0,0,-0.008606253,0.050780501,0.543475167,0.899558058,0.980676862,0.912884547,0.468200674,0.84420864,0.842559675,0.082706393,-0.017498777,-0.004851154,0.038843801,0.615504442,1.048537122,0.6292937,-0.020885927,0,0,0,0.000624924,-0.006689134,-0.012476903,0.244837265,0.486921058,0.272652494,-0.024189474,0.658073053,1.012722988,0.431634055,-0.014703131,-0.006184351,-0.005384515,0.640587571,1.042522433,0.61929015,-0.020791803,0,0,0,0,0.000269047,-0.002707391,-0.027655772,-0.025658911,-0.026504391,-0.025339112,0.283745957,0.96065796,0.853001287,0.108765548,-0.046892724,0.068609616,0.866128419,1.035960146,0.49560323,-0.021037497,0,0,0,0,0,4.29E-05,-0.000212929,-0.002430385,-0.000558987,-0.001119587,-0.026117545,0.471215652,1.060949278,0.635710801,0.135346388,0.548092797,1.017830287,0.96377548,0.191226102,-0.018661663,0,0,0,0,0,0,0,0,0,-6.56E-05,-0.016212827,0.119782561,0.624980784,0.936846099,0.874248094,0.976608337,1.005955321,0.506908037,-0.004503316,-0.004936513,0,0,0,0,0,0,0,0,0,2.39E-05,0.000106311,-0.006831121,-0.006111366,0.154646026,0.464648642,0.483637714,0.40694213,0.069995064,-0.014690545,0.000416156,0,0,0,0,0,0,0,0,0,0,7.08E-05,-0.000411969,-0.002760263,-0.0122868,-0.028480392,-0.030275429,-0.026511591,-0.006395884,0.000683166,1.07E-05,0,0,0,0,0,0,0,0,0,0,0,0,0,0,0,0,0,0,0,0,0,0,0,0,0,0,0,0,0,0,0,0,0,0,0,0,0,0,0,0,0,0,0,0,0,0,0,0,0,0,0,0,0,0,0,0,0,0,0,0,0
0,0,0,0,0,0,0,0,0,0,0,0,0,0,0,0,0,0,0,0,0,0,0,0,0,0,0,0,0,0,0,0,0,0,0,0,0,0,0,0,0,0,0,0,0,0,0,0,0,0,0,0,0,0,0,0,0,0,0,0,0,0,0,0,0,0,0,0,0,0,0,0,0,0,0,0,0,0,0,0,0,0,0,0,0,0,0,0,0,0,0,0,0,0,0,0,0,0,0,0,0,0,0,0,0,0,0,0,0,0,0,3.63E-18,0.001100648,-0.008674173,-0.037383834,-0.020843971,0.00047658,8.15E-05,0,0,0,0,0,0,0,0,6.98E-05,-0.000125861,-0.006716537,-0.006851682,-1.09E-05,9.57E-05,-0.013082936,0.096693985,0.425968393,0.224005566,-0.016038943,-0.000392361,5.11E-05,0,0,0.0004851,-0.004170106,-0.016957727,-0.000990991,0.00024948,-0.000215544,-0.000362306,0.02783636,0.026077259,-0.00053891,-0.004762919,0.012779468,0.392866781,0.645234584,0.781724773,0.182823349,-0.022932433,-2.96E-05,0,0,-0.003806509,0.033789287,0.123043879,-0.0001931,-0.001243004,-0.005516459,0.010742785,0.477536288,0.522797777,0.005247362,-0.004480341,0.015732237,0.058009855,-0.02509712,0.507539539,0.582975848,-0.002684308,-0.004899067,0,0,-0.016703602,0.127331081,0.737511319,0.13967819,-0.029682887,-0.033858098,0.087126493,0.867667007,0.666187687,-0.01770721,-0.038616932,-0.036508703,-0.031650293,-0.029335189,0.327783582,0.860121834,0.1059808,-0.016064134,0,0,-0.009867749,0.04097066,0.750226137,0.463203993,0.013111571,0.145202989,0.637858135,0.945159263,0.682443457,0.434275497,0.27794373,0.28093285,0.39258415,0.600516902,0.855767702,0.562314628,0.034047379,-0.007922624,0,0,-0.000717933,-0.017027944,0.212022008,0.692564066,0.596465754,0.74100657,0.800674741,0.282482247,0.20721281,0.524680811,0.711256076,0.704460071,0.712222409,0.550398693,0.253257625,0.013292569,-0.009006257,0.000491217,0,0,0.000134524,-0.000573588,-0.015412794,0.080249124,0.144507664,0.126966899,0.064495287,-0.017463567,-0.029952866,-0.013785312,0.042185704,0.040683556,0.037003587,-0.016230127,-0.032813532,-0.004983235,0.000693187,0,0,0,0,0.000167135,-0.000877077,-0.012612847,-0.016873979,-0.016705474,-0.012304159,-0.001395527,0.0003862,-0.003465074,-0.009553717,-0.009374873,-0.009189134,-0.003555453,0.000167654,1.17E-05,0,0,0,0,0,0,0,0,0,0,0,0,0,0,0,0,0,0,0,0,0,0,0,0,0,0,0,0,0,0,0,0,0,0,0,0,0,0,0,0,0,0,0,0,0,0,0,0,0,0,0,0,0,0,0,0,0,0,0,0,0,0,0,0,0,0,0,0,0,0,0,0,0,0,0,0,0,0,0,0,0,0,0,0,0,0,0,0,0,0,0,0,0,0,0,0,0,0,0,0,0,0,0,0,0,0,0,0,0,0,0,0,0,0,0,0,0,0,0,0,0,0,0
0,0,0,0,0,0,0,0,0,0,0,0,0,0,0,0,0,0,0,0,0,0,0,0,0,0,0,0,0,0,0,0,0,0,0,0,0,0,0,0,0,0,0,0,0,0,0,0,0,0,0,0,0,0,0,0,0,0,0,0,0,0,0,0,0,0,0,0,0,0,0,0,0,0,0,0,0,0,0,0,0,0,2.94E-05,0.000507047,-0.012366115,-0.03047212,-0.021384498,-0.018240492,-0.012915135,-0.00843413,0.000411152,2.39E-05,0,0,0,0,0,0,0,0,0,0,3.63E-05,-0.005015914,0.070170241,0.216002417,0.137304534,0.109614264,0.061897382,0.032303768,-0.004850524,4.42E-05,0,0,0,8.69E-18,-1.01E-16,-0.003786875,1.79E-18,0,0,0,-0.002959113,-0.00671024,0.580133834,0.975038994,0.856500187,0.815199492,0.750339903,0.585622855,0.008923747,-0.00321058,0,0,7.97E-05,0.000189951,-0.011187023,0.02527771,0.000357435,0,0,0,-0.022119748,0.164475765,0.886030176,0.953615374,0.673084244,0.397503825,0.342684545,0.211013836,-0.00236658,-0.001566131,6.83E-05,0,0.00014125,-0.016720901,0.174620939,0.6170139,-0.006189278,0,0,0,-0.043444213,0.368054398,1.01967516,0.570263191,0.109083963,0.418267159,0.608528714,0.337632932,0.006091299,-0.004020765,0.000141759,5.38E-05,-0.009707414,0.027586431,0.65665094,0.883122308,-0.019018246,0,0,0,-0.051359097,0.441262119,1.06785369,0.854851545,0.845376855,1.053629234,1.046380804,0.993185645,0.632143433,0.077270799,-0.013712751,-0.002026365,-0.042037531,0.259279769,0.965607962,0.615590392,-0.020910437,0,0,0,-0.032552688,0.267326253,0.86510672,1.02509792,0.960516595,0.774845858,0.506790679,0.551195551,0.967382319,0.404452546,-0.028824175,-0.018520187,0.136745592,0.856895629,1.014841231,0.255230694,-0.020203568,0,0,0,-0.000685255,-0.003897706,0.166690921,0.371297879,0.26792996,0.077086832,-0.03673446,0.006362405,0.801094788,0.732072576,0.066548585,0.287957295,0.820362081,1.030542177,0.771611945,0.075364895,-0.012182053,0,0,0,0.00027337,-0.001280828,-0.022300355,-0.043949696,-0.033007623,-0.012620969,-0.001547888,-0.018258275,0.427541529,0.990549662,0.890604489,0.951766286,1.051726812,0.959046818,0.285181454,-0.028391993,-0.000707268,0,0,0,0,0,0,0,0,0,-0.000109018,-0.009225303,0.063030961,0.592488426,0.980824314,0.931481686,0.823137663,0.473779888,0.019640659,-0.007078798,0.000170207,0,0,0,0,0,0,0,0,0,1.66E-05,0.00024263,-0.01173943,0.057577274,0.214608336,0.198179943,0.11712003,-0.010506127,-0.005541139,0.000570706,0,0,0,0,0,0,0,0,0,0,0,5.51E-05,0.00049326,-0.011173407,-0.030288614,-0.02826348,-0.019241422,-0.003313725,0.000265625,0,0,0,0,0,0,0,0,0,0,0,0,0,0,0,0,0,0,0,0,0,0,0,0,0,0,0,0,0,0,0,0,0,0,0,0,0,0,0,0,0,0,0,0,0,0,0,0,0,0,0,0,0,0,0,0,0,0,0,0,0,0,0,0,0,0,0,0,0,0,0,0,0,0,0,0,0,0,0,0,0,0,0
0,0,0,0,0,0,0,0,0,0,0,0,0,0,0,0,0,0,0,0,0,0,0,0,0,0,0,0,0,0,0,0,0,0,0,0,0,0,0,0,0,0,0,0,0,0,0,0,0,0,0,0,0,0,0,0,0,0,0,0,0,0,0,0,0,0,0,0,0,0,0,0,0,0,0,0,0,0,0,0,0,0,0,0,0,0,0,0,0,0,0,0,0,0,0,0,0,0,0,0,0,0,1.73E-17,-1.49E-16,-3.62E-16,-1.14E-16,7.67E-18,2.11E-18,0.000195312,-0.00334712,-0.00408752,0.000233609,5.22E-18,0.000158292,-0.000474026,-0.028258612,-0.041016051,-0.0337651,0.000821249,0,0,0,0.001035425,-0.008940802,-0.021629221,-0.006770493,0.000594873,-0.000297073,-0.014521974,0.01698206,0.025680487,-0.010259991,0.000900901,-0.001799939,0.005705678,0.319557462,0.450837163,0.36666293,-0.008931611,0,0,0,-0.026524578,0.229103142,0.553639256,0.159818665,-0.012294444,-0.001030679,0.077968676,0.593420349,0.653687426,0.066987995,-0.015403888,-0.003074426,0.00814821,0.630596779,1.004448674,0.857005964,-0.020753502,0,0,0,-0.050899678,0.438567436,1.073916735,0.451923986,-0.033336142,0.003348824,0.621401059,1.05949217,1.032751106,0.48252948,-0.016967409,-0.003241047,-0.015602294,0.100535488,0.797901654,0.882737811,-0.020772059,0,0,0,-0.048844727,0.417636149,1.074108081,0.710003693,-0.050200317,0.2729824,0.906243124,0.724269693,0.973192402,0.712257489,0.042413069,-0.010001362,-0.015982639,0.083829504,0.785887697,0.884515222,-0.020669935,0,0,0,-0.022695773,0.170721065,0.903349418,0.718315989,0.19042436,0.929458644,0.875439508,0.149401331,0.69346698,0.89222983,0.11794454,-0.02058061,-0.025542756,0.182303173,0.921686581,0.662663687,-0.020780569,0,0,0,-0.01989075,0.144097971,0.872475694,0.825401859,0.690557138,1.001270926,0.391339665,-0.026278833,0.389594635,1.029821232,0.418720513,0.011814594,-0.032380838,0.556898761,1.028853758,0.322138926,-0.019813794,0,0,0,-0.013020853,0.080885122,0.774583452,1.037216753,0.989918657,0.520827336,-0.008384153,-0.023033543,0.125133589,0.792454717,0.998170841,0.603664649,0.412927418,0.984765603,0.606867909,0.024820086,-0.006461722,0,0,0,0.000411724,-0.026721286,0.351133238,0.853349146,0.551516085,0.069173631,-0.011393314,0.000111315,-0.019986043,0.189014331,0.748590389,0.950206478,1.034023233,0.720679977,0.151590108,-0.018755605,-0.000341265,0,0,0,0,-0.000592933,0.001431356,0.126552219,0.065173645,-0.008444604,-0.000365434,6.13E-05,0.001139536,-0.022917858,0.079136314,0.251338048,0.34526794,0.08148252,-0.024896514,0.001160521,6.38E-05,0,0,0,0,0.000269301,-0.003402267,-0.02044087,-0.011587929,6.70E-05,0.000101103,0,1.14E-17,0.000422283,-0.015429609,-0.023110107,-0.025540645,-0.014234801,0.000885468,0,0,0,0,0,0,0,0,0,0,0,0,0,0,1.53E-06,3.23E-05,-0.000455525,-0.000788909,-1.99E-05,4.44E-06,0,0,0,0,0,0,0,0,0,0,0,0,0,0,0,0,0,0,0,0,0,0,0,0,0,0,0,0,0,0,0,0,0,0,0,0,0,0,0,0,0,0,0,0,0,0,0,0,0,0,0,0,0,0,0,0,0,0,0,0,0,0,0
0,0,0,0,0,0,0,0,0,0,0,0,0,0,0,0,0,0,0,0,0,0,0,0,0,0,0,0,0,0,0,0,0,0,0,0,0,0,0,0,0,0,0,6.36E-05,0.000940035,-0.020257633,-0.042994171,-0.006315163,0.000762301,0,0,0,0,0,0,0,0,0,0,0,0,0,0,-0.000455627,-0.009024289,0.163293488,0.360361741,0.049117783,-0.006288977,0,0,0,0,0,0,0,0,0,0,0,0,0,0,-0.002608507,-0.006095265,0.572450249,1.033680266,0.209571155,-0.019960342,0,0,0,0,0,0,0,0,0,0,0,0,0,0,-0.005795905,0.034177679,0.908634004,1.033803411,0.346733928,-0.021059368,0,0,0,0,0,0,0,0,0,0,0,0,0,0,-0.005614481,0.029094635,0.946625613,0.971230562,0.190424327,-0.018892123,2.06E-05,-0.010022297,-0.015822781,-0.00527258,0.000292756,0,0.000489345,-0.005518961,-0.013963115,-0.001502077,0.000148931,0,0,0,-0.019681271,0.294537779,0.929419459,0.405993539,0.018467939,-0.003744463,-0.00437686,0.050217123,0.09574732,0.013785536,-0.001685622,0,-0.003084108,0.035241888,0.082973413,-0.003600801,0.000207645,0,0,0,-0.036867749,0.598291905,1.048313521,0.430183415,-0.038692233,-0.005918488,0.014794101,0.646073819,0.889550568,0.450180843,-0.017992919,0.000197406,-0.026764178,0.283689645,0.794435476,0.193826253,-0.017902369,0,0,0,-0.033797488,0.540440921,1.058850167,0.472228265,-0.035361481,-0.031903067,0.39890271,0.99839985,1.044038909,0.731048894,-0.019896684,-0.001316415,-0.031130923,0.478384974,0.993342353,0.363981567,-0.033395033,0,0,0,-0.024881893,0.378620455,1.040593665,0.45881764,-0.089375348,0.168662599,0.876171892,0.804049343,0.754100677,0.863368935,0.114034501,-0.028127247,0.026412565,0.718291531,0.977233365,0.217776586,-0.020931202,0,0,0,-0.017633732,0.246781607,1.015947593,0.594589937,0.297588952,0.705191891,0.89978205,0.17539728,0.396022297,0.993120032,0.459145561,-0.025139689,0.347974129,0.945908973,0.696773317,0.00771761,-0.002514382,0,0,0,-0.005663599,0.032993559,0.878688072,1.002094289,1.002331235,1.001252361,0.373060345,-0.050311324,0.204005782,0.914074965,0.898616037,0.390743583,0.871692162,0.914022682,0.143683121,-0.021003696,0.000387265,0,0,0,-0.001289318,-0.012914488,0.361878762,0.790639451,0.755884255,0.389380106,0.019524442,-0.007834967,-0.028354439,0.41987261,0.992060321,1.037495472,0.820721507,0.286018195,-0.022828972,-0.001610158,0,0,0,0,0.000135315,-0.004561343,0.006455848,0.087287769,0.066808205,-0.027681866,-0.00411603,0.000643382,-0.004173645,0.011203307,0.324042467,0.406079708,0.114596899,-0.008536663,-0.002122111,0.000178717,0,0,0,0,0,0.000545956,-0.004026042,-0.015895833,-0.013506482,-0.000816483,9.96E-05,2.05E-18,0.000594363,-0.007126901,-0.022493226,-0.020540645,-0.01869938,-0.001987643,0.000315519,0,0,0,0,0,0,0,0,0,0,0,0,0,0,9.05E-05,-0.000817198,-0.001268689,-7.56E-06,6.13E-06,0,0,0,0,0,0,0,0,0,0,0,0,0,0,0,0,0,0,0,0,0,0,0,0,0,0,0,0,0,0,0,0,0,0,0,0,0,0,0,0,0,0,0,0,0,0,0,0,0,0,0,0,0,0,0,0,0,0,0,0,0,0,0
0,0,0,0,0,0,0,0,0,0,0,0,0,0,0,0,0,0,0,0,0,0,0,0.000128676,-0.001062092,-0.016123877,-0.011053581,0.000431087,6.47E-05,0,0,0,0,0.000328329,-0.004454316,-0.020932734,-0.011457993,0.000106498,9.70E-05,0,0,0,6.83E-05,-0.000244283,-0.023613727,0.174678366,0.164275339,-0.010426995,-0.000600261,0,0,0,0,-0.003427398,0.04065013,0.303740505,0.126581044,-0.011358923,-0.000268538,0,0,2.35E-05,0.00062421,-0.027088065,0.265764314,0.884196759,0.4532508,-0.028835657,-0.001843342,0,0,0,0,-0.019589665,0.28149583,1.027681662,0.663044033,0.026015042,-0.008173339,0,0,-3.85E-05,-0.023507908,0.183460852,0.885184368,0.879689917,0.123312006,-0.019788941,0.001007285,-0.013731311,-0.026019608,-0.006227635,0.000785129,-0.021996017,0.325923611,1.009769676,0.795023182,0.070101912,-0.012893519,0,0,-0.003924122,-0.012383871,0.530112115,1.054704248,0.530828755,-0.018667654,-0.001489136,-0.005651552,0.091945738,0.17566299,0.034798271,-0.00456076,-0.008886642,0.089323683,0.951749949,0.827479677,0.079406007,-0.013897229,0,0,-0.012331325,0.064668735,0.786141102,0.93203765,0.093238443,-0.010819904,0.000320819,-0.031770493,0.491579504,0.922431883,0.300553973,-0.035977742,-0.004346763,0.01831233,0.717263378,1.003208827,0.132198443,-0.01959695,0,0,-0.020615582,0.141831368,1.032844887,0.672259505,0.005117963,-0.003494405,-0.004890549,0.005365218,0.701433119,1.064624166,0.398279965,-0.046821456,-0.001266714,-0.021166976,0.414249249,1.043065832,0.144735106,-0.020820764,0,0,-0.021236554,0.147588307,1.051370558,0.656850592,0.001700776,-0.003266238,-0.006455098,0.019064713,0.731842218,1.055401229,0.395282833,-0.046476703,6.64E-05,-0.03324149,0.227498672,0.996490298,0.148661795,-0.020666871,0,0,-0.014910301,0.088498583,0.860890523,0.922942981,0.066953755,-0.008885008,-0.006353593,0.018265438,0.762626787,0.963010825,0.257853179,-0.031942848,0,-0.021502757,0.138127042,0.860658446,0.163736548,-0.020725592,0,0,-0.004044628,-0.010512566,0.527642412,1.035020016,0.407083163,-0.033005872,-0.016749266,0.092062262,0.842812228,0.84117853,0.094211823,-0.01460234,4.82E-19,-0.009646752,0.033522399,0.710392957,0.179053595,-0.020676232,0,0,0.000291054,-0.033051343,0.234234647,0.948954946,0.845501736,0.149953278,-0.058048778,0.4016811,1.023846831,0.76645978,0.014647008,-0.008975582,0.000265863,-0.025250408,0.140072866,0.874653442,0.161593749,-0.020667722,0,0,0,-0.003746628,-0.001478996,0.620108196,1.039098674,0.858622321,0.509577809,0.821890958,1.040468013,0.830238236,0.112967792,-0.039420341,-0.029013035,-0.047363727,0.363999005,1.032322232,0.147110157,-0.020901784,0,0,0,0.000448412,-0.012372226,0.087687126,0.667550909,1.027041769,1.038027309,1.025397144,1.007939696,0.992718597,0.705035284,0.413957306,0.194287548,0.389606005,0.850711244,1.001194206,0.130690147,-0.019528867,0,0,0,0,0.000464716,-0.016789965,0.049110481,0.36234472,0.716153405,0.537210495,0.285449891,0.878574227,1.043876191,1.028675163,0.91869373,1.01614745,1.001934164,0.490245217,0.008881415,-0.005333606,0,0,0,0,3.31E-05,0.000755515,-0.013118753,-0.023279361,0.012134799,-0.006674513,-0.039560849,0.116246307,0.533614941,0.793817228,0.814305828,0.792439798,0.445829929,0.03924423,-0.012917635,0.000499387,0,0,0,0,0,0,9.06E-05,-0.000959712,-0.00401599,-0.002429585,0.000173356,-0.011982179,-0.015273506,0.054475171,0.065925211,0.054300637,-0.024756791,-0.005364124,0.000549407,9.19E-06,0,0,0,0,0,0,0,0,0,0,0,0.000183441,-0.001854796,-0.010401875,-0.011612246,-0.010366475,-0.000388896,6.60E-05,0,0,0,0,0,0,0,0,0,0,0,0,0,0,0,0,0,0,0,0,0,0,0,0,0,0,0,0,0,0,0,0,0,0,0,0,0,0,0,0,0,0,0
0,0,0,0,0,0,0,0,0,0,0,0,0,0,0,0,0,0,0,0,0,0,0,0,0,0,0,0,0,0,0,0.000134464,-0.000408157,-0.010866353,-0.020489515,-0.015842525,-0.002048611,0.000305736,0,0,0,0,0,0,0,0,0,0,0,0,0,-0.001247911,-0.011015482,0.230406883,0.472548782,0.163042511,0.005978303,-0.001714662,0,0,0,0.000137357,-0.000753791,-0.008633272,-0.006660386,-0.000784314,7.49E-05,0,0,0,0,-0.00383221,0.001963077,0.382427832,0.962443883,0.822004545,0.120773148,-0.017678193,3.22E-05,0,0,-0.001145153,0.004817578,0.086405076,0.055627042,-0.014810917,0.000511949,0,0,0,0,0.000336159,-0.021807967,0.123621187,0.843852192,0.991179126,0.318282663,-0.037666371,-5.36E-05,0,0,-0.016536969,0.10561463,0.893528118,0.796397076,0.279705082,-0.018821742,8.69E-19,-2.88E-18,-1.02E-16,-1.03E-17,8.87E-19,-0.000694224,-0.030897178,0.61260672,1.042758732,0.58532947,0.008040388,-0.0060609,0,0,-0.021059368,0.145771065,1.025806645,1.03067899,0.598283412,-0.037010195,0.000109555,-0.001589563,-0.016079282,-0.007946793,-0.00027131,0.00020097,-0.024331495,0.34670498,1.015519999,0.68734198,0.035101606,-0.009119349,0,0,-0.020983823,0.145444565,1.02706025,0.922224091,0.218585141,-0.015795524,-0.001689593,-0.009688642,0.212365731,0.038803249,-0.011699126,0.000911639,-0.018102911,0.255795779,0.982054577,0.914692634,0.109784378,-0.017141406,0,0,-0.018128404,0.118941951,0.953934743,0.790784909,0.001154871,-0.005663348,-0.009584403,0.274366983,0.903601937,0.622133681,0.112423747,-0.017336941,-0.018036458,0.25764614,0.973107809,1.019635315,0.143953875,-0.020823461,0,0,-0.010342797,0.046545697,0.725047181,0.952876974,0.19327017,-0.025580491,0.021384184,0.691967014,1.047040237,0.999143944,0.384206529,-0.029444835,-0.035705321,0.386002604,0.991394489,1.024200929,0.145302831,-0.020983967,0,0,-0.009051437,0.034679232,0.683807615,1.01123623,0.280298152,-0.033256689,0.443812727,0.945129919,0.997810713,1.005668437,0.865596814,0.115992401,-0.026972869,0.689193713,1.022129936,0.944446776,0.119776354,-0.018241592,0,0,-0.009423849,0.038045789,0.693454487,1.03211506,0.489732945,0.130258561,0.908964507,1.015705508,0.60987323,0.942543045,1.013573853,0.572542022,0.529421705,0.953055862,1.02224166,0.676337674,0.038414149,-0.009324959,0,0,-0.004237326,-0.007629686,0.520772084,1.028660776,0.820978948,0.748810264,1.02704396,0.833823529,0.125581237,0.545902888,0.949438211,0.987202785,1.008419873,1.043457411,0.801523888,0.156923077,-0.008896258,-0.000989055,0,0,0.000192334,-0.042928845,0.339181134,0.991134668,1.006710291,1.015817283,1.020369176,0.485963882,-0.024555164,0.063372481,0.225077614,0.736136589,0.953710206,0.805627655,0.226528459,-0.029971082,-0.000614019,0.000168505,0,0,0,-0.018031878,0.128567844,0.800884753,1.019982537,1.026299734,0.521074032,0.080152846,-0.011472375,-0.007634634,-0.024601545,0.126958525,0.258154837,0.109320261,-0.011294339,6.70E-05,0,0,0,0,0,0.000310627,-0.01663414,0.207517923,0.499187517,0.561755974,0.063190011,-0.020603724,0.000944649,4.60E-05,-6.35E-05,-0.016004596,-0.024062857,-0.019223056,-0.001046262,0.000144301,0,0,0,0,0,8.07E-05,0.000164828,-0.014902727,-0.031570057,-0.035012561,-0.006189668,0.000450878,1.53E-05,0,1.58E-05,-0.000146906,-0.000451134,3.96E-05,0,0,0,0,0,0,0,0,0,0,0,0,0,0,0,0,0,0,0,0,0,0,0,0,0,0,0,0,0,0,0,0,0,0,0,0,0,0,0,0,0,0,0,0,0,0,0,0,0,0,0,0,0,0,0,0,0,0,0,0,0,0,0,0,0
0,0,0,0,0,0,0,0,0,0,0,0,0,0,0,0,0,0,0,0,0,0,0,0,0,0,0,0,0,0,0,0,0,0,0,0,0,0,0,0,0,0,0,0,0,0,0,0,0,0,0,0,0,0,0,0,0,0,0,0,0,0,0,0,6.43E-06,-5.77E-06,-0.000662888,-0.000180995,2.04E-05,0,0,0,0,0,0,2.04E-05,-0.000232843,-7.58E-05,8.17E-06,0,0,0,0,0,0.000758885,-0.005395442,-0.024439883,-0.011815968,0.000523216,0,0,0,0,8.36E-05,4.38E-05,-0.017320534,-0.027766136,-0.005789511,0.00051811,0,0,0,0,0.000237439,-0.00931204,0.012649152,0.306330031,0.11118194,-0.007992409,9.90E-18,-2.39E-16,-5.63E-16,-2.08E-16,-0.000464359,-0.001826525,0.104147655,0.242431543,0.037648044,-0.005276416,0,0,0,0.00071746,-0.008609409,-0.015728367,0.460653578,1.00689391,0.546554071,-0.021113664,-0.009718307,-0.019897195,-0.021240639,-0.009194828,-0.003688096,0.015892514,0.708238307,0.972479609,0.412435643,-0.019611928,0,0,0,-0.004178649,0.016601749,0.368546958,0.983183761,1.003586652,0.319803743,-0.045874064,0.030702411,0.403069416,0.786783033,0.308915386,-0.020680432,0.023844625,0.823995387,1.038388332,0.784658624,-0.020893631,0,0,0,-0.042323183,0.356198768,0.996407646,0.998899595,0.517288109,-0.028224984,0.122251787,0.689373349,1.000781744,0.993291037,0.354076678,-0.021622651,-0.010570619,0.532838354,1.042186615,0.569249708,-0.020672828,0,0,0,-0.039233215,0.326785335,1.00443556,0.797366881,0.052307496,0.201819433,0.791091469,1.021149901,1.012377911,0.584127519,0.032837651,-0.020912514,0.001005225,0.639926215,1.035345963,0.325479156,-0.020631638,0,0,0,-0.03855652,0.321222154,0.986111009,0.70723429,0.479945347,0.954843616,1.032601018,1.020985243,0.863812806,0.138033258,-0.060734258,0.010799973,0.525795513,1.004658922,1.002504493,0.259859209,-0.020006638,0,0,0,-0.051379071,0.44079599,1.066839767,0.996935747,1.035476971,0.92708566,0.689351835,0.977093393,0.604466367,-0.020305096,0.314057247,0.693338474,0.993840839,0.97259169,0.969148148,0.304773212,-0.020897331,0,0,0,-0.02136188,0.163343117,0.770958396,0.917904777,0.748577276,0.172755386,0.262828955,0.953353291,0.91360734,0.829268579,0.993183677,1.024989622,0.815563895,0.227920471,0.283475195,0.107708512,-0.008524248,0,0,0,0.001035425,-0.0139888,0.062083929,0.117923305,0.027000868,-0.034854538,0.066665186,0.608385842,0.924396906,0.952351818,0.770502884,0.381907765,0.047797352,-0.021738068,-0.019375936,-0.006564313,0.000430624,0,0,0,0,0.000449346,-0.00735592,-0.012157033,-0.004205389,0.001528678,-0.013289556,0.044231601,0.18098989,0.202887834,0.074256893,-0.034072627,-0.006632966,0.00025063,2.94E-05,0,0,0,0,0,0,0,0,0,0,0,0.000660846,-0.009996936,-0.02647886,-0.02883701,-0.014383331,-0.000125613,6.13E-05,0,0,0,0,0,0,0,0,0,0,0,0,0,0,0,0,0,0,0,0,0,0,0,0,0,0,0,0,0,0,0,0,0,0,0,0,0,0,0,0,0,0,0,0,0,0,0,0,0,0,0,0,0,0,0,0,0,0,0,0,0,0,0,0,0,0,0,0,0,0,0,0,0,0,0,0,0,0,0,0,0,0,0,0,0
0,0,0,0,0,0,0,0,0,0,0,0,0,0,0,0,0,0,0,0,0,0,0,0,0,0,0,0,0,0,0,0,0,0,0,0,0,0,0,0,0,0,0,0,0,0,0,0,0,0,0,0,0,0,0.000190779,-9.54E-05,-0.020519343,-0.018764055,0.00063593,0,0,0,1.59E-05,-4.23E-05,-0.002039573,-0.000618975,4.03E-05,0,0,0,0,0,0,0,-0.001800245,0.002660488,0.173558194,0.147562081,-0.005296671,0,0,0,0.001300803,-0.012044101,-0.012124983,-0.012136506,0.000440308,2.94E-05,0,0,0,0,0,0,-0.001266544,-0.028363188,0.466783497,0.597204099,-0.015820398,0,0,0,-0.012376992,0.09353685,0.495682955,0.203119434,-0.013110771,2.61E-05,0,0,0,0,0,0,0.000143382,-0.041885161,0.461251991,0.857014543,-0.016247447,0,0,0,-0.04809221,0.40986152,1.08273143,0.671783599,-0.008641782,-0.003303575,0,0,0,0,0,0,7.97E-05,-0.040930351,0.457584423,0.856774099,-0.016090686,0,0,0,-0.024184258,0.189586883,0.820755727,0.774528539,0.018454625,-0.00651124,6.97E-05,0.000996698,-0.021927765,-0.046474665,-0.005209887,0.000827524,-0.000321022,-0.037807604,0.467364253,0.854880875,-0.016257321,0,0,0,0.001031348,-0.040587997,0.502081053,0.863104967,0.15367562,-0.020655905,-0.000382047,-0.011763583,0.175407441,0.393595963,0.031494334,-0.006906488,-0.005332312,-0.001394387,0.61577594,0.888216865,-0.019265046,0,0,0,0,-0.031086244,0.507699551,0.910428105,0.221870319,-0.027884717,-0.003607996,0.007082414,0.650808721,1.061201695,0.298400476,-0.023672283,-0.016916496,0.088144199,0.80254662,0.727062662,-0.020859375,0,0,0,0,-0.031879545,0.522700453,0.906281931,0.215155059,-0.025896621,-0.032417075,0.290907816,0.949811751,0.963819938,0.731269244,-0.015797045,-0.025749285,0.277787718,0.970528663,0.369408962,-0.020390795,0,0,0,0,-0.021675092,0.33741396,0.885909756,0.213944547,-0.044589159,0.079384293,0.77577582,0.673135485,0.405602805,0.918949017,0.27695675,-0.030214478,0.802635144,0.740045888,0.048177459,-0.010047658,0,0,0,0,-0.013601718,0.180322704,0.959868636,0.337549665,-0.044059233,0.54496214,0.976816205,0.216191621,-0.028963505,0.749554465,0.7803607,0.582759128,0.952458624,0.312285068,-0.025908124,-0.001119162,0,0,0,0,-0.008609579,0.08708524,0.930332823,0.4484896,0.21986072,0.982642004,0.656551505,-0.007533446,-0.019877604,0.119821518,0.78771184,0.927114822,0.346923152,-0.014089937,-0.002060658,9.53E-05,0,0,0,0,-0.002498519,-0.008806151,0.595968648,0.923867936,0.885644015,0.773900412,0.137639502,-0.014495166,-0.000510383,-0.016413246,0.116704095,0.177421875,-0.014798969,-0.001878796,0.000193633,0,0,0,0,0,-0.000448938,-0.018097597,0.215089205,0.775996426,0.584474356,0.087146752,-0.020780859,-0.000174632,0.000192708,0.000421915,-0.018784007,-0.02604473,-0.00175674,0.000210478,0,0,0,0,0,0,3.89E-05,-0.000825776,-0.004307734,0.040463559,0.009247551,-0.010554875,0.000131485,6.89E-05,0,0,0,0,0,0,0,0,0,0,0,0,0,0.000183441,-0.001049692,-0.008809262,-0.00452565,0.000228283,0,0,0,0,0,0,0,0,0,0,0,0,0,0,0,0,0,0,0,0,0,0,0,0,0,0,0,0,0,0,0,0,0,0,0,0,0,0,0,0,0,0,0,0,0,0,0,0,0,0,0
0,0,0,0,0,0,0,0,0,0,0,0,0,0,0,0,0,0,0,0,0,0,0,0,0,0,0,0,0,0,0,0,0.000191594,-0.001138004,-0.013005685,-0.008599877,-0.000365264,8.97E-05,0,0,0,0,0,0,0,0,0,0,0,0,0,0,-0.000128142,-0.002833863,0.073606304,0.029799132,-0.015152766,0.000811566,4.48E-05,0,0,0,0,0,0,0,0,0,0,0,0,0,-0.020473686,0.155401161,0.781385349,0.675528493,0.142726937,-0.030587165,0.00043573,0,0,0,0,0,0,0,0,0,0,0,0,0,-0.020505075,0.149245353,0.865553836,1.044641033,0.84101828,0.16241154,-0.014426913,0,0,0,0,0,3.17E-18,-1.42E-17,-1.98E-16,-5.58E-17,-2.64E-18,-2.22E-16,-1.19E-16,7.22E-18,-0.001342383,-0.013004715,0.441841231,0.395087657,0.870145765,0.662167003,-0.020973243,0,0,0,0,0,0.000680147,-0.004927151,-0.020860907,-0.006702743,-0.004330746,-0.019464359,-0.013938249,0.000194376,0.000236436,-0.005970588,0.077443798,-0.025121868,0.526432496,0.899884296,-0.018645833,0,0,0,0,0.000129632,-0.009612735,0.033592614,0.364646077,0.109687051,0.015124231,0.376914992,0.224122165,-0.012161449,-0.000136685,0.000607802,-0.011656374,-0.043961943,0.541089438,0.88133923,-0.018633226,0,0,0,0,-0.000942606,-0.024092201,0.368916037,1.039120796,0.327341697,0.355916701,1.008679926,0.732194785,0.014406454,-0.005950838,0.000219465,-0.021124932,0.093198308,0.811037343,0.705983806,-0.020593001,0,0,0,0,-0.004398999,0.0168662,0.757428956,0.981420786,0.216361288,0.715424156,1.058173083,0.772416003,0.041146684,-0.008075292,-0.017869587,-0.023036986,0.468068764,0.97292562,0.246122389,-0.018722937,0,0,0,0.000550324,-0.022388685,0.236488477,0.999026961,0.642980971,0.032757888,0.597833895,1.056369434,0.579647535,-0.076961431,-0.049620446,0.06445658,0.483641306,1.00129136,0.549791854,-0.000457279,-0.006037922,0,0,0,-0.005266805,0.013010961,0.642317096,0.944580746,0.217147961,-0.026931213,0.653749983,1.05653508,0.776945023,0.431157816,0.449479061,0.728791786,1.049724384,0.604995472,0.045008698,-0.012165169,0.000291565,0,0,0,-0.031093349,0.250247289,0.958628419,0.626660773,0.028241409,0.541828978,0.964791913,0.906655287,1.011833955,1.017649148,0.997239388,0.936243291,0.487389748,0.022246358,-0.015927755,0.00109714,1.22E-05,0,0,0,-0.051010966,0.440062636,1.048917943,0.55925737,0.697053819,1.015050005,0.496674513,0.12795527,0.517871562,0.466537939,0.376840206,0.190786697,0.00319104,-0.012416428,0.000527471,0,0,0,0,0,-0.029675513,0.238083265,0.886100439,0.996825691,0.956514808,0.569309921,0.011869707,-0.016757183,-0.008931441,-0.03659615,-0.035317574,-0.018441925,-0.002106311,0.000382966,0,0,0,0,0,0,8.40E-05,-0.01176571,0.173034092,0.377957976,0.175713933,-0.004690069,-0.009195568,0.00036826,-0.003841912,-0.000579657,8.07E-05,0,0,0,0,0,0,0,0,0,0.000144307,-0.000584763,-0.013374183,-0.024617953,-0.013576695,-0.002579389,0.000159314,0,0,0,0,0,0,0,0,0,0,0,0,0,0,0,0,0,0,0,0,0,0,0,0,0,0,0,0,0,0,0,0,0,0,0,0,0,0,0,0,0,0,0,0,0,0,0,0,0,0,0,0,0,0,0,0,0,0,0,0,0,0,0,0,0,0,0,0,0,0,0
0,0,0,0,0,0,0,0,0,0,0,0,0,0,0,0,0,0,0,0,0,0,0,0,3.22E-18,-2.78E-17,-4.78E-17,1.88E-18,2.59E-19,0,0,0,0,0,0,0,0,0,0,0,0,0,0,0,-0.007235844,0.062460135,0.107454038,-0.004220855,-0.000582596,0,0,0,0,0,0,0,0,0,0,0,0,0,0,0,-1.61E-18,1.39E-17,1.43E-05,0.00110126,-0.010495149,-0.035751072,-0.014672998,0.000935815,0,0.000307138,-0.003750511,-0.026811172,-0.008818168,0.000951449,8.17E-06,0,0,0,0,0,0,0,-1.70E-05,-0.018725898,0.153570687,0.57156347,0.218678836,-0.014071589,0,-0.0047404,0.058148046,0.413992562,0.124476409,-0.015822225,6.47E-05,0,0,3.53E-18,0.001121031,-0.010348584,-0.011616626,0.0003702,-0.002638038,-0.022253271,0.476899442,1.068377519,0.645779139,-0.03954085,0,-0.011384395,0.136572678,0.985208452,0.442327002,-0.026614182,-0.001977465,0,0,0.000263821,-0.014196833,0.101515863,0.111940359,-0.006986486,-0.005035403,-0.006778498,0.565734477,1.052278561,0.546031761,-0.034109375,0,-0.011379596,0.132957721,1.004844227,0.600014025,0.004532123,-0.005866353,0,0,-0.00561925,0.005864683,0.569951626,0.781564823,0.047757344,-0.017117457,0.051132112,0.745586775,1.003009593,0.214824729,-0.015883627,0,-0.011348039,0.132749344,0.974611716,0.894306812,0.10183749,-0.016311334,0,0,-0.014131774,0.081064622,0.839049769,0.953600541,0.109040475,-0.033851392,0.345923729,0.987726205,0.907846882,0.103483541,-0.009570568,0,-0.01132598,0.132289726,0.963458538,1.027608609,0.144925248,-0.02096252,0,0,-0.018506944,0.122252048,0.966396906,0.794591622,0.018928683,0.008137749,0.718556554,1.029389757,0.809350354,0.014212231,-0.004402625,0,-0.011041054,0.127208538,0.962323257,1.023165016,0.143977467,-0.02084678,0,0,-0.021106005,0.146373059,1.038934845,0.811877638,0.017351494,0.506284382,1.006120147,1.012459218,0.883388038,0.080656982,-0.008259395,0.000234397,-0.019509021,0.239205831,0.984719346,0.926694087,0.112362878,-0.017454555,0,0,-0.016150429,0.099790928,0.892516663,0.980228894,0.605974299,0.895505362,1.001950916,0.936234188,0.999879681,0.322722222,-0.032909416,-0.002645122,-0.022897842,0.587142667,1.042480699,0.612379766,0.014280859,-0.006799598,0,0,-0.003747979,-0.008765421,0.472775026,1.019800558,1.048040591,1.039015531,0.577194692,0.434896576,1.017607007,0.709058759,0.0211807,-0.060489324,0.320127696,0.975497143,0.98198278,0.308993637,-0.037051748,-2.85E-05,0,0,0.000262119,-0.014040806,0.06998126,0.602096814,0.823624217,0.624484409,0.053222487,0.103176964,0.838833691,1.026464478,0.699121392,0.300553025,0.728758374,1.056394863,0.735771804,0.037178377,-0.009172068,6.81E-05,0,0,0,0.001035832,-0.01257981,0.03638111,0.111569223,0.035076372,-0.013066579,-0.008704742,0.388605443,0.884250323,1.045099792,0.980541016,1.030877468,0.95543173,0.300299258,-0.025134651,0.000470833,0,0,0,0,7.34E-06,0.000504289,-0.009162684,-0.018668811,-0.00922886,0.000670478,-0.003759957,-0.013370404,0.223871426,0.666118958,0.88238715,0.793168301,0.309782969,-0.015866711,-0.001243464,3.67E-05,0,0,0,0,0,0,0,0,0,0,0.000162224,-0.001345282,-0.021317776,0.014321283,0.161892673,0.084320619,-0.021372498,-0.001939236,0.000156403,0,0,0,0,0,0,0,0,0,0,0,0,0,0.000529942,-0.005613306,-0.0218297,-0.013460927,3.30E-05,0.000117402,0,0,0,0,0,0,0,0,0,0,0,0,0,0,0,0,0,0,0,0,0,0,0,0,0,0,0,0,0,0,0,0,0,0,0,0,0,0,0,0,0,0,0,0
0,0,0,0,0,0,0,0,0,0,0,0,0,0,0,0,0,0,0,0,0,0,0,0,0,0,0,0,0,0,0,0,0,0,0,0,0,0,0,0,0,0,0,0,0,0,0,0,0,0,0,0,0,0,0,0,0,0,0,0,0,0,0,0,0,0,0,0,0,0,0,0,1.10E-05,-2.67E-05,-0.001397518,-0.001451746,-9.59E-05,1.83E-05,0,0,0,0,0,5.61E-05,-0.000200674,-0.010316483,-0.007310355,0.000169683,5.21E-05,0,0,1.53E-05,0.000918124,-0.009766238,-0.017898744,-0.017982077,-0.010649408,0.000710224,3.98E-05,0,0,0,8.15E-05,0.00041025,-0.02544007,0.038404344,0.029970878,-0.002948565,-2.60E-05,0,0,0.000154037,-0.010615904,0.061761625,0.409044084,0.422354167,0.07604313,-0.013182504,0.000239651,0,0,0,0.000105988,-0.019892906,0.29039471,0.713933875,0.484676028,0.015016204,-0.008657067,-0.011067708,-0.007178479,-0.003296909,-0.011921548,0.472363988,1.042539028,1.026974946,0.570405025,0.010064935,-0.006812194,0,0,0,-0.026129575,0.203233392,0.892685955,1.017528603,0.42428733,-0.017377427,-0.005149912,0.050096969,0.028960142,-0.005327307,0.001056714,0.097675068,0.419350974,0.981292514,0.99336586,0.324998392,-0.019614467,0,0,0,-0.050703192,0.434844005,1.084147995,0.788132761,0.057593171,-0.020027516,0.343014621,0.766671739,0.535572678,0.018889042,-0.005254168,-0.018890591,0.03468316,0.80279216,1.032779054,0.693602398,-0.020863971,0,0,0,-0.049693041,0.426553513,1.067593205,0.617593188,-0.02385529,0.032623313,0.717057547,1.069161765,0.633982996,-0.008520374,-0.003114834,-0.001501021,-0.022365928,0.50792019,1.043554892,0.806683754,-0.020669935,0,0,0,-0.049765195,0.427234375,1.068470503,0.6144463,-0.042077989,0.119099626,0.941697474,1.018265863,0.530656182,-0.0693838,-0.020919228,-0.041740468,0.030355971,0.644674803,1.04128028,0.494629228,-0.020857162,0,0,0,-0.050827932,0.435892412,1.082773301,0.824202376,0.144452342,0.555129309,1.023916633,1.018130617,0.773302015,0.304496783,0.222192923,0.360144267,0.684668454,1.013589512,0.974968103,0.245916833,-0.018966163,0,0,0,-0.017863807,0.126847696,0.803499569,1.025314789,0.917286987,1.016587438,0.908608937,0.908261842,1.031309211,0.987343158,0.957293038,1.006103502,1.044652684,0.751831611,0.289352418,0.006588634,-0.00337702,0,0,0,0.001035425,-0.024984511,0.215334184,0.697527029,0.813340942,0.558488528,0.184598056,0.186055283,0.488592048,0.676064134,0.74601032,0.508506179,0.458171296,0.120950095,-0.028792807,-0.003435279,0.000355733,0,0,0,0,0.000866013,-0.020762425,0.047633476,0.104261183,-0.017826712,-0.02138608,-0.018146616,-0.053617324,0.042819904,0.071134313,-0.047684419,-0.042119417,-0.012441279,0.000861673,0,0,0,0,0,0,5.51E-05,-7.35E-06,-0.01111152,-0.017721201,-0.003281154,0.00033701,0,0.000911458,-0.010384498,-0.013822306,0.000189951,1.53E-05,0,0,0,0,0,0,0,0,0,0,0,0,0,0,0,0,0,0,0,0,0,0,0,0,0,0,0,0,0,0,0,0,0,0,0,0,0,0,0,0,0,0,0,0,0,0,0,0,0,0,0,0,0,0,0,0,0,0,0,0,0,0,0,0,0,0,0,0,0,0,0,0,0,0,0,0,0,0,0,0,0,0,0,0,0
0,0,0,0,0,0,0,0,0,0,0,0,0,0,0,0,0,0,0,0,0,0,0.001031348,-0.008938079,-0.020982605,-0.006154003,0.000421262,0,0,0,0,0,0,0,0,0,0,0,0,0,0,0,-0.042682266,0.388042528,0.54947281,0.021834414,-0.00374358,0,0,0,0,0,0,0,0,0,0,0,0,0,0,0,-0.050536056,0.43641842,1.050986826,0.405730545,-0.032364532,0.000607802,0,0,0,0,0,0,0.000307904,-0.002176011,-0.010065359,-0.004929885,0.000217525,0,0,0,-0.049952305,0.42864854,1.068801505,0.703162837,0.038028578,-0.007589173,-0.005605392,-0.014454044,-0.000654105,9.28E-05,0,0,-0.003445466,0.024370047,0.112399595,0.055093929,-0.00242596,0,0,0,-0.046977702,0.399986349,1.036459082,0.946703431,0.283264927,-0.038377971,0.032662956,0.077403356,-0.016948529,0.000616115,-9.16E-19,3.70E-05,-0.028451985,0.193300109,0.921234886,0.433607952,-0.019982979,0,0,0,-0.028651095,0.22695818,0.909143808,1.024993907,0.375747243,-0.076322001,0.24881393,0.73337483,0.246359869,-0.034954776,-0.002172421,1.15E-05,-0.027261353,0.254319717,0.973372192,0.674251101,-0.020740571,0,0,0,-0.014679377,0.096490835,0.792258469,1.025071491,0.35555226,-0.050439484,0.53163966,1.041029242,0.912847995,0.429456249,0.012454537,-0.006765198,-0.017955478,0.505969335,1.030749613,0.5812183,-0.020584159,0,0,0,0.000460642,-0.0439984,0.646296977,1.039913177,0.51117967,0.040014981,0.780116677,1.009330899,1.014574704,0.875770135,0.131308463,-0.028221048,0.162735158,0.86491328,1.022106379,0.455115891,-0.020639808,0,0,0,0,-0.032255055,0.512489532,1.033731601,0.689899203,0.547088344,0.998805726,0.995317232,1.015526144,0.985621783,0.26427984,-0.05712643,0.60675274,1.026860549,0.998227124,0.345117233,-0.020160505,0,0,0,0,-0.018867085,0.26959678,0.979544254,0.955597222,0.989811072,0.993596354,0.969339461,0.856390268,1.032226903,0.307386691,-0.072475677,0.463520016,1.012125579,0.878802781,0.100200257,-0.01592133,0,0,0,0,-0.018051624,0.255015319,0.970237932,0.995845129,0.992836071,1.009926675,0.718478537,0.264603248,0.950506519,0.577559296,0.16155816,0.808059368,1.042629749,0.624262527,0.016359657,-0.007169118,0,0,0,0,-0.006408014,0.050912145,0.81016846,1.002471312,0.997344071,1.010193684,0.43999149,0.072088938,0.76993746,0.991615853,0.91791203,1.005595318,0.963774782,0.337121448,-0.031643444,-0.000704211,0,0,0,0,-0.002251991,-0.011487183,0.553071112,1.03659872,1.027571033,0.648149867,0.040986588,-0.015985549,0.591564883,1.026605757,1.006525871,1.006729269,0.595601648,0.075043624,-0.012949941,0.000125953,0,0,0,0,-0.000507506,-0.019720537,0.239253728,0.836698087,0.639424453,0.136415169,-0.020298696,-0.044097171,0.435705848,1.000191323,1.011007489,0.925742222,0.141326031,-0.022703363,0.001121031,0,0,0,0,0,2.78E-05,-0.001712401,0.00237917,0.09383764,0.022323608,-0.011814968,0.000473226,-0.015680419,0.157906454,0.925231085,0.98885946,0.481136489,-0.011574397,-0.001872855,0,0,0,0,0,0,1.99E-06,0.000173049,-0.001398386,-0.008882557,-0.00433156,-0.000312755,4.72E-05,-0.002756927,0.023251549,0.338117773,0.309871919,0.017266561,-0.00834329,0.000170037,0,0,0,0,0,0,0,0,0,0,0,0,0,0.000387265,-0.003452774,-0.040109256,-0.037581835,-0.004854266,0.000821817,0,0,0,0,0,0,0,0,0,0,0,0,0,0,0,0,0,0,0,0,0,0,0,0,0,0,0,0,0,0,0,0,0,0,0,0,0,0,0,0,0,0,0,0
0,0,0,0,0,0,0,0,0,0,0,0,0,0,0,0,0,0,0,0,0,0,0,0.000439134,-0.006917211,-0.017287071,-0.003227124,0.00042803,0,0,0,0,0,0,0,0,0,0,0,0,0,0,0,-0.007354827,0.117981602,0.283503068,0.009091303,-0.002546975,0,0,0,0,0,0,0,0,0,0,0,0,0,0,0,-0.027121987,0.437876651,0.886930385,0.189221031,-0.024399739,0,0,0,0,0,0,0,0,0,0,0,0,0,0,0,-0.027137204,0.434998298,0.912055845,0.232785522,-0.028985773,0,0,0,0,0,0,0,0,0,0,0,0,0,0,0,-0.042324755,0.71125674,0.939818151,0.226348652,-0.028567934,2.21E-18,-5.78E-18,-4.01E-16,-5.93E-16,-2.60E-16,1.18E-17,0,0,0,0,0,0,0,0,0,-0.043681373,0.735901961,0.942606754,0.226122549,-0.028567934,7.97E-05,-0.000207312,-0.014486996,-0.021138855,-0.002838755,0.000417007,0,0,0,0,0,0,0,0,0,-0.043582355,0.734866258,0.936222874,0.210167832,-0.029633344,-0.002214239,-0.002164744,0.53661194,0.812837413,0.312140292,-0.015998023,-0.000125555,-0.030500183,-0.049949859,-0.044521409,-0.009104806,0.000886633,0,0,0,-0.043641238,0.728660284,0.995263106,0.362490077,-0.019388835,-0.011318032,0.092364907,0.824808824,1.029155654,0.135740288,-0.021867783,0.001403527,0.279671262,0.438092525,0.377989483,0.074822049,-0.007315921,0,0,0,-0.044219056,0.729261183,1.077646957,0.557725524,-0.012962323,-0.035056339,0.24796601,0.989944138,0.998613358,0.16372994,-0.022393927,-0.002860703,0.351101222,0.902519999,0.984314303,0.219524016,-0.021150344,0,0,0,-0.038859375,0.6325505,1.054029054,0.627233677,-0.012060114,0.147022433,0.79807181,1.010274425,1.012562994,0.551022872,-0.023089427,-0.003146004,-0.018228452,0.467427628,1.041660705,0.568486264,-0.051256553,0,0,0,-0.021777369,0.321281335,1.005501532,0.945725014,0.642464382,0.798234766,1.023461686,1.01429199,1.019243515,0.775975976,0.055697389,-0.040937517,0.037451661,0.608315904,1.016544525,0.480750187,-0.043674683,0,0,0,-0.007352737,0.074845892,0.69403233,1.013937161,1.053182146,1.048059139,0.789953511,0.540044654,0.918814137,1.003108426,0.537154858,0.211014023,0.424453124,0.997536484,0.941203438,0.196679542,-0.019111872,0,0,0,0.000291565,-0.025649067,0.130114073,0.793838218,0.92341882,0.581146599,0.106715942,-0.042960325,0.440834099,1.002050569,1.019781029,1.014952189,1.018016527,1.004428496,0.535557933,0.030681594,-0.004457295,0,0,0,1.02E-05,-0.002813453,0.01212466,0.153058483,0.184381429,0.001037241,-0.00825223,-0.009692947,0.061002689,0.671281983,0.998591282,1.01264231,0.976878098,0.572706597,0.021322595,-0.012513872,0.000457431,0,0,0,0,0.000457721,-0.002549632,-0.022598958,-0.026895255,-0.005418199,-0.000294118,0.001053751,-0.013613324,0.014000856,0.29530816,0.537688777,0.23952771,0.003396957,-0.010057376,0.000393859,0,0,0,0,0,0,0,0,0,0,0,5.11E-06,0.000165952,-0.00393711,-0.020355392,-0.033646752,-0.017235549,-0.003044271,0.000147365,2.25E-05,0,0,0,0,0,0,0,0,0,0,0,0,0,0,0,0,0,0,0,0,0,0,0,0,0,0,0,0,0,0,0,0,0,0,0,0,0,0,0,0,0,0,0,0,0,0,0,0,0,0,0,0,0,0,0,0,0,0,0,0,0
0,0,0,0,0,0,0,0,0,0,0,0,0,0,0,0,0,0,0,0,0,0,0,0,0,0,0,0,0,0,0,0,0,0,0,0,0,0,0,0,0,0,0,0,0,0,0,0,0,0,0,0,0,0,0,0,0,0,0,0,0,0,0,9.11E-05,-0.000154769,-0.015929432,-0.029725694,-0.015357711,0.000579044,0,0,0,2.32E-05,-0.000219261,-0.000154259,1.75E-05,0,0,0,0,0,0,0,-0.000245762,-0.019110073,0.231198495,0.522629919,0.279363866,-0.010265114,-0.000974571,-0.015629596,-0.004318015,0.001210305,-0.005210308,-0.02639374,-0.009181373,0.000595588,0,0,0,0,0,0.000509559,-0.018377638,0.187361077,0.819747141,0.366451695,0.027866033,-0.004316398,0.002722954,0.094488017,0.028861928,-0.014562798,0.095054381,0.246613273,0.035673696,-0.010611911,0.000784721,4.04E-18,0,0,0,-0.00501814,0.010620626,0.674839682,0.528091452,-0.014843631,-0.006393747,-0.006501191,0.064267361,0.681936189,0.160663705,-0.032247768,0.083882864,0.584624711,0.583010893,0.034540288,-0.014080993,0.000415305,0,0,0,-0.02879737,0.236901302,0.820868799,0.111955349,-0.013301027,0.001399799,-0.030590528,0.334925367,0.7921864,0.094689169,-0.012899627,-0.017694957,0.037866288,0.673087624,0.603852693,0.020832887,-0.007465044,0,0,0,-0.043553871,0.39327165,0.61129999,-0.002375528,-0.002187857,-0.023549336,0.100878268,0.821747634,0.389750204,-0.028793811,0.000476948,0.000453687,-0.025216895,0.094148352,0.79279822,0.412942926,-0.020106379,0,0,0,-0.050445151,0.466704759,0.50413271,-0.018645629,-0.022927662,0.036985209,0.603939066,0.955894795,0.244789267,-0.017236826,0,3.83E-06,0.000354422,-0.039295667,0.397745251,0.80196092,-0.014132115,0,0,0,-0.05021483,0.465747124,0.481638208,-0.045564389,0.067566534,0.598681974,0.460871392,0.613490264,0.260643025,-0.016335478,0,1.24E-19,0.000491115,-0.027081665,0.25310946,0.758826655,-0.009097392,0,0,0,-0.045041784,0.401875289,0.693780229,0.264477975,0.696745626,0.549774894,0.005921228,0.645247549,0.360997396,-0.021681066,0,2.86E-05,-0.003856039,-0.016938657,0.554516527,0.587646923,-0.017907305,0,0,0,-0.013787264,0.101220615,0.572403744,0.6314321,0.375614274,0.014895744,-0.042223683,0.501829794,0.456372889,-0.031340753,0.000497923,-1.39E-05,-0.0282747,0.215438527,0.859818427,0.197042361,-0.01802719,0,0,0,0.000835677,-0.00724486,-0.016329316,-0.009570908,-0.018371119,-0.006784952,-0.015339631,0.25006107,0.660963031,-0.006200776,-0.00305277,-0.008267106,-0.00152565,0.617590363,0.541261625,-0.009742078,-0.004628098,0,0,0,0,0,0,0,0,0,-0.007168505,0.077176675,0.792418079,0.214347086,-0.063588521,0.017755617,0.542142633,0.660866353,0.078451729,-0.015029096,0.000258885,0,0,0,0,0,0,0,0,0,-0.002040339,-0.00901331,0.507120847,0.652398523,0.232517835,0.561315785,0.761805011,0.085977431,-0.016997992,0.000705842,1.84E-05,0,0,0,0,0,0,0,0,0,3.97E-05,-0.011982894,0.064842405,0.504432717,0.66204763,0.52940482,0.093914369,-0.01866665,-7.64E-05,3.42E-05,0,0,0,0,0,0,0,0,0,0,1.10E-05,0.000892442,-0.011322816,-0.001279758,0.045112743,-0.002706524,-0.012279412,0.00046003,3.42E-05,0,0,0,0,0,0,0,0,0,0,0,0,2.76E-05,0.000126634,-0.004428615,-0.009360095,-0.00447355,-0.000142463,5.51E-05,0,0,0,0,0,0,0,0,0,0,0,0,0,0,0,0,0,0,0,0,0,0,0,0
0,0,0,0,0,0,0,0,0,0,0,0,0,0,0,0,0,0,0,0,0,0,0,0,0,0,0,0,0,0,0,0,0,0,0,0,0,0,0,0,0,0,0,0,0,0,0,0,0,0,0,0,0,0,0,0,0,0,0,0,0,0,0,0,0,0,0,0,0,0,0,9.24E-05,-0.000215696,-0.008515165,-0.007184232,-0.001159926,9.93E-05,0,0,0,0,0,0,0,0,0,0,0,0,0,0,-0.001202172,0.002230698,0.11777354,0.07011523,-0.01582935,-0.005077819,0.000564999,0,0,0,6.22E-19,-3.54E-18,-3.86E-17,-1.67E-17,1.30E-18,3.11E-20,0,0,0,0,-0.007825946,0.030253404,0.591516459,0.813396106,0.358631383,0.002036765,-0.003022655,3.83E-05,0,0,0.000391476,-0.002707798,-0.019855324,-0.005776825,0.000626191,5.62E-06,0.000163059,-0.000956053,-0.011556543,-0.003095554,-0.000878608,-0.000107415,0.099323666,0.509888531,0.89486363,0.275336159,-0.031403174,-0.000154037,0,0,-0.003292772,0.021246247,0.18120042,0.063086503,-0.005925173,-8.71E-05,-0.000566266,0.002014135,0.064467358,0.002281858,-0.000174371,-0.000158652,-0.019413752,-0.004025077,0.546954958,0.681730413,0.032871064,-0.008665226,0,0,-0.020182292,0.146071145,0.963456955,0.238432751,-0.029276297,-0.000108303,-0.012673148,0.081596575,0.693787497,0.320181764,-0.020174122,7.58E-05,0.000105596,-0.038382149,0.221306764,0.790392889,0.104586747,-0.015316245,0,0,-0.019308619,0.137022441,0.947291565,0.249403901,-0.029695295,9.71E-05,-0.027287616,0.178529122,0.903567827,0.428865928,-0.052930198,-0.023784293,-0.039073955,0.080121919,0.69962757,0.693104065,0.038912753,-0.009328874,0,0,-0.013054705,0.070726275,0.835015148,0.53768893,-0.025598192,-0.018822934,0.004496521,0.623601903,0.97603028,0.71893864,0.211951338,0.145051822,0.285218716,0.718129408,0.880277403,0.189667024,-0.025331672,6.52E-05,0,0,-0.004222154,-0.005025784,0.504532969,0.87301908,0.184922777,0.058957295,0.487538336,0.863849997,0.367342303,0.729689968,0.874215431,0.840440395,0.897300143,0.741609477,0.240516527,-0.028122719,0.000662784,4.34E-05,0,0,0.0003465,-0.024447864,0.148840888,0.838663664,0.856534028,0.816663338,0.81142096,0.307738185,-0.040508727,0.043810638,0.167334138,0.216899047,0.104077188,0.043828014,-0.023972321,0.00058421,4.88E-05,0,0,0,1.36E-05,-0.000713383,-0.006948785,0.194904259,0.362380174,0.437447746,0.074546662,-0.023915952,-0.00183398,-0.010311819,-0.018303717,-0.019407077,-0.016300381,-0.01014774,-0.000471814,7.51E-05,0,0,0,0,0,0.000122294,-2.17E-05,-0.018821061,-0.032380174,-0.038631025,-0.007862501,0.000697849,0,0,0,0,0,0,0,0,0,0,0,0,0,0,0,0,0,0,0,0,0,0,0,0,0,0,0,0,0,0,0,0,0,0,0,0,0,0,0,0,0,0,0,0,0,0,0,0,0,0,0,0,0,0,0,0,0,0,0,0,0,0,0,0,0,0,0,0,0,0,0,0,0,0,0,0,0,0,0,0,0,0,0,0,0,0,0,0,0,0,0,0,0,0,0,0,0,0,0,0,0,0,0,0,0,0,0,0,0,0,0
0,0,0,0,0,0,0,0,0,0,0,0,0,0,0,0,0,0,0,0,0,0,0,0,0,0,0,0,0,0,0,0,0,0,0,0,0,0,0,0,0,0,0,0,0,0,0,0,0,0,0,0,0,0,0,0,0,0,0,0,0,0,0,0,0,0,0,0,0,0,0,0,0,0,0,0.000102124,-0.001164216,-0.003105662,4.08E-05,0,0,0,0.000322857,-0.001941789,-0.021462929,-0.015789522,0.000934743,0,0,0,0,0,0,0,0.000617647,-0.004815904,-0.015050654,0.021377033,0.000255991,0,0,0,-0.000834047,0.000373468,0.137420769,0.098289131,-0.01199549,0.000631854,0,0,0,0,0,5.11E-06,-0.003994656,0.00870944,0.33968253,0.48097652,-0.010185526,0,0,0,-0.027016428,0.216174905,0.848662173,0.649388651,0.027981924,-0.00679956,0,0,0,0,0,-1.23E-05,-0.024198427,0.166362388,0.876347392,0.270800348,-0.02002451,0,0,0,-0.020137005,0.145277064,0.889210319,0.933938571,0.210697808,-0.025777693,-0.015221964,-0.042753659,-0.022606906,0.001400269,0,-0.000477355,-0.030972103,0.327564289,1.030605849,0.219696,-0.020023813,0,0,0,-0.000354653,-0.035216503,0.652447202,0.870008272,0.134678547,-0.034294974,0.108933517,0.357929568,0.178251872,-0.018968546,0.000205454,-0.002864685,-0.002482656,0.618552032,0.979390387,0.137680231,-0.018438011,0,0,0,0.000101912,-0.031099231,0.487841197,0.928085665,0.2349968,-0.001225337,0.65687546,1.055913756,0.71933735,0.037468188,-0.013484469,-0.007106516,0.060105835,0.905688028,0.897920888,0.099174955,-0.01620915,0,0,0,0,-0.01846395,0.262728996,1.026206887,0.404691755,0.244485022,1.016016255,0.882881893,0.976261863,0.680899152,0.057221033,-0.031431747,0.221956563,1.016421092,0.678779395,0.029830979,-0.008611962,0,0,0,0,-0.007779667,0.071090976,0.921469907,0.707540901,0.787555015,0.959263293,0.272621085,0.646331291,1.036208095,0.52116171,-0.020993566,0.566453244,0.963925841,0.307701882,-0.023594024,-0.001098175,0,0,0,0,-0.003468163,0.002474692,0.696314323,1.063749694,1.052646408,0.556800392,-0.015647616,0.20524486,0.867511176,0.963052122,0.50571622,0.923067768,0.753307431,0.028311201,-0.009478439,0.000167135,0,0,0,0,-0.000811121,-0.010983609,0.23762803,0.668344873,0.595215493,0.055466197,-0.013506264,-0.002152948,0.159864345,0.718229621,1.062130242,0.84037951,0.213016629,-0.020214308,0.000489177,0,0,0,0,0,8.04E-05,-6.88E-05,-0.018615826,0.00849566,0.014119125,-0.008439713,0.000910607,-0.001404633,-0.015787803,0.071586938,0.366817913,0.191812636,-0.027485005,0.000424683,0,0,0,0,0,0,0,9.93E-05,-0.000378983,-0.006921875,-0.006854592,0.000199142,0,6.89E-05,-9.77E-05,-0.014701245,-0.027033446,-0.015175313,-0.000627145,0.000102941,0,0,0,0,0,0,0,0,0,0,0,0,0,0,3.57E-06,4.39E-05,-0.000828891,-0.000502553,5.79E-05,0,0,0,0,0,0,0,0,0,0,0,0,0,0,0,0,0,0,0,0,0,0,0,0,0,0,0,0,0,0,0,0,0,0,0,0,0,0,0,0,0,0,0,0,0,0,0,0,0,0,0,0,0,0,0,0,0,0,0,0,0,0,0,0
0,0,0,0,0,0,0,0,0,0,0,0,0,0,0,0,0,0,0,0,0,0,0,0,0,0,0,0,0,0,0,0,0,0,0,0,0,0,0,0,0,0,0,0,0,0,0,0,0,0,0,0,0,0,0,0,0,0,0,0,0,0,0,0,0,0,0,0,0,0,0,0,0,0,1.47E-05,5.26E-05,-0.002265676,-0.002335973,7.30E-05,0,0,0,0,0,0,0,0,0,0,0,0,0,0,0,0.000640319,-0.005962095,-0.00455176,-0.002381731,-0.000122379,0,0,0,1.74E-18,-1.20E-17,-9.12E-17,-7.71E-18,7.31E-19,0,2.50E-18,-3.79E-17,-1.18E-16,-2.99E-17,3.73E-18,0,-0.008309743,0.038915816,0.497484222,0.484254073,-0.013794764,0,0,0,0.000578859,-0.00467082,-0.018054364,-0.004249898,0.000298713,0,0.000515727,-0.008195806,-0.018611111,-0.004388957,0.000554401,0,-0.016285539,0.092014808,0.79545898,0.887464399,-0.020736315,0,0,0,-0.005783068,0.044242319,0.224954445,0.036502215,-0.002791468,0.000136685,-0.006884401,0.083454082,0.265012178,0.072083996,-0.008862544,2.45E-06,-0.00590243,0.00175657,0.642017006,0.871632016,-0.019939396,0,0,0,-0.028916065,0.233483796,0.898197883,0.226199687,-0.015656556,-0.000353481,-0.030100609,0.526026637,0.873394863,0.140585989,-0.019387306,0.000106056,-0.019723312,0.103044084,0.819912275,0.485553806,-0.020835206,0,0,0,-0.044217113,0.380769267,0.950615264,0.144060202,-0.011177883,-0.024446873,0.103597001,0.873886353,0.845601954,0.099007881,-0.014550976,-0.005619332,-0.041236724,0.356406454,0.824526722,0.086373755,-0.012958708,0,0,0,-0.047985814,0.419750255,0.919153374,0.031480137,-0.015552356,0.007807485,0.566574721,0.904895833,0.838794543,0.118913892,-0.054439858,-0.0157364,0.384480511,0.925139536,0.431071317,-0.02236996,-0.002572508,0,0,0,-0.046897395,0.409614532,0.910488409,0.016913075,-0.004139195,0.552568383,0.850771718,0.255237592,0.834084848,0.612764706,0.284522509,0.483794628,0.967265761,0.600183466,0.021511608,-0.008405844,0.000203738,0,0,0,-0.042751015,0.369148645,0.896882873,0.09762829,0.539654723,0.908656339,0.277528654,-0.038072354,0.336297066,0.816636823,0.894625927,0.737952489,0.421475378,0.037177959,-0.013035292,0.000917741,0,0,0,0,-0.023028821,0.175144642,0.857859307,0.822535692,0.867983541,0.292618133,-0.031759429,-0.001690496,-0.023396055,0.06201857,0.180857469,0.050939202,-0.026724707,-0.008201253,0.000533599,0,0,0,0,0,-0.002408381,0.007606839,0.265016391,0.408596541,0.158110873,-0.00825109,-0.00227771,0,0.000627638,-0.006942317,-0.01683032,-0.005812568,0.000531897,0,0,0,0,0,0,0,0.000454935,-0.003194087,-0.021068372,-0.024846541,-0.024636676,-0.001927459,0.000376838,0,0,0,0,0,0,0,0,0,0,0,0,0,0,3.45E-05,-0.000574295,-0.001012766,4.51E-05,1.22E-06,0,0,0,0,0,0,0,0,0,0,0,0,0,0,0,0,0,0,0,0,0,0,0,0,0,0,0,0,0,0,0,0,0,0,0,0,0,0,0,0,0,0,0,0,0,0,0,0,0,0,0,0,0,0,0,0,0,0,0,0,0,0,0,0,0,0,0,0,0,0,0,0
0,0,0,0,0,0,0,0,0,0,0,0,0,0,0,0,0,0,0,0,0,0,0,0,0,0,0,0,0,0,0,0.000127655,-0.000149301,-0.012609613,-0.020950095,-0.003103384,0.00025531,0,0,0,0,0,0,0,0,0,0,0,0,0,0,-0.005031049,0.007803034,0.486812214,0.671112487,0.056517655,-0.005960723,0,0,0,0,0,0,0,0,0,0,0,0,0,0,-0.004176709,-0.011333975,0.551463542,1.042027897,0.272727822,-0.024388327,0.000536872,0,0,0,0,0,0,0,0,0,0,0,0,0,-5.97E-05,-0.024334465,0.193176147,0.913982281,0.732825759,0.035671994,-0.008065713,0,0,0,0,0,0,0,0,0,0,0,0,0,4.29E-05,-0.002223513,-0.02404439,0.688686445,0.881665356,0.135620234,-0.018979658,0,0,0,0,0,0,0,0,0,0,0,0,0,0,0.000229913,-0.031558619,0.469346661,0.962351443,0.294164948,-0.03554156,0,0,0,0,0,0,0,0,0,0,0,0,0,0,0.001073952,-0.041331784,0.488267685,1.040212265,0.398589183,-0.046638803,0,0,0,0.000779208,-0.021762311,-0.025682292,-0.001969107,-0.003541105,-0.000948734,0.000118625,0,0,3.11E-20,9.80E-05,-0.009168705,0.031686615,0.764969176,1.075344431,0.419229013,-0.049046105,0,0,0,-0.012620847,0.336707092,0.400984171,-0.00958158,0.004392685,-0.005316415,-0.000355978,7.05E-05,0,1.25E-17,-0.000609681,-0.046538937,0.333669509,0.989008408,0.923361213,0.21713574,-0.027703722,0,0,0,-0.021265319,0.768857585,0.861394676,0.47091265,0.689070415,0.214234239,-0.026059204,-1.40E-05,0.000283395,-0.001035284,-0.033496732,0.162185398,0.807927134,1.044178326,0.623845061,0.012387663,-0.005185276,0,0,0,-0.02077308,0.870861019,0.998765285,0.971664148,1.053805845,0.641897723,0.006217694,-0.018978077,-0.020315223,-0.00908267,0.188760042,0.787709904,1.047607043,0.912034875,0.158140353,-0.016748264,0.000421915,0,0,0,-0.021065523,0.825526664,1.033412706,1.027005982,0.950280665,0.983355024,0.287375836,0.033784565,0.123051173,0.496108869,0.943907454,1.057976657,0.888073662,0.297350954,-0.018894137,-0.000760874,0,0,0,0,-0.018697576,0.38597866,0.941090771,0.753943032,0.246025106,0.615387357,0.982918654,0.761309283,0.92228222,1.048401876,0.968273914,0.62328484,0.198555709,-0.038184317,-0.001452717,0.00015625,0,0,0,0,-0.003709321,0.006758167,0.197773097,0.0866835,-0.038066228,0.086416667,0.453910409,0.840497906,0.903866966,0.676961908,0.26740162,-0.017286936,-0.022687823,0.001683772,0,0,0,0,0,0,0.000542279,-0.00424575,-0.028403799,-0.015565564,0.001086074,-0.011962299,-0.016381398,0.022995438,0.032385263,0.006809555,-0.024804841,-0.005557967,0.000343137,1.53E-05,0,0,0,0,0,0,0,0,0,0,1.66E-05,-9.93E-05,-0.001634208,-0.004916462,-0.00565579,-0.003621681,-0.000461397,6.97E-05,0,0,0,0,0,0,0,0,0,0,0,0,0,0,0,0,0,0,0,0,0,0,0,0,0,0,0,0,0,0,0,0,0,0,0,0,0,0,0,0,0,0,0,0,0,0,0,0,0,0,0,0,0,0,0,0,0,0,0,0,0,0,0,0,0,0,0
0,0,0,0,0,0,0,0,0,0,0,0,0,0,0,0,0,0,0,0,0,0,0,0,0,0,0,0,0,0,0,0,0,0,0,0,0,0,0,0,0,0,0,0,0,0,0,0,0,0,0,6.52E-05,0.000546739,-0.011719865,-0.024598263,-0.020143492,-0.003964779,0.000527213,0,0,0,0,5.99E-05,-0.000344107,-0.004355647,-0.001573121,0.000100337,0,0,0,0,-0.00043573,-0.004661449,0.086931083,0.18607164,0.151710955,0.029248928,-0.003908524,0,0,0,0,0.000126778,-0.002307785,0.019997226,-0.008280467,-0.001257404,0.000168766,0,0,0,-0.003187466,-0.014389497,0.467773199,0.9276274,0.757574874,0.144965925,-0.021198076,0.000147059,0,0,2.18E-18,-0.011815662,0.075331784,0.717955253,0.376895867,-0.010904225,-0.001235987,0,0,0,-0.009190155,0.038977111,0.654672726,1.023680964,0.980249285,0.332543794,-0.030392004,-0.000775633,0,0,0.000212759,-0.038408442,0.293821538,0.99942116,0.774770578,0.003183126,-0.005308283,-0.009586737,-0.014773114,-0.003939611,0.000110975,-0.024295942,0.204942351,0.887720554,1.045973465,0.63907004,0.018965238,-0.007421535,0,0,-0.00349201,-0.017201486,0.525211484,1.05877592,0.630434671,-0.008552461,-0.009828948,0.042080836,0.086306969,0.008742306,-0.000761536,-0.007670213,0.02108154,0.759175601,1.037152786,0.863552716,0.093549398,-0.015418416,0,0,-0.013941483,0.079795921,0.824479524,1.014791684,0.430327921,-0.050037684,0.060640533,0.671696453,0.856171415,0.338766868,-0.031280229,-0.000930761,-0.01820704,0.570765421,1.012576763,0.989203942,0.134167227,-0.019790816,0,0,-0.020803207,0.14356289,1.019224316,0.997120251,0.41927085,0.078305811,0.643816056,1.013114379,1.029687006,0.754786152,0.080367239,-0.014192145,-0.018642429,0.233095384,0.974337895,1.025993668,0.145177276,-0.020977158,0,0,-0.016219363,0.101021768,0.887422181,1.001363222,0.702632949,0.726370592,1.006858889,1.020228026,1.006647246,1.000760672,0.434773761,-0.02394793,-0.010432156,0.073196232,0.968309249,0.886626583,0.099312604,-0.016035199,0,0,-0.010055998,0.043458838,0.713663688,1.021182513,1.01010912,1.014022706,0.989899039,0.75495784,0.897849724,1.033848226,0.743554943,0.062212337,-0.045282203,0.218415799,1.001992868,0.710868651,0.042146672,-0.009885621,0,0,-0.003853627,-0.011985547,0.51695061,1.023480069,0.99301068,1.015377414,0.737852271,0.085960757,0.353397725,0.992407566,1.004181376,0.617491585,0.117298622,0.561103332,1.039600285,0.648984092,0.019084258,-0.007500544,0,0,0.000212759,-0.024142412,0.159367324,0.868191925,1.028524476,0.979035403,0.193808633,-0.036452699,0.024091282,0.581844124,0.999202342,0.993329665,0.895947083,1.001116013,0.912549496,0.232329333,-0.031778668,0.000209355,0,0,0,-0.001245363,-0.019460818,0.513683092,0.899941279,0.550048186,0.044242047,-0.007737881,-0.013920547,0.03471475,0.613226477,1.025454867,1.026423203,1.041014008,0.653549394,-0.034492222,-0.000572745,0,0,0,0,0.000330194,-0.003725797,0.006987694,0.030367051,0.002028084,-0.004162234,0.000202751,0.000570772,-0.025023897,0.146893689,0.757203759,0.88503045,0.817570074,0.139146667,-0.014343801,0.000330194,0,0,0,0,0,0.000178309,-0.002861979,-0.005600235,-0.002848039,-9.37E-05,3.42E-05,2.02E-05,0.000859222,-0.015681526,0.093103267,0.178354728,0.154592167,-0.002972478,-0.000509038,0,0,0,0,0,0,0,0,0,0,0,0,0,9.69E-18,0.000476948,-0.014167622,-0.023579552,-0.020787575,-0.000770454,0.000132078,0,0,0,0,0,0,0,0,0,0,0,0,0,0,0,0,0,0,0,0,0,0,0,0,0,0,0,0,0,0,0,0,0,0,0,0,0,0,0,0,0,0,0
0,0,0,0,0,0,0,0,0,0,0,0,0,0,0,0,0,0,0,0,0,0,2.04E-05,0.000503132,-0.011898999,-0.016065666,-0.000882353,0.000183441,0,0,0,0,0,0,0,0,0,0,0,0,0,0,-8.18E-05,-0.011987791,0.192686787,0.66125017,0.089289403,-0.012865049,0,0,0,0,0,0,0,0,0,0,0,0,0,0,-0.001500143,-0.023790714,0.661832755,0.726818202,0.009450878,-0.005228079,0,0,0,0,0,0,0,0,0,0,0,0,0,0,-0.002286902,-0.022035029,0.776947815,0.651719141,-0.042782578,-0.003645286,-0.002257966,0.000199142,0,0,0,0,0,0,0,0,0,0,0,0,-0.001616322,-0.024619196,0.701811053,0.693859069,-0.061486537,-0.016932538,-0.013093512,-0.002140353,0.00033701,1.05E-18,-8.13E-18,-4.36E-17,-7.30E-18,1.12E-18,0,0,0,0,0,0,2.04E-06,-0.030447593,0.517832635,0.666989005,0.217083044,0.652628443,0.385834184,-0.006501736,-0.003277165,-0.000179398,-0.014350719,-0.017783565,-0.004390489,0.000504153,4.08E-06,0,0,0,0,0,9.76E-06,-0.022593096,0.339185079,0.95659881,0.941475565,0.902404315,0.884641253,0.171871357,-0.023709065,0.001383165,0.132053117,0.166054074,0.021511268,-0.005566732,8.32E-05,0,0,0,0,0,0,-0.007526859,0.081396667,0.727159535,0.59957307,0.145939135,0.867302968,0.484141833,-0.018898455,-0.003111043,0.506736154,0.937872413,0.342439662,-0.023611111,-0.000775123,0,0,0,0,0,0,-0.00011586,-0.003572338,0.075461142,0.01219453,0.038918732,0.763434504,0.605309964,-0.006601767,-0.010666786,0.019629245,0.652687483,0.858602124,0.074250817,-0.007745251,0,0,0,0,0,0,8.36E-05,-0.000452512,-0.014139706,-0.00998172,-0.024837705,0.456662309,0.895559147,0.083797794,-0.007935645,-0.040934634,0.268432564,0.947861588,0.331649016,-0.022391204,7.13E-05,0,0,0,0,0,0,0,0,0.000165441,-0.027630549,0.201138327,0.891765148,0.350297998,-0.023555709,-0.02395683,0.182189542,0.899097069,0.614587367,-0.028846712,-0.000813257,0,0,0,0,0,0,0,0,0,-0.02403781,0.186030873,0.881653622,0.418234411,-0.030364946,-0.032172589,0.245782191,0.933401614,0.492042144,-0.025032578,-0.000543892,0,0,0,0,0,0,0,0,0,-0.01149892,0.065703619,0.808162735,0.807129204,0.099250885,-0.058587196,0.373409875,0.970183109,0.206816006,-0.015373689,2.85E-05,0,0,0,0,0,0,0,0,0,0.000459826,-0.035375357,0.488738766,1.033230069,0.598494792,0.153737906,0.777824006,0.914793386,0.069406165,-0.007711295,0,0,0,0,0,0,0,0,0,0,5.87E-05,-0.004666309,0.022917058,0.587459252,0.92453736,0.989486687,0.868128659,0.327825929,-0.017768791,-0.000927083,0,0,0,0,0,0,0,0,0,0,0,0.000343954,-0.011775497,0.025228231,0.229611026,0.394894097,0.15507181,-0.013318321,-0.002202053,9.15E-05,0,0,0,0,0,0,0,0,0,0,0,2.45E-06,0.000835677,-0.006284293,-0.028809262,-0.045873205,-0.020972647,-0.000873181,0.000278831,0,0,0,0,0,0,0,0,0,0,0,0,0,0,0,0,0,0,0,0,0,0,0,0,0,0,0,0,0,0,0,0,0,0,0,0,0,0,0,0,0,0,0,0
0,0,0,0,0,0,0,0,0,0,0,0,0,0,0,0,0,0,0,0,0,0,0,0,0,0,0,0,0,0,0,0,0,0,0,0,0,0,0,0,0,0,0,0,0,0,0,0,0,0,0,0,0,0,0,0,0,0,0,0,0,0,0,0,0,0,0,0,0,0,0,0,2.32E-05,-6.94E-06,-0.003745711,-0.004598958,-0.000683262,9.66E-05,0,0,0,0,0,0,0,0,0,0,0,0,0,0,0.000241735,-0.003867477,0.02640819,0.021984273,-0.008033582,-9.37E-05,6.43E-05,0,0,0,2.61E-18,-1.36E-17,-2.16E-16,-3.73E-17,5.85E-18,-1.07E-17,-2.51E-16,-2.80E-16,-5.37E-18,1.54E-18,-0.007148506,0.035348567,0.582713031,0.777183211,0.181848363,-0.022339693,-6.20E-05,0,0,0,0.00063593,-0.005186887,-0.0187997,-0.005017702,0.000754357,-0.006791407,-0.020833163,-0.017258306,-0.000512834,0.000104677,-0.007074722,0.05333844,0.230802747,0.754748962,0.614797266,0.00780436,-0.006148046,0,0,0.000317965,-0.009322635,0.032264584,0.381657002,0.088582746,-0.02024785,0.030878762,0.42574608,0.455874964,0.01152878,-0.002630855,0.000513788,-0.00516576,-0.042250622,0.429308681,0.922092998,0.104168861,-0.016481187,0,0,-0.002257455,-0.018426837,0.402626174,0.855234545,0.136557598,0.013079112,0.566384252,1.032617987,0.674784943,0.007875017,-0.003652625,2.04E-05,-0.000863392,-0.02854296,0.353344635,1.050351971,0.150237709,-0.021305658,0,0,-0.014229473,0.084589244,0.845613868,0.41467996,0.014796143,0.488166088,1.02009313,0.705134634,0.08950143,-0.0104992,-0.000169373,0.000694326,-0.015936326,0.019258187,0.716646752,0.909783973,0.099206107,-0.016103622,0,0,-0.020437432,0.153176695,0.913232894,0.374923049,0.755863868,1.055059981,0.890547912,0.098924598,-0.035909144,-0.001103128,-0.001458044,-0.025476081,0.018435696,0.512089546,1.050062908,0.579932036,0.003387296,-0.005635383,0,0,-0.009651927,0.041512627,0.686438708,1.014238256,0.693916462,0.541356447,0.867727603,0.483315904,0.086319172,0.003590125,0.002867051,0.201985141,0.668675943,1.004634702,0.717658412,0.145813862,-0.02151334,0.000181951,0,0,-7.69E-05,-0.005671046,0.056934236,0.141034864,0.033878511,-0.020701171,0.34937571,0.851419666,0.844201436,0.805636898,0.80608796,0.881432031,0.8732267,0.459810206,0.041755704,-0.015229302,0.000838415,2.04E-05,0,0,9.70E-05,4.54E-05,-0.010876396,-0.020275565,-0.008946929,-0.005255481,-0.024182667,0.128077512,0.288266612,0.278943185,0.280306202,0.271732706,0.114052117,-0.023611877,-0.011161833,-0.000393008,0.000105988,0,0,0,0,0,0,0,0,7.66E-05,0.000512107,-0.012650633,-0.025594873,-0.024509804,-0.024628949,-0.0245149,-0.011704282,0.00023446,8.43E-05,0,0,0,0,0,0,0,0,0,0,0,0,0,0,0,0,0,0,0,0,0,0,0,0,0,0,0,0,0,0,0,0,0,0,0,0,0,0,0,0,0,0,0,0,0,0,0,0,0,0,0,0,0,0,0,0,0,0,0,0,0,0,0,0,0,0,0,0,0,0,0,0,0,0,0,0,0,0,0,0,0,0,0,0,0,0,0,0,0,0,0,0,0,0,0,0,0,0,0,0,0,0,0,0
0,0,0,0,0,0,0,0,0,0,0,0,0,0,0,0,0,0,0,0,0,0,0,0,0,0,0,0,0,0,0,0,0,0,0,0,0,0,0,0,0,0,0,0,0,0,0,0,0,0,0,0,0,0,0,0,0,0,0,0,0,0,0,0,0,0,0,0,0,0,0,0,0,0,0,0,-1.27E-18,-0.002848895,-1.27E-18,0,0,0,0,0,0,0,0,0,0,0,0,0,0,0,0,0.000314032,-0.003579963,0.008487849,0.000125613,0,0,0,0,6.64E-05,0.001119111,-0.023044322,-0.038848465,-0.002279004,0.000523386,0,0,0,0,0,0.000160846,-0.001482077,-0.001320976,0.499219542,-2.45E-05,0,0,0,0,-0.00069904,-0.012694376,0.250003064,0.428538688,0.025400768,-0.005792994,0,0,0,0,8.83E-05,-0.002148012,-0.034060798,0.398937994,0.836917404,-0.013512902,0,0,0,0,-0.001388345,-0.021841853,0.463659604,0.844171711,0.066625139,-0.023978741,-0.017327871,-0.000488362,0.000100281,0.000205027,-0.00169668,-0.033794943,0.221639745,0.935224155,0.863531171,-0.021845998,0,0,0,0,-0.003169628,-0.003293794,0.750114771,0.646419407,0.006698005,0.065129783,0.118642055,-0.020769489,-0.003891289,-0.0088726,-0.021731822,0.125723771,0.863306168,0.994093393,0.437745183,-0.019195772,0,0,0,0.00037422,-0.022992902,0.279708316,1.014652863,0.407115792,0.040869682,0.618298203,0.869431509,0.395698087,-0.001814185,0.058465615,0.433929398,0.839842984,1.041501481,0.567555062,0.016500788,-0.006392974,0,0,0,-0.001960377,-0.019856618,0.655403356,0.891783207,0.291748298,0.640996851,1.011519216,0.963320432,0.961699976,0.642258085,0.859709653,1.02877354,0.895553462,0.534555692,0.039113137,-0.014539205,0.000330031,0,0,0,-0.019165953,0.137115962,0.861876328,0.898829385,0.823595622,1.003750476,0.487123553,0.258213406,0.5059255,0.570036016,0.565504141,0.464059964,0.151534144,-0.036145629,-0.005892565,0.000457533,2.09E-05,0,0,0,-0.042414185,0.354795021,1.032604086,1.037161024,0.852913575,0.320214187,-0.014780974,-0.032255055,-0.016512576,-0.011347784,-0.010319803,-0.024749806,-0.023351168,0.000267824,9.91E-05,0,0,0,0,0,-0.024208145,0.203941738,0.574173135,0.489800007,0.149041565,-0.027668053,-0.005318117,1.79E-05,-0.003336057,-0.004141136,-0.004288791,-0.002340346,0.000212759,0,0,0,0,0,0,0,0.002170723,-0.018255974,-0.051987166,-0.044760178,-0.014840346,0.000749052,8.51E-05,0,0,0,0,0,0,0,0,0,0,0,0,0,0,0,0,0,0,0,0,0,0,0,0,0,0,0,0,0,0,0,0,0,0,0,0,0,0,0,0,0,0,0,0,0,0,0,0,0,0,0,0,0,0,0,0,0,0,0,0,0,0,0,0,0,0,0,0,0,0,0,0,0,0,0,0,0,0,0,0,0,0,0,0,0,0,0,0,0,0,0,0,0,0,0,0,0,0,0,0,0,0,0,0,0,0,0,0,0,0,0
0,0,0,0,0,0,0,0,0,0,0,0,0,0,0,0,0,0,0,0,0,0,0,0,0,0,0,0,0,0,0,0,0,0.000103656,-0.000503302,-0.017166735,-0.020267225,-0.012039868,0.000391476,0,0,0,0,0,0,0,0,0,0,0,0,0,0,-0.003008591,0.018660318,0.480872824,0.327544875,0.094782002,-0.004000041,0,0,0,0,0.000198683,-0.002808721,-0.013245149,-0.001795088,0.000258041,0,0,0,0,0,-0.00516345,0.025701542,0.848352771,1.015460189,0.714089689,-0.019984852,0,0,0,0,-0.002422079,0.034182002,0.171013395,0.009728469,-0.001958338,0,0,0,0,0,-0.005390727,0.02828251,0.88260449,1.025681321,0.741321729,-0.020767804,0,0,0,0,-0.014847018,0.210062977,0.894965482,0.265028322,-0.032112837,0.000379136,-0.006373826,-0.010199227,0.000577002,2.48E-18,-0.006570312,0.048660488,0.90451314,1.022008119,0.557014118,-0.0206827,0,0,0,0,-0.024619792,0.376277471,1.022798373,0.394574755,-0.045965513,-0.004736264,0.057220265,0.098714512,-0.008643621,0.000313889,-0.015718393,0.212781488,0.959289948,1.028003098,0.381087739,-0.020955031,0,0,0,0,-0.027643135,0.436362528,0.98187934,0.331476448,-0.039321285,-0.027323285,0.44041952,0.620543513,0.020620575,-0.004756712,-0.027617861,0.260578724,1.002595899,0.661609851,0.033510147,-0.008627179,0,0,0,0.00029106,-0.034509089,0.510964052,0.975519608,0.309606243,-0.052384177,0.09427788,0.825384055,0.763229916,0.043165237,-0.016735916,0.039505583,0.49860483,0.93855239,0.261559504,-0.039617287,0.000425517,0,0,0,-0.004480046,0.001871341,0.709279514,0.905330542,0.184859664,-0.063700878,0.395442368,1.024366268,0.455156829,-0.036520867,-0.036123476,0.255438691,0.967009157,0.81171909,0.060378336,-0.011059476,0,0,0,0,-0.008568342,0.03701411,0.803010025,0.871607298,0.128930402,-0.034324681,0.568653254,1.017187926,0.192845418,-0.024827955,0.05155137,0.714611945,1.037469669,0.549422573,-0.035906829,0.000165505,0,0,0,0,-0.022591007,0.169729558,0.900742953,0.758400974,-0.035230579,0.173272356,0.880019948,0.966761693,0.107663211,-0.04680896,0.523814255,1.061152437,0.615495966,0.035221609,-0.005518178,5.38E-05,0,0,0,0,-0.031048194,0.249826189,0.95422834,0.711512389,-0.047198799,0.66775006,1.029680014,0.919480199,0.130197284,0.253864141,0.952259956,0.76491667,0.093377054,-0.023389691,0.000386144,0,0,0,0,0,-0.048143166,0.41311717,1.045152437,0.448557785,0.151097716,0.940694037,0.810740894,0.630076304,0.689376225,0.885546296,0.776105812,0.171427015,-0.027439747,0.000422794,2.76E-05,0,0,0,0,0,-0.040673841,0.339963593,1.009928717,0.826850456,0.794488086,0.932185347,0.317890931,0.038082346,0.393184743,0.538931968,0.119768898,-0.027724929,0.001570585,0,0,0,0,0,0,0,-0.016077208,0.11576988,0.694792143,0.873624285,0.942043845,0.433626398,-0.023681798,-0.013010706,-0.011891459,-0.011466486,-0.013840396,0.000218886,7.66E-06,0,0,0,0,0,0,0,0.000582528,-0.01008335,0.067606533,0.136588457,0.231131978,0.053999701,-0.006175943,0.000147927,-0.00145338,-0.002175909,-0.000223646,3.73E-05,0,0,0,0,0,0,0,0,4.88E-05,0.000226652,-0.011218458,-0.019127227,-0.029131303,-0.008339399,0.000582936,0,0,0,0,0,0,0,0,0,0,0,0,0,0,0,0,0,0,0,0,0,0,0,0,0,0,0,0,0,0,0,0,0,0,0,0,0,0,0,0,0,0,0,0,0,0,0,0,0,0,0
0,0,0,0,0,0,0,0,0,0,0,0,0,0,0,0,0,0,0,0,0,0,4.08E-05,0.000101443,-0.008393246,-0.011074517,-0.0033221,0.000403571,0,0,0,0,0,0,0,0,0,0,0,0,0,0,-0.000202586,-0.000433941,0.040595981,0.052996566,0.014495231,-0.0021357,2.85E-05,0,0,0,0,0,0,0,0,0,0,0,0,0,-0.002557173,-0.008262306,0.558117766,0.738851818,0.225925398,-0.026047552,-0.000107911,0,0,0,0,0,0,0,0,0,0,0,0,0,-0.004080143,-0.005950963,0.762016085,1.074171245,0.488313402,-0.019316987,-0.003019472,0,0,0,0,8.73E-05,-0.000448223,-0.014971201,-0.008504596,0.000466858,3.98E-05,0,0,0,-0.02183156,0.162601954,0.864697253,1.018737251,0.427959542,-0.023297613,-0.002166905,-2.82E-16,-1.21E-17,1.84E-18,0,-0.000537684,0.003015931,0.091601035,0.030123757,-0.009752422,0.000422624,0,0,0,-0.026968326,0.211073938,0.904646344,0.968964767,0.28946298,-0.040100706,-0.018070023,-0.021005583,-0.008721575,0.000564236,0,-0.003699193,0.016414131,0.638981924,0.598138514,0.049803531,-0.00889808,0,0,0,-0.026425726,0.20595381,0.915350135,0.843538499,0.101058881,-0.04450534,0.282020437,0.461762243,0.066673308,-0.005565968,0,-0.004427969,0.016385798,0.768993094,1.03839088,0.196040243,-0.020526748,0,0,0,-0.027344177,0.214620575,0.924972733,0.805035795,0.117083555,0.453047522,0.949291582,1.033752111,0.500125426,-0.031657833,0,-0.002319393,-0.008622089,0.529683738,1.046038399,0.590741392,-0.020790782,0,0,0,-0.044942318,0.380681645,1.024231618,0.90991139,0.758027846,1.0007143,1.007181356,0.972575385,0.360442776,-0.023832312,0,-0.001492698,-0.01852388,0.437278033,1.043861622,0.624984441,-0.020669935,0,0,0,-0.049964535,0.427329759,1.059802032,0.995161697,1.036862762,1.008451076,1.004221882,0.822419135,0.024433875,-0.004999847,0,-0.00103365,-0.022053122,0.368405995,1.019843035,0.793879054,-0.020669935,0,0,0,-0.019611104,0.149214461,0.706375732,1.041742341,0.755161782,0.869718927,1.02617773,0.605424734,-0.001591537,-0.002928513,1.63E-05,-0.002072168,-0.016057156,0.528379528,1.049645935,0.691765895,-0.020863971,0,0,0,0.001255791,-0.015510986,0.046610547,0.16458904,0.048137883,0.774699686,1.033416714,0.42140708,-0.018554856,-0.001316803,0.000142787,-0.019882394,0.050484659,0.791177694,0.997628935,0.212803588,-0.01955332,0,0,0,8.56E-05,-0.000200674,-0.010069104,-0.021569819,-0.032756161,0.59447405,1.04409792,0.537421807,-0.026454487,-0.018878234,-0.020504413,0.071004204,0.59614985,1.04133958,0.633110447,0.010881113,-0.007389195,0,0,0,0,0,0,-4.44E-17,-0.019574823,0.180854565,1.002570874,0.875058772,0.310828006,0.206468137,0.237750873,0.664912003,1.02205176,0.934856941,0.259843154,-0.030132536,-0.000166292,0,0,0,0,0,0,8.12E-18,-0.003711193,-0.006863255,0.370990979,0.835105784,0.915158088,0.97920098,1.005819422,1.041106447,0.954104694,0.405003438,-0.010763038,-0.002627696,8.58E-05,0,0,0,0,0,0,0,0.000286458,-0.002599415,-0.016226682,0.116137442,0.250526008,0.460867222,0.742804428,0.616562364,0.272981567,0.03371092,-0.005705933,0.000251926,0,0,0,0,0,0,0,0,0,0.000195264,-0.000849537,-0.017079817,-0.031959001,-0.016405518,0.049756975,0.012977406,-0.035344258,-0.006675329,0.000501406,0,0,0,0,0,0,0,0,0,0,0,0,1.84E-05,9.72E-05,-0.002970282,-0.010780747,-0.006730835,0.000142974,4.60E-05,0,0,0,0,0,0,0,0,0,0,0,0,0,0,0,0,0,0,0,0,0,0,0,0
0,0,0,0,0,0,0,0,0,0,0,0,0,0,0,0,0,0,0,0,0,0,0,0,0,0,0,0,0,0,0,0,0,0,0,0,0,0,0,0,0,0,0,0,0,0,0,0,0,0,0,0,0.001806192,-0.015353634,-0.041952631,-0.015718479,0.001023603,0,0,0,0,0,0,0,0,0,0,0,0,0,0,0.00028799,-0.017614243,0.118705865,0.35030707,0.118244485,-0.010706036,0.000293506,0,0,0,0,0,0,0,0,0,0,0,0,0,-0.004963746,-0.001362511,0.54703222,1.035384821,0.580456767,-0.015317045,-0.004711386,0.000214461,0,0,5.96E-18,-2.45E-17,-4.34E-16,-6.47E-16,-3.53E-16,3.45E-17,0.00120256,-0.010307309,-0.026623349,-0.006012987,-0.005072678,0.006955638,0.529584133,1.0198774,0.91633684,0.267878149,-0.015814174,-0.001400803,0,0,0.000408497,-0.002759773,-0.020523046,-0.020845418,-0.009111179,0.0010112,-0.019365123,0.096548288,0.282694802,0.047938198,-0.011844022,-0.012199615,0.04747612,0.703975694,1.049077785,0.654613732,0.023144694,-0.007889093,0,0,-0.009455553,0.046048282,0.627147215,0.881268667,0.479013833,-0.047273942,0.113435306,0.886270348,0.967977576,0.746077124,0.126553341,-0.017683595,-0.038061178,0.389011523,0.998915556,0.971079417,0.127464922,-0.019077052,0,0,-0.020504323,0.139757705,1.024762834,0.933604541,0.284009259,-0.049857707,0.404533736,1.026698819,1.010189713,1.016908497,0.389775157,-0.037141576,-0.015091503,0.187723039,0.968983252,1.025621324,0.144916636,-0.020949074,0,0,-0.020817504,0.143695579,1.034788603,0.74483575,-0.035087571,0.168119979,0.864132509,1.011769148,0.9945625,1.022782731,0.625103503,0.011479302,-0.033919322,0.403625408,0.994510281,1.011492647,0.140961233,-0.020522876,0,0,-0.021092388,0.146246688,1.039629953,0.774592542,0.229339137,0.687368856,1.039947159,0.828115264,0.462965874,0.959938283,0.923122311,0.142959453,-0.081918318,0.562681032,1.034632898,0.790084218,0.068948066,-0.012774374,0,0,-0.017903561,0.116582946,0.937080916,0.957942062,0.921842933,1.035729337,0.981282476,0.334410658,0.005271667,0.711574704,1.03517162,0.68735965,0.282428139,0.765368362,1.039680198,0.610861332,0.013680292,-0.006744111,0,0,-0.009045867,0.033108178,0.693106342,1.047038696,1.031789199,0.972556918,0.386765916,-0.014940466,-0.027809693,0.313016319,0.974307254,1.025689333,0.957065601,1.001462537,1.011027187,0.377251862,-0.038795089,-0.000474909,0,0,-0.000457857,-0.026744222,0.267083759,0.847552832,0.833408105,0.366600831,-0.012183784,-0.007415577,-0.010631604,0.04122658,0.589329231,0.983892541,1.025264876,1.028757659,0.754581087,0.090525786,-0.015136358,0.000102124,0,0,6.81E-05,-0.001467531,-0.001333572,0.13177451,0.124362269,-0.012031029,-0.004015786,0.0003702,0.000634498,-0.01184409,0.050156403,0.340987152,0.735466299,0.778618975,0.198027863,-0.012197815,-0.00019934,0,0,0,0,0.000366883,-0.002382047,-0.020932598,-0.02005913,-0.002211091,0.00034487,0,3.31E-05,0.00071875,-0.011984749,-0.019845892,0.013809572,0.018613051,-0.014955099,-0.00077594,0.000154091,0,0,0,0,0,0,0,0,0,0,0,0,5.76E-19,6.64E-05,-0.001003475,-0.004171364,-0.004568934,-0.000508783,4.75E-05,0,0,0,0,0,0,0,0,0,0,0,0,0,0,0,0,0,0,0,0,0,0,0,0,0,0,0,0,0,0,0,0,0,0,0,0,0,0,0,0,0,0,0,0,0,0,0,0,0,0,0,0,0,0,0,0,0,0,0,0,0,0,0
0,0,0,0,0,0,0,0,0,0,0,0,0,0,0,0,0,0,0,0,0,0,0,5.06E-05,0.000142463,-0.011360975,-0.019742817,-0.003367508,0.000365945,0,0,0,0,0,0,0,0,0,0,0,0,0,0,-0.000212333,-0.01815351,0.166212513,0.720325829,0.193422723,-0.016168148,0,0,0,0,0,0,0,0,0,0,0,0,0,0,-0.003157169,-0.001327359,0.683909399,0.909199006,0.126901981,-0.016017531,-0.00250097,-0.001418454,8.53E-05,0,0,0,0,0,0,0,0,0,0,0,-0.012498979,0.154612047,0.978625902,0.673770016,0.028049984,-0.018938385,-0.005161135,-0.011710086,-0.002124949,0.000286169,0,0,0,0,0,0,0,0,0,0,-0.023347375,0.350718682,1.02599806,0.610535505,0.002342597,0.057261302,0.534562789,0.374657714,0.001498962,-0.001806795,-0.008148233,-0.017480682,-0.002209712,0.000191483,0,0,0,0,0,0,-0.03280867,0.524983252,1.03391922,0.449090125,-0.067108251,0.380377945,1.055183704,0.781739788,-0.000328006,-0.012882271,0.077609358,0.177563402,0.008399799,-0.004131264,0.000301659,0,0,0,0,0,-0.032230392,0.515559258,1.028843249,0.370087186,-0.091104785,0.473759189,1.074297929,0.636164768,-0.0517475,0.071270846,0.754171015,0.958464358,0.607579559,-0.023805593,-0.001364407,0,0,0,0,0,-0.032954504,0.527980699,1.034206955,0.398324687,0.053349792,0.778147263,1.015819274,0.413611366,-0.034685526,0.021081744,0.625689628,1.049770765,0.864670769,0.15123846,-0.020695854,0,0,0,0,0,-0.020901552,0.305723363,1.01206216,0.820296381,0.641618326,1.006430641,1.001289862,0.421973907,-0.034064883,-0.017389018,0.145807921,0.864574142,0.952831699,0.258260672,-0.031987281,0,0,0,0,0,-0.009730188,0.109456887,0.833315462,1.057870268,1.039498254,1.00551331,1.029293896,0.667264127,-0.003980562,-0.011899331,0.025641119,0.739138804,1.012037786,0.333922164,-0.041789012,0.000148931,0,0,0,0,-0.000324551,-0.019514519,0.230853486,0.612037888,0.482483609,0.466802798,0.933776603,0.951033037,0.255293403,-0.03823774,-0.031963388,0.581748468,1.020989839,0.414723822,-0.028428978,-0.001624626,0,0,0,0,9.78E-05,-0.001313032,-0.010028688,0.006155018,-0.029229442,-0.003548384,0.708981255,1.041638233,0.51818568,-0.006934261,-0.039512844,0.573515773,1.048758781,0.565001189,-0.001881653,-0.005077249,0,0,0,0,0,0.000208333,-0.00152965,-0.006146684,-0.002539814,-0.025326814,0.309856175,0.996385502,0.940324108,0.340248325,-0.017493668,0.706405944,1.036370285,0.439838508,-0.026237057,-0.002026314,0,0,0,0,0,0,0,0,0,-0.003159416,0.009399135,0.505326508,1.00936169,0.899059931,0.564602158,0.912641442,0.92753896,0.212827444,-0.029481727,0.000182972,0,0,0,0,0,0,0,0,0,0.000357128,-0.012196249,0.010502281,0.42528559,0.863388536,0.990635383,0.93996601,0.58147852,-0.032341214,-0.0003518,0,0,0,0,0,0,0,0,0,0,6.74E-06,0.000419628,-0.007005855,0.007738205,0.150594995,0.323357826,0.239684368,0.088530824,-0.007418556,0.000152868,0,0,0,0,0,0,0,0,0,0,0,0,0.000387265,-0.003595451,-0.020530381,-0.03871428,-0.030087644,-0.012692512,0.000827932,0,0,0,0,0,0,0,0,0,0,0,0,0,0,0,0,0,0,0,0,0,0,0,0,0,0,0,0,0,0,0,0,0,0,0,0,0,0,0,0,0,0,0
0,0,0,0,0,0,0,0,0,0,0,0,0,0,0,0,0,0,0,0,0,0,0,0,0,0,0,0,0,0,0,0,0,0,0,0,0,0,0,0,0,0,0,0,0,0,0,0,0,0,1.37E-18,0.000570706,-0.005064253,-0.03278627,-0.013104235,0.001011373,2.57E-05,0,0,0,0,0,0,0,0,0,0,0,0,0,-6.08E-18,-0.004552526,0.034560539,0.26679679,0.085015999,-0.027237796,-0.002627145,6.71E-05,2.40E-05,0,0,0,0,0,0,0,0,0,0,0,-1.33E-16,-0.018484307,0.272996871,0.952745558,0.716379919,0.239888412,-0.003558517,-0.003229536,0.000157441,0,0,0,0,7.84E-18,-1.42E-16,-1.61E-17,8.94E-05,-0.000829308,-0.002546722,0.000223397,-3.28E-18,-0.008484988,0.045662087,0.646729116,1.041469499,0.993892174,0.535516663,0.006924657,-0.005548917,0,0,0,0.000550324,-0.004362745,-0.018415033,-0.006880106,-0.003669152,-0.00939568,0.007375323,-0.013825657,0.00016408,-0.000456836,-0.010905436,0.115085716,0.649208435,1.010323853,0.921945806,0.11118605,-0.017342729,0,0,0.000383189,-0.006252109,-0.000133708,0.282592842,0.071879968,-0.010203654,0.428873695,0.690840739,0.208571264,-0.013260738,-0.000489075,0.00076397,-0.042509223,0.333308059,0.984238379,1.029938241,0.147395781,-0.021199197,0,0,-0.003091469,-0.007591772,0.390639314,0.943431032,0.283773982,0.240392719,0.961605672,1.048518416,0.641574653,-7.17E-06,-0.003141953,0.000922863,-0.046508681,0.584005413,1.017622889,0.984766289,0.132757888,-0.019640012,0,0,-0.010535812,0.047609351,0.740875204,0.888956325,0.128011625,0.664419696,1.009985155,1.005347001,0.797191483,0.04876074,-0.005736775,-0.0234035,0.085138208,0.829211176,1.038010451,0.693044747,0.041614437,-0.009727158,0,0,-0.020430283,0.140196078,1.012406965,0.878265659,0.637699806,1.009754034,1.020847992,1.007928071,0.966023097,0.214547896,-0.02862563,0.009813399,0.527456478,0.994281199,0.98709729,0.33198029,-0.040576821,6.40E-05,0,0,-0.021160812,0.146903714,1.026226052,0.995797181,1.024052696,0.98522692,0.666990509,0.87771698,0.992462793,0.319315598,0.015536935,0.513626517,0.9931354,1.023895153,0.815182462,0.12845064,-0.018670458,4.70E-05,0,0,-0.017215632,0.108769565,0.926937956,1.045485644,0.969129435,0.538167659,0.074864567,0.749618221,1.038510354,0.879207346,0.74412276,0.964550688,1.035932867,0.994708957,0.278698551,-0.015303137,-0.00042592,0,0,0,-0.001849299,-0.008763656,0.273805913,0.577129204,0.318603962,0.026898999,-0.017214103,0.30374023,0.874145782,1.031534331,1.032858235,1.017786287,0.733221082,0.433609409,0.021012902,-0.005214205,0.0002079,0,0,0,0.000199993,0.000508285,-0.025865928,-0.052430981,-0.02976154,-0.004090074,0.000761791,-0.052472903,0.302339954,0.759853826,0.772555862,0.448239371,0.065486026,-0.052992239,-0.003164148,0.000358711,0,0,0,0,0,0,0,0,0,0,0,0.000280382,-0.006343767,0.015440564,0.017839427,-0.016043459,-0.012004187,0.001022093,0,0,0,0,0,0,0,0,0,0,0,0,0,9.36E-05,-0.001375868,-0.004348346,-0.004504493,-0.001642768,-5.36E-05,1.28E-05,0,0,0,0,0,0,0,0,0,0,0,0,0,0,0,0,0,0,0,0,0,0,0,0,0,0,0,0,0,0,0,0,0,0,0,0,0,0,0,0,0,0,0,0,0,0,0,0,0,0,0,0,0,0,0,0,0,0,0,0,0,0,0,0,0
0,0,0,0,0,0,0,0,0,0,0,0,0,0,0,0,0,0,0,0,0,0,0,0,0,0,0,0,0,0,0,0,0,0,0,0,0,0,0,0,0,0,0,0,0,0,0,0,0,0,0,0,0,0,0,0,0,0,0,0,0,0,0,0,0,0,0,0,0,0,0,0,0,0,0,0,0,0,0,0,0,0,0,0,0,0,0,0,0,0,0,0,0,0,0,0,0,0,0,0,0,0,0.000968163,-0.007697185,-0.031721899,-0.01765642,0.00108124,0,8.96E-18,-1.57E-16,-1.28E-16,7.48E-18,0,0,0,0,0,0,0,0,0,0,-0.010005707,0.078873655,0.339698989,0.191120813,-0.011682751,0.0002079,-0.001073836,-0.016776791,-0.014413977,-0.000155399,0.000101912,0,0,0.000748911,-0.008537582,-0.010062608,0.000299564,0,0,0,-0.043859138,0.373368204,1.004020168,0.47181128,-0.032420764,-0.000543078,-0.008423474,0.287895418,0.230206032,-0.020273939,0.000694408,0,0,-0.005452285,0.062156047,0.061315179,-0.002180914,0,0,0,-0.040817333,0.34227999,1.019656131,0.605122294,-0.025877536,-0.019202183,0.099616626,0.853904837,0.820128217,0.12042933,-0.01716522,7.35E-06,9.41E-05,-0.035991371,0.380285846,0.556252004,-0.013423203,0,0,0,-0.007115894,0.029843529,0.67204422,0.89203188,0.155475422,-0.053684301,0.169048969,0.886889961,0.936957516,0.2323814,-0.03206932,0.00064185,-0.00802982,-0.042484443,0.464028901,0.753077263,-0.015676743,0,0,0,0.000795728,-0.022584848,0.197343444,0.94304022,0.813350201,0.489279891,0.649201372,1.022875579,0.9446747,0.296714325,-0.063521191,-0.048393791,0.001772076,0.417469499,0.866928156,0.632757548,-0.020885927,0,0,0,1.22E-05,-0.001463133,-0.009080678,0.330715227,0.858246528,1.020948596,0.974037105,0.567044067,0.916831989,0.858694734,0.52376386,0.446834508,0.675232145,1.031055573,0.964273897,0.165506825,-0.018225592,0,0,0,0,0.000238474,-0.004263483,-0.01781343,0.078459398,0.217269337,0.273571603,-0.015464175,0.351256624,0.866591422,1.013384549,0.979175482,0.933493318,0.551721274,0.306488287,0.004958383,-0.003144151,0,0,0,0,0,0.000309436,-0.001771684,-0.014417552,-0.019887082,-0.018589665,-0.006651688,-0.015028339,0.138144404,0.366335113,0.348300143,0.147671228,-0.022332346,-0.019047352,-0.002790517,0.000330202,0,0,0,0,0,0,0,0,0,0,0.000145527,-0.000157867,-0.013967184,-0.033771045,-0.031995507,-0.014800347,0.000114039,7.15E-05,0,0,0,0,0,0,0,0,0,0,0,0,0,0,0,0,0,0,0,0,0,0,0,0,0,0,0,0,0,0,0,0,0,0,0,0,0,0,0,0,0,0,0,0,0,0,0,0,0,0,0,0,0,0,0,0,0,0,0,0,0,0,0,0,0,0,0,0,0,0,0,0,0,0,0,0,0,0,0,0,0,0,0,0,0,0,0,0,0,0,0,0,0,0,0,0,0,0,0,0,0,0,0
0,0,0,0,0,0,0,0,0,0,0,0,0,0,0,0,0,0,0,0,0,0,0,0,0,0,0,0,0,0,0,4.43E-05,0.000318984,-0.007242987,-0.019709627,-0.021054943,-0.009296024,0.000431597,5.28E-05,0,0,0,0,0,0,0,0,0,0,0,0,-0.002566311,-0.018256623,0.431886253,0.918672292,0.778865364,0.196613078,-0.024188885,-4.94E-05,0,0,0,0,0,0,0,0,0,0,0,0,-0.001261234,-0.009091048,0.194598499,0.745477958,1.035522382,0.544558415,-0.001400422,-0.004947406,0,0,0,0,0,0,0,0,0,0,0,0,0.000110635,0.00079746,-0.030539505,0.102858762,0.918197304,0.837401331,0.082033193,-0.014180794,0,0,3.27E-18,0.000743957,-0.005774272,-0.027453959,-0.00418624,0.000326797,0,0,0,0,0,0,-0.003734681,0.004723754,0.76127485,1.02681781,0.142234214,-0.020638957,0,0,0.000187228,-0.009187355,0.051516374,0.293014961,0.043554943,-0.003414522,0,0,0,0,0,0,-0.001833946,-0.014437092,0.475680522,1.041870438,0.142045575,-0.020618192,0,0,-0.004458135,-0.001567756,0.493877492,0.958268263,0.288047725,-0.019566314,0,0,0,0,0,0,-0.001882465,-0.013870188,0.481282714,1.041571226,0.141872251,-0.020604032,0,0,-0.013394438,0.073772828,0.823445959,0.935757506,0.129935372,-0.011077563,0.001035832,-0.008445517,-0.030440053,-0.012552543,0.000799632,0,-0.00400046,0.01109375,0.732388174,1.033364992,0.143377003,-0.020774612,0,0,-0.020731039,0.147573733,0.990961482,0.661249881,0.004809062,-0.002760825,-0.022250316,0.105213763,0.475421501,0.178681985,-0.014891085,0.00034487,-0.007435355,0.065626072,0.888027608,0.976758459,0.127762831,-0.019090414,0,0,-0.020785335,0.178155089,0.722168879,0.216098958,0.008170803,-0.005657833,-0.007687161,0.537739209,1.064674428,0.629817368,-0.01960209,-0.000800467,-0.039893519,0.346792722,1.011067555,0.658393348,0.028980423,-0.00837163,0,0,-0.020746868,0.162074314,0.877825912,0.168358422,-0.020211142,-0.026825963,0.260973021,0.975604473,1.023916037,0.799995932,0.094936462,-0.050537126,0.124893093,0.746788007,1.022239226,0.432663126,-0.026561035,-0.001936104,0,0,-0.020653629,0.142843893,1.040986354,0.428273443,-0.047087919,0.082842577,0.791546561,1.012667271,1.021936988,0.967533699,0.706350213,0.631774654,0.801041607,1.053504511,0.879926131,0.162036216,-0.024966128,0.000252741,0,0,-0.020988903,0.145121581,1.047538331,0.614006723,0.077944393,0.644000715,1.032456501,0.763929909,0.46304502,0.849843188,1.06163591,1.048347007,1.044674054,0.813354286,0.354436819,0.003628693,-0.002725123,0,0,0,-0.01776348,0.114555257,0.939878302,0.971734783,0.775352482,1.068230375,0.833157315,0.279806219,-0.077960172,0.181399408,0.378472171,0.416088113,0.626338559,0.180082823,-0.047001906,-0.001731737,0.000315927,0,0,0,-0.002272944,-0.01031929,0.323603503,0.830963388,0.818134004,0.549785318,0.119966862,-0.015076593,0.000165305,-0.018410114,-0.028008902,-0.021597842,-1.03E-05,-0.011261897,-0.000656556,7.72E-05,0,0,0,0,0.000202717,-0.002917584,-0.002841844,0.127386897,0.107383987,-0.04347115,-0.010308436,-0.000749081,0.000146548,-0.000322968,-0.000838184,-0.001270128,-0.003109783,-0.000611366,8.92E-05,0,0,0,0,0,0,0.000302659,-0.001931434,-0.018034732,-0.01579797,0.000924544,0,0,0,0,0,0,0,0,0,0,0,0,0,0,0,0,0,0,0,0,0,0,0,0,0,0,0,0,0,0,0,0,0,0,0,0,0,0,0,0,0,0,0,0,0,0,0,0,0,0,0,0,0
0,0,0,0,0,0,0,0,0,0,0,0,0,0,0,0,0,0,0,0,0,0,0,0,0,0,0,0,0,0,0,0,0,0,0,0,0,0,0,0,0,0,0,0,0,0,0,0,0,0,0,0,0,0,0,0,0,0,0,0,0,0,0,0,0,0,0,0,0,0,0,0,0,0,0,0,0,0,0,0,0,0,0,7.81E-05,-0.000323836,-0.014082108,-0.008523591,0.0005384,3.37E-05,0,0,0,0,0,0,0,0,0,0,0,0,0,1.86E-18,-0.000130974,-0.003706036,0.077179517,0.03718493,-0.007232328,0.00024697,-1.84E-16,-6.19E-17,3.97E-18,0,6.38E-06,0.000105103,-0.002064185,-0.005180249,-0.002596629,0.000102124,0,0,0,0.000440259,-0.010618362,0.060705202,0.699074057,0.539816449,0.022356304,-0.011632795,-0.019558143,-0.013418607,0.00080576,0,-5.54E-05,-0.000695381,0.016378932,0.037933517,0.01189337,-0.000735294,0,0,0,-0.003904059,0.001249898,0.603004311,1.024510008,0.455697502,-0.022266094,0.025242975,0.335835507,0.16401013,-0.010085759,0,-0.001006278,-0.020691234,0.357050365,0.922973584,0.65202302,-0.018013942,0,0,0,-0.031845012,0.257949891,0.951398489,0.623055743,0.017611877,-0.03840141,0.342232418,1.003096473,0.650008834,-0.039365656,0,-0.000491473,-0.019966997,0.231049377,0.921663552,0.880679175,-0.020975797,0,0,0,-0.050251926,0.43518127,1.032359205,0.239247702,-0.059861809,0.009447145,0.638773029,1.029761676,0.438439508,-0.028171926,0,0.00018653,-0.012841588,0.022692385,0.71971618,0.877856216,-0.020646616,0,0,0,-0.046735559,0.400818406,1.017930147,0.38667613,0.222722461,0.589696031,1.021784229,0.969211125,0.137354592,-0.02163957,0.000378348,-0.006100848,-0.038204861,0.304467303,0.95909438,0.497066518,-0.020711465,0,0,0,-0.026136725,0.204787429,0.864382081,0.968803547,0.973725507,0.876162729,0.614869979,0.909804024,0.558605682,0.058182887,-0.024897324,0.030689032,0.279980086,0.882960886,0.856681407,0.142419082,-0.014345044,0,0,0,-0.002063696,0.005911907,0.215649552,0.60129141,0.525748865,0.121848285,0.003212177,0.574480504,0.972569317,0.868080354,0.741803909,0.812038611,0.985481024,0.969962785,0.406555056,-0.022170344,-0.002753489,0,0,0,0.000411724,-0.003061002,-0.016182598,-0.020893416,-0.02086312,-0.014809493,-0.01084695,0.009070721,0.383648318,0.777326712,0.805773545,0.806075827,0.708138446,0.263324108,-0.015521497,-0.002853532,0.000217865,0,0,0,0,0,0,0,0,0,0.000308926,-0.005838831,-0.012855154,0.072660522,0.102596307,0.103112796,0.037047675,-0.025324976,-0.000443491,0.000163059,0,0,0,0,0,0,0,0,0,0,0,0.000352941,-0.002229167,-0.014204657,-0.017440382,-0.017512868,-0.010071998,3.89E-05,4.87E-05,0,0,0,0,0,0,0,0,0,0,0,0,0,0,0,0,0,0,0,0,0,0,0,0,0,0,0,0,0,0,0,0,0,0,0,0,0,0,0,0,0,0,0,0,0,0,0,0,0,0,0,0,0,0,0,0,0,0,0,0,0,0,0,0,0,0,0,0,0,0,0,0,0,0,0,0,0,0,0,0,0,0,0
0,0,0,0,0,0,0,0,0,0,0,0,0,0,0,0,0,0,0,0,0,0,0,0,0,0,0,0,0,0,0,0,0,0,0,0,0,0,0,0,0,0,0,0,0,0,0,0,0,0,0,0,0,0,0,0,0,0,0,0,0,0,0,0,0,0,0,0,0,0,0,0,0,0,0,0,0,0,0,0,0,0,0,0,0,0,0,0,0,0,0,0,0,0,0,0,0,0,0,0,0,0,0,0,0,0,0,0,0,0,0,2.55E-05,0.00092485,-0.009653288,-0.0414471,-0.047592848,-0.019792943,0.001109565,9.79E-05,0,0,0,0,0.000254289,-0.004512357,-0.002488596,0.000149612,0,0,0,0,-0.000291054,-0.010543292,0.110064338,0.4730673,0.534928598,0.203648812,-0.015625892,-0.000683381,0,0,1.22E-05,0.001136192,-0.012379133,-0.003108669,-0.011566029,-0.002392126,0.000331949,0.000309812,-0.007032734,-0.030361176,-0.019260731,0.06186502,0.390389728,0.401594734,0.661756417,0.900019448,0.096330842,-0.015773919,0,0,0.000334457,-0.012722015,0.055714648,0.509651569,0.366894506,0.002303036,-0.002583721,-0.007997413,0.031355477,0.241186649,0.069990196,-0.011590233,-0.004770782,-0.041336346,0.400686223,1.073246817,0.148188466,-0.021350592,0,0,-0.006946827,0.020349048,0.569902352,1.038899118,0.784273284,0.053428683,-0.036632679,0.028866864,0.620162803,0.985987183,0.589219056,0.001596687,-0.034234562,0.010115588,0.783084848,0.848460665,0.080127441,-0.014052798,0,0,-0.018532646,0.121370358,0.990574091,0.561610209,0.101116592,0.016321759,0.174601032,0.729710069,0.951965005,0.728584899,0.904987609,0.420801248,0.09625,0.502493107,0.998121255,0.41825274,-0.014641627,-0.002775565,0,0,-0.012842456,0.068483348,0.821712623,0.687006059,0.369487081,0.611723346,0.892663433,0.915986622,0.369547607,0.007917705,0.343874949,0.895150914,0.859584082,1.013620626,0.668072815,0.043767599,-0.011276956,0.000218546,0,0,-0.002510089,-0.015950322,0.400579929,0.937310223,0.923119743,0.897430802,0.551798272,0.137006577,-0.015540014,-0.014579053,-0.002830891,0.187057117,0.540124791,0.494251746,0.061686522,-0.017228048,0.00119111,0,0,0,0.000207653,-0.001821165,-0.017157969,0.173518263,0.221030007,0.024713882,-0.021070109,-0.016596882,-0.002657782,0.000766782,-0.00359392,-0.016984462,-0.021123536,-0.021034178,-0.010335818,0.000653595,0,0,0,0,0,8.15E-05,0.000194461,-0.016873043,-0.020630362,-0.003820295,-7.64E-06,4.26E-05,0,0,0,0,0,0,0,0,0,0,0,0,0,0,0,0,0,0,0,0,0,0,0,0,0,0,0,0,0,0,0,0,0,0,0,0,0,0,0,0,0,0,0,0,0,0,0,0,0,0,0,0,0,0,0,0,0,0,0,0,0,0,0,0,0,0,0,0,0,0,0,0,0,0,0,0,0,0,0,0,0,0,0,0,0,0,0,0,0,0,0,0,0,0,0,0,0,0,0,0,0,0,0,0,0,0,0,0,0,0,0
0,0,0,0,0,0,0,0,0,0,0,0,0,0,0,0,0,0,0,0,0,0,0,0,0,0.000625511,-0.006712112,-0.018289104,-0.020475388,-0.020647638,-0.020979031,-0.01407067,-0.002473061,0.00019744,0,0,0,0,0,0,0,0,0,0,0,-0.003542711,0.030537126,0.15054304,0.641133311,0.586406639,0.431997507,0.165108587,-0.023299468,-0.003709592,0.00025478,0,0,0,0,0,0,0,0,0,0,-0.038885059,0.422547743,0.979006308,0.986442164,0.954382676,1.046440921,0.841330048,0.365360174,-0.001871936,-0.00110209,0,0,0,0,0,0,0,0,0,0,-0.018743617,0.192486639,0.712043775,0.848652386,0.283378676,0.502155127,0.884744213,0.931272251,0.224323172,-0.021531607,0,0,0,0,0,0,0,0,0,0,0.00110209,-0.025679126,0.163908184,0.655152591,0.13960626,-0.04135929,0.532837452,1.060079491,0.567465363,-0.051324636,0,0,0,0,0,0,0,0,0,0,4.85E-05,0.000252757,-0.012315081,-0.03951491,-0.009473805,-0.043140489,0.431815002,1.049486585,0.580425177,-0.052320772,0,0,0,0,0,0,0,0,0,0,0,0,0,0,0.000352207,-0.043032167,0.433598185,1.011739942,0.470785095,-0.042697675,0,0,0,0,0,0,0,0,0,0,0,0,0,0,-0.002734375,-0.018469158,0.511300126,0.942256889,0.237496936,-0.022328602,0,0,0,0,0,0,0.000272672,-0.001085056,-0.020879289,-0.01830913,-0.005020527,0.000362132,0,0,-0.011098039,0.047529293,0.705826508,0.969349938,0.243542007,-0.023135383,0,0,0,0,0,0,-0.001595861,0.004610085,0.139275684,0.109132864,-0.000998553,-0.037187891,-0.034874665,-0.016759855,-0.023337912,0.140303088,0.873029054,0.857690235,0.107033633,-0.011202172,0,0,0,0,0,0,-0.01268876,0.070529279,0.775898778,0.814952359,0.564375204,0.363842814,0.376665834,0.170396838,-0.051939525,0.364194121,1.024985481,0.502302868,-0.028730086,0.000709763,0,0,0,0,0,0,-0.009237631,0.041142833,0.638690229,1.023024557,1.002781005,0.999741959,1.006278551,0.833032014,0.400737468,0.778305613,1.009525091,0.305130485,-0.066238025,-0.026762056,-0.012995394,-0.001833598,0.00027337,0,0,0,0.000325095,-0.007566447,0.007657578,0.467054109,0.505274254,0.628732775,0.892318614,1.020161356,1.029707721,1.017689287,0.963938572,0.52028729,0.372222648,0.208910199,0.080071555,-0.001081989,-0.001994874,0.000127145,0,0,0,0.000489177,-0.005671262,0.015420275,0.016202802,0.019019387,0.168602211,0.497726392,0.77821298,0.90808495,0.981447781,1.001984037,1.040779429,0.903038892,0.784187245,0.308732333,-0.011761343,-0.00201491,0,0,0,0,0.00034375,-0.005861826,-0.006252451,-0.008096473,-0.024471842,-0.010235107,0.01891042,0.164487388,0.262174581,0.336567099,0.735179245,1.007518893,1.093676198,0.591083248,0.002156761,-0.005667552,0,0,0,0,0,0,0,2.20E-05,-2.16E-05,-0.002097069,-0.004566125,-0.012918045,-0.018470741,-0.033131752,0.036750477,0.343461652,0.435235805,0.147027488,-0.021407556,0.000316074,0,0,0,0,0,0,0,0,0,0,0,0,0,0.001093478,-0.008271167,-0.041016265,-0.050798581,-0.018405691,0.002177193,0,0,0,0,0,0,0,0,0,0,0,0,0,0,0,0,0,0,0,0,0,0,0,0,0,0,0,0,0,0,0,0,0,0,0,0,0,0,0,0,0,0
0,0,0,0,0,0,0,0,0,0,0,0,0,0,0,0,0,0,0,0,0,0,0,0,0,0,0,0,0,0,0,0,0,0,0,0,0,0,0,0,0,0,0,0,0,0,0,0,0,0,0,0,0,0,0,0,0,0,0,0,0,0,0,0,0,0,0,0,0,9.19E-07,8.17E-07,-0.000113409,-0.000136817,3.57E-06,0,0,0,0,0,0,0,0,0,0,0,0,0,0,4.04E-05,0.000460478,-0.011237711,-0.030433092,-0.0282276,-0.002398557,0.000268076,0,-2.33E-19,-0.000524337,-2.33E-19,0,0,0,0,0,0,4.42E-32,6.64E-18,7.13E-05,0.000248706,-0.024291871,0.049660284,0.241194478,0.233151149,0.016270084,-0.001872277,0.000480835,-0.009818815,-0.025885869,0.000327648,0,0,0,0,0,0,0.000429773,-0.004468784,-0.018341758,-0.02752948,0.21265002,0.701659518,0.978191313,0.887660528,0.077525786,-0.013761319,-0.024281046,0.099672947,0.352743298,-0.003595622,0,0,0,0,2.81E-05,0.001069259,-0.017016173,-0.012057889,0.212227712,0.641678268,0.861701894,0.601494215,0.787252354,0.831928102,-0.01056415,-0.016697835,0.334109528,0.793506108,0.574285954,-0.016726965,0,0,0,0,-0.000263583,-0.009891919,0.108864056,0.555614056,0.916815934,0.732198666,0.247869145,0.143846167,0.890850728,0.36413239,0.052437704,0.532695193,0.865041973,0.365792382,0.033318964,-0.003846678,0,0,0,0,-0.000220129,-0.010694087,0.12061717,0.413026518,0.281098185,0.057172215,-0.046690581,0.466752417,0.991308909,0.268188551,0.715344907,0.904335189,0.274270118,-0.024098499,-0.007200991,0.000348924,0,0,0,0,1.74E-05,0.000396786,-0.006050875,-0.02123926,-0.029943982,-0.018881859,0.044625408,0.794343444,0.959897706,0.917783859,0.737815019,0.186527761,-0.027831904,-0.002865502,0.000322857,0,0,0,0,0,3.06E-07,3.30E-05,-0.000303258,-0.000942555,-0.000654274,-0.019533224,0.044962537,0.836481805,1.037490196,0.601378664,0.082867,-0.02542293,-0.000333487,9.24E-05,0,0,0,0,0,0,0,0,0.000448412,-0.00542375,-0.033737345,0.088955811,0.619656625,0.828482481,0.41172744,0.014923609,-0.020266839,0.00117484,1.47E-05,0,0,0,0,0,0,1.22E-06,0.000108711,-0.001066279,-0.014655824,0.000684028,0.278397844,0.776875664,0.67876748,0.129274152,-0.032115451,-0.006892979,0.000415305,0,0,0,0,0,0,0,0,0.001232318,-0.011656948,-0.024362609,0.131326593,0.609288314,0.86687489,0.486675688,0.040539879,-0.021658361,0.000700266,0,0,0,0,0,0,0,0,0,0,-0.009276833,0.062525361,0.457679432,0.807900565,0.654646923,0.163676522,-0.016278918,-0.011279088,0.000559743,2.67E-05,0,0,0,0,0,0,0,0,0,0,-0.037031511,0.326222665,0.65270435,0.262480477,0.012790458,-0.01744349,-0.001801947,5.65E-05,1.47E-05,0,0,0,0,0,0,0,0,0,0,0,-0.005720014,0.054371306,0.032495465,-0.031515328,-0.005652847,0.000532094,1.63E-05,0,0,0,0,0,0,0,0,0,0,0,0,0,0.000750071,-0.006904276,-0.008121596,-1.16E-05,4.08E-05,0,0,0,0,0,0,0,0,0,0,0,0,0,0,0,0,0,0,0,0,0,0,0,0,0,0,0,0,0,0,0,0,0
0,0,0,0,0,0,0,0,0,0,0,0,0,0,0,0,0,0,0,0,0,0,0,0,0,0,0,0,0,0,0,0,0,0,0,0,0,0,0,0,0,0,0,0,0,0,0,0,0,0,0,0,0,0,0,0,0,0,0,0,0,0,0,0,0,0,0,0,5.71E-05,-0.000780076,-0.003728707,-0.001327308,0.000156537,0,0,0,0,0,0,0,0,0,0,0,0,0,0,0.000425584,-0.003263838,-0.016917977,0.006357179,-0.002255174,-0.000955628,9.50E-05,0,0,0,0,0,0,0,0,0,0,0,6.00E-32,0.00023829,-0.00362684,-0.010271327,0.267240877,0.702155637,0.284826474,-0.023846867,-0.000758102,1.87E-18,4.26E-05,-0.000336159,-0.009259542,-0.004227516,0.000372328,0,0,0,0,2.76E-05,0.000113868,-0.006706836,-0.023991446,0.315864907,0.904706257,1.073397399,0.4906394,-0.032500764,-0.001918403,-4.54E-05,-0.007834457,-0.016018348,0.084081197,0.037564253,-0.003274357,0,0,0,3.18E-05,0.000614019,-0.013092567,-0.021438248,0.273692763,0.938046316,1.021183808,1.027099028,0.607636579,0.010569528,-0.010297651,-0.028875046,0.01510463,0.394934182,0.910715509,0.501844775,-0.045049291,0,0,0,0.000113868,-0.013380787,0.069458469,0.487832772,0.94633389,0.892115383,0.732930181,1.020882438,0.597405212,-0.004356732,-0.009125204,0.213666667,0.638129885,1.012834797,0.942378861,0.339125647,-0.03163637,0,0,0,-0.007546364,0.073013004,0.791795837,1.018763157,0.781543489,0.211277539,0.507339427,1.035262102,0.633258561,0.123512766,0.558247753,0.934751208,1.038543692,0.768826934,0.2154007,-0.007324942,-0.000483813,0,0,0,-0.004201695,0.027308143,0.640610515,0.494082244,0.034168722,-0.042852022,0.656370302,1.020608711,0.984104252,0.965084655,1.039016085,0.856494451,0.383488239,0.045325861,-0.028155293,-0.003791701,0.00032935,0,0,0,0.000253064,-0.001693117,-0.037609715,-0.031254476,-0.029601966,0.049224673,0.796323189,1.028872668,1.020360311,1.020946625,0.681213984,0.123500494,-0.035481635,-0.00659135,-2.08E-05,6.54E-05,0,0,0,0,0,0.000388896,-0.0016658,-0.030615633,0.05019515,0.51441044,0.985687837,0.981189261,0.857152735,0.321320293,0.026215843,-0.024985851,0.0007143,6.11E-05,0,0,0,0,0,0,0.000115349,-0.003600797,-0.013716384,0.244724588,0.780049597,1.041777403,1.026478656,0.60315899,0.041284637,-0.023886953,-0.009516953,0.000547896,2.76E-05,0,0,0,0,0,0,0,-0.000731771,-0.023836908,0.358027744,0.943705202,0.91979334,0.536687874,0.74087403,0.189025923,-0.022089954,0.000280258,5.11E-05,0,0,0,0,0,0,0,0,0,-0.012697151,0.161275991,0.934622345,0.730891068,0.151897939,-0.01854199,0.015218682,-0.004858473,0.000224622,0,0,0,0,0,0,0,0,0,0,0,-0.03753222,0.642806798,0.703902897,0.069832193,-0.025281124,-0.002041105,-0.004258068,-0.000846456,6.23E-05,0,0,0,0,0,0,0,0,0,0,0,-0.01165831,0.207362419,0.114970208,-0.020945844,0.001134972,2.45E-05,0,0,0,0,0,0,0,0,0,0,0,0,0,0,0.000843035,-0.014817368,-0.010742273,0.000472154,1.63E-05,0,0,0,0,0,0,0,0,0,0,0,0,0,0,0,0,0,0,0,0,0,0,0,0,0,0,0,0,0,0,0,0
0,0,0,0,0,0,0,0,0,0,0,0,0,0,0,0,0,0,0,0,0,0,0,0,0,0,0,0,0,0,0,0,0,0,0,0,0,0,0,0,0,0,0,0,0,0,0,0,0,0,0,0,0,0,0,0,0,0,0,0,0,0,0,0,0,0,0,0,0,0,8.17E-05,-0.000919118,-0.001885166,-0.000316585,3.06E-05,0,0,0,0,0,0,0,0,0,0,0,0,0,0,0.000330882,-0.002015591,-0.01442402,-0.012129652,-0.001703602,0.00018127,0,0,0,0,0,0,0,0,0,0,3.11E-31,1.16E-17,-4.30E-16,0.000490196,-0.009041309,-0.030987711,0.273747192,0.472671161,0.078821061,-0.007725269,0,0,0,0,0,0,0,0,0,0,4.56E-18,0.000432326,-0.008103692,-0.02678445,0.044993107,0.346999421,0.91208478,0.935854089,0.128515285,-0.013142531,0,0,0,0,0,0,0,0,0,0,-3.92E-16,-0.016789301,0.556356906,0.811209014,0.867061168,0.993826655,1.044044101,0.65973766,-0.005837648,-0.000796339,-0.004117239,-0.01440993,-0.00183182,0.000273124,0,0,0,0,0,0,-1.34E-16,-0.014898557,0.245649688,0.798930079,0.710556373,0.636806764,0.963680624,0.714689084,-0.035831087,-0.021683687,0.005491864,0.091394608,0.011223758,-0.001689815,0,0,0,0,0,0,8.93E-18,-0.000732401,-0.009921086,0.0840737,0.019359988,0.111622719,0.854964478,0.730917479,0.133073921,0.236628353,0.570717746,0.867013617,0.118726153,-0.017288773,0,0,0,0,1.71E-19,5.82E-18,-7.10E-17,0.000298883,-0.000683727,-0.03017853,-0.059425926,0.19094167,0.865647331,0.98241757,0.980590976,0.996493192,0.967132268,0.741260502,0.081498155,-0.013386268,0,0,0.000311479,-0.002148812,-0.015215312,-0.014795581,-0.017847222,-0.022034995,-0.026317041,0.135678002,0.447895016,0.793151331,0.997320959,0.973318573,0.644873928,0.411176505,0.279732792,0.02008638,-0.011966084,0.000669935,0,0,-0.001920529,0.013418144,0.092128022,0.080853036,0.199041876,0.468406523,0.684820624,0.909634935,0.962315675,0.774238379,0.781116614,0.885243136,0.108592172,-0.044205257,-0.036261771,-0.006484856,0.000726138,1.22E-05,0,0,-0.017983218,0.122959979,0.888290833,0.880222137,0.945910846,1.037557904,0.895253574,0.50139842,0.275434964,0.050082125,0.21296841,0.305800739,-0.015148761,-0.00104473,0.000174632,0,0,0,0,0,-0.006552798,0.035141912,0.407619043,0.52121795,0.313723192,0.253365639,0.161339699,-0.035098805,-0.026987166,-0.006218937,-0.020524408,-0.028525556,0.000676573,0,0,0,0,0,0,0,0.000628404,-0.00522013,-0.023039897,-0.011851716,-0.029516765,-0.03542979,-0.024143023,-0.000942096,0.000145527,0,0,0,0,0,0,0,0,0,0,0,8.17E-06,2.57E-05,-0.001111009,-0.002080882,-0.000447866,3.29E-05,0,0,0,0,0,0,0,0,0,0,0,0,0,0,0,0,0,0,0,0,0,0,0,0,0,0,0,0,0,0,0,0,0,0,0,0,0,0,0,0,0,0,0,0,0,0,0,0,0,0,0,0,0,0,0,0,0,0,0,0,0,0,0,0,0,0,0,0,0,0,0,0,0
0,0,0,0,0,0,0,0,0,0,0,0,0,0,0,0,0,0,0,0,0,0,0,0,0,0,0,0,0,0,0,0,0,0,0,0,0,0,0,0,0,0,0,0,0,0,0,0,1.59E-05,0.000860544,-0.009344095,-0.032471159,-0.031671005,-0.008837797,0.000835677,0,0,0,0,0,0,0,0,0,0,0,0,6.24E-05,-5.57E-05,-0.018171807,0.053711789,0.262504681,0.254135397,0.055403731,-0.008729745,0.000340074,0,0,0,0,0,0,0,0,0,4.20E-18,0.000701593,-0.010143084,-0.039621068,0.111307955,0.620002162,0.972537684,0.965051737,0.509990162,0.00341636,-0.005025123,0,0,0,0,0,0,1.24E-18,-2.46E-18,-1.61E-16,0.000478707,-0.010582363,0.034072398,0.299010263,0.815625596,1.006208197,0.768617034,0.90102362,0.779365111,0.084000051,-0.015469975,0,0,0,0,0,0,0.000729689,-0.005984818,-0.019684947,-0.026264893,0.020330116,0.576444295,1.046097818,0.958911526,0.466381672,-0.006741949,0.530116112,0.789468546,0.088540714,-0.015875,0,0,0,0,0,0,-0.005677707,0.036983528,0.310993454,0.366292956,0.63880189,1.042426592,0.839124815,0.284804125,-0.015372063,-0.038098121,0.608684111,0.694916721,0.028379397,-0.008990155,0,0,0,0,0,0,-0.043217561,0.362885927,1.0268213,1.046900378,0.957756961,0.629462347,0.139156539,-0.030877077,-0.009472614,0.040267991,0.874276664,0.529311257,-0.022943049,-0.002382047,0,0,0,0,0,0,-0.034165749,0.288815019,0.801665084,0.543170769,0.251546177,0.005142728,-0.019024799,0.001148046,-0.020876311,0.223983949,0.921752935,0.395295394,-0.037348107,-0.002599265,-0.015128983,-0.009261954,0.000346201,0,0,0,-0.00033101,0.002323512,0.017682104,-0.007234613,-0.024208197,-0.007560128,0.000499387,1.09E-17,-0.022792841,0.253541241,0.843506991,0.165791718,-0.052548203,-0.027212589,0.080816466,0.039299696,-0.00198155,0,0,0,0.00017855,-0.001488,-0.004620762,-0.002437704,-0.000412173,0.000212384,-0.00111043,-0.006126089,-0.046946912,0.331761046,0.782251794,0.107476171,0.354539028,0.631267514,0.7921939,0.600951245,-0.016619519,0,0,0,0,0,0,0.000132485,-0.000695039,-0.022949213,-0.032774398,-0.004444461,0.21263432,0.799731819,0.999468838,0.85728517,0.925881623,0.695434603,0.449130352,0.267759992,-0.00842964,0,0,0,0.000381558,-0.002868873,-0.01301777,-0.036194053,-0.037607928,0.156717555,0.397873196,0.60075451,0.90803925,0.955323563,0.592903877,0.38517276,0.283262357,-0.014398148,-0.022846371,-0.017005693,0.000430624,0,0,0,-0.004158004,0.028602226,0.174020118,0.574591282,0.758378676,0.874430109,0.965507336,0.962633612,0.61620384,0.215967984,-0.006426732,-0.038640217,-0.025998264,-0.000571044,0.000150633,0,0,0,0,0,-0.039923362,0.336777948,0.922480767,0.940167858,0.867350031,0.578846986,0.215871511,0.13481713,0.001420786,-0.02823926,-0.005443113,0.000462623,0,0,0,0,0,0,0,0,-0.013873059,0.119037275,0.291443525,0.248346729,0.106429296,0.000708967,-0.017848941,-0.011337878,-0.003109171,-7.91E-05,3.06E-05,0,0,0,0,0,0,0,0,0,0.001640217,-0.014039379,-0.034951694,-0.030773307,-0.015939016,-0.003617672,0.000228283,0,0,0,0,0,0,0,0,0,0,0,0,0,0,0,0,0,0,0,0,0,0,0,0,0,0,0,0,0,0,0,0,0,0,0,0,0,0,0,0,0,0,0,0,0,0,0,0,0,0,0
0,0,0,0,0,0,0,0,0,0,0,0,0,0,0,0,0,0,0,0,0,0,0,0,0,0,0,0,0,0,0,0,0,0,0,0,0,0,0,0,0,0,0,0,0,0,0,0,0,0,0,0,0,0,0,0,0,0,0,0,0,0,0,0,0,0,0,0,2.14E-06,-2.65E-05,-0.000233762,1.29E-05,0,0,0,0,0,0,0,0,0,0,0,0,0,0,0,0,0.000548917,-0.007860056,-0.029421773,-0.012672794,0.001460193,0,0,0,0,0,0,0,0,0,0,0,0,7.78E-19,2.64E-18,0.001386001,-0.016409841,0.033754017,0.256143927,0.087023165,-0.010320003,0,0,0,0,0,0,0,0,0,0,6.13E-06,0.000230801,-0.002586976,-0.01235175,-0.036035696,0.098422403,0.554387868,1.006211346,0.397915594,-0.047532816,9.02E-05,0,0,0,0,0,0,0,0,0,0.001010762,-0.0180757,-0.022306724,0.061573978,0.432663969,0.877287038,1.018534388,1.05651368,0.433854392,-0.048757468,-0.000152358,0,0,0,0,0,0,0,0,0,-0.009493719,0.133065002,0.463465669,0.781248894,0.99917448,0.847465874,0.855917688,1.028312432,0.657139553,0.023334862,-0.009695261,-0.003162888,-0.012267514,-0.022523591,-0.022473758,-0.009942045,0.000912735,0,0,0,-0.020693883,0.301510706,0.97978045,1.049822559,1.008996389,0.474807326,0.331030995,0.980125885,0.955791956,0.134638858,-0.03786232,-0.00041236,0.149065019,0.338286407,0.344620344,0.153220316,-0.01405399,0,0,0,-0.002601511,0.004159246,0.47102502,0.730728401,0.661925489,0.835589597,0.172376004,0.504236452,1.009325129,0.559238277,0.430570483,0.669037173,0.995241302,1.011779463,0.969462636,0.459326321,-0.042098992,0,0,0,0.000232486,-0.006916343,0.016115758,0.02942019,0.022135852,0.397094652,0.397182938,0.714664845,0.968139144,1.035499878,1.051760893,0.943813164,0.713671126,0.453615128,0.278195209,0.06092482,-0.006041922,0,0,0,0.000164333,-0.002348712,-0.022633318,0.079878062,0.262843493,0.667166935,0.950700508,1.026981863,1.013992584,0.942447229,0.532524442,0.164485566,0.031393288,-0.026962772,-0.034962271,-0.009016652,0.00085606,0,0,0,-0.000938572,-0.019918147,0.389464546,0.843819155,1.04823526,0.857214971,0.68849697,0.777421518,0.754104524,0.428460655,-0.029502825,-0.018362609,-0.00975337,-0.002060696,8.61E-05,1.53E-05,0,0,0,0,-0.023268382,0.369005668,0.805643059,0.438696402,0.270565288,0.116831921,0.322922607,0.55885449,0.088224129,0.025779133,-0.005166633,8.51E-05,0,0,0,0,0,0,0,0,-0.022269199,0.401151416,0.111891272,-0.027953193,-0.037240532,-0.024149493,0.038850831,0.043749217,-0.021809998,-0.00656078,0.000597426,0,0,0,0,0,0,0,0,0,0.000357843,-0.006085325,-0.007419305,-0.001111673,3.24E-05,0.000218699,-0.00354713,-0.004835427,0.000275123,0,0,0,0,0,0,0,0,0,0,0,9.54E-05,-0.001732909,-0.000196078,1.59E-05,0,0,0,0,0,0,0,0,0,0,0,0,0,0,0,0,0,0,0,0,0,0,0,0,0,0,0,0,0,0,0,0,0,0,0,0,0,0,0,0,0,0,0,0,0,0,0,0,0,0,0,0,0
0,0,0,0,0,0,0,0,0,0,0,0,0,0,0,0,0,0,0,0,0,0,0,0,0,0,0,0,0,0,0,0,0,0,0,0,0,0,0,0,0,0,0,0,0,0,0,0,0,0,0,0,0,0,0,0,0,0,0,0,0,0,0,0,0,0,0,0,0,0,0,0,0,0,0,0,0,0,0,0,0,0,0,0,0,0,0,0.000117402,-0.00031924,-0.014462316,-0.013328125,0.000774816,0,0,0,0,0,0,0,0,0,0,0,0,0,5.19E-19,0.000199993,-0.000783549,-0.020525633,0.075449261,0.076679977,-0.009487949,0.000519751,3.20E-18,1.53E-05,0.000417858,-0.006498502,-0.010189488,0.000221269,0,0,0,0,0,4.29E-05,0.000429602,-0.011674326,-0.024695436,0.257593988,0.775061615,0.615009923,0.01124389,-0.005176274,-0.003112575,-0.014296024,-0.023414862,0.065406795,0.114497642,-0.002399918,0,0,0,0,0,-0.000192613,-0.005273599,0.063908932,0.505047599,0.894752014,0.784160926,0.941454775,0.256101905,-0.053781752,-0.022657912,0.112381205,0.599695589,0.787844377,0.623251025,-0.016698429,0,0,0,0,0,-0.003161152,-0.005600456,0.411197712,0.658347227,0.355709644,0.061473703,0.881048441,0.535821555,0.135691234,0.504862234,0.834320721,0.633823632,0.237277131,0.043306089,-0.003404139,0,0,0,0,0,-0.00125674,0.00574777,0.07738557,0.004750112,-0.028722716,-0.023934317,0.593878574,0.920203091,0.874448912,0.961224929,0.491299837,0.013611435,-0.027620166,-0.004156306,0.000306373,0,0,0,0,0,0.000154412,-0.000529105,-0.011083265,-0.009595563,-0.025638906,0.099306049,0.7066899,1.061410437,0.83832693,0.19249469,-0.020520238,-0.009938011,0.000512561,0,0,0,0,0,0,5.62E-06,0.000258544,-0.002486724,-0.019156624,0.000620117,0.277644897,0.78185912,0.952771667,0.523193168,0.150023949,-0.02370321,-0.00145047,0.000134804,6.43E-06,0,0,0,0,0,0.000810346,-0.006670285,-0.023330531,-0.025087695,0.181316073,0.679456542,0.955820323,0.67085183,0.166160844,-0.015089733,-0.025691248,0.000862174,0,0,0,0,0,0,0,0,-0.006098406,0.049344346,0.151848975,0.404751038,0.888715618,0.893355652,0.432212435,0.019252706,-0.025750102,-0.004099435,0.000442298,6.81E-06,0,0,0,0,0,0,0,0,-0.033506176,0.279388174,0.831086074,0.866052117,0.57158495,0.164941078,-0.020797675,-0.006024901,0.000704657,0,0,0,0,0,0,0,0,0,0,0,-0.002573478,0.017149272,0.139839869,0.133099384,-0.006860056,-0.020960366,-0.002702717,0.000260417,0,0,0,0,0,0,0,0,0,0,0,0,0.000258041,-0.001912888,-0.010574449,-0.010715278,-0.002499796,-0.000147517,3.83E-05,0,0,0,0,0,0,0,0,0,0,0,0,0,0,0,0,0,0,0,0,0,0,0,0,0,0,0,0,0,0,0,0,0,0,0,0,0,0,0,0,0,0,0,0,0,0,0,0,0,0,0,0,0,0,0,0,0,0,0,0,0,0,0,0,0,0,0,0,0,0,0
0,0,0,0,0,0,0,0,0,0,0,0,0,0,0,0,0,0,0,0,0,0,0,0,0,0,0,0,0,0,0,0,0,0,0,0,0,0,0,0,0,0,0,0,0,0,0,0,0,0,0,0,0,0,0,0,0,0,0,0,0,0,0,0,0,0,0,0,0,0,0,0,0,0,0,0,0,0,0,0,0,0,0,0,0,0,0.000202206,-0.001876605,-0.005085478,-0.01000337,-0.023469056,-0.027424939,-0.017975419,0.000554534,0,0,0,0,0,0,0,2.18E-18,4.25E-18,0.000591044,-0.008275037,-0.032485277,-0.037988749,-0.033662899,-0.007232673,0.036468273,0.155291769,0.190241779,0.106484669,-0.038792977,-0.003399884,0.000651042,9.64E-19,0,0,0,0,0.000333606,-0.002064734,-0.025073444,0.073422947,0.349666479,0.389442147,0.575261795,0.641737966,0.70664745,0.879113273,0.929609375,0.807447023,0.358077427,0.024445636,-0.00760723,7.81E-05,0,0,0,0,-0.005082345,0.011513965,0.441874142,0.865437677,1.005818284,1.022419795,1.075195618,1.04402168,0.98545113,0.950745536,0.935865028,1.010699822,0.972704792,0.401703898,-0.010784127,-0.001652144,0,0,0,0,-0.013854507,0.085919143,0.760674173,0.86238237,0.744496851,0.707838184,0.692899461,0.50140591,0.275535301,0.223197763,0.1905513,0.439576743,0.986523437,0.674105154,0.005895153,-0.003548509,0,0,0,0,-0.002224094,0.01388595,0.121537514,0.137485396,0.06223332,0.032277063,0.020192698,-0.009087861,-0.029429636,-0.021403952,-0.029454657,0.010482824,0.712319887,0.675374268,0.004318661,-0.003379698,0,0,0,0,0.000346201,-0.002156353,-0.018936377,-0.022336772,-0.008915867,0.011233745,0.002577538,-0.037806373,-0.026550586,-0.026005923,-0.034999319,0.002363132,0.684158429,0.738740162,-0.014290782,-0.026792211,-0.002447159,0.000404242,0,0,0,0,-0.002601818,0.006722971,0.472653918,0.6913606,0.656851178,0.427603145,0.279077308,0.275741932,0.2655593,0.422831417,0.939212691,0.724776518,0.2813181,0.236934011,0.025453763,-0.004233898,0,0,0,0,-0.00163594,-0.017567992,0.455232325,1.086300158,1.076041965,1.021704408,0.968217426,0.962968896,0.972554829,1.025961737,1.057524374,1.017375718,0.98037045,0.962460322,0.13009046,-0.019238582,0,0,0,0,-2.02E-05,-0.014169135,0.099834133,0.504343512,0.668935497,0.768265131,0.855542569,0.913653169,0.789847495,0.587741276,0.56506873,0.575946538,0.74948732,0.781638702,0.09855489,-0.015010893,0,0,0,0,8.94E-06,0.001222512,-0.010044339,-0.048868804,0.011394494,0.085331257,0.143059521,0.182729422,0.096840533,-0.042509393,-0.054523301,-0.050116013,0.065486213,0.116542722,0.014915056,-0.002230222,0,0,0,0,0,0,4.95E-18,0.000278799,-0.007235539,-0.015509498,-0.022047181,-0.026552083,-0.016812194,-0.001036444,0.000311581,-0.00018413,-0.01330239,-0.018712316,-0.002380152,0.000358456,0,0,0,0,0,0,0,0,0,0,0,0,0,0,0,0,0,0,0,0,0,0,0,0,0,0,0,0,0,0,0,0,0,0,0,0,0,0,0,0,0,0,0,0,0,0,0,0,0,0,0,0,0,0,0,0,0,0,0,0,0,0,0,0,0,0,0,0,0,0,0,0,0,0,0,0,0,0,0,0,0
0,0,0,0,0,0,0,0,0,0,0,0,0,0,0,0,0,0,0,0,0,0,0,0,0,0,0,0,0,0,0,0,0,0,0,0,0,0,0,0,0,0,0,0,0,0,0,0,0,0,0,0,0,0,0,0,0,0,0,0,0,0,0,0,0,0,0,0,0,0,2.43E-05,0.000245353,-0.008255524,-0.033189849,-0.020278237,0.000549786,7.67E-05,0,0,0,0,0,0,0,0,0,0,0,0,0.000397059,-0.002320585,-0.026460052,0.087275199,0.52739488,0.307473209,-0.011790696,-0.00102405,0,0,0,0,0,0,0,0,0,0,0,0.000127655,-0.003197576,-0.012643706,0.149375562,0.763179056,1.03754439,0.855315462,0.025723635,-0.005204912,0,0,0,0,0,0,0,0,0,4.26E-05,8.20E-05,-0.00629136,-0.026150191,0.322641238,0.855583333,1.017735858,1.02489774,0.653006996,0.004638855,-0.003422998,0,0,0,0,0,0,0,0,3.10E-18,0.000404081,-0.009184984,-0.021403632,0.455814717,0.966723517,0.821504015,0.657128004,1.004987431,0.31090158,-0.027561793,-0.000547471,0,0,0,0,0,0,3.83E-06,5.39E-05,-0.000854779,-0.014295258,0.044315322,0.509388055,0.959819121,0.914792926,0.259549632,0.614608607,0.872220333,0.139008221,-0.022950912,5.31E-05,0,0,0,0,0,0,0.000271701,-0.003969244,-0.021567096,0.032450997,0.583930214,1.041152914,0.821936172,0.276669679,0.057049377,0.869216077,0.622563964,0.001146804,-0.005638174,0,0,0,0,0,9.79E-05,0.000864977,-0.020816636,-0.019619792,0.335175824,0.750289897,0.987631364,0.646792875,0.140553002,-0.039283854,0.084742647,0.880864213,0.381617936,-0.036566279,0.000279718,5.76E-19,0,0,0,0,-0.001039114,-0.009678825,0.186654565,0.512440802,0.953629749,1.037830082,0.639635173,0.114911731,0.046291803,-0.039443968,0.210805334,0.775017733,0.089090091,-0.031006536,-0.010387527,-0.000662275,0.000134524,0,0,0,-0.012259998,0.063471575,0.778893781,1.04909363,1.034552148,1.028821033,0.936394469,0.909709449,0.863448545,0.640331485,0.789050147,0.823377099,0.256060138,0.242023239,0.049637262,-0.033781236,-0.004727829,0.000640007,0,0,-0.002143757,-0.004838521,0.27116876,0.52764345,0.729815904,0.75788637,0.723791546,0.619824261,0.761580593,0.778211057,0.936026757,0.875604337,0.961929449,1.033986145,0.747231141,0.349455831,0.022632282,-0.005167143,0,0,0.000191483,0.000454782,-0.025234579,-0.042912122,0.064705048,0.078555453,0.057633318,0.005340329,0.065931015,0.09605576,0.575569547,0.253901509,0.197341299,0.486998945,0.825109239,0.972018382,0.134185418,-0.019562568,0,0,0,0,8.36E-05,-0.000491115,-0.013140012,-0.014785539,-0.012283845,-0.006041667,-0.014434743,-0.012984324,0.01185883,-0.013977926,-0.030551845,-0.013201168,-0.001778203,0.333603775,0.100288665,-0.011031965,0,0,0,0,0,0,0,0,0,0,4.50E-05,-0.000152727,-0.003359579,-0.000836493,9.40E-05,-0.001929585,-0.003523693,-0.021993311,-0.005960163,0.000675551,0,0,0,0,0,0,0,0,0,0,0,0,0,0,0,0,0,0,0,0,0,0,0,0,0,0,0,0,0,0,0,0,0,0,0,0,0,0,0,0,0,0,0,0,0,0,0,0,0,0,0,0,0,0,0,0,0,0,0,0,0
0,0,0,0,0,0,0,0,0,0,0,0,0,0,0,0,0,0,0,0,0,0,0,0,0,0,0,0,0,0,0,0,0,0,0,0,0,0,0,0,0,0,0,0,0,0,0,0,0,0,0,0,0,0,0,0,0,0,0,0,0,0,0,0,0,0,0,0,4.60E-06,3.62E-05,-0.00104136,-0.004291309,-0.005052281,-0.000871732,6.80E-05,1.84E-06,0,0,0,0,0,0,0,0,0,0,0,2.20E-05,0.000359681,-0.009236622,-0.022608456,0.016121,0.0239126,-0.013999864,-0.001231618,0.000242034,0,0,0,0,0,0,0,0,0,2.07E-31,0.0001234,0.000617025,-0.023893842,0.022623417,0.381428683,0.784309385,0.8611647,0.270279071,-0.010105205,-0.001535233,0,0,0,0,0,0,0,0,0,0.000408497,-0.005643212,-0.028858502,0.203248162,0.690594907,0.954910692,0.534328261,0.774941231,0.780116966,0.071325112,-0.014147365,0,0,0,0,0,0,0,8.56E-06,0.001002405,-0.011953447,-0.018069314,0.490612998,0.93553981,0.78418175,0.205952757,-0.04243797,0.316748048,0.946232658,0.197108675,-0.028187294,0,0,0,0,0,2.71E-05,-0.001772706,-0.002151501,-0.023334644,0.02911843,0.493043369,0.943115701,0.499148199,0.043263293,-0.027312943,-0.025828568,0.193688921,0.955970588,0.182383323,-0.050333333,0.001234375,0,0,0,0.000382966,-0.003921398,-0.008197162,-0.016405654,0.181381706,0.680387749,0.847036084,0.392304159,-0.020455372,-0.009136983,-0.01358078,-0.038770425,0.274666103,0.983360686,0.593827665,0.323885723,-0.020576746,0,0,0,-0.001297828,0.005669254,0.408516282,0.599114668,0.920433058,0.642873962,0.149742119,-0.019016958,-0.008530059,-0.02272292,0.053287105,0.34028399,0.765757188,1.009797369,0.84233832,0.543165458,-0.033426215,0,0,0,-0.028577751,0.308222699,0.939565244,0.78927211,0.393698563,0.013280246,-0.022503506,-0.025891406,0.010560458,0.247537565,0.756723022,0.932546381,0.921835263,0.965257659,0.263287956,0.006870915,-0.002207567,0,0,0,-0.013347907,0.150203144,0.388381437,0.062309272,-0.01884668,-0.013474787,0.051395887,0.259501089,0.661362935,0.924333683,0.810925479,0.367506522,0.4194547,0.815441669,0.100431665,-0.025310933,0.000418246,0,0,0,0.000834014,-0.009228622,-0.02009736,-0.011254766,-0.002262731,-0.025808313,0.284205814,0.832012946,0.58320738,0.346539011,0.005054211,-0.043385076,0.480710818,0.785977328,0.084338406,-0.015425858,0,0,0,0,0,0,0,0,0,-0.005856396,0.067218563,0.137455787,-0.035426879,-0.032713848,-0.002352652,-0.037711261,0.537265857,0.669276518,-0.000164743,-0.005888174,0,0,0,0,0,0,0,0,0,0.000819547,-0.009275429,-0.021180751,-0.001593137,-0.001244179,0.00267819,0.113043743,0.784224536,0.465461397,-0.040038518,-0.000114277,0,0,0,0,0,0,0,0,0,0,0,0,0,-0.002007966,-0.020607622,0.456357894,0.889086564,0.154625834,-0.015329129,4.23E-05,0,0,0,0,0,0,0,0,0,0,0,0,0,0.000212792,-0.012865762,0.1226386,0.311277843,-0.006354969,0.000171976,0,0,0,0,0,0,0,0,0,0,0,0,0,0,0,0.000761676,-0.008630344,-0.017416059,-0.001199108,0.00013191,0,0,0,0,0,0,0,0,0,0,0,0,0,0,0,0,0,0,0,0,0,0,0,0,0
0,0,0,0,0,0,0,0,0,0,0,0,0,0,0,0,0,0,0,0,0,0,0,0,0,0,0,0,0,0,0,0,0,0,0,0,0,0,0,0,0,0,0,0,0,0,0,0,0,0,0,0,0,0,0,0,0,0,0,0,0,0,0,0,0,0,0,0.000156537,-0.001477124,-0.001039216,0.000117647,0,0,0,0,0,0,0,0,0,0,0,0,0,0,0.001462929,-0.01589614,-0.039481982,-0.019478214,-0.025035948,-0.037786458,-0.011584252,0.001401492,0,0,0,0,0,0,0,0,0,0.000652236,-0.00493047,-0.02319453,-0.055564066,0.087680249,0.262557886,0.441905229,0.395558824,0.25402468,0.072322202,-0.012308508,0.000272331,0,0,0,0,0,0,0,0,-0.006395989,0.047309794,0.242303156,0.448103809,0.788126447,1.064924127,1.058530535,1.061954759,1.053822355,0.466110277,-0.025126948,-0.002670547,0,0,0,0,0,0,0,0,-0.038719221,0.32116402,0.982294597,1.06234061,1.016195868,0.800328745,0.207039256,0.53335268,1.033288424,0.971451225,0.141216744,-0.018855734,0,0,0,0,0,0,0,0,-0.029364885,0.251608541,0.620984903,0.542732247,0.339283854,0.014601423,-0.032112898,0.00342053,0.816011761,1.04433752,0.392288873,-0.021158429,0,0,0,0,0,0,0,0,0.002598753,-0.022243924,-0.055286203,-0.049104286,-0.031612115,-0.003108312,-0.002247464,-0.003063777,0.583508425,1.048222733,0.743359236,-0.040401961,-0.013117647,-0.012843137,0.000764706,0,0,0,0,0,0,0,0,2.48E-17,-2.69E-16,-6.36E-16,0.000580423,-0.050377502,0.320748077,1.059967933,0.58501651,0.098854473,0.063789216,0.061364379,-0.059923305,-0.026114491,0.001085069,0,0,0,0,0.000293607,-0.003983694,-0.016849639,-0.021343103,-0.019344911,-0.024916343,0.197641868,0.677400684,1.030459899,0.912826678,0.830872515,0.758449346,0.755275054,0.593413909,0.289237003,-0.012260859,0,0,0,0.000624845,-0.006438129,-0.003143624,0.076607116,0.456858159,0.888871707,0.80818517,0.879294821,0.961141566,1.006667176,0.96795657,0.795281922,0.815910209,0.78093623,0.855605153,0.624107814,-0.016166619,0,0,0,-0.005896213,0.026671586,0.492071436,0.970427611,1.018757404,0.596023705,0.285021106,0.284992511,0.321737813,0.439319087,0.255494833,-0.03009855,-0.020833333,-0.028594771,0.067213031,0.23089781,-0.002670547,0,0,0,-0.004148221,0.025385621,0.256356022,0.302760195,0.235430539,-0.01691844,-0.030772399,-0.025661254,-0.029736009,-0.040387136,-0.024239313,0.000812738,0,0.000680828,-0.007761438,-0.021170492,0.000272331,0,0,0,0.00046961,-0.002790748,-0.030148897,-0.039043505,-0.032693015,-0.00355968,0.000585172,0,0,0,0,0,0,0,0,0,0,0,0,0,0,0,0,0,0,0,0,0,0,0,0,0,0,0,0,0,0,0,0,0,0,0,0,0,0,0,0,0,0,0,0,0,0,0,0,0,0,0,0,0,0,0,0,0,0,0,0,0,0,0,0,0,0,0,0,0,0,0,0,0,0,0,0,0,0,0,0,0,0,0,0,0,0,0,0,0,0,0
0,0,0,0,0,0,0,0,0,0,0,0,0,0,0,0,0,0,0,0,0,0,0,0,0,0,0,0,0,0,0,0,0,0,0,0,0,0,0,0,0,0,0,0,0,0,0,0,0,0,0,0,0,0,0,0,0,0,0,0,0,0,0,0,0,0,0,0,0,1.84E-05,-2.81E-06,-0.002037122,-0.003570227,-0.00029999,3.19E-05,0,0,0,0,0,0,0,0,0,0,0,0,0,0.000141544,-0.001034926,-0.019903476,-0.010247124,0.009423536,-0.002859562,0.000249779,0,0,0,0,0,0,0,0,0,0,1.11E-31,6.07E-18,0.000264971,-0.002179211,-0.021341878,0.124361928,0.481865162,0.647683543,0.082257881,-0.008332057,0,0,0,0,0,0,0,0,1.53E-06,0.000155739,-0.001169152,-0.007913433,-0.022382733,-0.012240043,0.293429636,0.837376991,1.017461159,0.936421008,0.176550756,-0.017345792,0,0,0,0,0,0,0,0,0.000477406,-0.007364406,-0.025167594,0.015948035,0.307729699,0.585954507,0.940542086,0.878741134,0.883033339,0.836413529,0.004686247,-0.002224226,0,0,0,0,0,0,0,0.000183441,-0.004719975,0.022247498,0.332931526,0.67046681,0.982367566,0.912819155,0.617335086,0.195889689,0.724935083,0.603492418,-0.024407884,-0.000608762,-0.002826287,-0.004050398,-0.001712578,8.12E-05,0,0,0,-0.003332518,-0.001619536,0.552449789,0.958358967,0.921683892,0.433564996,0.156153391,0.00253348,0.128557411,0.870482077,0.322912115,-0.052357673,-0.024191347,-0.002446078,0.011969312,-0.009593321,-0.000226205,0,0,0,-0.000377074,-0.01723063,0.369274323,0.226961108,0.020203533,-0.020567224,-0.052289675,-0.085484018,0.257294798,0.942898369,0.201136997,0.196380396,0.368123996,0.603351052,0.736483626,0.430323876,-0.014717797,0,0,0,0.000707268,-0.004550773,-0.040866949,-0.037173764,-0.028017957,0.035778454,0.283062619,0.410210189,0.620294339,0.966907118,0.821346256,0.972904242,1.020357724,0.841625885,0.914889468,0.690739201,-0.020402029,0,0,0,-0.004142037,0.023875504,0.256697716,0.629526704,0.658590406,0.875006913,0.948016897,0.938828727,0.899356427,0.907641641,0.683867271,0.381899773,0.29525478,0.078756658,0.099166004,0.061827696,-0.00260181,0,0,0,-0.038911581,0.327679892,0.913239056,0.855110515,0.854932002,0.687323862,0.410724826,0.253990758,0.114341639,0.099311257,-0.010030591,-0.022130821,-0.020231652,-0.013691789,-0.016219703,-0.01106559,0.000391476,0,0,0,-0.02250051,0.203365383,0.302445551,0.124860754,0.133233371,0.031382231,-0.041206682,-0.023620898,-0.011566415,-0.010545598,-0.000932918,0.0001234,0,0,0,0,0,0,0,0,0.000475725,-0.003431168,-0.020854167,-0.021325827,-0.020990962,-0.009245445,0.000428922,0,0,0,0,0,0,0,0,0,0,0,0,0,9.17E-05,-0.00085723,-0.000759191,5.19E-05,1.38E-06,0,0,0,0,0,0,0,0,0,0,0,0,0,0,0,0,0,0,0,0,0,0,0,0,0,0,0,0,0,0,0,0,0,0,0,0,0,0,0,0,0,0,0,0,0,0,0,0,0,0,0,0,0,0,0,0,0,0,0,0,0,0,0,0,0,0,0,0,0,0,0,0,0
0,0,0,0,0,0,0,0,0,0,0,0,0,0,0,0,0,0,0,0,0,0,0,0,0,0,0,0,0,0,0,0,0,0,0,0,0,0,0,0,0,0,0,0,0,0,0,0,0,0,0,0,0,0,0,0,0,0,0,0,0,0,0,0,5.51E-06,-2.19E-05,-0.000356464,-0.000481839,-0.001779769,-0.003074193,-0.002973346,-0.002940155,-0.000519343,5.87E-05,0,0,0,0,0,0,0,0,0,1.29E-05,0.000870711,-0.008880872,-0.030705321,-0.031813827,-0.015402454,0.000562109,-0.000681679,-0.001869213,-0.014997792,5.40E-05,0,0,0,0,0,0,0,0,0,-0.000111111,-0.008204691,0.078871,0.314774986,0.339315271,0.478155893,0.619431934,0.607327665,0.60513174,0.211314748,-0.012193798,0,0,0,0,0,0,0,0,0,-0.000190666,-0.019601886,0.164365417,0.827833418,1.003783155,0.980314032,0.970981243,0.980021021,1.036806236,0.64899131,-0.02130719,0,0,0,0,0,0,0,0,0,7.64E-06,-0.001306816,0.003975735,0.08004958,0.123203692,0.120286627,0.099678723,0.254711504,0.899271398,0.572762623,-0.020751634,0,0,0,0,0,0,0,0,0,1.02E-06,0.000275395,-0.001740366,-0.013657918,-0.018688428,-0.018393331,-0.048521497,0.21263191,0.975084082,0.388196415,-0.020770016,0,0,0,0,0,0,0,0.000373775,-0.002294851,-0.020701593,-0.023820466,-0.023621324,-0.022545956,-0.012935673,-0.015669986,-0.044752468,0.294581955,1.05951074,0.312844989,-0.024335069,-0.000647059,9.93E-05,0,0,0,0,0,-0.002446385,0.014769221,0.137650293,0.161183449,0.157871221,0.147204095,0.062386029,0.085029003,-0.012535131,0.314546875,1.039669543,0.219004032,-0.035225235,-0.025394318,-0.013182377,-0.001981635,-0.000231849,4.26E-05,0,0,-0.014443253,0.091535557,0.775357094,0.860308755,0.875514195,0.875328074,0.753880974,0.78586169,0.683514161,0.792781812,1.011269148,0.608342607,0.570870319,0.342668284,0.118187823,0.001367698,-0.000329685,-5.28E-05,0,0,-0.002677734,0.017371325,0.139601728,0.150771439,0.286546241,0.550432412,0.694690184,0.716941523,0.880154057,0.92184807,0.989176909,1.038542348,1.057711314,1.002186366,0.928410277,0.848333316,0.110567672,-0.016654267,0,0,0.000342116,-0.002200787,-0.018085512,-0.019692266,-0.020313521,-0.020780739,-0.022029609,-0.011748366,0.030488409,0.080113868,0.564216963,0.891637775,0.526050143,0.649167109,0.834649782,0.852160216,0.10287259,-0.015997072,0,0,0,0,0,0,0,0,0.000112103,-0.00078976,-0.004494741,-0.017799394,0.050122975,0.181673512,-0.03885226,0.011972512,0.120509106,0.121490298,0.005401635,-0.001517225,0,0,0,0,0,0,0,0,0,0,0,0.000841673,-0.009533803,-0.02326259,-0.000928036,-0.007046875,-0.019543199,-0.01976011,-0.001452856,0.000294118,0,0,0,0,0,0,0,0,0,0,0,2.55E-06,-2.91E-05,-0.000131823,1.02E-06,0,0,0,0,0,0,0,0,0,0,0,0,0,0,0,0,0,0,0,0,0,0,0,0,0,0,0,0,0,0,0,0,0,0,0,0,0,0,0,0,0,0,0,0,0,0,0,0,0,0,0,0,0,0,0,0,0,0,0,0,0,0,0,0,0,0
0,0,0,0,0,0,0,0,0,0,0,0,0,0,0,0,0,0,0,0,0,0,0,0,0,0,0,0,0,0,0,0,0,0,0,0,0,0,0,0,0,0,0,0,0,0,0,0,0,0,0,0,0,0,0,0,0,0,0,0,0,0,0,0,0,0,2.14E-05,-5.81E-06,-0.001507761,-0.01629759,-0.02739614,-0.009594312,0.000236181,7.40E-05,0,0,0,0,0,0,0,0,0,1.10E-05,0.000123162,-0.00335386,-0.00427982,-0.021822082,-0.022508136,0.229335767,0.429281863,0.109631264,-0.018000948,-0.000168675,0,0,0,0,0,0,0,0,1.12E-18,0.000197457,-0.003385723,-0.007431696,-0.013206121,0.143700709,0.525450249,0.927113137,1.004953516,0.802427356,0.108214776,-0.013570091,7.65E-18,0,0,0,0,0,0,0,6.11E-05,-0.00329233,0.01116282,0.44617242,0.570997175,0.848364365,0.893406931,0.495607758,0.451693304,0.96974023,0.507595746,-0.029422488,0.000748911,0,0,0,0,0,0,0,-0.001823277,-0.012960183,0.486056079,1.019087549,0.9212731,0.519698788,0.128766697,-0.019187355,-0.006293228,0.661586003,0.898226445,0.134968594,-0.013576784,0,0,0,0,0,0,0,-0.001742693,-0.007062857,0.404994604,0.53538974,0.201977856,-0.013944261,-0.017997975,-0.004133221,-0.03559935,0.368429824,0.97955315,0.419145323,-0.042568696,-0.006158905,-0.006367443,-0.000893054,0.000129698,0,0,0,0.000152868,-0.0003654,-0.018537292,-0.027664386,-0.02052114,-0.000461966,9.92E-05,-0.009710665,-0.05351794,0.224937602,0.94103748,0.452885349,-0.024182462,0.040640897,0.04425851,0.006183401,-0.000898012,0,0,0,0,0.000100184,-0.001718137,-0.001956512,-0.000547369,-0.016680017,-0.034948512,0.037268059,0.236065853,0.453914488,0.958536393,0.891933109,0.760421603,0.97417979,0.997380719,0.140016051,-0.020334457,0,0,5.11E-06,0.000250194,-0.002236179,-0.013467286,-0.022171245,-0.01321155,0.161760901,0.398264417,0.680133221,0.992639961,1.043889468,0.99718499,0.810111877,0.654259821,0.510518076,0.385479439,0.055296665,-0.008030705,0,0,0.000759753,-0.007342689,-0.025174218,0.086025964,0.358591357,0.664357429,0.922837335,0.962236337,0.807234995,0.647098569,0.638696683,0.974360635,0.428367525,-0.012991946,-0.013120338,-0.047763646,-0.006427846,0.000933513,0,0,-0.007244179,0.036673953,0.456198291,0.827763293,0.83932821,0.696969176,0.610795949,0.328539539,0.019458061,-0.002464682,0.580843716,0.884384741,0.133923611,-0.021889638,-0.003649918,0.000232843,0,0,0,0,-0.014751838,0.098857874,0.759434164,0.573142191,0.121696861,0.019893331,0.000108961,-0.03190402,-0.02458592,0.138112081,0.750039131,0.44715282,-0.01704359,-2.26E-05,0,0,0,0,0,0,-0.000457687,0.003570126,0.019935406,-0.004523659,-0.019428666,-0.008468597,-0.005460438,0.000183824,-0.003096814,0.024196147,0.074947372,0.001501281,-0.002747992,0.000130208,0,0,0,0,0,0,8.63E-05,-0.00059542,-0.004318168,-0.002600899,-9.96E-06,1.33E-05,0,0,0.000249081,-0.001837674,-0.007260315,-0.002395184,0.000145016,0,0,0,0,0,0,0,0,0,0,0,0,0,0,0,0,0,0,0,0,0,0,0,0,0,0,0,0,0,0,0,0,0,0,0,0,0,0,0,0,0,0,0,0,0,0,0,0,0,0,0,0,0,0,0,0,0,0,0,0,0,0,0,0,0,0
0,0,0,0,0,0,0,0,0,0,0,0,0,0,0,0,0,0,0,0,0,0,0,0,0,0,0,0,0,0,0.000365945,-0.004074755,-0.007269204,-0.002618634,0.000242545,0,0,0,0,0,0,0,0,0,0,0,0,0,6.97E-05,0.000593127,-0.021229159,-0.008939505,0.017736631,0.005591649,-0.000518477,0,0,0,0,0,0,0,0,0,0,3.70E-05,-0.000202972,-0.003220007,-0.014412122,-0.033479269,0.118505719,0.532828755,0.638147905,0.235476665,-0.021849043,0,0,0,0,0,0,0,0.000631038,-0.005350797,-0.013465993,-0.021411237,-0.030673969,0.004100883,0.189888753,0.467776297,0.822429824,0.732382659,0.945576787,0.38881953,-0.035245183,0,0,0,0,0,0,0,-0.004137214,0.035224929,0.084380991,0.14552422,0.291459286,0.643761975,0.911410829,0.655656318,0.292916173,0.174525242,0.822063359,0.202916496,-0.018244485,0,0,0,0,0,0,0,-0.02430435,0.204443253,0.563155178,0.668476239,0.734975388,0.569332987,0.230282782,0.018165203,-0.045532663,0.190336976,0.845211467,0.196141408,-0.017824074,0,0,0,0,0,0,0,-0.004494733,0.037577759,0.110410552,0.104052729,0.062917737,-0.007786609,-0.031014431,-0.005656516,-0.017274095,0.205452794,0.793729534,0.021481153,-0.002519771,0,0,0,0,0,0,0,0.000574783,-0.004816176,-0.013827444,-0.014216027,-0.011461737,-0.00442858,0.000194036,0,-0.025721678,0.293373502,0.779947787,-0.014460444,0.000365945,0,0,0,0,0,0,0,0,0,0,0,0,0,0,0,-0.028669662,0.32683415,0.623879683,-0.011467865,0,0,0,0,0,0,0,0,0.000580898,-0.005044935,-0.011787684,-0.000460835,7.28E-05,-2.14E-16,-2.14E-16,0.000658701,-0.045152931,0.440141868,0.508123327,-0.015733762,-2.14E-16,-2.14E-16,-2.19E-16,-1.32E-16,4.46E-18,0,0,0,-0.006389874,0.055927288,0.123085852,-0.010920224,-0.021966656,-0.020833333,-0.020833333,-0.028342525,-0.008467116,0.688649408,0.264983422,-0.042419322,-0.020833333,-0.020833333,-0.021267361,-0.016155239,0.000434028,0,0,0,-0.02398696,0.190354144,0.780956086,0.473496053,0.415952621,0.406153239,0.405429864,0.393155803,0.457395472,0.909453447,0.51052011,0.406955213,0.418244262,0.401016673,0.408821525,0.281325771,-0.008345393,0,0,0,-0.006389874,0.043153595,0.313209916,0.487359545,0.739733575,0.855037453,0.862054296,0.870463252,0.976815768,0.860711686,0.737590685,0.72679439,0.740943117,0.903507557,0.927517395,0.618685422,-0.018909144,0,0,0,0.000580898,-0.003962418,-0.031011012,-0.02172578,0.043750051,0.131742795,0.133957159,0.154198291,0.705628915,0.406593086,0.022456127,0.041213337,0.051472886,0.165843444,0.17294761,0.070954897,-0.003515625,0,0,0,0,0,0.000314338,-0.002117953,-0.010935049,-0.020810505,-0.032910999,0.134411407,0.788272314,0.180552083,-0.037096123,-0.010561887,-0.011723346,-0.024670956,-0.025598039,-0.012604867,0.000520833,0,0,0,0,0,0,0,0,0,-0.006165492,0.095143399,0.293451542,0.022601614,-0.003974563,0,0,0,0,0,0,0,0,0,0,0,0,0,0,0,0.000694631,-0.010588643,-0.034680201,-0.003523297,0.000556502,0,0,0,0,0,0,0,0,0,0,0,0,0,0,0,0,0,0,0,0,0,0,0,0,0,0,0,0,0,0,0,0,0,0,0,0,0,0,0,0,0,0,0,0,0,0,0
0,0,0,0,0,0,0,0,0,0,0,0,0,0,0,0,0,0,0,0,0,0,0,0,0,0,0,0,0,0,0,0,0,0,0,0,0,0,0,0,0,0,0,0,0,0,0,0.000605318,-0.005565203,-0.006684603,0.000153275,2.45E-05,0,0,0,0,0,0,0,0,0,0,0,0,0,0.000104677,-0.000660233,-0.019043302,0.02114551,0.025182904,-0.016844941,-0.001663501,0.000248257,0,0,0,0,0,0,0,0,0,0,0,0,-0.00050977,-0.002347324,0.170078591,0.53247452,0.659295803,0.204781812,-0.002156778,-0.001205414,0,0,0,0,0,0,0,0,0,0,0,0.000628064,-0.021486503,0.152663654,0.897141678,1.031797981,1.016007166,0.962718137,0.347665509,-0.04129795,0,0,0,0,0,0,0,0,0,0,0,-0.007159926,0.027021293,0.487659909,0.947257484,0.807621817,0.984024527,1.031079214,0.390962912,-0.046073947,0,0,0,0,0,0,0,0,0,0,0,-0.00233154,0.012828309,0.116794923,0.285964274,0.116123476,0.820876986,0.900849605,0.204289555,-0.027205968,8.56E-05,0.00037422,-0.003203701,-0.00586034,0.000119599,4.08E-05,0,0,0,0,0,0.000251225,-0.001270255,-0.013750511,-0.029509464,0.040929449,0.801665084,0.770435168,0.133966197,-0.014000652,-0.004588184,-0.014915952,-0.008409484,0.024677951,-0.006013259,-0.000718869,6.51E-05,0,0,0,0,0,0,0,-0.006918185,0.029314032,0.644299717,0.877310747,0.381611349,0.014251644,0.004657952,0.130026416,0.6498886,0.521235583,0.024709279,-0.019006757,0.001127196,0,0,0,0,0,3.32E-32,5.29E-18,0.000426399,-0.015205712,0.135172369,0.911853979,0.678134072,0.421566827,0.771217201,0.998910012,1.045514859,1.055596865,0.786668314,0.241450759,-0.023060917,0,0,0,0,9.50E-05,-0.000532578,-0.004254493,-0.022326818,0.003666684,0.503747651,1.003093239,1.005651059,1.024936322,0.973417875,0.817903476,0.692636046,0.496132064,0.604029103,0.403958844,-0.036213235,0,0,0,0.000100281,-0.000408565,-0.019133392,-0.008601362,0.170593295,0.57475531,0.976075544,1.017161024,1.018790136,0.997195013,0.725164944,0.180788883,0.02245684,-0.025978711,-0.006525478,0.017669989,-0.001459887,0,0,0,0.000285335,-0.0263229,0.198571027,0.475765812,0.874619835,1.030703346,1.035400327,0.930006247,0.553309062,0.37165814,-0.028560219,-0.013704555,-0.009447678,-0.002523659,-0.004889052,-0.004947917,0.000434028,0,0,0,-0.021022825,0.311630719,0.90547486,1.020617681,0.998826553,0.92416168,0.539666922,0.188884719,-0.018281267,-0.039542144,0.0008638,0,0,0,0,0,0,0,0,0,-0.035301522,0.582634361,0.860244979,0.662116047,0.39055328,0.127357554,0.001751719,-0.031097614,-0.003445517,0.000513636,0,0,0,0,0,0,0,0,0,0,-0.003683058,0.063249336,0.092090261,-0.048273948,-0.025478629,-0.010940308,-0.002934998,0.000181628,9.34E-06,0,0,0,0,0,0,0,0,0,0,0,0.000579675,-0.009803106,-0.014531817,0.000824263,0,0,0,0,0,0,0,0,0,0,0,0,0,0,0,0,0,0,0,0,0,0,0,0,0,0,0,0,0,0,0,0,0,0,0,0,0,0,0,0,0,0,0,0,0,0,0,0,0,0,0,0,0
0,0,0,0,0,0,0,0,0,0,0,0,0,0,0,0,0,0,0,0,0,0,0,0,0,0,0,0,0,0.000110294,-0.000518961,-0.006575266,-0.002417349,0.000182121,0,0,0,0,0,0,0,0,0,0,0,0,0,0,0.000134524,-0.001075782,-0.021473289,0.012421477,-0.013562711,-0.001940911,0.000112103,0,0,0,0,0,0,0,0,0,0,0,0,0.00014553,-0.001503728,-0.021104031,0.219551573,0.601756144,0.382798058,-0.00192402,-0.001057836,0,0,0,0,0,0,0,0,0,0.000871324,-0.00592739,-0.030405331,-0.036043068,-0.038015489,0.267579776,0.886144472,1.03558267,0.657648808,-0.012721014,-0.00074423,0,0,0,0,0,0,0,0,6.51E-05,-0.006638429,0.031534212,0.215754562,0.234807217,0.375051147,0.897911782,1.037637459,1.009116098,0.593238946,-0.021544458,8.43E-05,0,0,0,0,0,0,0,0,-0.000742188,-0.023004136,0.311819802,0.983970639,1.022033634,1.029116302,0.883339359,0.802470078,1.025096763,0.496998101,-0.020754187,0,0,0,0,0,0,0,0,0,-0.001570003,-0.007989262,0.374879948,0.750612185,0.736660771,0.621648187,0.191281661,0.62529354,1.000585586,0.235881045,-0.019479434,0,0,0,0,0,0,0,0,0,2.60E-05,0.000423305,-0.008329759,-0.021130344,-0.020742292,-0.02606027,0.009245575,0.848595878,0.767126464,0.053004786,-0.011642327,0,0,0,0,0,0,0,0,0,0,0,0,0,0,-0.005795701,0.031435628,0.999820108,0.588931373,0.003353563,-0.005671807,0,0,0,0,0,0,0,5.39E-18,-2.69E-17,-3.62E-16,-3.07E-16,-2.23E-16,-2.31E-16,-2.31E-16,-0.012098652,0.150659058,0.976176334,0.428383851,-0.02556556,-0.001942913,-2.31E-16,-2.42E-16,-1.12E-16,7.22E-18,4.67E-19,0,0,0.000430624,-0.002969202,-0.021065666,-0.02058398,-0.02058398,-0.020636744,-0.020604032,-0.045014229,0.355507659,0.978410318,0.32085946,-0.062751264,-0.02049343,-0.020615298,-0.020895799,-0.017476001,-0.001800273,0.00030467,0,0,-0.009753815,0.057280639,0.573900065,0.489089231,0.393911326,0.401725725,0.401709679,0.387945253,0.616329406,0.933927632,0.533789117,0.385094188,0.401811483,0.401760273,0.416742336,0.237668409,0.001495905,-0.002320533,0,0,-0.015119315,0.089850546,0.862796143,1.026129034,1.027117324,1.044781301,1.041540007,1.041897995,1.013020646,0.998951559,1.030448495,1.029213716,1.026027608,1.025556934,1.031447151,0.953094278,0.116930975,-0.018102703,0,0,-0.000926096,-0.003744701,0.131372345,0.255434709,0.393979643,0.532602533,0.523677999,0.50161506,0.841865979,0.938553956,0.571073393,0.735600363,0.836254425,0.82920241,0.841028986,0.688648131,0.067871978,-0.011762323,0,0,0.000226716,-0.000416412,-0.020962827,-0.035244213,-0.020888617,-0.008837112,-0.011564313,-0.030501174,0.716000664,0.670681202,-0.008456342,0.011402494,0.025787139,0.025068066,0.026702444,0.006921296,-0.002482777,0.000132761,0,0,0,0,5.21E-06,2.03E-05,-0.001197202,-0.002322304,-0.006432881,0.014067981,0.436740911,0.198305113,-0.017048152,-0.004026793,-0.00511877,-0.005057138,-0.005180862,-0.003640727,-0.000231442,5.21E-05,0,0,0,0,0,0,0,0,-8.54E-06,-0.000192562,0.005678376,-0.011526334,0.000613458,0,0,0,0,0,0,0,0,0,0,0,0,0,0,0,3.67E-05,-0.000110805,-0.004487166,-0.001056985,7.20E-05,0,0,0,0,0,0,0,0,0,0,0,0,0,0,0,0,0,0,0,0,0,0,0,0,0,0,0,0
0,0,0,0,0,0,0,0,0,0,0,0,0,0,0,0,0,0,0,0,0,0,0,0,0,0,0,0,0,0,0,0,0,0,0,0,0,0,0,0,0,0,0,0,0,0,0,0,0,0,0,0,0,0,0,0,0,0,0,0,0,0,0,0,0,0,0,1.47E-05,-5.21E-05,-0.001246477,-0.005187245,-0.004088695,0.000110982,2.76E-05,0,0,0,0,0,0,0,0,0,0,0,0,1.53E-05,0.000953589,-0.01022069,-0.020254851,0.029728009,0.029674786,-0.003708573,4.29E-05,0,0,0,0,0,0,0,0,3.06E-05,0.000209355,-0.009247345,-0.001000391,0.000981669,-0.039332036,0.050182598,0.403368515,0.775351154,0.551964103,0.016814541,-0.006374336,8.38E-05,-0.000848482,-0.00318287,-0.000499368,6.81E-05,0,0,0,-0.000348539,-0.002386642,0.10541973,0.011864022,-0.018100235,0.289878844,0.721404156,1.017449908,1.029655876,0.530598397,-0.002581988,-0.004355682,-0.006724112,-0.010661084,0.015184334,-0.00774734,-0.000347222,0,0,0,-0.003741339,0.023179175,0.245111899,0.001971349,0.209998709,0.837378917,0.766337338,0.741936461,0.993990716,0.35331256,-0.045583869,-0.014002385,0.056528763,0.53743267,0.762087682,0.22483685,-0.014652888,0,0,0,1.22E-05,8.37E-05,-0.003698938,-0.013497583,0.147914114,0.326949914,0.000265012,0.382266391,1.017250647,0.518096831,-0.026557876,0.007080746,0.469549922,0.980472852,0.91566202,0.75107089,-0.019232707,0,0,0,0,0,0,0.001148897,-0.01293573,-0.029652107,-0.035242851,0.491883459,1.038317879,0.600092882,0.144387306,0.706672913,0.957409978,0.543573155,0.253979167,0.313230097,-0.007577614,0,0,0,0,0,0,0,0,0.000264971,-0.021827189,0.276132795,0.991347597,0.83734152,0.822472263,0.792823495,0.457500681,0.016693457,-0.019097937,-0.02013753,0.00017293,0,0,0,0,0,0,1.81E-18,0.000340414,-0.007256974,-0.023480886,0.54373206,1.014403952,0.991214869,0.438962622,0.08715848,-0.006445755,-0.00722498,-0.000593137,-0.000775193,3.27E-05,0,0,0,0,0,1.47E-05,0.000838531,-0.013353308,-0.01384203,0.1863815,0.855441788,1.037129041,0.51913307,-0.011567154,-0.021349007,-0.002272635,0.000366883,0,0,0,0,0,0,0,5.99E-05,-0.000371681,-0.015432377,0.05371521,0.472966451,0.947512663,0.848593682,0.50147566,0.046156046,-0.01347088,0.000367647,0,0,0,0,0,0,0,0,0.000154091,-0.000962367,-0.020945755,0.071860549,0.597784365,1.012401502,0.733488834,0.212201951,-0.032364226,-0.00817002,0.000876442,0,0,0,0,0,0,0,0,0,0.000289837,-0.016861826,0.195441636,0.710585938,0.995295701,0.60543659,0.018414488,-0.015232554,-0.003816789,0.000243566,0,0,0,0,0,0,0,0,0,0,-0.020678325,0.153962657,0.830986417,0.823367358,0.394838371,0.00140173,-0.010166122,-0.000568576,0.000105699,0,0,0,0,0,0,0,0,0,0,0,-0.037339762,0.327945729,0.686248726,0.107730032,-0.016152267,-0.008393504,0.000591089,0,0,0,0,0,0,0,0,0,0,0,0,0,-0.001547022,0.014584865,0.011299615,-0.012963644,-0.0029519,0.000366883,0,0,0,0,0,0,0,0,0,0,0,0,0,0,0.000193633,-0.001750579,-0.00267693,-1.19E-05,1.28E-05,0,0,0,0,0,0,0,0,0,0,0,0,0
0,0,0,0,0,0,0,0,0,0,0,0,0,0,0,0,0,0,0,0,0,0,0,0,0,0,0,0,0,0,0,0,0,0,0,0,0,0,0,0,0,0,0,0,0,0,0,0,0,0,0,0,0,0,0,0,0,0,0,0,0,0,0,0,0,0,0,0,0,0,0,0,0,0,0,0,0,0,0,0,0,0,0,0,0,0,4.60E-05,0.000608108,-0.00978125,-0.028874387,-0.025063113,-0.0003894,0.000190779,0,0,0,0,0,0,0,0,0,0,0.000619128,-0.010340925,-0.011954487,-0.021816279,-0.045821291,0.035981481,0.20139168,0.181085393,0.001574227,-0.001246994,0,0,0,0,0,0,0,0,0,0,-0.007030484,0.117904922,0.130607128,0.233512221,0.449803752,0.697553888,0.959993804,0.759362932,0.026210274,-0.007309527,0,0,0,0,0,0,0,0,0,0,-0.017707594,0.261480168,0.791899365,0.888620555,0.88878794,0.613951259,0.827158578,0.784916925,0.033612844,-0.008129491,0,0,0,0,0,0,0,0,0,0,-0.000538194,-0.004660267,0.156927764,0.276110856,0.084426457,0.004986264,0.734679994,0.681053411,-0.018506502,-0.002148302,9.50E-06,-1.74E-05,-0.001146752,-0.008442096,-0.023248084,0.00024663,0,0,0,0,6.89E-05,4.60E-05,-0.014185049,-0.02497149,-0.019854283,0.056501549,0.803312347,0.5356987,-0.046356754,-0.017766703,-0.017910641,-0.027697934,-0.025665288,0.090953585,0.375793876,-0.003143382,0,0,0,1.12E-18,-6.77E-18,-5.33E-17,8.51E-05,-0.000468069,-0.012957245,-0.04797692,0.659512783,0.554708521,0.022558466,0.106860571,0.103974418,0.200008425,0.46703976,0.793524476,0.74927133,-0.017864924,0,0,0,0.00063593,-0.005092933,-0.019195602,-0.021976103,-0.014388446,0.112759434,0.238739634,0.735186853,0.906973635,0.728422896,0.817234961,0.81816025,0.902702359,0.801318883,0.616288297,0.16565351,-0.010231481,0,0,0,-0.005966535,0.044625729,0.212873966,0.46294138,0.728244279,0.898377182,0.908656428,0.989993019,1.004825323,0.732573258,0.534544631,0.355577535,0.246544118,0.060757052,0.007733378,-0.021510616,0.000461151,0,0,0,-0.029363662,0.241804058,0.78492242,0.718553785,0.59687546,0.467869006,0.318737405,0.464013055,0.386372038,0.006321742,-0.025979713,-0.020866524,-0.019380617,-0.011819172,-0.006215108,2.50E-05,5.62E-05,0,0,0,-0.00631772,0.055268638,0.119346371,0.031805096,-0.024746085,-0.044865459,-0.028783701,-0.042163246,-0.035739209,-0.002375664,0.000458603,0,0,0,0,0,0,0,0,0,0.000895194,-0.007698223,-0.018943627,-0.00954565,-0.002780944,0.00034487,0,0,0,0,0,0,0,0,0,0,0,0,0,0,0,0,0,0,0,0,0,0,0,0,0,0,0,0,0,0,0,0,0,0,0,0,0,0,0,0,0,0,0,0,0,0,0,0,0,0,0,0,0,0,0,0,0,0,0,0,0,0,0,0,0,0,0,0,0,0,0,0,0,0,0,0,0,0,0,0,0,0,0,0,0,0,0,0,0,0,0,0
0,0,0,0,0,0,0,0,0,0,0,0,0,0,0,0,0,0,0,0,0,0,0,0,0,0,0,0,0,0,0,0,0,0,0,0,0,0,0,0,0,0,0,0,0,0,0,0,0,0,0,0,0,0,0,0,0,0,0,0,0,0,0,0,5.88E-05,-0.000356209,-0.002535948,-0.003215523,-0.003215686,-0.001944444,-3.27E-06,9.80E-06,0,0,0,0,0,0,0,0,0,0,0.00093922,-0.00722212,-0.033992034,-0.033807121,-0.006223312,0.00215812,0.002043403,-0.013485124,-0.014267599,0.000819342,0,0,0,0,0,0,0,0,0,0,-0.006349925,0.047706155,0.236976767,0.323689849,0.555584967,0.629658697,0.630545445,0.490862507,0.106870609,-0.008068321,0,0,0,0,0,0,0,0,0,0,-0.033982716,0.274095061,0.993344618,1.076827819,1.049801675,1.042301629,1.027270782,1.03115385,0.398217065,-0.026111673,0,0,0,0,0,0,0,0,0,0,-0.005976298,0.01892004,0.657104429,0.884177877,0.853560291,0.877127087,1.006101311,0.999109477,0.381544118,-0.025073529,0.000624845,-0.004800457,-0.02127023,-0.032452815,-0.052022747,-0.016087718,0.001039501,0,0,0,0.000778607,-0.006435696,-0.020186377,-0.021029412,-0.042100694,0.123369206,1.024360498,0.999410131,0.383487286,-0.028925296,-0.015939475,0.00635546,0.156471746,0.262484001,0.446239992,0.121045786,-0.008897569,0,0,0,0,0,0,-1.26E-17,-0.020833333,0.157619882,1.024304636,0.995368022,0.334386285,-0.019422164,0.10298347,0.665375715,0.870947406,0.936281148,1.081219414,0.622336075,-0.021918403,0,0,0,0,0,0,-2.73E-16,-0.020833333,0.468732064,1.025214359,0.96658684,0.342391085,0.743516255,0.993663834,1.024011132,1.022521718,1.011077836,1.043179279,0.730537262,-0.021646072,0,0,0,0,3.27E-05,0.000182121,-0.007646038,-0.040354201,0.703857653,1.020980852,1.001856839,1.044902795,1.031843256,1.024599384,1.02174343,1.020751634,1.043996375,0.778042024,0.114639606,-0.012002145,0,0,0,0,8.56E-06,-0.00366526,0.00439624,0.321616985,0.966477039,1.009987635,1.009411459,0.982941686,0.936248607,0.665772469,0.218189332,0.405572813,0.422437103,0.044792151,-0.016352545,2.85E-05,0,0,0,0,-0.003629902,0.012075776,0.631279208,0.97392116,1.010431138,1.023234579,0.952319615,0.486990332,0.18095001,-0.00689179,-0.023937908,-0.020833333,-0.021646072,-0.012002145,2.85E-05,0.000108932,0,0,0,0,-0.006367341,0.039839971,0.982260519,1.037190087,1.04405526,0.776120098,0.235001055,0.020311496,-0.022950708,-0.001222942,0.000272331,0,0,0,0,0,0,0,0,0,-0.001316023,-0.01703559,0.395427543,0.879192504,0.577957431,0.202357247,-0.045746068,-0.00789614,0.000528493,0,0,0,0,0,0,0,0,0,0,0,9.79E-05,-0.008429381,0.049249779,0.135974248,-0.024476734,-0.017176385,0.000786305,5.88E-05,0,0,0,0,0,0,0,0,0,0,0,0,0,0.00093922,-0.007644205,-0.019227916,-0.001171584,0.000260894,0,0,0,0,0,0,0,0,0,0,0,0,0,0,0,0,0,0,0,0,0,0,0,0,0,0,0,0,0,0,0,0,0,0,0,0,0,0,0,0,0,0,0,0,0,0,0,0,0,0,0
0,0,0,0,0,0,0,0,0,0,0,0,0,0,0,0,0,0,0,0,0,0,0,0,0,0,0,0,0,0,0,0,0,0,0,0,0,0,0,0,0,0,0,0,0,0,0,0,0,0,0,0,0,0,0,0,0,0,0,0,0,0,0,0,0,0,1.58E-05,1.45E-05,-0.001708333,-0.005600286,-0.004580831,-0.000711601,0.000100281,0,0,0,0,0,0,0,0,0,0,0,0,0,0.000396072,-0.003817669,-0.011604269,0.031409654,0.018241405,-0.009919356,-0.000591089,0.000122549,0,0,0,0,0,0,0,0,0,0,0,0.000117017,-0.007201712,-0.008759936,0.424081478,0.925395187,0.802883153,0.201111945,-0.020009019,-0.000439985,0,0,0,0,0,0,0,0,0,0,0.000189951,-0.001931083,-0.01914905,0.479046513,0.97890802,0.641790679,0.839181441,0.683416054,0.027921762,-0.008249592,-0.002402301,-0.010685594,-0.019426743,-0.015650605,0.000434028,0,0,0,0,2.57E-05,-0.00059007,-0.027701123,0.301744408,0.931509174,0.43183973,-0.019096093,0.433848379,0.996053582,0.10202116,-0.048868795,-0.024182157,0.049513473,0.129836941,0.114276721,-0.002996718,0,0,0,2.57E-05,-2.22E-05,-0.022731771,0.115556934,0.825936292,0.540115857,-0.042766697,-0.04626668,0.180487626,0.952346609,0.322261187,0.199622192,0.472662701,0.746128302,1.019075878,0.738025763,-0.021976273,0,0,0,0.000651828,-0.0117981,0.049702631,0.563913569,0.666580389,0.030018344,-0.031165492,0.075896395,0.403032322,0.916630753,0.932548884,0.921414982,0.921410471,0.793648267,0.480884021,0.171401339,-0.008043811,0,0,0,-0.00877665,0.045817947,0.677152352,0.867410539,0.260073325,0.207620154,0.466611332,0.891633647,1.02697229,1.007441313,0.84390173,0.536811394,0.138385195,0.007280705,-0.016080133,-0.02272069,0.000516919,0,0,0,-0.041277975,0.3454255,1.007640438,0.94694424,0.847936411,1.007921134,1.026812074,0.642930283,0.594571453,0.945973992,0.416597536,-0.054538518,-0.011328533,-0.00390431,-0.001775225,-4.51E-05,2.09E-05,0,0,0,-0.042068405,0.355815346,0.965642588,0.874836788,0.647185007,0.421212635,0.193706059,-0.015706691,0.202680928,0.968573149,0.406415998,-0.020638342,0,0,0,0,0,0,0,0,-0.002454038,0.011892191,0.217343835,0.087281369,-0.015941159,-0.021944682,-0.019815172,-0.036218563,0.196526246,0.946653101,0.181453416,-0.020688487,0,0,0,0,0,0,0,0,0.000305736,-0.00181781,-0.020968222,-0.009466486,-0.000411475,0.000101912,5.41E-05,-0.034525378,0.241702121,1.012385212,0.143168814,-0.020594703,0,0,0,0,0,0,0,0,0,0,0,0,0,0,-0.001178768,-0.02329856,0.441775786,0.706637885,0.027369196,-0.008373672,0,0,0,0,0,0,0,0,0,0,0,0,0,0,-0.001157782,0.001169935,0.242361094,0.153506127,-0.018791835,0.000145357,0,0,0,0,0,0,0,0,0,0,0,0,0,0,0.00012474,2.45E-05,-0.027300558,-0.020036688,0.001701237,4.08E-05,0,0,0,0,0,0,0,0,0,0,0,0,0,0,0,0,0,0,0,0,0,0,0,0,0,0,0,0,0,0,0,0,0,0,0,0,0,0,0,0,0,0,0,0,0,0
0,0,0,0,0,0,0,0,0,0,0,0,0,0,0,0,0,0,0,0,0,0,0,0,0,0,0,0,0,0,0,0,0,0,0,0,0,0,0,0,0,0,0,0,0,0,0,0,0,0,0,0,0,0,0,0,0,0,0,0,0,0,0,0,7.54E-05,-0.000535539,-0.002378574,-0.002524459,-0.002571691,-0.001382506,1.63E-05,6.28E-06,0,0,0,0,0,0,0,0,0,0,8.07E-05,-0.000321385,-0.007140625,-0.021615605,-0.008668539,-0.00615619,-0.00563848,-0.020498417,-0.020913824,-0.001734324,0.000300844,0,0,0,0,0,0,0,0,0,0.000224614,-0.003755344,0.003307632,0.254831053,0.542955185,0.556438486,0.576852243,0.433532033,0.128736894,-0.007666531,-0.001174636,8.51E-05,0,0,0,0,0,0,0,0,-0.011579634,0.078354762,0.566405246,0.950604711,1.056021838,1.001780672,0.834812823,1.020103588,0.858201151,0.255842814,-0.034569422,-0.000609341,0,0,0,0,0,0,0,0,-0.037158736,0.309289012,0.948061755,0.791528644,0.271577986,0.112041254,0.073717643,0.114816847,0.425377821,0.896684807,0.22626921,-0.031000741,0.001141413,0,0,0,0,0,0,0,-0.00311035,0.021723516,0.157329538,0.056033412,-0.025622532,-0.01925319,-0.013376055,-0.022148114,-0.032447951,0.413826712,0.767641539,0.093922164,-0.009446912,0,0,0,0,0,0,0,0.000305736,-0.002136949,-0.015321606,-0.006768706,0.000422539,0,0,0.000612439,-0.025041973,0.203947968,0.907565105,0.33894761,-0.030421092,0,0,0,0,0,0,0,0,0,0,1.30E-31,1.05E-17,-2.18E-16,0.000305096,-0.007892497,-0.031362762,0.485812653,0.943382132,0.23255736,-0.021777131,-5.10E-16,-4.86E-16,-9.84E-17,9.49E-18,0,0,0,0,0,0,0.001080814,-0.011888957,-0.021732875,-0.024201985,-0.00073703,0.456152829,0.934619656,0.496170797,-0.015756485,-0.018539709,-0.016508715,-0.018431202,-0.015278117,0.000398284,0,0,0,0,0,0,-0.008491806,0.081583167,0.415629933,0.738366845,0.778492537,1.010109351,1.025606002,0.728729087,0.684807777,0.724589924,0.727260694,0.699590093,0.216963542,-0.013738229,0,0,0,0,0,0,-0.045324414,0.498568559,0.912105516,0.877949704,0.735407373,0.54394824,0.448107043,0.406651957,0.388754766,0.480248672,0.456355869,0.686513736,0.764963193,-0.017008102,0,0,0,0,0,0,-0.007514212,0.082656335,0.15160698,0.150244656,0.050139502,-0.021857077,-0.043294441,-0.036140496,-0.034063521,-0.042127077,-0.060182632,0.169505634,0.266490104,-0.006568627,0,0,0,0,0,0,0.001156556,-0.01272212,-0.023313868,-0.022874081,-0.011548407,-0.002739583,0.000211397,0,0,0,0.000188079,-0.002144097,-0.018618856,7.52E-05,0,0,0,0,0,0,0,0,0,0,0,0,0,0,0,0,7.91E-05,-0.000902267,-0.00064337,3.17E-05,0,0,0,0,0,0,0,0,0,0,0,0,0,0,0,0,0,0,0,0,0,0,0,0,0,0,0,0,0,0,0,0,0,0,0,0,0,0,0,0,0,0,0,0,0,0,0,0,0,0,0,0,0,0,0,0,0,0,0,0,0
0,0,0,0,0,0,0,0,0,0,0,0,0,0,0,0,0,0,0,0,0,0,0,0,0,0,0,0,0,0,0,0,0,0,0,0,0,0,0,0,0,0,0,0,0,0,0,0,0,0,0,0,0,0,0,0,0,0,0,0,0,0,0,0,0,0,0,0,0,0,0,0,0,0,0,0,0,0,0,0,0,0,0,0,0,1.87E-19,0.000202206,-0.001161795,-0.013399816,-0.024697917,-0.013774816,0.000345282,5.14E-05,0,0,0,0,0,0,0,0,0,0,6.38E-06,0.000434453,-0.004026671,-0.020814015,-0.027176073,0.065885978,0.164983762,0.078598158,-0.008858303,0.000402348,0,0,0,0,0,0,0,0,0,0,4.85E-06,-0.005392242,0.03358958,0.200281778,0.430458145,0.762520289,0.903452376,0.642671671,0.054185355,-0.009494925,0,0,0,0,0,0,0,0,0,0,-0.006494232,0.060818641,0.696357007,0.922680843,0.949862192,0.919068084,0.980485406,0.928018765,0.222919996,-0.028345415,0,0,0,0,0,0,0,0,0,0,-0.002209457,0.012698802,0.349351852,0.394163007,0.296476244,0.079485498,0.54019647,1.025376311,0.363366183,-0.0600693,-0.015859069,-0.025887561,-0.039770221,-0.041470997,-0.017159207,0.000834355,0,0,0,0,0.000328227,-0.002769336,-0.038534041,-0.052590635,-0.053886086,-0.060571317,0.305025242,1.004475456,0.541343631,0.169547698,0.219079044,0.400799479,0.657924071,0.708190853,0.292277866,-0.014371766,0,0,0,0.001059883,-0.009091895,-0.026490554,0.015634378,0.099533803,0.187363812,0.329446674,0.523126413,0.983069768,1.000289726,1.0005428,0.988064508,1.012048322,0.998372226,0.822170088,0.393233579,-0.015333265,0,0,0,-0.012082671,0.088449704,0.491202648,0.699255753,0.808557751,0.927315098,1.004503983,1.012480562,1.006334559,0.904938606,0.516204751,0.363613664,0.375911373,0.309970299,0.078768467,-0.02433421,-0.000196589,0,0,0,-0.030166658,0.24647689,0.828995828,0.901675516,0.762811307,0.557601087,0.1992022,0.198482753,0.943485216,0.758319813,0.035786244,-0.055944315,-0.044142514,-0.037413884,-0.012846602,0.000198925,0.000110065,0,0,0,0.000423953,-0.003162616,-0.016499183,-0.021122004,-0.020770527,-0.020726156,-0.03315065,0.147365128,0.995669833,0.609212571,0.004686655,-0.006129153,0,0,0,0,0,0,0,0,0,0,0,0,0,0,-0.017895374,0.253824091,1.003864379,0.476243736,-0.022121194,-0.002642293,0,0,0,0,0,0,0,0,0,0,0,0,0,0,-0.003763123,0.046624626,0.31986266,0.100594312,-0.012237883,1.40E-05,0,0,0,0,0,0,0,0,0,0,0,0,0,0,0.000276961,-0.003539931,-0.021724929,-0.007624387,0.000738963,1.33E-05,0,0,0,0,0,0,0,0,0,0,0,0,0,0,0,0,0,0,0,0,0,0,0,0,0,0,0,0,0,0,0,0,0,0,0,0,0,0,0,0,0,0,0,0,0,0,0,0,0,0,0,0,0,0,0,0,0,0,0,0,0,0,0,0,0,0
0,0,0,0,0,0,0,0,0,0,0,0,0,0,0,0,0,0,0,0,0,0,0,0,0,0,0,0,0,0,0,0,0,0,0,0,0,0,0,0,0,0,0,0,0,0,0,0,0,0,0,0,0,0,0,0,0,0,0,0,0,0,0,0,0,0,0,0,8.12E-06,0.000153544,-0.002196436,-0.013730699,-0.014263279,0.000371732,0,0,0,0,0,0,0,0,0,0,0,0,0,0,0.000409058,-0.008863988,-0.007694581,0.175927849,0.204247211,-0.005215312,0,0,0,0,0,0,0,0,0,0,0,2.37E-32,5.70E-18,0.00077453,-0.010567317,0.008607452,0.494864022,0.957208299,0.763719223,-0.020454793,8.29E-18,0.00025531,-0.002910539,-0.00400641,0.000102124,0,0,0,0,0,0,0.000144676,-0.00121698,-0.023651706,0.032107673,0.529570006,1.020160063,1.030452512,0.526984988,-0.020661084,-0.003249592,-0.020556236,0.011660539,0.031789963,-0.000730188,0,0,0,0,1.96E-05,0.000316334,-0.006291937,-0.025207934,0.140214745,0.659769458,0.896960343,0.62743549,0.95269759,0.250494707,-0.030029605,-0.020856297,0.178736531,0.711103111,0.677167987,-0.017978952,0,0,0,0,1.24E-05,-0.003899033,0.009514604,0.280407561,0.873601548,0.823443661,0.208398506,0.294180811,0.96371252,0.132496943,0.007305334,0.444797181,0.923163041,0.866878251,0.432625725,-0.016752621,0,0,0,0,-0.003599673,0.013830099,0.616469993,0.879522638,0.6909515,0.139585308,-0.043644318,0.50555627,0.836119196,0.255679616,0.673205984,1.001180419,0.594546415,0.103466605,-0.00757961,-0.002027165,0,0,0,0,-0.002388889,0.014479813,0.38367099,0.27765562,0.016658989,-0.021881553,-0.005554807,0.679429432,0.934276059,0.944901349,0.802141425,0.402373877,0.002267446,-0.024382761,-0.003071114,0.000352328,0,0,0,0,0.00014185,-0.000802185,-0.022941925,-0.020717218,-0.018118894,-0.035198308,0.161204112,0.915804381,0.986036629,0.519500173,0.067728128,-0.030546398,-0.00373846,0.000292126,0,0,0,0,0,0,0.00014553,-0.000803066,-0.021123833,-0.027951385,0.094624045,0.337444033,0.838875267,1.035903907,0.503130885,-0.024296179,-0.017560773,0.000472871,7.34E-05,0,0,0,0,0,0,0.000227467,-0.002037939,-0.020684351,0.157648829,0.472927985,0.857574684,0.995980052,0.658336108,0.923297692,0.353793811,-0.048522244,0.000364243,0,0,0,0,0,0,0,0,-0.001249847,-0.013633681,0.403449568,0.886900429,0.942597682,0.571373585,0.217112405,0.05878188,0.7928734,0.266716503,-0.031691329,0,0,0,0,0,0,0,0,0,-0.036095145,0.301181168,0.922038739,0.575604813,0.113761029,-0.018009882,-0.03505947,0.032939781,0.437108098,0.035535505,-0.006074763,0,0,0,0,0,0,0,0,0,-0.021647711,0.194755889,0.318508068,-0.024340465,-0.012224316,-0.001895204,0.000229422,-0.002363613,-0.027318781,-0.003183109,0.00047817,0,0,0,0,0,0,0,0,0,0.00241151,-0.02155599,-0.037782805,-0.001046023,0.000221353,0,0,0,0,0,0,0,0,0,0,0,0,0,0,0,0,0,0,0,0,0,0,0,0,0,0,0,0,0,0,0,0,0,0,0,0,0,0,0,0,0,0,0,0,0,0,0,0,0,0,0,0,0
0,0,0,0,0,0,0,0,0,0,0,0,0,0,0,0,0,0,0,0,0,0,0,0,0,0,0,0.000101912,-0.000322372,-0.012081972,-0.005060083,0.000315053,0,0,0,0,0,0,0,0,0,0,0,0,0,0,2.85E-05,0.000888451,-0.015474196,0.061145489,0.009669347,-0.004417115,0.000380765,0,0,0,0,0,0,0,0,0,0,0,0,2.55E-06,0.000213269,-0.023616444,0.150382847,0.780004851,0.461108167,0.001148795,-0.002974196,0,0,0,0,0,0,0,0,0,0,0,0,0.000466367,-0.013310866,0.005425856,0.659569308,1.072123877,0.80877788,0.073279446,-0.012438139,0,0,0,0,0,0,0,0,0,0,7.78E-20,3.83E-05,-0.002567572,0.00448606,0.442017532,0.929314815,0.926340193,0.834231158,0.12285112,-0.017585096,0,0,0,0,0,0,0,0,0,0,5.11E-05,-0.000291224,-0.041824874,0.360274374,1.001118822,0.477092473,0.478439815,0.865724826,0.1734271,-0.022962374,2.04E-05,0,0,0,0,0,0,0,0,0,-0.000336258,-0.018125654,0.180811151,0.875317846,0.615110754,0.016340022,0.159411986,0.909007582,0.304638638,-0.036592267,3.06E-05,0,0,0,0,0,0,0,0,0,-0.002522263,-0.012102107,0.670700521,0.804399459,0.080712755,-0.023927219,0.025964359,0.878027352,0.457350269,-0.024280044,-0.002243158,0,0,0,0,0,0,0,0,0,-0.017382404,0.256530961,0.877129715,0.309643127,-0.028978571,-0.004352669,0.004426777,0.693492,0.686357435,0.023447271,-0.007997685,0,0,0,0,0,0,0,0,0,-0.043296211,0.748369877,0.738296279,0.009486043,-0.018743495,-0.006144965,-0.027018638,0.36781056,0.803061615,0.081752527,-0.016904871,-0.005605341,-0.006919339,-0.029938981,-0.041690021,-0.010084763,0.000957414,0,0,0,-0.038102737,0.641607469,0.832964427,0.320795718,0.064905154,0.040545854,0.034026927,0.036105154,0.315406454,0.044574603,0.008636557,0.043230954,0.058210529,0.320408071,0.455665875,0.109575844,-0.010403901,0,0,0,-0.0090272,0.100247459,0.768200593,1.01630223,0.904002039,0.883598304,0.869586883,0.647779884,0.622349663,0.634365376,0.771286162,0.887898645,0.90400692,1.006728986,1.079224412,0.49270982,-0.045132095,0,0,0,2.66E-05,-0.024561138,0.20153268,0.709045088,0.813772285,0.935570364,1.000519642,0.997035505,0.994497719,0.996327283,0.997999557,0.97496538,0.784629323,0.63876137,0.544302991,0.150498026,-0.014265897,0,0,0,5.87E-05,0.000780671,-0.024647808,0.034596916,0.107420543,0.193596303,0.239332618,0.235408497,0.235408497,0.235408497,0.236869894,0.221379085,0.087839869,-0.013410914,-0.047334614,-0.012840159,0.001208895,0,0,0,0,3.86E-05,0.00052451,-0.009852022,-0.018024642,-0.027766544,-0.03294424,-0.0325,-0.0325,-0.0325,-0.032665441,-0.030911765,-0.015794118,-0.004395833,-0.000188639,-7.20E-05,7.66E-06,0,0,0,0,0,0,0,0,0,0,0,0,0,0,0,0,0,0,0,0,0,0,0,0,0,0,0,0,0,0,0,0,0,0,0,0,0,0,0,0,0,0,0,0,0,0,0,0,0,0,0,0,0,0,0,0,0,0,0,0,0,0,0,0,0,0,0,0,0,0,0,0,0,0,0,0,0,0,0,0
0,0,0,0,0,0,0,0,0,0,0,0,0,0,0,0,0,0,0,0,0,0,0,0,0,0,0,0,0,0,0,0,0,0,0,0,0,0,0,0,0,0,0,0,0,0,0,0,0,0,0,0,0,0,0,0,0,0,0,0,0,0,0,0,0,0,0,0,1.07E-06,0.000160488,-0.001181577,-0.007342116,-0.009629856,-0.005721405,8.01E-05,4.41E-05,0,0,0,0,0,0,0,0,0,0,0,0,0.000451848,-0.008244673,-0.013844448,0.064159739,0.099227083,0.065169441,-0.000174462,-0.000574449,0,0,0,0,0,0,0,0,5.60E-19,3.22E-18,0.000110635,-0.000354144,-0.011639246,0.001438572,0.318737013,0.868764893,1.018655681,0.570446095,-0.015793743,-0.003624081,0,0,0,0,0,0,0,0,7.97E-05,0.000300586,-0.013277165,-0.01786498,0.062024272,0.506603588,0.959314968,1.030297471,0.841195392,0.183876174,-0.01137677,-0.000662684,0,0,0,0,0,0,0,0,-0.001368473,-0.005734937,0.203178139,0.625935583,0.84509308,0.902602116,0.8377905,0.999038088,0.399880418,-0.036699109,0.000524133,8.81E-05,0,0,0,0,0,0,0,0,-0.002270221,-0.014913705,0.410507557,0.946647405,0.612454929,0.157090856,0.225431339,0.958271923,0.251519302,-0.022401399,-0.002607554,-0.004793556,-0.003952257,-0.000389507,6.74E-05,0,0,0,0,0,0.000199142,-0.003713916,0.017807394,0.17218939,0.057215601,-0.041609732,0.161290407,0.909415305,0.468089781,-0.042392242,-0.004526093,0.021742153,0.010526059,-0.000582834,-5.00E-05,0,0,0,0,2.21E-18,-1.13E-17,0.001058687,-0.011271786,-0.041775271,-0.042206563,-0.052419867,0.074701048,0.743164897,0.877154621,0.328947934,0.569317385,0.809644455,0.740053224,0.087339896,-0.013767021,0,0,5.11E-06,0.0003358,-0.003123128,-0.012591742,-0.027049122,0.046424122,0.169312469,0.334320857,0.486662088,0.687404139,0.925161356,1.016378494,0.999533582,1.046046552,0.931072593,0.779205253,0.096069718,-0.014886132,0,0,0.000625229,-0.006878937,-0.013903989,0.078204075,0.500673722,0.847201959,0.898414302,0.948768242,0.939911031,0.928384748,0.990016153,0.794789333,0.385983127,0.252211199,0.160481907,0.051081693,0.002853448,-0.000745485,0,0,-0.00605239,0.022813634,0.448802577,0.835132898,0.998900242,0.70649069,0.390131144,0.36752451,0.193289335,0.121041156,0.344428871,0.110879771,-0.028579453,-0.020779378,-0.017211499,-0.011335614,-0.001079756,0.000192334,0,0,-0.012418981,0.082286291,0.649518059,0.453434334,0.26792693,0.03765671,-0.037574684,-0.034102499,-0.018476392,-0.012370643,-0.032038484,-0.011546614,0.000685083,0,0,0,0,0,0,0,-0.00094533,0.00747656,0.040490468,-0.015756996,-0.029881127,-0.010604779,0.000280665,7.97E-05,0,0,0,0,0,0,0,0,0,0,0,0,0.000103145,-0.000732237,-0.005037582,-0.001678309,-0.000243566,2.39E-05,0,0,0,0,0,0,0,0,0,0,0,0,0,0,0,0,0,0,0,0,0,0,0,0,0,0,0,0,0,0,0,0,0,0,0,0,0,0,0,0,0,0,0,0,0,0,0,0,0,0,0,0,0,0,0,0,0,0,0,0,0,0,0,0,0,0,0,0,0,0,0,0,0
0,0,0,0,0,0,0,0,0,0,0,0,0,0,0,0,0,0,0,0,0,0,0,0,0,0,0,0,0,0,0,0,0,0,0,0,0,0,0,0,0,0,0,0,0,0,0,0,0,0,0,0,0,0,0,0,0,0,0,0,0,0,0,0,0,0,0,0,0,0,0,0,0,0,0,0,0,0,0,0,0,0,0,0,0,0,0,0.000102727,-0.00054473,-0.007981618,-0.007818934,-0.00033701,8.07E-05,0,0,0,0,0,0,0,0,0,0,5.60E-19,5.97E-18,0.000170207,-0.001106345,-0.023021024,-0.039525429,0.018123945,0.026798475,-0.004381127,0.000295952,0,0,0,0,0,0,0,0,0,6.93E-05,6.20E-05,-0.012110566,-0.021589563,-0.001747004,0.245520956,0.511264263,0.680957278,0.557873792,0.077366898,-0.012159512,7.15E-05,0,0,0,0,0,0,0,0,0.001621911,-0.020470833,0.05382944,0.315598545,0.687627967,0.819769851,0.657150646,0.946370664,0.992010704,0.313736191,-0.032190183,-0.000471852,0,0,0,0,0,0,0,0,-0.023062655,0.177568287,0.828475354,0.832412531,0.397423373,0.136967256,0.032687891,0.78053268,1.074745421,0.541778833,-0.015016917,-0.003964444,-0.000828636,-0.002885672,-0.00675771,-0.00596857,0.000164931,0,0,0,-0.020062778,0.172961363,0.422549054,0.175121834,-0.046138702,-0.026963961,0.077712912,0.811112541,1.002076848,0.366137136,-0.047579135,-0.031932717,-0.02685369,0.000934521,0.075668624,0.080527394,-0.002084184,0,0,0,0.001114101,-0.009399765,-0.026684794,-0.01827308,0.000671722,-0.023827402,0.18167916,0.885735754,0.985403901,0.307481669,0.103291515,0.248234137,0.380403271,0.612610022,0.727963133,0.48292093,-0.0148189,0,0,0,4.77E-05,-0.000411918,-0.000922641,-4.42E-05,-0.010731192,-0.04737757,0.20086523,0.902402982,1.00422966,0.764120064,0.859080687,0.99179279,0.886876685,0.57731793,0.155087095,0.029432113,-0.002258306,0,0,0,0,0,-0.000682402,-0.007575653,0.148925373,0.650579423,0.793758204,1.006193252,0.976408677,0.859908738,0.419801717,0.270994558,0.110999467,0.006583456,-0.024711131,-0.005725303,0.000313889,0,0,0,0,0,-0.002095588,-0.009071861,0.328597495,0.606786634,0.517184215,0.550495847,0.330985362,0.041147059,-0.022819171,-0.0211923,-0.014960342,-0.005936989,0.000393689,0,0,0,0,0,0,0,0.000183824,-0.000878268,-0.011262085,-0.018717456,0.019290628,-0.00596715,-0.029308738,-0.005712776,0.000177072,4.68E-05,0,0,0,0,0,0,0,0,0,0,0,0.000168505,-0.00176777,-0.003468265,-0.006550858,-0.004427696,-0.000158395,2.85E-05,0,0,0,0,0,0,0,0,0,0,0,0,0,0,0,0,0,0,0,0,0,0,0,0,0,0,0,0,0,0,0,0,0,0,0,0,0,0,0,0,0,0,0,0,0,0,0,0,0,0,0,0,0,0,0,0,0,0,0,0,0,0,0,0,0,0,0,0,0,0,0,0,0,0,0,0,0,0,0,0,0,0,0,0,0,0,0,0
0,0,0,0,0,0,0,0,0,0,0,0,0,0,0,0,0,0,0,0,0,0,0,0,0,0,0,0,0,0,0,0,0,0,0,0,0,0,0,0,0,0,0,0,0,0,0,0,0,0,0,0,0,0,0,0,0,0,0,0,0,0,0,0,0,9.64E-19,8.83E-05,-0.000691523,-0.012449959,-0.034207363,-0.018820415,0.000415339,7.58E-05,0,0,0,0,0,0,0,0,0,0,0,0,0.000160846,-0.002148012,-0.023965713,0.158196555,0.545565649,0.28118927,-0.015575793,-0.000186703,0,0,0,0,0,0,0,0,0,0,0,0,-0.000218716,-0.012901518,0.363458209,0.861676164,1.052077665,0.802575759,0.08125034,-0.013214708,1.04E-18,0,0,0,0,0,0,0,0,0,0,0,-0.01464248,0.145746443,0.868744819,1.010837197,0.982346575,0.894108881,0.206536271,-0.027965533,0.000120847,0,0,0,0,0,0,0,0,0,0,0,-0.041054346,0.447422479,1.034343223,0.752703348,0.460242737,0.990951279,0.41190796,-0.029467318,-0.001504049,0,0,0,0,0,0,0,0,0,0,0,-0.042920241,0.47675994,1.013716862,0.323525293,0.033111162,0.825981005,0.726020731,0.03495898,-0.020184743,-0.006696589,-0.010727584,-0.014161152,-0.00530492,0.000285437,0,0,0,0,1.01E-05,0.000156556,-0.009195993,0.059806151,0.209943269,-0.002413722,-0.032074993,0.539770323,1.016176079,0.205181063,0.09577931,0.056435577,0.123932632,0.182087878,0.052291981,-0.003650599,0,0,0,3.15E-17,0.000810662,-0.014216095,-0.017475082,0.017104899,0.108926053,0.232833606,0.466083504,0.728883544,1.015987864,0.897082093,0.884208895,0.803761132,0.915219686,1.002074397,0.567935843,-0.020571725,0,0,0,0.001031348,-0.019217439,0.122516153,0.534303445,0.694734358,0.85710713,1.016623111,1.049457142,1.028486537,1.01126457,1.021762396,1.022271769,1.026694325,1.032005787,0.927839274,0.39905808,-0.017351409,0,0,0,-0.044407505,0.377177992,0.977581869,1.052982179,1.016220072,0.918095217,0.866532092,0.726258781,0.62737154,0.716199078,0.701519101,0.520791719,0.422797702,0.408997238,0.175988002,-0.010576697,-0.001677469,0,0,0,-0.035105377,0.298403169,0.788693559,0.615767974,0.360483575,0.115770097,0.075027744,-0.003561411,-0.023241081,-0.020626191,-0.020638342,-0.020626191,-0.020621596,-0.020981243,-0.017133374,-0.003437487,0.000292756,0,0,0,-0.001440218,0.010541803,0.066508561,-0.00670641,-0.036627196,-0.011964029,-0.008391204,-0.001497821,0.000229779,0,0,0,0,0,0,0,0,0,0,0,0.000454935,-0.003692708,-0.013703738,-0.004921875,0.000319853,0,0,0,0,0,0,0,0,0,0,0,0,0,0,0,0,0,0,0,0,0,0,0,0,0,0,0,0,0,0,0,0,0,0,0,0,0,0,0,0,0,0,0,0,0,0,0,0,0,0,0,0,0,0,0,0,0,0,0,0,0,0,0,0,0,0,0,0,0,0,0,0,0,0,0,0,0,0,0,0,0,0,0,0,0,0,0,0,0,0,0,0,0
0,0,0,0,0,0,0,0,0,0,0,0,0,0,0,0,0,0,0,0,0,0,0,0,0,0,0,0,0,0,0,0,0,0,0,0,0,0,0,0,0,0,0,0,0,0,0,0,0,0,0,0,0,0,0,0,0,0,0,0,0,0,0,0,0,0,3.17E-05,-0.000171518,-0.001948887,-0.002501379,-0.002467678,-0.002501123,-0.000421507,5.11E-05,0,0,0,0,0,0,0,0,0,7.08E-05,-0.001035539,-0.003059436,-0.006408224,-0.024207533,-0.013494979,-0.006389859,-0.006871375,-0.006941415,-0.026375335,-0.005527131,0.000223652,2.76E-05,0,0,0,0,0,0,0.000152868,-0.000358354,-0.019098158,-0.025339154,-0.002098856,0.1993346,0.498107758,0.562409229,0.564985566,0.56317899,0.272141916,0.000351307,-0.004629119,0.00036152,0,0,0,0,0,0,-0.001742693,-0.003863715,0.333883698,0.633810185,0.666092763,0.920933615,0.982187602,0.899398761,0.835814032,0.952848516,0.979644735,0.472770884,0.026786663,-0.0070481,0,0,0,0,0,0,-0.006706911,0.027040717,0.642090178,0.890022947,0.683855377,0.371226496,0.185363571,0.089401828,0.071806829,0.126846881,0.867000921,0.877394606,0.133042358,-0.021170967,0,0,0,0,0,0,6.11E-05,-0.001785131,0.020504323,0.023352737,-0.014134498,-0.02168141,-0.01833878,-0.015650871,-0.01407484,-0.032932241,0.772785014,0.646371647,0.011565104,-0.006869485,0,0,0,0,0,0,0.000278831,-0.001538705,-0.019905501,-0.025646855,-0.021754323,-0.021094941,-0.021176471,-0.021091912,-0.044410301,0.217211057,0.942969423,0.467863273,-0.036013974,-0.000581495,0,0,0,0,0,0.000348924,-0.003693592,-0.011570653,0.101484528,0.140118668,0.135383987,0.135383987,0.135385263,0.128611809,0.15366425,0.687489413,0.912020912,0.135585325,-0.03014134,0.000627264,4.47E-05,3.23E-18,0,0,0,-0.003959014,0.010394807,0.324070483,0.78092339,0.867191211,0.854979065,0.85497549,0.855461857,0.842288756,0.873053139,1.015785624,0.937578285,0.45636106,0.111249149,-0.026760366,-0.016199193,-0.001319249,0.000250204,0,0,-0.016267002,0.108206605,0.8356281,0.788788455,0.403335507,0.27702915,0.282833609,0.429347543,0.729130267,1.022609317,0.928974359,0.906548454,1.001109311,0.876691329,0.459950199,0.121249015,0.00514607,-0.001682055,0,0,-0.000394029,0.003298123,0.014908003,-0.002399408,-0.020458282,-0.020700827,-0.030902243,0.035499353,0.570137731,0.887340618,0.222789352,0.118695307,0.393023761,0.810433534,1.058105767,0.810977652,0.071100903,-0.013148659,0,0,4.68E-05,-0.000332487,-0.002242051,-0.001533565,-3.36E-05,-0.001152386,-0.028788421,0.365967848,0.977106805,0.390195312,-0.031719584,-0.019385828,-0.018167654,0.471160743,0.732379289,0.379472273,0.005889232,-0.00401297,0,0,0,0,0,0,0,-0.002494043,-0.014903439,0.418810475,0.452331938,-0.010151842,-0.003564696,-0.000390119,0.004672539,0.0193077,0.011718086,-0.011933534,-0.004174361,0.000436921,0,0,0,0,0,0,0,0.00013991,-0.003281664,0.015514331,-0.000707925,-0.004682343,0.000217065,4.77E-05,-0.000277727,-0.003179534,-0.004076134,-0.001437449,0.000127033,3.57E-06,0,0,0,0,0,0,0,0,0.000429581,-0.004053646,-0.002851902,0.000322857,0,0,0,0,0,0,0,0,0,0,0,0,0,0,0,0,0,0,0,0,0,0,0,0,0,0,0,0,0,0,0,0,0,0,0,0,0,0,0,0,0,0,0,0,0,0,0,0,0
0,0,0,0,0,0,0,0,0,0,0,0,0,0,0,0,0,0,0,0,0,0,0,0,0,0,0,0,0,0,0,0,0,0,0,0,0,0,0,0,0,0,0,0,0,0,0,0,0,0,0,0,0,0,0,0,0,0,0,0,0,0,0,0,0,0,0,0,3.22E-06,9.96E-06,-0.000551624,-0.00270915,-0.014655844,-0.030277165,-0.011861877,0.000628676,3.58E-05,0,0,0,0,0,0,0,0,0,0,0,0.000664369,-0.010364839,-0.026195925,-0.00604313,0.192552417,0.480791428,0.196223771,-0.009731413,-0.000613664,0,0,0,0,8.30E-19,5.71E-18,0.000314032,-0.004636438,-0.016450504,-0.003393076,-0.014594629,-0.049603979,0.041521225,0.300395612,0.608240502,0.966689597,0.999425551,0.325318151,-0.02399486,-0.000761744,0,0,0,0,0.000417007,-0.007437188,-0.024327342,0.032065462,0.166775599,0.017888583,0.146385696,0.472023863,0.673331291,1.003829555,1.046105801,1.023120949,0.652846916,0.040109188,-0.011002553,4.35E-05,0,0,0,0,-0.003766832,0.021288554,0.283509896,0.676792545,0.917722813,0.833032693,0.912207567,0.968540894,0.821879068,0.478585344,0.257527176,0.913884803,0.464513099,-0.049002028,0.00077504,0,0,0,0,0,-0.021364209,0.594467748,1.056366405,1.043166582,0.998239413,0.793372413,0.567995258,0.258332227,0.008814679,-0.032790884,0.067741694,0.898669388,0.477763651,-0.042592933,3.98E-05,0,0,0,0,0,-0.011118941,0.389256536,0.548813232,0.468532067,0.243430726,0.089055658,-0.047146977,-0.025936053,-0.002452682,-0.001621221,0.004138072,0.875380046,0.484386574,-0.042555147,0,0,0,0,0,0,0.000179909,-0.015937691,-0.008384208,-0.014873298,-0.032418267,-0.016223448,-0.000321022,0.000177696,-3.55E-16,-0.001972273,0.006044305,0.872098467,0.467739992,-0.041099026,-2.55E-16,-5.91E-17,7.58E-18,0,0,0,4.85E-05,-0.001225388,-0.002416309,-0.001111417,-0.004914182,-0.020341231,-0.020890234,-0.020751634,-0.020751634,-0.028710938,0.059829197,0.828037025,0.265488664,-0.046145833,-0.021778322,-0.008785743,0.001027272,0,0,0,0,0,0,-0.016516754,0.120353787,0.488363329,0.492943724,0.485048714,0.564661466,0.803077619,0.849416402,0.966715305,0.650369023,0.454270039,0.440694784,0.133013092,-0.016239048,0,0,0,0,0,0,-0.022325368,0.156114345,0.732331155,0.798648988,0.785848039,0.841144029,0.867636744,0.90755947,1.004469549,1.002194274,1.021978928,1.059520425,0.388199074,-0.045976112,0,0,0,0,0,0,-0.000507047,-5.84E-05,0.056276467,0.090788101,0.08490768,0.123810611,0.109825555,0.542340533,0.849453345,0.222542313,0.319601614,0.471955031,0.126631689,-0.015687905,0,0,0,0,0,0,0.000248162,-0.001372549,-0.012130821,-0.016190229,-0.015485294,-0.0198894,-0.07645641,0.595642412,0.680842098,-0.055320687,-0.02702611,-0.012160352,-0.00556793,0.000648567,0,0,0,0,0,0,0,0,0,0,0,0,-0.025983371,0.296210427,0.237969797,-0.01035306,-0.000609171,-0.001922437,-0.000456138,5.75E-05,0,0,0,0,0,0,0,0,0,0,0,0,0.001205108,-0.013738229,-0.011293326,0.000482043,0,0,0,0,0,0,0,0,0,0,0,0,0,0,0,0,0.000144676,-0.001649306,-0.00141097,5.79E-05,0,0,0,0,0,0,0,0,0,0,0,0,0,0,0,0,0,0,0,0,0,0,0,0,0,0
0,0,0,0,0,0,0,0,0,0,0,0,0,0,0,0,0,0,0,0,0,0,0,0,0,0,0,0,0,0,0,0,0,0,0,0,0,0,0,0,0,0,0,0,0,0,0,0,0,0,0,0,0,0,0,0,0,0,0,0,0,0,0,0,0,2.04E-05,-0.000207823,-0.00048668,-0.001189747,-0.002692657,-0.003035692,-0.001182802,8.10E-06,1.07E-05,0,0,0,0,0,0,0,0,0,0.000480699,-0.006403799,-0.030468818,-0.031264672,-0.028673838,-0.022743736,-0.004143501,-5.06E-05,-0.021971541,-0.006414588,0.000590788,0,0,0,0,0,0,0,0,4.08E-05,-0.002889621,0.028501038,0.211982179,0.269200044,0.309299509,0.422945517,0.599242936,0.638219669,0.404560236,0.037243148,-0.006474843,0,0,0,0,0,0,0,0,-0.000464718,-0.021500102,0.400353979,0.980378932,1.019301454,1.003089475,0.887376685,0.729380719,0.72021424,0.971595912,0.271690939,-0.020902778,0,0,0,0,0,0,0,0,-0.00015133,-0.004955566,0.104173172,0.177807451,0.171861131,0.159382837,0.089719301,0.022201177,0.150239357,0.856359521,0.432086059,-0.020825011,0,0,0,0,0,0,0,0,1.63E-05,0.00054262,-0.011226341,-0.021083027,-0.020906012,-0.020022115,-0.0148894,-0.03996378,0.202091469,0.963560185,0.424732974,-0.020768995,0,0,0,0,0,0,0,0,0,0,0,0,0,0,-0.00071492,-0.028832772,0.372671943,1.042944615,0.245268657,-0.020542109,-0.005387561,-0.009578738,-0.011692708,-0.017307387,0.000266544,0,0,0,0,3.11E-20,1.86E-18,-1.15E-17,-1.49E-16,0.000305736,-0.00770338,0.024047198,0.739933126,0.905918709,0.078237927,-0.056860362,-0.002311155,0.032489277,0.050321861,0.108444944,-0.001273659,0,0,0,0.0004158,-0.003334865,-0.012102907,-0.017230222,-0.02098652,-0.02423702,-0.015518791,0.428453585,1.030273863,0.830774272,0.427348083,0.410499983,0.63606073,0.714531846,0.750594958,0.723885322,-0.015667892,0,0,0,-0.002687321,0.021944529,0.067842407,0.126900503,0.323930877,0.570396658,0.848309945,1.005756458,0.979753883,0.908147531,0.853160365,0.852681471,0.874485192,0.862890526,0.725126676,0.476520362,-0.013270454,0,0,0,-0.022905711,0.179898437,0.741252162,0.923064083,0.963132319,0.846082915,0.73431553,0.6358734,0.347791088,0.184253387,0.061382451,0.040642021,-0.006916445,-0.022682802,-0.021185492,-0.017774788,0.000432326,0,0,0,-0.006738413,0.047424479,0.318979762,0.289351682,0.20256827,0.127199275,0.047411305,0.000661612,-0.031782356,-0.018084831,-0.006642531,-0.004861962,-0.001144216,0.000160846,0,0,0,0,0,0,0.000880519,-0.007170598,-0.024192521,-0.031423458,-0.029257353,-0.020273022,-0.011259498,-0.005796262,-6.04E-05,3.22E-05,0,0,0,0,0,0,0,0,0,0,0,3.48E-05,-0.000621885,-0.000251685,1.56E-05,0,0,0,0,0,0,0,0,0,0,0,0,0,0,0,0,0,0,0,0,0,0,0,0,0,0,0,0,0,0,0,0,0,0,0,0,0,0,0,0,0,0,0,0,0,0,0,0,0,0,0,0,0,0,0,0,0,0,0,0,0,0,0,0,0,0,0,0,0,0,0,0,0
0,0,0,0,0,0,0,0,0,0,0,0,0,0,0,0,0,0,0,0,0,0,0,0,0,0,0,0,0,0,0,0,0,0,0,0,0,0,0,0,0,0,0,0,0,0,0,0,0,0,0,0,0,0,0,0,0,0,0,0,0,0,0,0,0,0,0,2.45E-05,-0.00015528,-0.001017667,-0.00551108,-0.012053105,-0.003600495,0.000270118,0,0,0,0,0,0,0,0,0,0,0,8.40E-19,0.000251225,-0.001823305,-0.020171586,-0.026171909,0.038048271,0.146771276,0.019634493,-0.006030603,0.000229779,0,0,0,0,0,0,0,0,0,1.87E-19,7.45E-05,-0.001987251,-0.014150327,0.158807972,0.414401059,0.802662735,0.985513872,0.496207265,-0.010831376,-0.00078508,5.70E-18,0.000327648,-0.004060339,-0.00933798,0.000819121,0,0,0,0,0.000269608,-0.002149629,-0.021332465,0.286035815,0.879598873,0.977886608,0.526853384,0.691220231,0.922324151,0.168651195,-0.017115588,-0.006232809,-0.018002451,0.034464895,0.105807036,-0.009248621,0,0,0,5.26E-05,-0.001790184,-0.017817303,0.247894416,0.910437377,0.780259366,0.19389959,-0.044660464,0.254753034,0.923632188,0.350911364,-0.049354422,0.011652518,0.169824355,0.603290334,0.342242893,-0.030523878,0,0,0,-0.0003654,-0.016798849,0.177664267,0.834975286,0.610684117,0.098148744,-0.029989192,-0.009221729,0.040182377,0.793302981,0.31655576,0.190508,0.53974806,0.630061445,0.34680722,0.011904361,-0.002219073,0,0,0,-0.002670292,0.001743958,0.5476859,0.59129422,0.04434255,-0.019795871,0.001557581,-0.008083146,0.009913654,0.589692549,0.54142002,0.701801624,0.490643365,0.139238051,-0.024944577,-0.003563368,0.000223397,0,0,0,-0.001245098,0.00886877,0.193764348,0.06551314,-0.016991664,0.00023652,-0.01180799,-0.01028879,0.224236264,0.37228928,0.733072474,0.313033292,-0.011551351,-0.016960563,-0.001276548,0.000220588,0,0,0,0,7.72E-05,-0.00046875,-0.012617034,-0.006176505,-0.003144728,-0.015053292,0.058192879,0.495888514,0.901410522,0.627289382,0.155660471,-0.018813998,-0.003739175,-0.000100388,3.06E-05,0,0,0,0,0,0,0,0.000805104,-0.010964528,-0.020713288,0.247457842,0.80573509,0.994177232,0.597062662,0.086305105,-0.027650677,-0.000351137,0.000205454,0,0,0,0,0,0,0,0.000198836,-0.002187296,-0.022872975,0.034619962,0.38817255,0.873796007,0.925422743,0.399005327,-0.002773693,-0.015586231,0.000154037,2.13E-05,0,0,0,0,0,0,0,0,-0.001549122,0.006643416,0.210486741,0.658741319,0.966241473,0.777551266,0.242498604,-0.031360226,-0.003654514,0.000397456,0,0,0,0,0,0,0,0,0,0,-0.026988613,0.42487049,0.888707653,0.864932479,0.384293989,0.017677288,-0.017831325,-0.003073223,0.000211397,0,0,0,0,0,0,0,0,0,0,0,-0.014086346,0.234576831,0.333940751,0.136801573,-0.015795677,-0.0069407,-0.000619383,0.000110294,0,0,0,0,0,0,0,0,0,0,0,0,0.001520576,-0.025256614,-0.035645102,-0.019204017,-0.000910418,0.000252741,0,0,0,0,0,0,0,0,0,0,0,0,0,0,5.62E-06,-8.71E-05,-0.000284586,1.58E-05,0,0,0,0,0,0,0,0,0,0,0,0,0,0,0,0,0,0,0,0,0,0,0,0,0,0,0,0,0,0,0,0,0
0,0,0,0,0,0,0,0,0,0,0,0,0,0,0,0,0,0,0,0,0,0,0,0,0,0,0,0,0,0,0,0,0,0,0,0,0,0,0,0,0,0,0,0,0,0,0,0,0,0,0,0,0,0,0,0,0,0,0,0,0,0,0,0,0,0,4.08E-06,0.000127186,-0.001436275,-0.005134702,-0.004634549,-0.000805913,0.000110065,0,0,0,0,0,0,0,0,0,0,0,0.000215074,-0.001562806,-0.006013617,-0.010657841,-0.01460672,0.025229031,0.020129715,-0.003770578,-0.00010823,3.06E-05,0,0,0,0,0,0,0,0,0,0.000117443,-0.001456427,-0.013005787,-0.000540986,0.014474356,0.39017499,0.84434421,0.77825497,0.180245626,-0.022575924,-4.08E-05,0,0,0,0,0,0,0,0,0,-0.001120813,-0.010219941,0.305860583,0.655579963,0.686366434,0.967857537,1.018215312,1.031369247,0.481073938,-0.02068872,-0.002798543,-0.000360839,-0.004692266,-0.011049156,-0.012012691,-0.001865468,0.000187228,0,0,0,-0.010297685,0.114752014,0.924415994,1.046634666,1.035252048,1.007072684,0.994708736,1.023649328,0.740276929,0.047340024,-0.028209986,-0.023553871,-0.005817537,0.052615262,0.060251346,-0.008256899,0.000596184,0,0,0,-0.007574908,0.071537071,0.816172692,1.025389008,1.014461447,0.985394557,1.001474997,1.031858609,0.6013037,0.027655297,0.107594584,0.22056507,0.555955559,0.742425415,0.780398458,0.270486026,-0.02517659,0,0,0,-0.000445415,-0.017453499,0.225851426,0.700904888,0.503985586,0.457447593,0.962179994,1.042153493,0.5678862,0.227754559,0.839743856,0.895729405,1.034205508,1.021820278,1.064082589,0.576897467,-0.052461193,0,0,0,0.000112132,-0.001275735,-0.013022399,-0.003986622,-0.063886783,0.4603846,1.035659961,0.998420258,0.97946972,0.973276704,1.02281633,1.013132302,1.004023999,1.028587742,1.017837158,0.379912429,-0.035194121,0,0,0,0.000518791,-0.008656488,-0.024288739,0.090905705,0.383404485,0.856718427,1.010486264,0.9958886,1.004079606,1.010208444,1.001692096,1.019738971,0.949864839,0.737710529,0.516479998,0.086675773,-0.008912463,0,0,0,-0.006035577,0.062915002,0.561447879,0.847497062,0.986563889,1.012202214,0.994155558,1.003359117,0.991022584,0.984996539,0.755951857,0.612217127,0.391214857,0.053415984,-0.009517492,-0.01201974,0.000971984,0,0,0,-0.034327921,0.548138157,1.039426062,1.014538688,1.007517818,1.001715244,1.007623672,0.929226545,0.476190598,0.319845824,0.158335972,-0.01118847,-0.021021752,-0.010766782,-0.004223228,6.72E-05,1.28E-05,0,0,0,-0.026888429,0.416449227,0.960649237,1.027591367,0.953686084,0.924485498,1.053826968,0.707005668,-0.030134089,-0.036149005,-0.015682445,-0.000848907,0.000229779,0,0,0,0,0,0,0,-0.001009651,-0.010453993,0.284118209,0.748022008,0.487577283,0.606895935,0.88909838,0.235981856,-0.022837878,0.000631038,0,0,0,0,0,0,0,0,0,0,0.000185202,-0.001628217,-0.027278782,0.051514672,0.229424487,0.317264825,0.159345537,-0.017818287,0.000106822,0,0,0,0,0,0,0,0,0,0,0,0,1.47E-05,0.000777384,-0.009871999,-0.026554275,-0.03617749,-0.021676654,0.00018018,0.000101504,0,0,0,0,0,0,0,0,0,0,0,0,0,0,0,0,0,0,0,0,0,0,0,0,0,0,0,0,0,0,0,0,0,0,0,0,0,0,0,0,0,0,0,0,0,0,0,0
0,0,0,0,0,0,0,0,0,0,0,0,0,0,0,0,0,0,0,0,0,0,0,0,0,0,0,0,0,0,0,0,0,0,0,0,0,0,0,0,0,0,0,0,0,0,0,0,0,0,0,0,0,0,0,0,0,0,0,0,0,0,0,0,0,0,0,7.34E-06,1.24E-05,-0.00148463,-0.001030586,6.10E-05,0,0,0,0,0,0,0,0,0,0,0,0,0,1.87E-19,0.000251225,-0.001178916,-0.019399357,-0.018350711,-0.018120932,-0.006300654,0.000641128,9.19E-06,0,0,0,0,0,0,0,0,0,0,1.87E-19,2.13E-05,-0.001380889,-0.017203963,0.115705321,0.433785795,0.330863579,0.011479796,-0.005918073,0.000225184,0,0,0,0,0,0,0,0,0,3.06E-06,0.000418709,-0.00352805,-0.030489685,0.289976407,0.838092899,1.043035675,0.981204725,0.400478418,-0.012200243,-0.003175722,0,0,0,0,0,0,0,0,0,0.00047175,-0.010241327,-0.017131691,0.266407658,0.935920395,0.885702954,0.443273783,0.916222857,0.878247405,0.117818491,-0.015000951,0.000370959,-0.012966043,-0.035903143,-0.034096346,0.000815295,0,0,0,0,-0.004331087,0.039252621,0.395752911,0.951501396,0.753549845,0.177410743,-0.038942827,0.495750289,1.047919662,0.391466512,-0.03607341,-0.031951712,0.081819104,0.307318627,0.310882795,-0.007189883,0,0,0,0,-0.011962163,0.165501481,0.731806356,0.433963457,0.067939767,-0.025100065,-0.026653322,0.192352124,0.927047079,0.657972735,0.166094958,0.453725473,0.793728503,0.804457721,0.42434328,-0.014553036,0,0,0,0,-0.000602737,0.009372634,0.031170581,-0.018047352,-0.015791397,0.001191466,-0.034216163,0.15036889,0.802718699,0.985097835,1.008079419,0.938735192,0.577911101,0.143942691,-0.016021157,-0.000531386,0,0,0,0,7.94E-05,-0.001134446,-0.004441789,-0.00353251,-0.012173729,-0.027714444,0.061393144,0.556389553,1.000522416,1.005934973,0.75668527,0.300649697,-0.009795769,-0.014270884,-0.001116241,8.99E-05,0,0,0,0,9.29E-05,0.000167135,-0.02122972,-0.026374604,0.061035606,0.359929698,0.835719719,0.981078686,0.743531926,0.502866931,0.128392018,-0.026826991,-0.004990267,0.000311086,0,0,0,0,0,0.001412498,-0.012566228,-0.037714801,0.133820908,0.429867443,0.795539453,1.022716708,0.78286186,0.32194841,0.043301011,-0.026186339,-0.011292211,-0.001380889,0.000204759,1.53E-06,0,0,0,0,0,-0.023334964,0.191549581,0.609783327,0.851949789,1.004512578,0.869063243,0.415647331,0.080051249,-0.029848856,-0.006553326,0.000515929,2.13E-05,0,0,0,0,0,0,0,0,-0.040726428,0.35082981,0.842026229,0.557325146,0.322329606,0.075872892,-0.024018638,-0.015742579,-0.000216299,9.01E-05,0,0,0,0,0,0,0,0,0,0,-0.004302311,0.03973703,0.046152642,-0.027561445,-0.02231873,-0.007912947,-0.001094822,3.20E-05,1.01E-05,0,0,0,0,0,0,0,0,0,0,0,0.000673661,-0.006073132,-0.00959806,-0.000600057,7.58E-05,0,0,0,0,0,0,0,0,0,0,0,0,0,0,0,0,0,0,0,0,0,0,0,0,0,0,0,0,0,0,0,0,0,0,0,0,0,0,0,0,0,0,0,0,0,0,0,0,0,0,0,0,0
0,0,0,0,0,0,0,0,0,0,0,0,0,0,0,0,0,0,0,0,0,0,0,0,0,0,0,0,0,0,0,0,0,0,0,0,0,0,0,0,0,0,0,0,0,0,0,0,1.47E-05,0.000222576,-0.00460397,-0.01136888,-0.006427439,0.000224206,0,0,0,0,0,0,0,0,0,0,0,0,4.08E-06,2.45E-05,-5.28E-05,-0.014015523,0.007320857,0.062424854,0.024834325,-0.001211363,0,0,0,0,0,0,0,0,0,0,0,1.31E-18,0.000540918,-0.005401023,-0.03691396,0.148507438,0.613932666,0.817723822,0.63024858,-0.016388038,0,0,0,0,0,0,0,0,0,0,1.42E-17,0.000936138,-0.015259566,-0.00364036,0.282042518,0.83971989,1.063865298,1.039428275,0.874084033,-0.021272297,0,0,0,0,0,0,0,0,0,0,0.000330882,-0.012675654,0.087363494,0.579816168,1.014279735,0.938106822,0.457126413,0.805810015,0.875203467,-0.024550654,0.000336159,0,0,0,0,0,0,0,0,0,-0.01901064,0.11921854,0.775715761,0.978324494,0.782138332,0.224673169,0.038379092,0.773906469,0.891298439,0.012642558,-0.008930384,-0.035271697,-0.014025519,0.001630454,0,0,0,0,0,0,-0.009430147,0.057479235,0.411584797,0.237221356,0.013846592,-0.027421041,-0.000214154,0.659988034,0.930821647,0.081043539,0.003476477,0.287786799,0.115017702,-0.013348009,0,0,0,0,0,0,0.000827206,-0.005009191,-0.036440462,-0.022130077,-0.004871783,-0.030108507,0.030952597,0.730435032,0.92614994,0.428562721,0.7343125,1.012682019,0.400076508,-0.046781623,0,0,0,0,3.73E-19,7.08E-18,0.000183824,-0.000676998,-0.012394897,-0.028584835,-0.02505062,0.087532271,0.30731364,0.858963201,1.012997126,1.036743583,0.994590074,0.727911697,0.174593716,-0.022319106,0,0,0,9.02E-05,-0.000107517,-0.008552219,-0.021610839,-0.013205933,0.120527046,0.272205152,0.47234986,0.802752451,0.972661016,1.009513855,0.976908453,0.689371187,0.31852114,0.047909382,-0.017922283,0.001395377,0,0,0,0.000169683,-0.020099224,0.021463505,0.310616363,0.621472457,0.906128198,0.982567621,1.004194692,0.976235868,0.806316107,0.852164574,0.889744259,0.01420609,-0.029311178,-0.010523266,0.000670937,0,0,0,0,-0.011316551,0.163120643,0.681347767,1.009725626,0.998983371,0.868209967,0.70358013,0.429883664,0.249182087,0.071744996,0.657210274,0.833314768,-0.030357094,-0.000738358,9.72E-05,2.55E-06,0,0,0,0,-0.020086635,0.756991001,0.920929296,0.600300194,0.256419628,0.142800841,0.041805046,-0.043068917,-0.026011063,-0.032479728,0.481796858,0.563523518,-0.016083538,0,0,0,0,0,0,0,-0.002653356,0.370978082,0.08479553,-0.006224741,-0.029447406,-0.022703431,-0.010512107,0.000395221,0.000170037,-0.004664011,0.033912122,0.043080966,-0.001264808,0,0,0,0,0,0,0,0.000227226,-0.022995852,-0.008515268,-0.002659722,-0.000223039,2.67E-05,0,0,2.76E-06,0.000331801,-0.004094822,-0.004953885,0.000142463,0,0,0,0,0,0,0,0,0,0,0,0,0,0,0,0,0,0,0,0,0,0,0,0,0,0,0,0,0,0,0,0,0,0,0,0,0,0,0,0,0,0,0,0,0,0,0,0,0,0,0,0,0,0,0,0,0,0,0,0,0,0,0,0,0,0
0,0,0,0,0,0,0,0,0,0,0,0,0,0,0,0,0,0,0,0,0,0,0,0,0,0,0,0,0,0,0,0,0,0,0,0,0,0,0,0,0,0,0,0,0,0,0,0,0,0,0,0,0,0,0,0,0,0,0,0,0,0,0,0,0,0.000239992,-0.002364175,-0.016174432,-0.018151042,-0.017965533,-0.010573121,-0.002008323,-1.83E-06,2.25E-05,0,0,0,0,0,0,0,0,0,0,0,-0.00309649,0.029720095,0.245208291,0.273055556,0.265518229,0.120993226,-0.011428445,-0.008000489,0.000369349,0,0,0,0,0,0,0,0,0,0,0,-0.021981379,0.232272603,0.796635499,0.886356209,0.922605103,0.93189117,0.502189372,0.036567252,-0.007082653,0,0,0,0,0,0,0,0,0,0,0,-0.001084644,0.007951985,0.131478928,0.208835359,0.285656795,0.869345827,1.00758832,0.481998611,-0.019822134,0,0,0,0,0,0,0,0,0,0,0,0.000234397,-0.002117729,-0.017943133,-0.030155568,-0.026902117,0.595369363,1.044491477,0.674595673,-0.020856943,0,0,0,0,0,0,0,0,0,0,0,3.89E-19,9.70E-06,-0.000284844,-0.005144506,-0.012537718,0.658598056,1.046361775,0.581186305,-0.02095435,0,0,0,0,0,0,0,0,0,3.03E-05,-0.000133272,-0.003184436,-0.015627621,-0.031800001,-0.032396804,0.385223635,0.964036969,0.930453108,0.249549499,-0.017780671,0,0,0,0,0,0,0,0,0.00120256,-0.009907595,-0.034275174,-0.018930062,0.084195125,0.291225015,0.530229031,0.986218665,0.666020255,0.177933177,-0.021594887,-0.027571232,-0.025235737,-0.02920241,-0.026016136,-0.020470697,0.000502111,0,0,0,-0.013505361,0.107934811,0.398765148,0.568393229,0.776701014,1.020722114,1.039854031,0.970279888,0.270320738,0.077158292,0.231389042,0.271054177,0.270802185,0.316800449,0.280415986,0.22548544,-0.005426198,0,0,0,-0.041797069,0.353937705,0.942285543,0.952558277,0.95334862,0.954830983,0.983660352,0.977090926,0.894141868,0.879624251,0.907928286,0.890795932,0.958108125,0.967300915,0.968767852,0.707281813,-0.019368011,0,0,0,-0.005327952,0.041078006,0.187189542,0.211016731,0.202762885,0.291433628,0.390075231,0.392094056,0.43941602,0.405086295,0.355175679,0.272356175,0.471134259,0.447369281,0.450380413,0.216406112,-0.008288228,0,0,0,0.000509559,-0.003941568,-0.01766408,-0.020161441,-0.01960146,-0.027380321,-0.036040475,-0.036121324,-0.039082925,-0.035891544,-0.031911578,-0.024754902,-0.042213031,-0.040267565,-0.040419901,-0.019701262,0.000744656,0,0,0,0,0,0,0,0,0,0,0,0,0,0,0,0,0,0,0,0,0,0,0,0,0,0,0,0,0,0,0,0,0,0,0,0,0,0,0,0,0,0,0,0,0,0,0,0,0,0,0,0,0,0,0,0,0,0,0,0,0,0,0,0,0,0,0,0,0,0,0,0,0,0,0,0,0,0,0,0,0,0,0,0,0,0,0,0,0,0,0,0,0,0,0,0,0,0,0,0,0
0,0,0,0,0,0,0,0,0,0,0,0,0,0,0,0,0,0,0,0,0,0,0,0,0,0,0,0,0,0,0,0,0,0,0,0,0,0,0,0,0,0,0,0,0,0,0,0,0,0,0.000203824,-0.002323591,-0.001175245,8.15E-05,0,0,0,0,0,0,0,0,0,0,0,0,0,0,1.96E-05,0.000636846,-0.009713371,-0.013029616,-0.008031318,7.42E-05,0,0,0,0,0,0,0,0,0,0,0,0,0,7.34E-05,0.000131025,-0.028700334,0.080129664,0.57432484,0.301925913,-0.016513821,0.000191483,0,0,0,0,0,0,0,0,0,0,1.14E-31,8.08E-05,-1.25E-05,-0.018564406,0.104212367,0.711761914,1.052020391,0.679119753,-0.008481413,-0.0006987,-0.002863307,-0.015936053,-0.010875695,0.0003702,0,0,0,0,0,0,0.000119145,-0.001847597,-0.02583797,0.124177475,0.733662122,1.010648897,1.006812551,0.8719563,0.077072355,-0.029371681,0.011600031,0.161586754,0.109692158,-0.003820295,0,0,0,0,0,0,0.00012739,-0.017124421,0.335398945,0.875014811,0.883983633,0.462179657,0.884839234,0.812725686,0.012222001,0.144014444,0.61184063,0.977527601,0.776733567,-0.019884364,0,0,0,0,0,0,-0.014978214,0.15156216,0.939195185,0.796129732,0.205523642,-0.043098431,0.637133408,0.847536162,0.445913126,0.905462265,0.989392446,0.62489985,0.394552743,-0.011251532,0,0,0,0,0,0,-0.008862677,0.092514127,0.404072857,0.215240213,-0.075934692,0.107848278,0.77459872,1.032954085,1.023681015,0.760695721,0.252973992,-0.012772825,-0.041625155,0.000999966,0,0,0,0,6.22E-20,5.67E-18,0.000869758,-0.009319683,-0.049211355,0.035495592,0.322617273,0.847288824,1.006648727,0.886026541,0.413500238,0.035781863,-0.03165465,-0.005188317,0.000667727,0,0,0,0,0,0.000284926,-0.003879698,-0.016478077,-0.026462759,0.236687423,0.702008374,0.98900463,1.023082431,0.968246494,0.281390299,-0.027533871,-0.007135298,-6.62E-05,3.97E-05,0,0,0,0,0,0.001200874,-0.011886287,-0.013891539,0.13958989,0.544034045,0.956624632,1.021733691,0.721298102,0.861209592,0.816957506,0.060852037,-0.015386654,0.00017325,0,0,0,0,0,0,0,-0.009490033,0.062659007,0.482102362,0.899422215,1.036559266,0.83511832,0.367865605,0.031763583,0.676115332,0.634309079,0.010183696,-0.006510246,0,0,0,0,0,0,0,0,-0.041430843,0.348107333,0.990926777,0.928670054,0.457141391,0.108029194,-0.03518956,0.016151433,0.852817096,0.64010963,0.009261801,-0.006518076,0,0,0,0,0,0,0,0,-0.002883291,0.025524442,0.047815172,0.032897638,-0.013005906,-0.022144379,-0.002843546,0.001520867,0.490725711,0.385635298,-0.018019088,-0.001977975,0,0,0,0,0,0,0,0,0.000306959,-0.002628472,-0.006529156,-0.005776552,-0.001813164,0.000164027,7.90E-05,-0.001203125,-0.005258476,0.000153084,-0.00163966,0.000135825,0,0,0,0,0,0,0,0,0,0,0,0,0,0,7.34E-06,0.000107619,-0.002549835,-0.002443439,0.000263606,0,0,0,0,0,0,0,0,0,0,0,0,0,0,0,0,0,0,0,0,0,0,0,0,0,0,0,0,0,0,0,0,0,0,0,0,0,0,0,0,0,0,0,0,0,0,0
0,0,0,0,0,0,0,0,0,0,0,0,0,0,0,0,0,0,0,0,0,0,0,0,0,0,0,0,0,0,0,0,0,0,0,0,0,0,0,0,0,0,0,0,0,0,0,0,0,0,0,0,0,0,0,0,0,0,0,0,0,0,0,0,0,0,0,0,3.49E-05,-0.000286918,-0.003815206,-0.005320159,-0.000374373,7.71E-05,0,0,0,0,0,0,0,0,0,0,0,0,0,0.000454935,-0.003763174,-0.01452691,0.012796909,0.036990196,-0.006026609,-0.000354541,0,0,0,0,0,0,0,0,0,0,0,9.79E-32,8.94E-05,-0.002779086,0.005820227,0.143470639,0.641084116,0.689519267,0.101314154,-0.010902437,7.65E-18,-4.78E-17,-3.22E-16,-2.62E-16,7.93E-18,0,0,0,0,0,0,0.000348924,-0.004565802,-0.037098688,0.246753625,0.781673628,1.016068202,1.039606124,0.399241402,-0.021318593,-3.01E-05,-0.012345622,-0.021243362,-0.017687314,0.000430624,0,0,0,0,0.000216461,-0.002599976,-0.01672812,-0.015508506,0.309648287,0.888241426,1.027124149,0.983525097,0.995916171,0.264924292,-0.023720615,-0.036660807,0.118346786,0.50841758,0.419128107,-0.011874771,0,0,0,0,-0.000691176,0.003134804,0.074119009,0.394711482,0.937661547,0.908047079,0.569411101,0.956498843,0.748653561,0.03992377,-0.012955593,0.223545275,0.781657322,1.048086874,0.868245978,-0.021329487,0,0,0,0,-0.025329453,0.396638412,0.841045428,0.96964311,0.863346361,0.343095401,0.142991643,1.007014212,0.543392616,0.002134901,0.475040237,0.940467695,1.022774493,0.941081938,0.400727702,-0.018765659,0,0,0,0,-0.014507404,0.212827376,0.688878966,0.624176283,0.094566093,-0.032595656,0.173306594,1.00744201,0.622077325,0.606541536,1.045033105,0.955646089,0.471685526,0.034771446,-0.011870609,-0.000689168,0,0,0,0,0.000634242,-0.011364754,-0.003658888,0.001709014,-0.006305542,-0.003766697,0.134906522,0.900847069,0.986801147,1.019885162,0.735425194,0.260837503,-0.006433245,-0.008945517,-0.001523124,0.000118975,0,0,0,0,2.45E-05,-0.000154906,-0.003544495,-0.006881089,-0.04497316,0.241601817,0.69392748,0.977064497,1.002843222,0.667091993,0.112430292,-0.03602807,-0.003936142,0.000305736,0,0,0,0,0,0,0.00015579,-0.001621324,-0.013118107,-0.027960138,0.229728269,0.819009804,1.070758902,0.872303326,0.412303036,0.013593684,-0.017348516,-0.000292586,0.000125613,0,0,0,0,0,0,0.000829155,-0.008174939,-0.015979422,0.130157663,0.612523642,0.943801194,0.922180947,0.545792671,0.166513004,-0.025785624,-0.005917513,0.000604235,0,0,0,0,0,0,0,0,-0.004949656,0.018586925,0.474785624,0.912110924,0.996004085,0.690859338,0.231538688,-0.017134991,-0.025706631,-0.001522876,0.000293506,0,0,0,0,0,0,0,0,0,-0.037480331,0.309292569,1.000226001,0.841401552,0.397081121,0.042450352,-0.023101988,-0.001925143,5.83E-05,1.26E-05,0,0,0,0,0,0,0,0,0,0,-0.027525306,0.251732468,0.32377772,0.069135567,-0.012738881,-0.013055431,0.000664465,0,0,0,0,0,0,0,0,0,0,0,0,0,0.000949819,-0.008092661,-0.021261744,-0.014022161,-0.002783565,0.000370959,0,0,0,0,0,0,0,0,0,0,0,0,0,0,0,0,0,0,0,0,0,0,0,0,0,0,0,0,0,0,0,0
0,0,0,0,0,0,0,0,0,0,0,0,0,0,0,0,0,0,0,0,0,0,0,0,0,0,0,0,0,0,0,0,0,0,0,0,0,0,0,0,0,0,0,0,0,0,0,0,0,0,0,0,0,0,0,0,0,0,0,0,0,0,0,0,0,0,0,2.08E-05,-7.49E-05,-0.002129596,-0.003257813,-0.001252349,2.86E-05,9.70E-06,0,0,0,0,0,0,0,0,0,0,0,0,0.000269608,-0.001173617,-0.020082278,-0.010508272,0.001843597,-0.013866558,-0.002839112,0.000349094,0,0,0,0,0,0,0,0,0,0,1.49E-18,0.000170207,-0.003304909,-0.018249715,0.14262774,0.505012408,0.642554517,0.344001089,0.008278641,-0.004172624,0,0,-7.11E-33,-1.60E-17,-7.11E-33,0,0,0,0,2.20E-05,0.000329691,-0.008557156,-0.012315325,0.265994201,0.836401467,1.040994264,1.039016561,0.92583124,0.141985753,-0.017085546,0.000248162,-0.001707006,-0.008645833,-0.013996406,0.000194036,0,0,0,0,-5.66E-06,-0.005317303,0.010979764,0.471197702,0.972656466,0.951247962,0.514879336,0.529646094,1.052712469,0.333886768,-0.023629727,-0.021797216,-0.025508795,0.029095634,0.108322695,-0.000765358,0,0,0,0,-0.002462163,-0.004058568,0.523077325,0.973124864,0.740631208,0.234355937,-0.025826338,0.205448274,0.92994567,0.554728014,-0.026543743,0.133771974,0.398911441,0.702780484,0.767715051,-0.014886983,0,0,0,0,-0.001861469,0.007076985,0.330883357,0.329128472,0.071861165,-0.02885992,-0.012235481,0.00613894,0.687919458,0.827270783,0.492329895,0.869716656,0.980730443,0.793983047,0.302198969,-0.013902676,0,0,0,0,8.09E-05,-0.000163603,-0.014893808,-0.024678734,-0.013490532,-0.002437806,-0.028171449,0.143502315,0.751204555,1.05040583,0.986141748,0.792193202,0.329937279,0.023943781,-0.023999769,-7.20E-05,0,0,0,0,5.51E-06,-2.21E-05,-0.000658548,-0.004094686,-0.016919867,-0.0036282,0.324544798,0.846203465,1.026284909,0.811491667,0.368639774,0.056846695,-0.025892395,-0.005276705,-0.000535241,6.89E-05,0,0,0,0,3.42E-05,0.000891117,-0.015887347,-0.017525614,0.079594075,0.546745139,0.985940392,0.938351745,0.518278029,0.090906555,-0.030359613,-0.012501834,0.000410501,4.52E-05,0,0,0,0,0,0.00044882,-0.003220231,-0.032610839,0.069325231,0.470455627,0.822385128,0.994648795,0.722904139,0.190439168,-0.020093444,-0.014816457,-0.001411016,0.000161697,0,0,0,0,0,0,0,-0.005901105,0.033109801,0.385500238,0.814820908,1.01326348,0.776291903,0.377679041,0.052509378,-0.020815921,-0.00068687,0.000142677,0,0,0,0,0,0,0,0,0,-0.035525661,0.300114192,0.826531897,0.709449466,0.385906148,0.046258204,-0.021567147,-0.01364791,0.000121936,5.97E-05,0,0,0,0,0,0,0,0,0,0,-0.007221475,0.06524469,0.102580065,-0.022991268,-0.026753217,-0.006031093,-0.001025582,8.07E-05,4.60E-06,0,0,0,0,0,0,0,0,0,0,0,0.000937267,-0.008345359,-0.015201174,-0.001890669,0.000168766,0,0,0,0,0,0,0,0,0,0,0,0,0,0,0,0,0,0,0,0,0,0,0,0,0,0,0,0,0,0,0,0,0,0,0,0,0,0,0,0,0,0,0,0,0,0,0,0,0,0,0,0,0
0,0,0,0,0,0,0,0,0,0,0,0,0,0,0,0,0,0,0,0,0,0,0,0,0,0,0,0,0,0,0,0,0,0,0,0,0,0,0,0,0,0,0,0,0,0,0,0,0,0,0,0,0,0,0,0,0,0,0,0,0,0,0,0,0,0,0,0,0.000162224,-0.000895527,-0.021051266,-0.04463991,-0.023285842,0.000601767,2.68E-05,0,0,0,0,0,0,0,0,0,0,0,9.19E-06,0.001066712,-0.011888787,-0.025888429,0.311090108,0.738146514,0.357015698,-0.020550364,0.00048892,0,0,0,0,0,0,0,0,0,0,1.67E-31,0.000450708,-0.011780604,0.035155467,0.407791224,0.975288603,1.074160658,0.876314663,0.069020969,-0.007839733,-0.000607639,-0.007819734,-0.001840783,0.000217014,0,0,0,0,0,0,5.53E-05,-0.006379017,-0.003265069,0.528401467,1.015738392,0.735793777,0.548425075,0.951055043,0.377210138,-0.040108932,-0.010943798,0.074549207,0.02006823,-0.002268008,0,0,0,0,0,0,0.000628032,-0.02713361,0.432248983,1.010211603,0.678013194,0.055849707,0.170957513,0.945645931,0.475633178,-0.057976438,0.369923532,0.808578771,0.111641471,-0.016116682,0,0,0,0,0,0,-0.011366847,0.110406029,0.886071977,0.709168079,0.068643229,-0.032017531,0.079235941,0.852121041,0.410718205,0.440599401,0.935219669,0.528703295,0.011061565,-0.005782782,0,0,0,0,0,0,-0.025249779,0.278830082,0.829162981,0.240394659,-0.028252689,-0.009818661,0.079916088,0.863120643,0.868046041,0.983485073,0.546970639,0.034014382,-0.013202835,0.000514876,0,0,0,0,0,0,-0.001157407,0.013228486,0.028416935,-0.002284756,-0.000984069,-0.030148046,0.244957789,0.950435928,0.99050383,0.541756093,-0.003079691,-0.012867136,0.001054176,0,0,0,0,0,0,0,0.000163399,-0.001805896,-0.004565957,-0.007739311,-0.033515795,0.176567351,0.76812917,0.961608356,0.391616728,0.011902029,-0.011292637,0.000233303,7.34E-06,0,0,0,0,0,0,0,5.34E-18,0.000769944,-0.017106905,-0.004400656,0.319688982,0.904546798,0.99838823,0.701637124,-0.014937545,-0.009286056,0.000887856,0,0,0,0,0,0,0,1.38E-06,0.000129136,-0.000289726,-0.022757455,0.054910844,0.568374047,1.017671722,0.660574976,0.544385774,0.272274435,-0.018456563,0.000310628,0,0,0,0,0,0,0,0.000139415,-0.000270987,-0.0191322,-0.037190802,0.181989754,0.731339139,1.001802237,0.600178088,0.052457976,0.114855307,0.039439638,-0.004678479,0,0,0,0,0,0,0,0,-0.00051812,-0.002384055,0.098077223,0.390676641,0.919864856,0.888600105,0.27337083,-0.004246119,-0.013578585,-0.01116396,-0.004669245,0.000404582,0,0,0,0,0,0,0,0,-0.009883005,0.054361383,0.706481499,0.977535778,0.622780382,0.207951045,-0.011467507,-0.00446281,0.00012546,-0.000231464,-0.002061388,8.68E-06,0,0,0,0,0,0,0,0,-0.011253307,0.068850434,0.720266941,0.624694859,0.020020094,-0.02720607,-0.001802821,0.00017325,-1.64E-17,8.18E-18,0.018383392,8.18E-18,0,0,0,0,0,0,0,0,0.000285353,-0.005298118,0.045498792,0.008710597,-0.008571453,-0.000223187,8.51E-05,0,-5.02E-17,2.51E-17,0.056453569,2.51E-17,0,0,0,0,0,0,0,0,0,0.000307649,-0.005492153,-0.002407152,0.00014808,0,0,0,4.41E-18,-2.20E-18,-0.004952067,-2.20E-18,0,0,0,0,0,0
0,0,0,0,0,0,0,0,0,0,0,0,0,0,0,0,0,0,0,0,0,0,0,0,0,0,0,0,0,0,0,0,0,0,0,0,0,0,0,0,0,0,0,0,0,0,0,0,0,0,0,0,0,0,0,0,0,0,0,0,0,0,0,0,0,0,0,0.000133301,-0.00080719,-0.007071181,-0.024812653,-0.022867902,-0.003583833,0.000273693,0,0,0,0,0,0,0,0,0,0,0,0,0.000428922,-0.003768293,-0.019466078,0.063910267,0.37687403,0.34018493,0.02290352,-0.00343733,0,0,0,0,0,0,0,0,0,0,0,6.38E-05,-0.003448393,-0.021532279,0.307579521,0.786643655,1.005200742,1.01237243,0.501129829,-0.027987643,0.000680828,0,0,0,0,0,0,0,0,0,0.000428922,-0.003448393,-0.026442504,0.300052756,0.932127587,1.003490009,0.944177475,1.010991285,0.783512953,0.063548305,-0.007404003,0,0,0,0,0,0,0,0,0.000193225,-0.004764176,-0.023355686,0.299780448,0.922860539,1.024286226,0.425297243,0.255949666,0.923340637,0.931257196,0.175591768,-0.017223105,0,0,0,0,0,0,0,0.000569891,-0.005845895,-0.030008749,0.317546637,0.944248945,0.997226978,0.490983286,0.03328319,0.150374081,0.911352158,0.933299567,0.16763031,-0.040467405,-0.026887817,-0.016493821,-0.002938272,0.000194547,0,0,0,-0.008732216,0.059398046,0.404618958,0.938714205,0.863175824,0.511986738,-0.015734018,-0.052692385,0.169251838,0.911513583,0.926298561,0.264567096,0.330124626,0.415299615,0.232360073,0.022559771,-0.002221712,0,0,0,-0.025518731,0.197464444,0.888059981,1.015874677,0.557770935,0.447865779,0.485033786,0.473314015,0.578798679,0.948386778,0.995792518,0.955341708,1.008990332,1.029573615,0.967802339,0.45696058,-0.01870047,0,0,0,-0.005943092,0.04145081,0.287365145,0.277324449,0.452358047,1.034881816,1.055313947,1.049105103,1.024363188,1.002421432,0.989557889,0.785802628,0.739471558,0.632757438,0.346010723,0.131488253,-0.006878064,0,0,0,0.000751766,-0.005351188,-0.034414822,-0.064920254,0.291487557,0.607388131,0.222707136,0.408246708,0.964943354,1.025447512,0.390849526,0.063983191,0.049145401,0.020721995,-0.046337899,-0.015979509,0.000807142,0,0,0,0,0,0,0.000825504,-0.008978418,-0.020621594,-0.027700419,-0.007168062,0.898760366,0.979525225,0.18261246,-0.031915679,-0.010825844,-0.007488937,0.000455474,0,0,0,0,0,0,0,0,0,0,-0.001662386,-0.006091282,0.333441585,0.996787429,0.773010281,0.070590274,-0.01180913,0,0,0,0,0,0,0,0,0,0,0,0,0,-0.028975582,0.229305981,0.926160097,0.998372158,0.438742068,-0.018052311,-0.002827989,0,0,0,0,0,0,0,0,0,0,0,0,0,-0.022213526,0.171798407,0.801765659,0.588538637,0.057816381,-0.012041702,0.000210376,0,0,0,0,0,0,0,0,0,0,0,0,0,-0.00015133,-0.002783366,0.076213617,0.041528423,-0.015128715,0.001288742,0,0,0,0,0,0,0,0,0,0,0,0,0,0,0.000211977,-0.001316551,-0.013414182,-0.008836635,0.000527982,0,0,0,0,0,0,0,0,0,0,0,0,0,0,0,0,0,0,0,0,0,0,0,0,0,0,0,0
0,0,0,0,0,0,0,0,0,0,0,0,0,0,0,0,0,0,0,0,0,0,0,0,0,0,0,0,0,0,0,0,0,0,0,0,0,0,0,0,0,0,0,0,0,0,0,0,0,0,0,0,0,0,0,0,0,0,0,0,0,0,0,0,0,0,0,0,0,0,0,0,0,0,0,0,0,0,0,0,0,0,0,0,0,0,0,0.000315519,-0.002401961,-0.012182598,-0.007629596,0.000460478,0,0,0,0,0,0,0,0,0,0,0,0,0,1.13E-17,0.00072338,-0.0096793,-0.021554415,0.0543037,0.017413484,-0.021253779,0.00138218,5.53E-05,0,0,0,0,0,0,0,0,0,0,0.000214461,-0.000873162,-0.022431577,0.056816936,0.513568644,0.761320789,0.657823019,0.170577972,-0.018130885,-0.000268076,0,0,0,0,0,0,0,0,0,8.32E-05,-0.001254943,-0.024189019,0.180073614,0.725095515,0.867378011,0.563603841,0.812270206,0.730028909,0.044238632,-0.010147874,0,0,0,0,0,0,0,0,0,-0.00066156,-0.014013548,0.217803819,0.842334797,0.671756587,0.093795718,-0.0505713,0.269288603,0.909250374,0.126075323,-0.022950027,-0.005058058,-0.005714308,-0.005712623,-0.004014105,-0.00141059,0.000134038,0,0,0,-0.002789522,0.013130515,0.479710784,0.39077354,0.05783208,-0.03468624,-0.049440479,0.150680692,0.796785658,0.147118204,0.00198206,0.025059794,0.033061019,0.035014195,0.013251634,-0.003982928,0.000284671,0,0,0,-0.000190666,0.002530161,0.02124389,-0.027558211,-0.036549298,0.110399254,0.342920939,0.615210801,0.994641782,0.810949037,0.789523931,0.866389008,0.938599265,0.929289318,0.754517532,0.334270578,-0.030993413,0,0,0,0.000171671,-0.001481652,-0.025455661,0.012815189,0.396647694,0.830099656,1.042932479,0.987902676,0.660777795,0.456252123,0.514718137,0.604986996,0.603787735,0.48427565,0.468496358,0.355078721,-0.031893808,0,0,0,-0.000203977,-0.027616825,0.284623555,0.822580544,0.856812599,0.509303025,0.353755113,0.137791468,0.025060892,-0.031676547,-0.017838144,0.004631589,0.00502186,-0.023201918,-0.036070953,0.002521045,-0.000146498,0,0,0,-0.016365758,0.230732979,0.925458946,0.634945091,0.07085837,-0.027751396,-0.021231277,-0.018748128,-0.008215891,-0.001600186,-0.003211806,-0.005850014,-0.005905331,-0.002581189,-0.001311266,-0.003336908,0.000293607,0,0,0,-0.034147263,0.591456461,0.552153969,0.022503745,-0.014289555,0.000192844,2.13E-05,0,0,0,0,0,0,0,0,0,0,0,0,0,-0.007846099,0.142258238,0.028943287,-0.013561479,0.000694326,3.98E-05,0,0,0,0,0,0,0,0,0,0,0,0,0,0,0.000562653,-0.010049071,-0.004318372,0.000266238,0,0,0,0,0,0,0,0,0,0,0,0,0,0,0,0,0,0,0,0,0,0,0,0,0,0,0,0,0,0,0,0,0,0,0,0,0,0,0,0,0,0,0,0,0,0,0,0,0,0,0,0,0,0,0,0,0,0,0,0,0,0,0,0,0,0,0,0,0,0,0,0,0
0,0,0,0,0,0,0,0,0,0,0,0,0,0,0,0,0,0,0,0,0,0,0,0,0,0,0,0,0,0,0,0,0,0,0,0,0,0,0,0,0,0,0,0,0,0.000183441,-0.001059883,-0.025782168,-0.05046268,-0.049504708,-0.051247401,-0.030669357,-0.002027491,0.000334271,0,0,0,0,0,0,0,0,0,3.25E-05,5.29E-05,-0.006617596,-0.017791939,0.199735844,0.432822372,0.423905229,0.440251481,0.246389314,0.006688085,-0.002292858,0,0,0,0,0,0,0,0,0,0.000123366,-0.009198393,0.029014229,0.438086737,0.88974787,1.069894608,1.069766238,1.059376004,0.909887612,0.196500805,-0.016688794,3.06E-05,0,0,0,0,0,0,0,0,-0.005908088,0.049290645,0.686134004,1.002978979,1.031519829,0.860892753,0.786202461,0.968860686,1.025439372,0.523822527,-0.023356481,0.00019744,0,0,0,0,0,0,0,0,-0.031816993,0.502923424,1.030825861,1.018259464,0.675236605,0.154036186,0.05324326,0.6367404,1.032434062,0.805570961,0.040075572,-0.00532918,0,0,0,0,0,0,0,0,-0.041635838,0.691450257,0.97170006,0.513283991,0.031676191,-0.031425136,-0.024457014,0.475722589,1.041667193,0.896520564,0.105830208,-0.011096504,0,0,0,0,0,0,0,0,-0.008337163,0.134875153,0.263190104,0.054269301,-0.018402565,-0.00061666,-0.02217116,0.370194291,1.015569853,0.908158809,0.157873366,-0.015628234,-0.001421926,-0.003252859,-0.001349568,6.84E-05,0,0,0,0,0.000810611,-0.013137851,-0.02496298,-0.006582755,0.000815295,0.000125715,-0.033583265,0.217593801,0.981565836,0.950787422,0.260418403,-0.062757625,-0.020323206,0.006619826,-0.016560356,-0.008510859,0.000727635,0,0,0,0,0,0,0,0,-0.000249234,-0.029940819,0.266986264,0.991060253,0.960497992,0.424244077,0.234157271,0.43774983,0.600620285,0.416456609,0.050101188,-0.005448751,0,0,0,0,0,0,0,0.000301659,-0.002809726,-0.040092542,0.310582925,0.998285471,0.972957296,0.875891697,1.013137544,1.041375698,0.965386591,0.682333697,0.212568423,-0.020292926,0,0,0,0,0,4.59E-18,0.000672618,-0.011812657,-0.021406486,0.065104511,0.526348583,1.013373894,0.97631875,1.004468207,1.023147956,1.000093012,0.685656414,0.097306247,0.020190439,-0.002664995,0,0,0,1.23E-06,0.000319444,-0.00128125,-0.030246119,0.037558667,0.390277505,0.821410948,1.002423628,1.015697934,0.688028804,0.752151501,0.571301913,0.386534756,0.092650463,-0.021258985,-0.004260281,0.000391476,0,0,0,0.000191687,-0.006419594,-0.012268433,0.36110352,0.693014757,0.975222954,1.038406284,0.976310985,0.588927611,0.126273593,0.128814338,-0.018347971,-0.040924394,-0.00987626,0.001024214,1.70E-05,0,0,0,0,-0.000129749,-0.031667279,0.3229383,0.897521667,1.036801683,1.02462374,0.761582857,0.294740911,-0.002720163,-0.021382027,-0.020358967,-0.003379289,0.000523897,0,0,0,0,0,0,0,-0.023457721,0.353505362,0.960971916,1.033018229,0.885540591,0.517008766,0.051684896,-0.03535815,-0.002806883,0.000122294,2.45E-05,0,0,0,0,0,0,0,0,0,-0.025344105,0.405238627,0.785235535,0.534687929,0.140387584,-0.013675367,-0.012597173,0.001318943,0,0,0,0,0,0,0,0,0,0,0,0,0.00073223,-0.011779514,-0.021013923,-0.020893757,-0.016103264,-0.004119179,0.000216333,1.84E-05,0,0,0,0,0,0,0,0,0,0,0,0,0,0,0,0,0,0,0,0,0,0,0,0,0,0,0,0,0
0,0,0,0,0,0,0,0,0,0,0,0,0,0,0,0,0,0,0,0,0,0,0,0,0,0,0,0,0,0,0,0,0,0,0,0,0,0,0,0,0,0,0,0,0,0,0,0,0,0,0,0,0,0,0,0,0,0,0,0,0,0,0,0,0,0,0,0,0.000115043,-0.00121298,-0.008921211,-0.024255566,-0.015756033,0.000585682,0,0,0,0,0,0,0,0,0,0,0,0,0,0.000682402,-0.006587214,-0.012536186,0.092498809,0.365336772,0.250790768,-0.009111179,0,0,0,0,0,0,0,0,0,0,0,9.79E-32,0.000178717,-0.005525967,0.010417296,0.33919761,0.889808841,1.016204214,0.528155939,-0.020790101,4.98E-18,-6.95E-17,-2.23E-16,-3.44E-17,4.72E-18,0,0,0,0,0,0,0.000710614,-0.009707755,-0.033848871,0.310787224,0.889768382,0.977920547,1.018586754,0.373520613,-0.020505174,-0.00302662,-0.015570364,-0.020379051,-0.003075191,0.000430624,0,0,0,0,0.000149199,-0.000600057,-0.031243376,0.013870086,0.343853045,0.931503217,0.720349694,0.442464874,1.042916225,0.355643854,-0.042778542,-0.022461392,0.172616774,0.39033016,0.06060394,-0.008327898,0,0,0,0,-0.001205984,0.004598686,0.179314798,0.590979354,1.017229747,0.768164386,0.108143382,0.31737917,1.011301096,0.13137209,0.117120541,0.469835325,0.884266561,1.017578346,0.148304034,-0.021130685,0,0,0,0,-0.004654769,0.023444359,0.763402659,0.895124217,0.591898244,0.115359528,-0.011372004,0.689652454,0.891420547,0.596917913,0.857597154,1.004777659,0.854652284,0.703112234,0.05408687,-0.010763208,0,0,0,0,-0.000368413,-0.000798458,0.084379476,0.099245421,-0.00147548,-0.026203499,0.021610396,0.843650106,1.001276688,1.039790809,0.817757693,0.482667807,0.121328687,0.060126157,-0.008487679,0.000118294,0,0,0,0,3.72E-05,-3.91E-05,-0.007324806,-0.009671824,-0.020742462,-0.017310372,0.337717456,0.960987388,0.977332193,0.469741025,0.11102068,-0.029477958,-0.010928394,-0.006627451,0.000140791,4.95E-05,0,0,0,0,2.45E-06,0.000659574,-0.00496693,-0.034702808,0.135660263,0.635116163,0.958547026,0.985764084,0.44589961,-0.046879882,-0.021937311,-9.25E-05,5.71E-05,4.89E-06,0,0,0,0,2.91E-05,-4.74E-06,-0.002645987,-0.018057819,0.00202131,0.284465635,0.878426905,0.974433772,0.972092252,0.896812449,0.195580933,-0.029833782,0.000365945,0,0,0,0,0,0,0,0.000422283,-0.005335647,-0.008633664,0.140268161,0.598356652,0.973309334,0.819002809,0.32765385,0.793852379,0.845741353,0.079064577,-0.013065509,0,0,0,0,0,0,0,0,-0.010030978,0.04790194,0.670281386,0.975868702,0.906079095,0.613823104,0.124737679,0.015149442,0.701538773,0.568268178,-0.030491847,-0.000290653,0,0,0,0,0,0,0,0,-0.010119485,0.070689026,0.487854439,0.476601154,0.203672522,-0.0102508,-0.017155538,0.009231618,0.143754034,0.056377111,-0.004330423,7.95E-05,0,0,0,0,0,0,0,0,0.000881538,-0.006202988,-0.043107089,-0.02190937,-0.023303983,-0.003010986,0.000683424,-0.001231503,-0.018944601,-0.009292324,0.000569891,0,0,0,0,0,0,0,0,0,1.70E-05,-0.000104969,-0.000856481,-0.002646889,-0.000224673,2.14E-05,0,0,0,0,0,0,0,0,0,0,0,0,0,0,0,0,0,0,0,0,0,0,0,0,0,0,0,0,0,0,0,0,0
0,0,0,0,0,0,0,0,0,0,0,0,0,0,0,0,0,0,0,0,0,0,0,0,0,0,0,0,0,0,0,0,0,0,0,0,0,0,0,0,0,0,0,0,0,0,0,0,0,0,0,0,0,0,0,0,0,0,0,0,0,0,0,0,0,0,0,2.57E-05,0.000226562,-0.00601154,-0.035918964,-0.029486264,-0.003504392,0.0004856,0,0,0,0,0,0,0,0,0,0,0,7.47E-19,0.000101103,-0.000604439,-0.019831648,0.056135281,0.578707261,0.461862456,0.042964633,-0.007335069,0,0,0,0,0,0,0,0,0,1.57E-17,-2.44E-16,0.00072338,-0.008063045,-0.028562312,0.088434453,0.611375613,1.021447849,1.008195602,0.27546961,-0.020104507,0,0,0,0,0,0,0,0,0,0.000324755,-0.004604269,-0.026051879,0.066526757,0.321429144,0.800109715,0.849748775,0.983898744,0.95772983,0.191358451,-0.018672726,0,0,0,0,0,0,0,0,0,-0.020621,0.316715805,0.781867841,0.829391671,0.846480812,0.495704245,0.17169493,0.956522224,0.933335338,0.126657542,-0.017682388,0,0,0,0,0,0,0,0,0,-0.009520935,0.133733541,0.543400565,0.402434589,0.130347842,-0.033862269,0.022491217,0.856671501,0.909353452,0.141221618,-0.01660466,6.46E-05,-0.002078533,-0.010648335,-0.012431413,0.000291565,0,0,0,0,0.000625153,-0.009743464,-0.019426062,-0.029246272,-0.013229027,-0.005949397,0.047796262,0.930114907,0.78184855,0.061524585,-0.023039845,-0.034333725,-0.013894982,0.125824721,0.188048558,-0.003918164,0,0,0,0,2.11E-05,-0.000200061,-0.002840074,-0.000634804,8.07E-05,-0.007150429,0.056226307,1.0022404,0.540125919,-0.051671558,0.039628149,0.238054364,0.561047828,0.934170564,0.657689998,-0.019838133,0,0,0,0,0,0,2.85E-18,0.000134464,-0.003857024,-0.015808653,0.038460138,0.993653578,0.561670667,0.380970812,0.692716384,1.013707023,0.794974673,0.469178224,0.049448946,-0.008160743,0,0,0,0.000205027,-0.001033386,-0.015925971,-0.024334923,-0.031370613,-0.011144488,0.016574131,0.293588385,0.988128507,0.939076254,0.789751065,0.582433876,0.283402379,0.059857086,-0.01924733,-0.007430761,0.000468285,0,0,0,-1.96E-05,-0.006638838,0.109950351,0.189790322,0.240743277,0.514769883,0.686811632,0.971118617,0.941765302,0.434730035,0.033040082,-0.025276757,-0.020826355,-0.011637391,-0.002862881,-0.000110574,3.91E-05,0,0,0,-0.035895805,0.302505362,0.832059538,0.869896327,0.907302747,0.986985175,0.817870404,0.570005753,0.215649833,0.012734205,-0.011451072,0.000497855,0,0,0,0,0,0,0,0,-0.008490889,0.071593137,0.187561036,0.346590533,0.310076474,0.173033729,0.043183755,-0.008650259,-0.029103724,-0.005591708,0.000733765,0,0,0,0,0,0,0,0,0,0.000576006,-0.004841452,-0.013083384,-0.022075674,-0.020311989,-0.013440494,-0.005928871,-0.002434181,-4.73E-05,1.50E-05,0,0,0,0,0,0,0,0,0,0,0,0,0,0,0,0,0,0,0,0,0,0,0,0,0,0,0,0,0,0,0,0,0,0,0,0,0,0,0,0,0,0,0,0,0,0,0,0,0,0,0,0,0,0,0,0,0,0,0,0,0,0,0,0,0,0,0,0
0,0,0,0,0,0,0,0,0,0,0,0,0,0,0,0,0,0,0,0,0,0,0,0,0,0,0,0,0,0,0,0,0,0,0,0,0,0,0,0,0,0,0,0,0,0,0,9.76E-05,-0.000707268,-0.0042697,-0.004414007,-0.000891525,0.000117158,0,0,0,0,0,0,0,0,0,0,4.75E-06,-1.35E-05,-0.00081587,-0.001129289,-0.009079787,-0.023256672,-0.000590414,0.000363477,-0.023216605,-0.009412886,0.000329095,2.17E-05,0,0,0,0,0,0,0,0,0.000248417,-0.002803088,-0.023169833,-0.02611683,0.083367559,0.48182324,0.734868004,0.74001891,0.505871834,0.0912651,-0.01322755,0.000375732,0,0,0,0,0,0,0,0,-0.002802951,0.023584746,0.336325334,0.446653493,0.805544889,0.996866473,0.698627332,0.724058449,1.047418147,0.719196697,0.056420207,-0.006782748,2.24E-18,0,0,0,0,0,0,0,-0.008686479,0.084233115,0.938530876,1.068505804,0.814882767,0.373213406,0.013781165,0.068796262,0.768341929,0.956976886,0.220501004,-0.023251208,0.000220588,0,0,0,0,0,0,0,-0.001995791,0.003874876,0.360344445,0.499429039,0.116546563,-0.03020379,-0.009030818,-0.032897371,0.303963573,0.977432128,0.5402141,-0.005826488,-0.00428519,0,0,0,0,0,0,0,0.000170547,-0.001649986,-0.01846235,-0.021235192,-0.013093297,-0.001509736,0.000286629,-0.006523523,0.041170003,0.860891083,0.668755259,0.018316023,-0.012044067,-0.016139348,-0.033342098,0.000469771,0,0,0,0,0,0,0,0,0,0,0,-0.000477431,-0.014611077,0.642599636,0.764221099,0.087455559,-0.00922709,0.219529139,0.557942331,-0.007069887,0,0,0,0,0,0,0,8.81E-19,-2.10E-18,0.000118719,-0.000254034,-0.021949466,-0.054439168,0.573273613,0.994195976,0.713730596,0.81735929,1.031847784,0.786655253,-0.021049326,0,0,0,0,0,0,6.38E-05,-0.000377008,-0.008052566,-0.020148506,-0.018157765,0.22968716,0.36093367,0.804064874,1.019550245,0.900083163,0.677895493,0.519111792,0.16549361,-0.008487541,0,0,0,0,1.35E-05,0.000964086,-0.00992056,-0.034732566,0.028318973,0.195005316,0.535117436,0.953804795,0.966925387,1.029568628,0.737574481,0.148351864,0.016904274,-0.013248696,-0.024488392,0.000799499,0,0,0,0.001829522,-0.015787735,-0.047386812,0.046997481,0.320972426,0.660140706,0.99668607,0.904064168,0.605419662,0.725304994,0.884463145,0.225291565,-0.039261302,-0.008298441,-0.003742341,0.000249175,1.53E-05,0,0,0,-0.031248217,0.267391833,0.647249711,0.734200368,0.973226869,0.839491918,0.62270738,0.190176573,0.269076355,0.782843631,0.381335997,-0.022571147,0.000519131,0,0,0,0,0,0,0,-0.038536138,0.329975592,0.812811989,0.776646565,0.436888242,0.044428614,-0.004674769,-0.027041122,0.133288943,0.186982298,-0.009313403,-0.003167382,0.000153186,0,0,0,0,0,0,0,-9.42E-05,0.000799581,0.002386132,0.000351869,-0.012465261,-0.007852258,-0.002824806,6.47E-05,-0.008424734,-0.013332159,-0.00153836,0.000150123,0,0,0,0,0,0,0,0,0.000234317,-0.002005626,-0.004977376,-0.004616608,-0.001544984,0.000185501,0,0,0,0,0,0,0,0,0,0,0,0,0,0,0,0,0,0,0,0,0,0,0,0,0,0,0,0,0,0,0,0,0,0,0,0,0,0,0,0,0,0,0,0,0,0,0,0,0,0,0,0
0,0,0,0,0,0,0,0,0,0,0,0,0,0,0,0,0,0,0,0,0,0,0,0.000125613,-0.000988562,-0.015530365,-0.021035029,-0.021112572,-0.018276314,-0.007612677,7.66E-05,3.68E-05,0,0,0,0,0,0,0,0,0,0,0.000312422,-0.002647568,-0.015905181,0.09481452,0.145991959,0.146546281,0.120318322,0.022761913,-0.029052118,-0.000500999,0.000195264,0,0,0,0,0,0,0,0,0,-0.000782275,-0.00815065,0.219412871,0.86493944,1.020955525,1.024480929,0.943001481,0.625543539,0.222634634,-0.020674598,-0.002481197,0.000204759,0,0,0,0,0,0,0,0,-0.038918104,0.326024527,0.933802985,0.997821402,0.991784926,1.011378834,1.015286492,1.021264263,0.888632966,0.314059862,-0.015423359,-0.002328261,0,0,0,0,0,0,0,0,-0.043463781,0.37109295,0.922757966,1.016599929,0.953666633,0.842195912,0.822741626,0.95202822,1.013581291,0.933221661,0.25199929,-0.021309658,0.000329776,0,0,0,0,0,0,0,-0.00658636,0.052080661,0.178393059,0.639903408,0.442945023,0.123986673,0.107670632,0.440330219,0.998068951,1.021794458,0.722640655,0.012893944,-0.002959474,0,0,0,0,0,0,0,0.000927504,-0.007987852,-0.022005727,0.022010874,0.001788859,-0.023696098,-0.030412335,0.133039521,0.892547389,1.017265688,0.966041135,0.303612436,-0.02843426,0,0,0,0,0,0,0,0,4.08E-05,-0.000139229,-0.0076731,-0.004332448,0.0004851,-0.000824397,-0.021250119,0.32699297,0.942711635,0.996704085,0.42407964,-0.039327121,3.31E-05,0,0,0,0,0,0,0,0,0,0,0,0,0.000100848,-0.034323444,0.229859801,0.986021106,0.991321474,0.414805879,-0.039284024,0.000110294,0,0,0,0,0,0,0,0,0,0,0,0,0,-0.033514093,0.244321215,0.992207584,1.011989065,0.591400344,0.020477379,-0.007465686,-1.39E-16,-1.52E-17,2.49E-18,0,0,0,0,0,0,0,0,0,0,-0.006214154,0.011711465,0.549621681,1.02713006,0.744925807,0.054916582,-0.03513477,-0.019817028,-0.006015688,0.000388072,0,0,0,0,0,0,0,4.89E-05,0.000483278,-0.009296808,-0.027089601,-0.022290741,0.52834451,1.01333092,0.819600098,0.36739216,0.313889687,0.289517362,0.052495451,-0.005366679,0,0,0,0,9.80E-06,-4.19E-06,-0.001684845,-0.005866268,-0.024657016,0.048647467,0.127867987,0.459497702,0.970213661,0.99530261,0.995864175,1.015377587,1.018077699,1.008907493,0.350302152,-0.020118124,0,0,0,0,0.000250408,-0.00404456,-0.014379153,0.035799513,0.28905616,0.698009157,0.861557598,1.002417365,1.031482809,1.0015885,0.985159892,0.994506672,0.942045428,0.881188896,0.360637476,-0.018121426,0,0,0,0,-0.004136744,0.035266782,0.476412633,0.744074602,0.975488888,1.042353826,0.956115349,0.760529871,0.758490485,0.56069599,0.367752859,0.385083878,0.248777574,0.016417092,0.011916317,-0.000610362,0,0,0,0,-0.007019097,0.067053956,0.718978741,1.027863715,0.981659652,0.702347324,0.360280263,0.010565291,0.013205644,-0.005842047,-0.025504357,-0.025249183,-0.017630515,-0.004752196,-0.002206698,0.000112337,0,0,0,0,-0.000292589,-0.000354348,0.052021371,0.141511608,0.131216279,0.038597998,-0.010150931,-0.008308263,-0.006096164,-0.002963131,0.000126371,0,0,0,0,0,0,0,0,0,8.48E-05,-0.000549088,-0.01051794,-0.020581257,-0.01946075,-0.009555079,-0.002650123,0.000212418,6.13E-06,0,0,0,0,0,0,0,0,0,0,0,0,0,0,0,0,0,0,0,0,0,0,0,0,0,0,0,0
0,0,0,0,0,0,0,0,0,0,0,0,0,0,0,0,0,0,0,0,0,0,0,0,0,0,0,0,0,0,0,0,0,0,0,0,0,0,0,0,0,0,0,0,0,0,0,0,0,0,0,0,0,0,0,0,0,0,0,0,0,0,0,0,0,0,0,0,1.32E-05,-3.29E-05,-0.002580729,-0.0015481,0.000172435,0,0,0,0,0,0,0,0,0,0,0,0,0,0,0,0.000700572,-0.012499762,-0.006773335,-0.004561172,-0.002700868,0.00026348,0,0,0,0,0,0,0,0,0,0,0,4.58E-32,1.17E-17,0.001732502,-0.023129323,0.068536305,0.56805239,0.341621272,-0.015626758,-0.00184232,2.71E-18,5.39E-18,-3.68E-16,-5.58E-16,1.17E-17,0,0,0,0,0,0,0.0001234,-0.000972733,-0.036363853,0.128419918,0.69968556,1.069358064,0.695418352,0.030404896,-0.008662514,-0.001903425,-0.01546041,-0.021643178,-0.017844768,0.000434028,0,0,0,0,0,0.001247401,-0.009565193,-0.04838716,0.239537329,0.898443806,1.049768032,0.950174116,0.327041787,-0.021399,-0.028340671,-0.035410348,0.086739975,0.56998332,0.775267732,-0.016387598,0,0,0,0,0.000169424,-0.012219771,0.045109937,0.401360532,0.956324294,0.900554653,0.918828942,0.830830423,0.081291445,-0.053443041,0.189570278,0.484802849,0.894762663,1.032384855,0.669420257,-0.019986213,0,0,0,0,-0.003001021,0.000293845,0.596814474,1.060164318,0.574018164,0.110486758,0.749690155,0.76358318,0.025885621,0.590308589,0.929466503,1.062041786,0.736679041,0.287417024,0.060656109,-0.004273386,0,0,0,0,-0.001757149,-0.005828499,0.41276491,0.582802526,0.030017818,-0.103885332,0.71216042,0.976347426,0.916309726,1.028257528,0.722288756,0.432899918,0.020637306,-0.030272161,-0.013637031,0.000606618,0,0,0,0,0.000105086,0.000608047,-0.025906795,-0.051234869,-0.038920957,0.223990758,0.887799683,1.026960938,0.786472988,0.354597007,0.007717984,-0.033623826,-0.004522672,-0.000307138,6.97E-05,0,0,0,0,0,0.000420692,-0.007003995,-0.02435286,0.061618564,0.42413395,0.991474665,1.064327178,0.786322867,0.060841469,-0.040837327,-0.006941217,0.000580898,0,0,0,0,0,0,0,0.000524642,-0.007023846,0.000496409,0.345872226,0.851742494,0.997868683,0.625733847,0.791166769,0.722568338,-0.055725507,-0.000437202,0.000146378,0,0,0,0,0,0,0,0,-0.007711875,0.03701685,0.628658241,0.997151825,0.823864532,0.263915352,-0.030977788,0.505223958,0.744781335,-0.042213491,0,0,0,0,0,0,0,0,0,0,-0.03442909,0.293925279,0.770938828,0.362862081,0.037628217,-0.030995628,-0.03815528,0.522499081,0.667008204,-0.038048049,0,0,0,0,0,0,0,0,0,0,0.001906567,-0.016181628,-0.044147825,-0.023626225,-0.005717218,-0.000143543,-0.009950827,0.174184692,0.165373928,-0.009567096,0,0,0,0,0,0,0,0,0,0,0,0,0,0,0,0,0.001207044,-0.020922099,-0.020922099,0.001207044,0,0,0,0,0,0,0,0,0,0,0,0,0,0,0,0,0,0,0,0,0,0,0,0,0,0,0,0,0,0,0,0,0,0,0,0,0,0,0,0,0,0,0,0,0,0,0,0
0,0,0,0,0,0,0,0,0,0,0,0,0,0,0,0,0,0,0,0,0,0,0,0,0,0,1.19E-05,0.000121785,-0.002277369,-0.005153186,-0.012910539,-0.013014536,-0.002339047,0.000245098,0,0,0,0,0,0,0,0,0,0,0.000139415,-0.000365252,-0.010904672,-0.021278232,-0.023277689,-0.00196588,0.07044454,0.070355112,-0.005308892,-0.001247401,0,0,0,0,0,0,0,0,0,2.59E-05,-0.000257098,-0.009471014,0.061609698,0.14616171,0.442516782,0.578833742,0.795057853,0.802250528,0.295060977,-0.015777676,0,0,0,0,0,0,0,0,0,-0.000458691,-0.019691772,0.231318798,0.78017293,0.85067571,1.017475848,1.002263463,0.980085018,1.032900957,0.623396604,-0.021054092,0,0,0,0,0,0,0,0,0,-0.000266187,-0.01055159,0.132179841,0.376277863,0.415467011,0.515826031,0.117920088,0.29554953,1.056169424,0.503947879,-0.020643893,0,0,0,0,0,0,0,0,0,1.59E-05,0.000638991,-0.007929381,-0.023143484,-0.025696313,-0.03271155,-0.043866268,0.32686312,1.051207959,0.286144266,-0.020593682,0,0,0,0,0,0,0,0,0,0,0,0,0,0,-0.002648842,-0.004565261,0.566170356,1.038209425,0.297347266,-0.02058263,0,0,0,0,0,0,0,0,0,0,0,0,0,0,-0.002078125,-0.01166299,0.506805658,1.015886795,0.255714147,-0.019653288,0,0,0,0,0,0,0,0.000431985,-0.017760792,-0.021824449,-0.01019087,-0.002291973,0.000181066,0,-0.00016299,-0.035182496,0.296003234,1.039397655,0.278035292,-0.020119315,0,0,0,0,0,0,0,-0.002743566,0.116295504,0.140229524,0.038038994,-0.025379068,-0.035913569,-0.024208739,-0.009136251,-0.0410529,0.273639587,1.057085989,0.289977393,-0.020670445,-4.96E-16,-4.75E-16,-1.51E-16,1.83E-17,0,0,0,-0.01764808,0.685739676,0.873252655,0.719260076,0.537262323,0.367748996,0.255375596,0.083914675,-0.020241149,0.262395306,1.057011353,0.40693585,-0.041682326,-0.020615298,-0.021657475,-0.008792892,0.001027272,0,0,0,-0.008124924,0.209227562,0.490641179,0.826046142,0.988197281,1.025202176,0.966128004,0.860903449,0.742640808,0.780983585,1.010558715,0.870494214,0.687898679,0.698276467,0.686955774,0.236818974,-0.028307176,0,0,0,0.000428922,-0.016236599,-0.024703074,0.015347052,0.309771072,0.622270135,0.799833221,1.008209508,1.001107418,0.997436445,1.00374743,1.006634106,1.027683585,1.049152012,1.053425109,0.384821453,-0.045610044,0,0,0,0,0,0.000322968,-0.003170105,-0.031665305,-0.029704436,0.104888101,0.246519608,0.239562772,0.232237269,0.457662394,0.967350054,0.787579725,0.487889025,0.429032424,0.074010672,-0.010168766,0,0,0,0,0,0,0,0.000291054,-0.002625613,-0.017705454,-0.033748468,-0.033171875,-0.03579696,6.25E-05,0.284132985,0.204484137,-0.03048989,-0.016279973,-0.010526961,0.001170356,0,0,0,0,0,0,0,0,0,0,0,9.19E-06,0.000174122,-0.002535743,-0.019644124,-0.014747753,-0.001009498,-0.001557138,-1.38E-05,1.10E-05,0,0,0,0,0,0,0,0,0,0,0,0,0,0,0,0,0,0,0,0,0,0,0,0,0,0,0,0,0,0,0,0,0,0,0,0,0,0,0,0,0,0,0,0,0,0,0,0,0,0,0,0,0,0,0,0,0,0,0,0,0,0
0,0,0,0,0,0,0,0,0,0,0,0,0,0,0,0,0,0,0,0,0,0,0,0,0,0,0,0,0,0,0,0,0,0,0,0,0,0,0,0,0,0,0,0,0,0,0,0,0,0,0,0,0,0,0,0,0,0,0,0,0,0,0,0,0,0,0,0,0,0,0,0,0,0,0,0,0,0,0,0,0,0,0,0,0,0,0,0,0,0,0,0,0,0,0,0,0,0,0,0,0,0,0,0,0,0,0,7.20E-18,7.66E-05,2.04E-05,-0.014299088,-0.04093733,-0.032645343,-0.000910607,0.000170207,2.59E-19,-2.96E-18,-1.18E-16,1.04E-19,0,0,0,0,0,0,7.78E-19,0.000217865,-0.001868554,-0.015932394,-0.020568321,0.146472461,0.446561479,0.353375236,0.008098788,-0.001531182,-0.001163194,-0.01147229,-0.01397959,0.000316585,0,0,0,0,0,0.000256818,-0.001157719,-0.016874567,-0.025536919,0.151283801,0.450257514,0.87210093,1.023788472,0.891835482,0.101094805,-0.022027978,-0.028230334,0.078206759,0.260964619,-0.002651067,0,0,0,0,3.92E-05,-0.001433721,-0.004154786,0.090962265,0.346550046,0.874926028,0.849036884,0.516488903,0.906486877,0.888140397,0.068050586,0.040269982,0.374501225,0.62329742,0.412618014,-0.012830882,0,0,0,0,-0.000703482,-0.018888361,0.274190972,0.851097835,0.850744738,0.544969261,0.124861417,0.072109579,0.811289165,0.781779653,0.180845129,0.717687772,0.692997277,0.2120681,-0.031051306,-0.001887766,0,0,0,0,-0.000244434,-0.016432615,0.166460852,0.606937211,0.236912665,-0.018429262,-0.049924581,0.143676607,0.877156693,0.842465537,0.714805164,0.484378438,0.023547471,-0.022431492,-0.001768884,0.000303309,0,0,0,0,1.55E-05,0.000960835,-0.009949653,-0.03577308,-0.018921874,-0.022680692,0.000845231,0.485520391,0.999948155,0.607763018,0.169875545,-0.033349043,-0.005771701,-0.000164165,5.38E-05,0,0,0,0,0,0,0.000117402,-0.000242143,-0.012791706,-0.019167906,0.180124417,0.640763167,0.959562085,0.479137656,-0.002744527,-0.022515525,-5.78E-05,0.000161428,0,0,0,0,0,0,5.63E-05,-0.000124438,-0.006816687,-0.02174806,0.048588474,0.450009257,0.821099146,0.717179875,0.37004182,0.002346592,-0.010919857,-0.000103826,4.26E-05,0,0,0,0,0,0,0,0.000876442,-0.014008766,0.061774731,0.415341367,0.688637034,0.473293893,0.190675432,0.026296177,-0.03531296,-0.002397655,0.000417839,0,0,0,0,0,0,0,0,0,-0.020002446,0.160644148,0.614979269,0.473706921,0.12929136,-0.013083479,-0.027209899,-0.009168301,0.000167892,4.23E-05,0,0,0,0,0,0,0,0,0,0,-0.01937793,0.180456461,0.173896293,-0.034417007,-0.009991166,-0.001586819,3.63E-05,7.66E-06,0,0,0,0,0,0,0,0,0,0,0,0,0.002089325,-0.019311891,-0.021202152,0.000740695,6.73E-05,0,0,0,0,0,0,0,0,0,0,0,0,0,0,0,0,0,0,0,0,0,0,0,0,0,0,0,0,0,0,0,0,0,0,0,0,0,0,0,0,0,0,0,0,0,0,0,0,0,0,0,0,0
0,0,0,0,0,0,0,0,0,0,0,0,0,0,0,0,0,0,0,0,0,0,0,0,0,0,0,0,0,0,0,0,0,0,0,0,0,0,0,0,0,0,0,0,0,0,0,0,0,0,0,0,0,0,0,0,0,0,0,0,0,0,0,0,0,0,0,0,0,0,0,0,0,0,0,0,0,0,0,0,0,0,0.000997921,-0.008209865,-0.028039216,-0.011068627,0.000710478,0,0,0,0,0,0,0,0,0,0,0,0,0,0,0,-0.008814969,0.072520476,0.247679739,0.097772876,-0.006275888,0,0,0,0,0,0,4.87E-18,0.000252757,-0.001317827,-0.013602941,-0.003059904,0.000365945,0,0,0,-0.012529453,0.103079419,0.35204793,0.138972767,-0.008920445,0,0.000175143,-0.002912752,-0.004971746,-0.000127996,0.00033529,-0.00544424,-0.021054773,-0.002442215,0.149528356,0.03451704,-0.004086669,0,0,0,0.001327795,-0.010923729,-0.037307896,-0.014727488,0.001022787,0.000716375,-0.015245353,-0.017555389,-0.004670111,-0.018094656,-0.022842733,-0.00413645,0.189818002,0.623314768,0.816592526,0.119438809,-0.016946245,0,0,0,0,0,0,0.000140421,-0.001512629,-0.023363703,0.082385468,0.463901774,0.577469584,0.146571504,0.13518908,0.590199874,0.872604082,0.551733507,0.148014859,0.009203151,-0.002279071,0,0,0,0,2.57E-05,0.000487745,-0.00970367,-0.026720214,0.230358135,0.798846763,0.987797981,1.046308704,0.768479303,0.850749986,0.840177049,0.273745404,-0.017291275,-0.017086125,-0.000914659,0.000212759,0,0,4.98E-18,5.10E-05,0.00014585,-0.016585018,0.007992579,0.39835415,0.93232709,0.718006859,0.376609596,0.975101273,1.009960223,0.642432263,0.071368992,-0.02684198,-0.005593444,0.00036489,0,0,0,0,-2.49E-18,-0.000580898,-0.004577359,0.133829368,0.63809249,0.867087027,0.433249749,0.174577938,0.612038007,0.968558279,0.478361928,0.019215364,-0.014611077,-0.000292841,0.000105699,0,0,0,0,0,-0.005592923,0.025205733,0.3792182,0.696470232,0.772868853,0.266001743,0.023473714,0.590139297,0.852647602,0.625858607,0.017186485,-0.016383106,0.000622172,0,0,0,0,0,0,0,-2.49E-18,2.04E-05,0.000149272,-0.004910641,-0.018847699,-0.016708708,-0.001733351,-0.004288875,-0.018434606,-0.018962929,-0.004569206,0.000475419,8.51E-06,0,0,0,0,0,0,0,0,0,0,0,0,0,0,0,0,0,0,0,0,0,0,0,0,0,0,0,0,0,0,0,0,0,0,0,0,0,0,0,0,0,0,0,0,0,0,0,0,0,0,0,0,0,0,0,0,0,0,0,0,0,0,0,0,0,0,0,0,0,0,0,0,0,0,0,0,0,0,0,0,0,0,0,0,0,0,0,0,0,0,0,0,0,0,0,0,0,0,0,0,0,0,0,0,0,0,0,0,0,0,0,0,0,0,0,0,0,0,0,0,0,0,0,0,0,0
0,0,0,0,0,0,0,0,0,0,0,0,0,0,0,0,0,0,0,0,0,0,0,0,0,0,0,0,0,0,0,0,0,0,0,0,0,0,0,0,0,0,0,0,0,0,0,0.000800582,-0.00549998,-0.039158616,-0.050508744,-0.021542538,0.001898942,4.89E-05,0,0,0,0,0,0,0,0,0,0,0,3.36E-18,0.000416667,-0.013465003,0.025575231,0.327898182,0.431947202,0.171099792,-0.02019348,1.69E-05,0,0,0,0,0,0,0,0,0,0,0.000121324,0.000245711,-0.02258844,0.052099079,0.440651246,0.942870507,1.072630957,0.663908207,0.019624811,-0.007880072,0,0,0,0,0,0,0,0,5.09E-18,0.000245098,-0.0036899,-0.020017497,0.077494434,0.544922632,1.011614464,1.002747515,1.007994383,0.824079861,0.096160844,-0.014017055,0,0,0,0,0,0,0,0,0.001031348,-0.011625477,0.006636693,0.179543641,0.718485107,1.004030937,0.908572287,0.889290339,0.986912156,0.99826108,0.206630556,-0.020131059,0,0,0,0,0,0,0,0,-0.012949257,0.089583113,0.608101739,0.934004304,1.030292215,0.677477122,0.123721719,0.165296648,0.958798391,1.018418854,0.215805789,-0.020677918,0,0,0,0,0,0,0,0,-0.051504219,0.441209865,1.088359698,0.978027488,0.615742664,0.074117392,-0.035632778,0.062160624,0.958437057,1.016319904,0.214273521,-0.020587725,0,0,0,0,0,0,0,0,-0.012977457,0.111184777,0.277366575,0.223420292,0.034876379,-0.011269363,-0.004515829,0.024901263,0.729820806,1.033341333,0.216737139,-0.020732401,0.000375,-0.002492953,-0.014051164,-0.013764217,0.000327819,0,0,0,0.001761037,-0.015086397,-0.03753799,-0.0311875,-0.009113971,0.000299009,-0.007906556,0.07227885,0.943008238,0.988128881,0.18662276,-0.018433755,-0.018645595,-0.024728384,0.072045496,0.07740512,-0.001823427,0,0,0,0,0,0,0,0,0,-0.007341759,0.06314185,0.90355176,0.955304943,0.240680364,-0.051183619,0.149326083,0.544220061,0.762386268,0.676903034,-0.016302764,0,0,0,0,0,0,0,3.67E-05,0.000323406,-0.008284518,-0.036574657,0.513418379,1.033595824,0.692443699,0.475465381,0.881211477,1.062315964,0.885652389,0.560444263,-0.015835236,0,0,0,0,0.000246324,-0.002608303,-0.02181633,-0.032587367,-0.034473421,0.015763055,0.228853316,0.597261608,1.027466605,1.02259257,0.990841367,0.758485226,0.647131349,0.21322692,-0.032633301,-0.000638276,0,0,0,0,-0.004030637,0.042621119,0.355859886,0.532976733,0.516685877,0.675518229,0.957122923,0.949227005,0.844190394,0.815263748,0.40695527,0.070892106,0.01510306,-0.008240707,-0.0004371,9.36E-05,0,0,0,0,-0.008301471,0.093929739,0.707385417,0.875728843,0.867172133,0.765328295,0.629169169,0.23024537,0.01408684,0.022841235,-0.013821998,-0.013646055,-0.007762561,-0.001237132,0.000176104,0,0,0,0,0,-1.31E-05,-0.006975269,0.069205661,0.160399952,0.158067207,0.053063453,-0.046810696,-0.016458384,-0.004508681,-0.004902572,-0.001543199,-1.04E-05,1.56E-05,0,0,0,0,0,0,0,4.89E-05,0.000174473,-0.011122253,-0.02142432,-0.021132851,-0.009907872,0.000907016,0,0,0,0,0,0,0,0,0,0,0,0,0,0,0,0,0,0,0,0,0,0,0,0,0,0,0,0,0,0,0,0,0,0,0,0,0,0,0,0,0,0,0,0,0,0,0,0,0,0
0,0,0,0,0,0,0,0,0,0,0,0,0,0,0,0,0,0,0,0,0,0,0,0,0,0,0,0,0,0,0,0,0,0,0,0,0,0,0,0,0,0,0,0,0,0,0,0,0,9.54E-05,0.000115364,-0.011621214,-0.02820873,-0.014435612,0.000789613,5.14E-05,0,0,0,0,0,0,0,0,0,2.18E-19,4.54E-05,-0.000317914,-0.004075827,-0.010530842,-0.0195713,0.068061206,0.221180717,0.106651757,-0.008942232,-6.56E-05,0,0,0,0,0,0,0,8.92E-05,-0.000956189,-0.008024816,-0.016505651,-0.026804876,0.017154003,0.102129153,0.264370609,0.76316733,0.932580765,0.603892974,0.023253762,-0.007826287,0,0,0,0,0,0,0.000805104,-0.006538824,-0.026625664,0.018924666,0.084357128,0.259654366,0.64995161,0.952526331,0.99640305,1.002316976,1.011955859,0.48616636,-0.012882557,-0.003181985,0,0,0,0,0,0,-0.008640088,0.060153595,0.394329316,0.686547913,0.786511353,0.96970578,0.976963201,0.842610754,0.510172283,0.745141731,0.928878426,0.166356413,-0.018370983,0.000198529,0,0,0,0,0,0,-0.037527297,0.310214168,0.978096847,0.959006325,0.798193086,0.591440708,0.23629406,0.061045752,0.115512566,0.819667869,0.744739021,-0.007285679,-0.001166891,0,0,0,0,0,0,0,-0.016671966,0.126661952,0.659165339,0.18359998,0.020567555,-0.020521483,-0.018994656,-0.051056407,0.264956036,1.04706044,0.441806558,-0.023580984,0.00025531,0,0,0,0,0,0,0,0.00017855,-0.006052951,0.079047488,-0.00427434,-0.004799581,-2.80E-05,3.28E-05,-0.037231447,0.282371766,1.023179024,0.212788784,-0.019448189,0,0,0,0,0,0,0,0,0.000132078,-0.000529412,-0.013900735,-0.001374387,0.000119485,0,-0.001896548,-0.014023148,0.493905824,0.952078193,0.101997863,-0.017322985,0,0,0,0,0,0,0,0,0,0,0,0,0,0,-0.002975337,-0.000448478,0.627922692,0.72792453,0.03716826,-0.019502485,-0.007348516,-0.004704861,-0.005087486,-0.000889691,0.000103826,0,0,0,0,0.000140638,-0.001498512,-0.013824141,-0.014364681,-0.01383486,-0.021491735,-0.02190903,0.722127206,0.427322792,-0.049088043,0.039615741,0.018890078,-0.005644796,-0.003121051,-0.018071987,6.37E-05,0,0,0,0,-0.000917943,0.009830746,0.089998775,0.091992698,0.087314385,0.117738477,0.305787871,0.979780127,0.600685934,0.504464708,0.705813504,0.636785641,0.561441483,0.581249489,0.245796594,-0.011862234,0,0,0,0,-0.008131638,0.08634918,0.798583691,0.846446691,0.83787631,0.862094261,0.973981379,1.01177885,0.963480018,0.988002256,0.988671279,0.993099299,0.999708435,1.019824176,0.678680258,-0.020812738,0,0,0,0,-0.005010876,0.043174071,0.573849486,0.782306934,0.768891454,0.767050705,0.754014144,0.580151654,0.262124711,0.121575048,0.13513174,0.135294118,0.135294118,0.138112745,0.086831951,-0.002818627,0,0,0,0,0.000253472,-0.003713933,-0.016538994,0.000102686,-0.000767974,-0.000683313,-0.000781182,-0.018545258,-0.019335784,-0.010632873,-0.011470588,-0.011470588,-0.011470588,-0.011709559,-0.00734326,0.000238971,0,0,0,0,4.89E-06,0.000108434,-0.001789572,-0.004667971,-0.004500428,-0.00451388,-0.004503282,-0.001777751,0.00011618,0,0,0,0,0,0,0,0,0,0,0,0,0,0,0,0,0,0,0,0,0,0,0,0,0,0,0,0,0,0,0,0,0,0,0,0,0,0,0,0,0,0,0,0,0,0,0,0
0,0,0,0,0,0,0,0,0,0,0,0,0,0,0,0,0,0,0,0,0,0,0,0,0,0,0,0,0,0,0,0,0,0,0,0,0,0,0,0,0,0,0,0,0,0,0,0,0,0,0,0,0,0,0,0,0,0,0,0,0,0,0,0,0,8.87E-19,8.78E-05,-0.001570411,-0.004138583,-0.011891033,-0.014925603,-0.014808875,-0.009205444,-0.001210172,0.000132761,0,0,0,0,0,0,0,0,0,0.00028125,-0.001136336,-0.019210035,-0.016060546,0.011617119,0.144743702,0.19774297,0.195405654,0.098505123,-0.00634906,-0.001162514,0.000137868,0,0,0,0,0,0,8.69E-18,0.000342116,-0.005614907,-0.026094329,0.097479303,0.432960115,0.772998672,0.934469993,0.983267872,0.976737592,0.86453518,0.293270187,-0.020642702,-0.000689338,0,0,0,0,0,0,0.001031348,-0.012731481,0.010352788,0.405780893,0.823046807,1.017630736,0.973508681,0.928659109,0.894745507,0.996923526,1.038063827,0.641697729,0.014573802,-0.007317708,0,0,0,0,0,0,-0.017483856,0.128543544,0.702999317,1.018642007,0.985157997,0.642276992,0.139627648,0.107088769,0.090014421,0.600126337,1.036289676,0.813863292,0.116318281,-0.019427459,1.59E-05,0,0,0,0,0,-0.046897803,0.405778459,0.929058364,0.765281148,0.278244383,0.008848379,-0.021391442,-0.017480937,-0.039078074,0.217259753,0.946444991,0.889179313,0.181099639,-0.023869162,-0.001600848,-0.001196649,2.91E-05,0,0,0,-0.00973666,0.086230069,0.162810509,0.088743396,-0.015893399,-0.004612752,0.00023829,0,-0.002513957,0.008015217,0.862178876,1.039198223,0.315755276,-0.055671398,-0.014750919,0.00418817,0.000210886,0,0,0,0.001394154,-0.012261336,-0.024602328,-0.015817402,-0.001044424,0.001234764,-0.008663535,-0.02314517,-0.035013276,-0.045962946,0.85557266,0.99009489,0.430928939,0.277412156,0.432046245,0.223999888,-0.008074278,0,0,0,0,4.19E-05,0.000114719,-0.00906233,-0.019516782,-0.032525682,0.078161424,0.243278782,0.354486486,0.565422879,0.949179355,0.922087691,0.900146804,0.916442317,0.568351767,0.12334575,-0.008483967,0,0,0,0,0.000873487,-0.021794464,0.04243673,0.202896335,0.531857802,0.882382835,0.979914037,0.987015783,1.030742275,1.024869648,1.02592378,0.66428502,0.216476125,0.004741908,-0.014778789,0.000268538,0,0,0,0,-0.012214767,0.16581393,0.673294305,1.005189423,1.034287279,0.780692334,0.670370864,0.505088116,0.422166479,0.690585569,0.995362524,0.311307955,-0.04716842,-0.006550466,7.69E-05,5.28E-05,0,0,0,0,-0.024403595,0.377096082,0.938368277,0.713266051,0.357840488,0.089559147,0.013268416,-0.023312092,-0.059266493,0.185531148,0.868023642,0.356845758,-0.015789777,-0.001195006,0,0,0,0,0,0,-0.000876532,0.013533037,0.037001277,0.010963457,-0.024747598,-0.015428036,-0.007514502,-0.002229473,-0.015532918,0.441238705,0.570846626,0.083884106,-0.006075163,-0.000318627,0,0,0,0,0,0,0.000147978,-0.00227742,-0.005909161,-0.003940921,-0.000877359,-2.20E-05,7.66E-06,-7.33E-17,-0.005138208,0.130951364,0.138040441,-0.021199687,0.000412837,2.16E-05,0,0,0,0,0,0,0,0,0,0,0,0,0,9.07E-18,0.000619624,-0.015936389,-0.017659288,0.00154906,0,0,0,0,0,0,0,0,0,0,0,0,0,0,0,0,0,0,0,0,0,0,0,0,0,0,0,0,0,0,0,0,0,0,0,0,0,0,0,0,0,0,0,0,0
0,0,0,0,0,0,0,0,0,0,0,0,0,0,0,0,0,0,0,0,0,0,0,0,0,0,0,0,0,0,0,0,0,0,0,0,0,0,0,0,0,0,0,0,0,0,0,0,1.10E-05,-5.50E-05,-0.000638784,-0.015469814,-0.004621654,0.000509559,0,0,0,0,0,0,0,0,0,0,0,0,2.04E-06,0.000193836,-0.001216605,-0.015077104,-0.036311309,0.111690087,0.040762403,-0.004267089,0,0,0,0,0,0,0,0,0,0,0,2.43E-18,0.000532407,-0.008428315,-0.022166462,0.211407441,0.698803428,0.656082142,0.070157454,-0.011880787,0,0,0,0,0,0,0,0,0,0,6.89E-05,0.000795292,-0.020940734,-0.0150231,0.423027386,0.945411305,1.043437415,0.963430351,0.150081428,-0.018325163,0,0,0,0,0,0,0,0,0,0,-0.000770527,-0.008703789,0.167518382,0.598451619,0.972984052,1.01310415,1.012212537,0.831322202,0.127112293,-0.014232026,0,0,0,0,0,0,0,0,0,0,-0.008367983,0.027089108,0.617693004,1.059614179,0.991507226,0.911965676,1.032016394,0.595323859,-0.001781428,-0.005739846,0,0,0,0,0,0,0,0,0,0,-0.000409007,-0.010014297,0.151264382,0.461265983,0.363794679,0.792474043,1.005619809,0.374408275,-0.031844197,-0.007997634,-0.029019353,-0.043571078,-0.043935458,-0.006166993,0.000895629,0,0,0,0,0,3.83E-05,0.000906352,-0.013822934,-0.046594479,-0.038536101,0.744318236,0.982628387,0.265422641,-0.023919462,0.051494638,0.453527999,0.719113154,0.740441517,0.105605255,-0.015222971,0,0,0,0,0,0,4.67E-18,1.28E-05,-0.021246025,0.155440819,0.864050245,0.99338637,0.587503098,0.743646984,0.8792628,1.018865894,1.058726256,0.951698257,0.119124526,-0.018282441,0,0,0,0,1.12E-05,0.000152505,-0.0028125,-0.014505719,-0.056634242,0.287467167,0.957600592,1.009765353,1.034699976,1.035616652,0.975617732,0.81459569,0.594949857,0.222261659,0.007092454,-0.002748502,0,0,0,0.000341712,-0.002243997,-0.019778647,-0.027031919,0.132633793,0.361148247,0.8023916,1.03870645,1.039222548,0.840646682,0.562786668,0.242155946,0.063377274,0.012660205,-0.025057325,-0.002265062,0.000387265,0,0,0.000835376,-0.00887632,-0.021864039,0.125583061,0.49038608,0.843454606,1.058400069,0.958978231,0.648230784,0.514614498,0.208872413,-0.035686308,-0.019900089,-0.013433755,-0.006530842,-0.000260246,6.93E-05,0,0,0,-0.014502315,0.096648526,0.731851392,0.857098771,1.041266442,0.973218529,0.597342257,0.223518621,0.017741183,-0.050991388,-0.020427168,0.001309567,8.51E-05,0,0,0,0,0,0,0,-0.013893314,0.08562951,0.767732452,0.893069138,0.515679109,0.14367162,0.005582732,-0.029889655,-0.008193508,0.000404105,2.85E-05,0,0,0,0,0,0,0,0,0,0.000563725,-0.01163752,0.038405433,0.153116898,0.002022348,-0.014620353,-0.003318454,-2.83E-05,2.17E-05,0,0,0,0,0,0,0,0,0,0,0,2.45E-05,0.000680983,-0.008434634,-0.020916392,-0.003509437,0.000273939,0,0,0,0,0,0,0,0,0,0,0,0,0,0,0,0,0,0,0,0,0,0,0,0,0,0,0,0,0,0,0,0,0,0,0,0,0,0,0,0,0,0,0,0,0,0,0,0,0,0,0,0,0
0,0,0,0,0,0,0,0,0,0,0,0,0,0,0,0,0,0,0,0,0,0,0,0,0,0,0,0,0,0,0,0,0,0,0,0,0,0,0,0,0,0,0,0,0,0,0,0,0,0,0,0,0,0,0,0,0,0,0,0,0,0,0,0,0,7.66E-06,1.53E-06,-0.001776986,-0.007342933,-0.028744741,-0.03338797,-0.020744894,-0.00484224,0.000150123,1.53E-05,0,0,0,0,0,0,0,0,8.27E-06,0.000554228,-0.005222835,-0.025330474,-0.01713147,0.065819836,0.448155671,0.534933398,0.302919509,0.030553789,-0.006757557,0.000209355,0,0,0,0,0,0,0,0,0.000237132,-0.007222835,0.004361996,0.170326848,0.509088568,0.862817879,1.038958418,1.039520935,1.008635246,0.69525016,0.032614039,-0.004634736,0,0,0,0,0,0,0,0,-0.003631996,0.019571266,0.519834542,0.921836397,1.015019397,0.836268042,0.694437602,0.475841435,0.831540271,0.931766201,0.106558926,-0.011176641,0,0,0,0,0,0,0,0,-0.005882964,0.048890791,0.728891046,0.791451293,0.275528211,0.069719131,0.019097604,0.086847985,0.815997462,0.904342395,0.087009719,-0.00945275,0,0,0,0,0,0,0,0,-0.000108762,-0.000940564,0.034791071,0.01354422,-0.023613319,-0.014471456,-0.036783207,0.307932972,1.016420598,0.725629866,-0.010863715,-0.000870183,0,0,0,0,0,0,0,0,2.04E-05,8.51E-07,-0.004458997,-0.00305096,0.000336309,-0.001096252,-0.024973737,0.415188725,1.058387851,0.391814643,-0.021881383,9.57E-05,0,0,0,0,0,0,0,0,0,0,1.30E-19,3.86E-18,-5.36E-17,-0.004083129,0.013349043,0.725691602,0.862630685,0.061013208,-0.052111588,-0.048977056,-0.048136659,-0.04742179,-0.019043506,0.000944649,0,0,0,7.34E-05,-0.000431475,-0.004718818,-0.006289658,-0.011498672,-0.020167679,-0.04070001,0.272678428,0.946616932,0.47133592,0.250800433,0.405166803,0.542454214,0.534129647,0.525512749,0.210488684,-0.01046092,0,0,0,0.001632895,-0.01565565,-0.007393298,0.008401444,0.052674609,0.197735463,0.431227002,0.791721003,0.978220704,0.866812061,0.963087615,1.027974349,1.039246718,1.024882139,1.041239231,0.692562688,-0.021163867,0,0,0,-0.021943255,0.18080673,0.576192947,0.612719975,0.760036254,1.007005048,1.035726511,1.036839052,0.991082721,0.984960614,0.835861223,0.654997055,0.435813811,0.39647389,0.411257489,0.180690249,-0.008402267,0,0,0,-0.050542171,0.432724946,1.066273727,0.981354031,0.967318219,0.947351735,0.809471712,0.542087112,0.292442249,0.225978299,0.124605975,0.015770578,-0.037808041,-0.037398795,-0.037739141,-0.016518215,0.000770187,0,0,0,-0.014237495,0.124529973,0.270095741,0.045411986,0.036682581,0.038210784,0.022771991,-0.00741105,-0.028118583,-0.032347529,-0.020003669,-0.007503676,-0.00021538,9.38E-05,0,0,0,0,0,0,0.000979577,-0.008526195,-0.019084099,-0.006521344,-0.006038092,-0.006126789,-0.004876634,-0.002424939,-0.000440206,3.62E-05,0,0,0,0,0,0,0,0,0,0,0,0,0,0,0,0,0,0,0,0,0,0,0,0,0,0,0,0,0,0,0,0,0,0,0,0,0,0,0,0,0,0,0,0,0,0,0,0,0,0,0,0,0,0,0,0,0,0,0,0,0,0,0,0,0,0,0,0
0,0,0,0,0,0,0,0,0,0,0,0,0,0,0,0,0,0,0,0,0,0,0,0,0,0,0,0,0,0,0,0,0,0,0,0,0,0,0,0,0,0,0,0,0,0,0,0,0,0,0,0,0,0,0,0,0,0,0,0,0,0,0,0,0,0,0,0,5.84E-05,-0.000515625,-0.006449857,-0.006023795,-1.42E-05,5.46E-05,0,0,0,0,0,0,0,0,0,0,0,0,1.84E-05,0.000937385,-0.010116268,-0.027889706,0.049253966,0.058927254,-0.002848997,-0.000281693,0,0,0,0,0,0,0,0,0,0,4.39E-18,-1.23E-17,0.000318457,-0.016583082,0.040954248,0.314657663,0.838947695,0.649637425,0.039594391,-0.009091776,0,0,0,0,0,0,0,0,0,2.25E-05,0.00045207,-0.007817606,-0.026536458,0.061917217,0.507849929,1.012895987,1.043553258,0.660745966,0.026084087,-0.008193253,0,0,0,0,0,0,0,0,0,-0.000208512,-0.008008948,0.085053894,0.46641029,0.862904513,0.985658639,0.901487608,1.006637995,0.587774211,0.00341178,-0.005701799,0,0,0,0,0,0,0,0,0,-0.000640319,-0.023408497,0.295765557,0.951852226,0.833653897,0.525343835,0.127540271,0.893196929,0.72711203,0.046151451,-0.012062466,-0.008725439,-0.017523744,-0.018064798,-0.015115568,0.000367647,0,0,0,0,5.62E-05,-0.006274237,0.031788909,0.199927798,0.116047501,-0.013054347,-0.002073223,0.726987541,0.883702853,0.059751896,-0.032823189,0.088559981,0.246514502,0.269391238,0.240589153,-0.005588235,0,0,0,0,0,0.000838235,-0.005811275,-0.028526961,-0.018653337,-0.008479354,-0.038480528,0.478267599,0.928359698,0.323221128,0.490918147,0.924123162,1.004067521,0.906654769,0.624674544,-0.017520935,0,0,0,0,3.01E-05,-5.91E-05,-0.003965993,-0.016847937,-0.025846888,0.009107962,0.248007557,0.632445006,1.028618907,1.055008679,0.955296569,0.666911799,0.524110924,0.228756434,0.006162033,-0.003457925,0,0,0,0,0.000696313,-0.013534049,-0.021535557,0.203807648,0.541543947,0.801300073,0.961536593,0.962485376,0.993406183,0.643682723,0.168211039,0.018694424,-0.009846521,-0.031695763,-0.004190446,0.000452489,0,0,0,0.001127553,-0.018922539,0.097513276,0.531392327,0.928047964,0.990882081,0.708103979,0.500705763,0.295290373,0.390017106,0.088801415,-0.02726154,-0.008078533,-0.004051607,0.00026297,0,0,0,0,0,-0.01731238,0.126406471,0.712333401,1.049964614,0.717393791,0.260894175,0.046419441,-0.055441942,-0.02750034,-0.036038348,-0.00962048,0.00085529,0,0,0,0,0,0,0,0,-0.04686886,0.40884358,0.898533395,0.361441313,0.02112049,-0.03008637,-0.012037888,0.001072304,0,0,0,0,0,0,0,0,0,0,0,0,-0.016036444,0.148036458,0.167581546,-0.027205814,-0.00536106,-0.000174728,4.75E-05,0,0,0,0,0,0,0,0,0,0,0,0,0,0.001903824,-0.017429375,-0.022370062,0.000329787,8.93E-05,0,0,0,0,0,0,0,0,0,0,0,0,0,0,0,0,0,0,0,0,0,0,0,0,0,0,0,0,0,0,0,0,0,0,0,0,0,0,0,0,0,0,0,0,0,0,0,0,0,0,0,0,0
0,0,0,0,0,0,0,0,0,0,0,0,0,0,0,0,0,0,0,0,0,0,0,0,0,0,0,0,0,0,0,0,0,0,0,0,0,0,0,0,0,0,0,0,0,0,0,0,0,0.000242143,-0.00088541,-0.017330317,-0.006005588,0.000501406,0,0,0,0,0,0,0,0,0,0,0,0,0,0,0.000189032,-0.003695364,-0.013259651,0.120645987,0.03818816,-0.003837316,0,0,0,0,0,0,0,0,0,0,0,0,0,0.000572337,-0.006489481,-0.017088678,0.325795667,0.832678343,0.362075316,-0.01852771,0,0,0,0,0,0,0,0,0,0,0,1.17E-18,0.000578704,-0.008041662,-0.016945313,0.414081938,0.952018484,0.909592065,0.262136243,-0.016411016,1.02E-17,0.001148897,-0.013097426,-0.01664518,0.000459559,0,0,0,0,0,0.000168505,-0.00050126,-0.019553377,0.005242312,0.451143501,0.960768536,1.045093239,0.751722716,0.046624356,-0.011606584,-0.002067504,-0.030401518,0.128195125,0.17826636,-0.004818559,0,0,0,0,0.000141861,-0.002017142,-0.016917676,0.067932871,0.513404135,0.998642058,0.613905399,0.480939203,0.954406109,0.47391135,-0.023075632,-0.023917509,0.177049634,0.76724928,0.787813985,-0.019463808,0,0,0,7.34E-05,-0.000668607,-0.022739907,0.162972614,0.807118464,1.0244705,0.51035735,0.01960146,0.023961567,0.6580016,0.845015677,0.012224605,0.315236826,0.959011063,0.933902114,0.367398003,-0.016837044,0,0,0,-0.000816926,-0.016124387,0.371480171,0.873544747,0.992610277,0.485878141,-0.00075623,-0.012067844,-0.032150735,0.554603673,0.955750292,0.610573155,0.948133817,0.724207721,0.234608626,-0.003809279,-0.002494213,0,0,0,-0.008775835,0.048800756,0.642170326,0.615052424,0.098852107,-0.006823305,-0.008224231,-0.000585172,-0.041967678,0.590294628,1.05087099,1.028592184,0.582354252,0.013261949,-0.024526144,-0.004540174,0.000401348,0,0,0,-0.000665281,0.004402471,0.038419526,0.009354218,-0.011325929,-0.002218367,-0.004726477,-0.031731516,0.046802407,0.738115128,1.027805854,0.612353826,0.075508595,-0.017495319,-0.000451236,6.97E-05,0,0,0,0,0.000117158,-0.000716644,-0.007621377,-0.004699768,0.000656516,-0.01038123,-0.011052987,0.349571698,0.779475137,1.024025858,0.690005882,0.051590046,-0.013514482,0.000320819,1.71E-05,0,0,0,0,0,0,3.92E-05,-0.000110192,-0.006099571,-0.02284518,0.046567065,0.538542467,0.938562994,0.921344193,0.917835478,0.307635169,-0.027284348,-0.00010672,8.58E-05,0,0,0,0,0,0,0.000315519,-0.00214665,-0.023104813,0.045590482,0.163614566,0.702555814,1.017690598,0.514290714,0.182152318,0.205324466,0.020174609,-0.004291428,0,0,0,0,0,0,0,0,-0.000667319,-0.00764585,0.192102584,0.819521565,1.012526484,0.849835344,0.337437177,-0.002231107,-0.02775,-0.023819853,-0.004192399,0.000494792,0,0,0,0,0,0,0,0,-0.02812686,0.227011455,0.835826627,0.748107298,0.432591384,0.141607218,-0.031757557,-0.002535692,9.10E-05,-0.000219669,-3.16E-05,4.60E-06,0,0,0,0,0,0,0,0,-0.024611805,0.222170774,0.344788788,0.042471091,-0.034589193,-0.018086886,0.000631344,0,0,0,0,0,0,0,0,0,0,0,0,0,0.000847907,-0.007224435,-0.01916973,-0.010417007,-0.001317062,-0.000110574,2.55E-05,0,0,0,0,0,0,0,0,0,0,0,0,0,0,0,0,0,0,0,0,0,0,0,0,0,0,0,0,0,0,0
0,0,0,0,0,0,0,0,0,0,0,0,0,0,0,0,0,0,0,0,0,0,0,0,0,0,0,0,0,0,0,0,0,0,0,0,0,0,0,0,0,0,0,0,0,0,0,0,0,0,0,0,0,0,0,0,0,0,0,0,0,0,0,0,0,0,0,0,0,0,0,0,0,0,0,0,0,0,0,0,0,0,0,0,0,0,0.000113358,-0.000729179,-0.006051164,-0.005967525,-0.00022212,3.77E-05,0,0,0,0,0,0,0,0,0,0,0,6.35E-18,-8.40E-17,0.000861673,-0.00978188,-0.02380848,0.001850728,0.001180419,-0.019794645,0.001073887,4.47E-18,0,0,0,0,0,0,0,0,0,0,0.000508578,-0.00782935,-0.029653203,0.08381204,0.348951242,0.664724622,0.658960682,0.234661969,-0.018731413,0.000317965,0,0,0,0,0,0,0,0,0,0,-0.011797114,0.166608781,0.5957667,0.818787232,0.839151429,0.629535978,0.716569052,0.725268334,0.028131038,-0.007212563,0,0,0,0,0,0,0,0,0,0,-0.015002247,0.227390914,0.638586499,0.442267276,0.129207041,-0.04020881,0.099760842,0.763088848,0.105161918,-0.039074182,-0.01939374,-0.003888123,-0.003386336,-0.004095741,-0.004271636,-0.002330984,0.000211908,0,0,0,0.000914216,-0.016580219,0.002331682,-0.026634787,-0.039850784,-0.017208963,0.348676879,0.721957618,0.147473431,0.335945623,0.280264825,0.016529701,0.003493362,0.015706546,0.019513031,0.009548441,-0.000867205,0,0,0,0.000464257,-0.005865894,-0.033624081,-0.009197066,0.158211481,0.5101995,0.954202053,0.95154245,0.88321104,1.015147297,0.968148472,0.609304296,0.704263651,0.751988954,0.756839237,0.422397621,-0.038406778,0,0,0,-0.004478145,0.057506042,0.246785471,0.603459967,0.898477318,1.02712117,0.830106277,0.541222512,0.687201134,0.926751678,0.876969193,0.868906914,0.615304909,0.434273625,0.411078567,0.241710835,-0.021988613,0,0,0,-0.03307942,0.533406676,0.947906425,0.812140523,0.65524408,0.310186652,0.07896286,-0.015669901,0.045446272,0.13763865,0.095903007,0.086785853,0.006977192,-0.039208451,-0.037546213,-0.02078467,0.001889191,0,0,0,-0.00990094,0.154604184,0.40827308,0.070214035,-0.03247031,-0.019989447,-0.014034586,-0.003928377,-0.008812296,-0.017554149,-0.015717593,-0.014691755,-0.006054262,-0.000765591,-0.000709986,-0.000513174,4.68E-05,0,0,0,0.000883374,-0.013755702,-0.036637051,-0.007839308,0.001008927,0,0,0,0,0,0,0,0,0,0,0,0,0,0,0,0,0,0,0,0,0,0,0,0,0,0,0,0,0,0,0,0,0,0,0,0,0,0,0,0,0,0,0,0,0,0,0,0,0,0,0,0,0,0,0,0,0,0,0,0,0,0,0,0,0,0,0,0,0,0,0,0,0,0,0,0,0,0,0,0,0,0,0,0,0,0,0,0,0,0,0,0,0,0,0,0,0,0,0,0,0,0,0,0,0,0,0,0,0,0,0,0
0,0,0,0,0,0,0,0,0,0,0,0,0,0,0,0,0,0,0,0,0,0,0,0,0,0,0,0,0,0,0,0,0,0,0,0,0,0,0,0,0,0,0,0,0,0,0,0,0,0,0,0,0,0,0,0,0,0,0,0,0,0,0,0,0,0,0,0,0,0,0,0,0,0,0,0,0,0,0,0,0,0,0,0,0,0,0,0,0.000908088,-0.014495711,-0.028134804,-0.020508578,-0.001550079,0.0003125,0,0,0,0,0,0,0,0,0,0,9.89E-18,-6.20E-17,0.000685083,-0.009741076,-0.049703006,0.075177032,0.196379068,0.131231022,0.00505279,-0.001785982,5.47E-18,-1.73E-16,-4.09E-16,-6.02E-17,8.45E-18,0,0,0,0,5.62E-05,8.54E-05,-0.011919764,-0.029114583,0.09018215,0.447745115,0.777439049,0.938186223,0.804867494,0.108272526,-0.014231175,-0.00525514,-0.018760383,-0.021276212,-0.002965126,0.000430624,0,0,0,0,-0.000490706,-0.011104623,0.174447706,0.540256308,0.857681405,1.017790143,0.954494772,0.934694196,1.031901438,0.344200028,-0.042620341,-0.003060651,0.317554557,0.614508632,0.090610319,-0.012738644,0,0,0,0,-0.001889297,-0.010024646,0.450974588,0.95764231,0.808679018,0.453182377,0.170184164,0.388001838,1.051746034,0.454186556,0.090593886,0.53919184,0.986751021,1.003145901,0.127983215,-0.019389127,0,0,0,0,-6.26E-05,-0.005125902,0.048477345,0.193181832,0.10074185,-0.039063606,-0.06164008,0.4423782,1.035657356,0.742387642,0.816976086,1.02492773,0.803376379,0.330640046,0.00919031,-0.003930079,0,0,0,0,2.30E-05,0.000604473,-0.008680675,-0.029525514,-0.042391855,-0.000124694,0.199616507,0.751652608,1.01054439,1.032243607,0.930560083,0.453644455,0.038683058,-0.02377034,-0.004927133,0.000566789,0,0,0,0.000175288,-0.001025497,-0.0110689,-0.022507574,-0.010601767,0.311057166,0.667454436,0.897261472,1.012489685,1.017565308,0.686342009,0.224278544,-0.016664045,-0.009620098,-0.000753319,0.000123517,0,0,0,0.000709307,-0.005778594,-0.032363438,0.040391393,0.403390625,0.863321206,0.986643927,1.041100648,1.047291488,1.049956687,0.853093314,0.098671518,-0.045195297,-0.001247809,0.000396233,0,0,0,0,0,-0.005884395,0.028645591,0.375850337,0.751442674,1.04798766,0.849822508,0.542558531,0.426405263,0.624481533,0.664063964,0.302426181,-0.016736748,-0.001993124,0,0,0,0,0,0,0,-0.019223856,0.127581428,0.988114822,0.973641885,0.502870183,0.145207057,-0.026718964,-0.035140625,-0.000928036,0.004222648,-0.011375494,-0.001449085,0.000212759,0,0,0,0,0,0,0,-0.004405978,0.026504525,0.254894472,0.20256861,-0.012144744,-0.01915419,-0.002912539,-0.000414216,-0.005603248,-0.006470895,-0.00171201,0.000212792,0,0,0,0,0,0,0,0,0.000313521,-0.001917879,-0.017774408,-0.015138736,-0.002066228,-0.000117851,3.06E-05,0,0,0,0,0,0,0,0,0,0,0,0,0,0,0,0,0,0,0,0,0,0,0,0,0,0,0,0,0,0,0,0,0,0,0,0,0,0,0,0,0,0,0,0,0,0,0,0,0,0,0,0,0,0,0,0,0,0,0,0,0,0,0,0,0,0,0,0,0,0,0,0
0,0,0,0,0,0,0,0,0,0,0,0,0,0,0,0,0,0,0,0,0,0,0,0,0,0,0,0,0,0,0,0,0,0,0,0,0,0,0,0,0,0,0,0,0,0,0,0,0,0,0.001039501,-0.011291835,-0.041552989,-0.015500795,0.001396193,0,0,0,0,0,0,0,0,0,0,0,0,0,2.02E-05,0.000533701,-0.016862337,0.073636506,0.351208811,0.136560968,-0.012250647,0,0,0,0,0,0,0,0,0,0,0,0,0.00024948,-0.0015769,-0.027488868,0.062318627,0.59912197,0.954816202,0.277199244,-0.027690019,-0.0157356,-0.018435662,-0.001872019,0.000315564,0,0,0,0,0,0,0,0.000136166,-0.001785904,-0.007972835,0.109945483,0.693837214,1.005768587,0.872431719,0.019566398,-0.016966708,0.089990536,0.135415662,0.015217684,-0.00242579,0,0,0,0,0,0,0,-0.001261234,-0.010274856,0.205028442,0.768151722,0.995853911,0.954153697,0.875678937,0.193142702,0.343556951,0.754881723,0.544326134,0.038534966,-0.008085342,0,0,0,0,0,0,0,-0.010766479,0.056835498,0.68442362,0.756699499,0.339346099,0.771532737,1.012135979,0.944262498,0.917546166,0.611500363,0.077891138,-0.00052645,-0.000922812,0,0,0,0,0,0,0,-0.009438828,0.079633576,0.342005617,0.043511353,0.171225388,0.881093648,0.960329617,0.613347035,0.251850575,0.019451678,-0.014494826,-0.000527394,0.000144676,0,0,0,0,0,0,2.30E-05,-0.00012323,-0.017005269,0.031728809,0.264086959,0.758274748,0.990604388,0.653824243,-0.008325844,-0.02911986,-0.003425841,0.000308926,0,0,0,0,0,0,2.17E-05,0.000490622,-0.007458044,-0.036092473,0.079270209,0.639050126,1.003031046,1.031527046,1.012942862,0.391710659,-0.027513276,0.000605086,0,0,0,0,0,0,0,0,4.16E-05,-0.00940419,0.0638157,0.30395595,0.753502575,0.946001838,0.588984256,0.665278986,1.029843563,0.260569195,-0.020626702,0,0,0,0,0,0,0,0,0.000722477,-0.009393319,-0.00767646,0.528451279,1.013685252,0.93655268,0.409852126,-0.031402902,0.326657138,1.048829848,0.267436654,-0.020584159,0,0,0,0,0,0,0,0.000585682,-0.010123874,0.003657561,0.399308126,0.940626157,0.771143791,0.223603145,-0.015654105,-0.038503813,0.335985209,1.055929024,0.2754771,-0.020842525,0,0,0,0,0,0,0,-0.009674905,0.048088031,0.632084831,0.903033395,0.444986945,0.066706972,-0.01148506,-0.002663467,-0.037466265,0.345195534,0.944567402,0.142031307,-0.016855596,0,0,0,0,0,0,0,-0.016887085,0.12210392,0.800860005,0.317741353,-0.023801437,-0.017420752,-0.000222474,-0.016315836,0.106779344,0.658344448,0.758365605,0.045134422,-0.0107564,0,0,0,0,0,0,0,-0.001803002,0.016375555,0.055299241,-0.011862541,-0.002918913,0.00017402,-0.008829644,0.04934952,0.615076134,0.936505106,0.307512051,-0.020592719,-0.001333061,0,0,0,0,0,0,0,0.000281277,-0.002366355,-0.010319596,-0.000917207,0.000183441,0,-0.030363143,0.256588228,0.719204561,0.453357928,0.053531586,-0.0107623,0.000203824,0,0,0,0,0,0,0,0,0,0,0,0,0,0.000309812,-0.002095758,-0.015996902,-0.018315462,-0.003416735,0.000456565,0,0,0,0,0,0,0,0,0,0,0,0,0,0,0,0,0,0,0,0,0,0,0,0,0,0,0
0,0,0,0,0,0,0,0,0,0,0,0,0,0,0,0,0,0,0,0,0,0,0,0,0,0,0,0,0,0,0,0,0,0,0,0,0,0,0,0,0,0,0,0,0,0,0,0,0,0,0,0,0,0,0,0,0,0,0,0,0,0,0,0,3.95E-05,-0.00021635,-0.001839154,-0.004819157,-0.011784671,-0.017093903,-0.027661765,-0.017976869,-0.000720517,0.000170037,0,0,0,0,0,0,0,0,0,8.73E-05,-0.000295956,-0.016115383,-0.01437694,0.02234275,0.143280501,0.237190359,0.428990502,0.254781148,-0.015985369,-0.001664624,0,0,0,0,0,0,0,0,0,-0.000597682,-0.006378898,0.157498706,0.482798986,0.800272648,0.91926411,0.978205116,1.000102788,0.94122372,0.295921012,-0.019628523,0.000138293,0,0,0,0,0,0,0,0,-0.00307547,0.002159961,0.599411748,0.999794918,1.022608944,1.011925024,0.990263327,1.001225797,1.017321708,0.678818943,-0.00395144,-0.001482928,0,0,0,0,0,0,0,0,-0.000528311,0.001663813,0.092511618,0.139866665,0.370488324,0.359575503,0.283914061,0.920449431,1.014499443,0.859885277,0.030055083,-0.004443782,0,0,0,0,0,0,0,0,6.94E-05,-0.000151825,-0.012802458,-0.019302662,-0.020457143,-0.02536152,-0.000659416,0.792121477,1.022163569,0.827518667,0.018151825,-0.009768501,-0.002112337,-3.92E-05,1.83E-05,0,0,0,0,0,1.56E-05,0.000353248,-0.005284926,-0.02041299,-0.023896091,-0.034009736,0.042442028,0.948721456,1.014266102,0.648246827,0.028506059,0.033647655,-0.010649748,-0.020742443,-0.001121438,0.000269608,0,0,2.98E-05,0.000436947,-0.006678224,-0.02319584,0.002190138,0.128200776,0.154507919,0.199586312,0.650427645,1.005248928,0.99285386,0.968310013,0.957324687,0.911193883,0.502652097,0.142988307,-0.000251264,-0.001441142,0,0,-1.62E-05,-0.007424025,0.060497413,0.210951236,0.560706444,0.846293199,0.881745462,0.935612745,1.011515965,0.99053908,0.99542276,1.009125936,1.014830167,1.019461959,1.033368753,0.812279122,0.080867117,-0.013960886,0,0,-0.009403917,0.044281143,0.633265868,0.925725918,0.982174477,0.910742836,0.885397127,0.903626924,0.978302573,0.997788614,0.931720323,0.861562005,0.864564904,0.860407495,0.902477477,0.8964499,0.106539691,-0.01670947,0,0,-0.009204793,0.069795361,0.392528425,0.375981499,0.349090669,0.096075623,0.025180945,0.251237115,0.915390506,1.046948325,0.655009753,0.051860962,0.024215346,0.019506485,0.12767676,0.268974418,0.017446547,-0.003747106,0,0,0.000808483,-0.006107069,-0.034661799,-0.033685236,-0.03218316,-0.010256247,-0.031955604,0.196015387,0.826930913,0.953443951,0.433207006,-0.020187382,-0.007433789,-0.003519455,-0.013017004,-0.025305947,-0.001746515,0.00036169,0,0,0,0,0,0,0,0,-0.020650605,0.187126123,0.261156676,0.241845639,0.061232009,-0.012014696,0.000352328,0,0,0,0,0,0,0,0,0,0,0,0,0,0.001240064,-0.011106311,-0.017858813,-0.017339308,-0.005465635,0.000662835,0,0,0,0,0,0,0,0,0,0,0,0,0,0,0,0,0,0,0,0,0,0,0,0,0,0,0,0,0,0,0,0,0,0,0,0,0,0,0,0,0,0,0,0,0,0,0,0,0,0,0,0,0,0,0,0,0,0,0,0,0,0,0,0,0,0,0
0,0,0,0,0,0,0,0,0,0,0,0,0,0,0,0,0,0,0,0,0,0,0,0,0,0,0,0,0,0,0,0,0,0,0,0,0,0,0,0,0,0,0,0,0,0,0,0,3.91E-05,0.000779422,-0.014394847,-0.02722922,-0.00503415,0.000407647,0,0,0,0,0,0,0,0,0,0,0,0,1.02E-06,0.000109148,-0.000918352,-0.016419441,0.104568866,0.211814406,0.024445701,-0.002942368,0,0,0,0,0,0,0,0,0,0,0,0,0.000278459,-0.002362113,-0.017971439,0.091566313,0.589202257,0.925692623,0.427440331,-0.017605869,0,0,0,0,0,0,0,0,0,7.78E-19,-6.79E-18,0.000776569,-0.010556492,-0.032822279,0.229332942,0.847779531,1.011278884,1.032022927,0.41512491,-0.021138685,0,0,0,0,0,0,0,0,4.08E-06,0.000475728,-0.007992068,-0.026909297,0.065599214,0.348982393,0.854616285,1.044491115,1.004929245,1.01200417,0.187713709,-0.020716912,6.81E-07,-0.000298032,-0.000231652,4.59E-06,1.70E-06,0,0,0,4.03E-05,-0.004768813,0.061985124,0.207496382,0.561505306,1.024160681,0.906000333,0.511027968,0.576150908,1.042512501,0.448249561,-0.020581271,-0.001362562,-0.032078543,-0.036092342,-0.014341173,0.00062421,0,0,0,-0.000853206,-0.018343461,0.413193508,0.970866439,0.877624251,0.744049026,0.308994758,-0.070581001,0.320694019,1.005193525,0.686704459,-0.026907475,-0.015217116,0.29523286,0.325220214,0.113694985,-0.00521361,0,0,0,-0.000508336,-0.004501345,0.140555828,0.435663467,0.240351545,0.037988447,-0.027358915,-0.027528527,0.182944904,0.939011166,0.889398397,0.106106788,0.45230947,0.965350388,0.996565496,0.468888362,-0.01954776,0,0,0,5.87E-05,0.000137766,-0.011617613,-0.019557972,-0.014842082,-0.012438445,-0.000227941,-0.030084457,0.239162463,0.951802628,0.977116047,0.921477141,0.971501957,0.577458231,0.504505787,0.204354745,-0.011909892,0,0,0,0,2.05E-05,-0.000265727,-0.001413399,-0.000612371,-3.86E-05,-0.016217797,-0.003271174,0.527523352,1.014648046,1.018373181,0.929942453,0.423127468,-0.014555998,-0.034984477,-0.012883698,0.00072355,0,0,0,0,0,0,0.000529942,-0.006354205,-0.044117965,0.203171056,0.746884622,0.971596127,1.037203335,0.894084662,0.312930968,-0.023876897,-0.006444295,0.000279748,0,0,0,0,0,0,5.90E-05,-0.000526399,-0.009503745,0.020732384,0.239147269,0.786164471,1.061107928,0.958973754,0.743956019,0.210919483,-0.027691398,-0.004007608,0.000356073,7.15E-06,0,0,0,0,0,0.001078635,-0.009388225,-0.026642242,0.016866779,0.380540475,0.917090127,0.956081665,0.679376566,0.278806151,0.061660216,-0.01104441,-0.001117494,3.19E-05,0,0,0,0,0,0,0,-0.006929192,0.047813879,0.305991405,0.730760195,1.008427781,0.998689753,0.381163194,-0.024400429,-0.024050722,-0.014048662,-0.000936468,0.00020527,0,0,0,0,0,0,0,0,-0.043168644,0.362880055,1.025031471,0.995196912,0.760318355,0.384092815,-0.003948546,-0.005115485,-0.000541769,4.67E-05,0,0,0,0,0,0,0,0,0,0,-0.020630454,0.174021884,0.497631229,0.255978677,0.053740709,-0.018929013,-0.004455587,0.000326118,0,0,0,0,0,0,0,0,0,0,0,0,0.001039501,-0.008904718,-0.022030399,-0.019234069,-0.011375783,-0.00220877,0.000190632,0,0,0,0,0,0,0,0,0,0,0,0,0,0,0,0,0,0,0,0,0,0,0,0,0,0,0,0,0,0,0
0,0,0,0,0,0,0,0,0,0,0,0,0,0,0,0,0,0,0,0,0,0,0,0,0,0,0,0,0,0,0,0,0,0,0,0,0,0,0,0,0,0,0,0,0,0,0,0,0,0,0,0,0,0,0,0,0,0,0,0,0,0,0,0,0,5.49E-05,-0.000519557,-0.002752792,-0.005244945,-0.004291309,-0.000974009,7.23E-05,0,0,0,0,0,0,0,0,0,0,0,0,0.000529412,-0.003584167,-0.019634106,-0.00388612,0.027405178,0.014438402,-0.013804619,0.000680862,0,0,0,0,0,0,0,0,0,0,1.11E-17,0.00029233,-0.007006604,-0.014363324,0.232523301,0.60382854,0.903479354,0.786489788,0.281263395,-0.043262,0.00202932,3.83E-05,0,0,0,0,0,0,0,0,0.000154906,-0.004573206,0.014928036,0.423740196,0.941209848,0.805733799,0.408681645,0.700283582,0.916514127,0.211075708,-0.024183941,-0.000225524,0,0,0,0,0,0,0,0,-0.013856014,0.100713672,0.592571033,0.681918729,0.440215068,0.096687199,-0.066445348,0.025378925,0.683997,0.648492248,0.010553764,-0.006616968,0,0,0,0,0,0,0,0,-0.004414822,0.035475133,0.141238086,0.025580916,-0.02432147,-0.012181865,0.000980733,-0.040366524,0.227253745,0.768830474,0.081256268,-0.013222018,0,0,0,0,0,0,0,0,0.000387265,-0.003101597,-0.012471065,-0.003439032,0.000233609,0,0,-0.022285846,0.15299086,0.77990002,0.133194937,-0.017546977,0,0,0,0,0,0,0,0,0,4.04E-19,3.69E-18,-9.42E-17,0.000297862,-0.002744402,-0.016712623,-0.054118447,0.120083929,0.680117085,0.099569253,-0.029911663,-0.008443968,3.23E-05,4.08E-05,-1.27E-17,4.15E-18,0,0,0,0.000729689,-0.006136983,-0.017054568,-0.018235464,-0.021857979,0.01951281,0.17946538,0.344244604,0.475329912,0.629524646,0.171721207,0.15075674,0.078181339,-0.021434334,-0.021177662,-0.013208967,0.000417007,0,0,0,-0.005024386,0.041007806,0.124398703,0.27534171,0.604146318,0.739778757,0.875773732,0.92788594,0.955931067,0.917319633,0.860799577,0.865031847,0.858593056,0.785800976,0.530509372,0.093356168,-0.007511754,0,0,0,-0.037287106,0.321100831,0.766604933,0.52667322,0.524726682,0.334443238,0.304778339,0.378644421,0.474768382,0.296250545,0.313222131,0.30103748,0.504852311,0.694506179,0.984018433,0.774786783,-0.021268553,0,0,0,-0.009777832,0.087512834,0.15474149,-0.040690274,-0.047260042,-0.029433421,-0.030252451,0.015552713,0.024633681,-0.031090295,-0.027971835,-0.027116422,-0.050157663,0.002569751,0.350434521,0.470052671,-0.009953193,0,0,0,0.00131344,-0.011643995,-0.022344669,-0.000554534,0.000125,0,0.000295037,-0.005022059,-0.00679902,0.000386949,0,2.02E-05,0.000561275,-0.008646616,-0.018245302,-0.00839251,0.000287309,0,0,0,0,0,0,0,0,0,0,0,0,0,0,0,0,9.70E-05,-0.001106005,-0.001968122,3.88E-05,0,0,0,0,0,0,0,0,0,0,0,0,0,0,0,0,0,0,0,0,0,0,0,0,0,0,0,0,0,0,0,0,0,0,0,0,0,0,0,0,0,0,0,0,0,0,0,0,0,0,0,0,0,0,0,0,0,0,0,0,0
0,0,0,0,0,0,0,0,0,0,0,0,0,0,0,0,0,0,0,0,0,0,0,0,0,0,0,0,0,0,0,0,0,0,0,0,0,0,0,0,0,0,0,0,0,0,0,0,0,0,0,0,0,0,0,0,0,0,0,0,0,0,0,0,0,0,0,4.89E-06,0.000125562,-0.001407424,-0.021575521,-0.022045394,-0.0023401,0.000339563,0,0,0,0,0,0,0,0,0,0,0,0,0.000171569,-0.000331825,-0.017773472,-0.016334269,0.320824142,0.328098465,0.013489462,-0.004738392,0,0,0,0,0,0,0,0,0,0,6.13E-05,0.001160812,-0.02063317,-0.040436081,0.082942521,0.386651467,0.940588916,0.959827802,0.316896818,-0.018513923,0,0,0,0,0,0,0,0,0,0,-0.000698529,-0.012854541,0.211733558,0.470032238,0.773454521,1.01100337,1.000893416,1.01665288,0.449835939,-0.020774101,0,0,0,0,0,0,0,0,0,0,-0.007568179,0.020898064,0.598081322,1.030022499,0.966309856,0.913773644,0.986521595,1.011130372,0.261838917,-0.020583344,0.000512005,-0.004793934,-0.016218662,-0.008328823,0.000317965,0,0,0,0,0,2.45E-05,-0.010328925,0.107877094,0.428763605,0.257592184,0.343759685,0.974106873,1.014446487,0.260975263,-0.025949346,-0.033240945,0.004354269,0.108666871,0.043007147,-0.002099163,0,0,0,0,0,0,0.000946776,-0.010133698,-0.039095091,-0.043748809,0.239742188,0.974593563,1.015230018,0.264741823,0.009669424,0.438670615,0.701326746,0.845623077,0.652796937,-0.017160097,0,0,0,0,0,1.12E-18,-6.91E-18,-3.60E-17,0.000183441,-0.026871783,0.381973243,0.992953176,1.003427083,0.736547973,0.793199159,1.011427679,1.034772195,1.026840669,0.794652447,-0.020463133,0,0,0,0.000187518,-0.001179705,-0.010821078,-0.014719669,-0.019322066,-0.022846602,-0.035653799,0.550735652,1.005923356,0.996135059,1.021201813,1.024556968,1.017838491,0.83126537,0.413787599,0.179806062,-0.006251021,0,0,0,0.000505246,-0.008083802,0.048717133,0.094903863,0.170427282,0.36697264,0.818345953,0.941227902,0.997572103,0.970994354,0.855636828,0.408002697,0.149721509,0.096564619,-0.0212793,-0.026928124,0.000758224,0,0,0,-0.025462476,0.204656744,0.75181393,0.850362898,0.980222375,1.023658432,1.031902114,1.006687194,1.017253438,0.641389263,0.095142982,-0.028951525,-0.02082227,-0.014362745,-0.002282135,0.000322041,0,0,0,0,-0.033900779,0.278881774,0.901194138,0.944990962,0.928517242,0.879272349,0.643931321,0.869326848,1.025663705,0.555969788,-0.011428023,-0.004855154,0,0,0,0,0,0,0,0,-0.000514451,0.003288586,0.029215754,0.03674806,0.036428547,0.031261941,-0.000111945,0.091362864,0.353409995,0.246267395,-0.003306225,-0.00195738,0,0,0,0,0,0,0,0,0.00017855,-0.00142642,-0.005443219,-0.005994179,-0.005958435,-0.005539521,-0.003119587,-0.008798152,-0.02363317,-0.015800194,0.000193531,0.000127655,0,0,0,0,0,0,0,0,0,0,0,0,0,0,0,0,0,0,0,0,0,0,0,0,0,0,0,0,0,0,0,0,0,0,0,0,0,0,0,0,0,0,0,0,0,0,0,0,0,0,0,0,0,0,0,0,0,0,0,0,0,0,0,0,0,0
0,0,0,0,0,0,0,0,0,0,0,0,0,0,0,0,0,0,0,0,0,0,0,0,0,0,0,0,0,0,0,0,0,0,0,0,0,0,0,0,0,0,0,0,0,0,0,0,0,0,0,0,0,0,0,0,0,0,0,0,0,0,0,0,0,0,0,0,0,2.57E-05,-0.000125204,-0.001477635,-0.00183314,-0.000235652,2.43E-05,0,0,0,0,0,0,0,0,0,0,0,0,0,9.65E-05,-0.000206189,-0.018525974,-0.019262357,-0.013726119,-0.009238239,0.00083444,0,0,0,0,0,0,0,0,0,0,0,8.30E-19,0.000142677,-0.001079282,-0.021288211,0.140504323,0.440221269,0.468395364,0.109291854,-0.010486877,4.02E-18,-4.58E-17,-1.34E-16,1.61E-18,0,0,0,0,0,0,4.87E-18,0.000388072,-0.009669058,-0.018746511,0.179616592,0.823355001,1.045705372,1.022454904,0.414901791,-0.038047386,-0.004025565,-0.016896616,-0.018053178,0.000420411,0,0,0,0,0,0,0.000835677,-0.013025016,0.009789336,0.392720843,0.928761975,0.70953749,0.574475646,0.993073095,0.449968085,-0.056205057,-0.016296285,0.1668497,0.300958666,-0.005010667,0,0,0,0,2.82E-05,0.000874796,-0.019542552,0.029051028,0.626798473,0.974536918,0.627126021,0.036264348,0.385186172,0.92365298,0.19943956,0.061911016,0.546460869,0.865597631,0.675271544,-0.018547283,0,0,0,0,-0.000381179,-0.015994877,0.180566585,0.743712844,0.967040921,0.435459269,0.010018348,-0.049216997,0.435022944,0.837830228,0.221076712,0.720939951,0.893955338,0.3593109,0.053772828,-0.00379936,0,0,0,0,-0.002317555,-1.33E-05,0.466973039,0.781068866,0.304858546,-0.024185083,-0.023299071,0.018659841,0.686897178,1.004970819,0.85927194,0.621574619,0.091393978,-0.022928649,-0.014289674,0.000498706,0,0,0,0,-6.38E-05,0.000184249,0.012216469,0.008179619,-0.017779731,-0.022287956,0.000467099,0.308797028,0.919483643,0.912288974,0.317750817,0.005005617,-0.015781778,-0.000850643,0.000125352,2.04E-06,0,0,0,0,1.96E-05,-1.39E-05,-0.003337002,-0.013645693,-0.020205449,0.163971285,0.59111923,0.953748132,0.868887207,0.190493373,-0.04391007,-0.005212843,0.000718275,2.45E-06,0,0,0,0,0,0,8.04E-05,-0.000283395,-0.01622532,0.008218869,0.400656075,0.843859154,0.781045275,0.880637612,0.311319019,0.000585127,-0.005097699,8.08E-05,0,0,0,0,0,0,0,0.000653051,-0.005714154,-0.03009421,0.136194053,0.639449908,0.892023069,0.392742239,0.09459261,0.535979252,0.005485532,-0.008524367,0.000404242,0,0,0,0,0,0,0,0,-0.003271779,0.0109271,0.32611809,0.816206274,0.629069427,0.14788915,-0.018266085,-0.011970435,0.007718035,-0.003697542,0.00033957,0,0,0,0,0,0,0,0,0,-0.036663405,0.316391629,0.764191517,0.316360618,-0.00700337,-0.014978548,-0.00127902,-0.000191636,-0.002990502,8.99E-06,1.59E-05,0,0,0,0,0,0,0,0,0,-0.009237207,0.085520056,0.092781837,-0.028863683,-0.004235355,0.000346594,1.63E-05,0,0,0,0,0,0,0,0,0,0,0,0,0,0.000998736,-0.009032203,-0.013718852,-0.000710784,0.000101103,0,0,0,0,0,0,0,0,0,0,0,0,0,0,0,0,0,0,0,0,0,0,0,0,0,0,0,0,0,0,0,0,0
0,0,0,0,0,0,0,0,0,0,0,0,0,0,0,0,0,0,0,0,0,0,0,0,0,0,0,0,0,0,0,0,0,0,0,0,0,0,0,0,0,0,0,0,0,0,0,0,0,0,0,0,0,0,0,0,0,0,0,0,0,0,0,0,0,0,0,0,0,0,0,0,0,0,0,0,0,0,0,0,0,0,0,0,0,0,0,0,0,0,0,0,0,0,3.31E-05,0.000113664,-0.004991115,-0.00750428,-0.001321998,0.000130208,0,0,0,0,0,1.11E-32,4.67E-18,-2.97E-17,-3.59E-16,-5.24E-16,-1.70E-16,1.15E-17,0,4.72E-05,0.00032004,-0.014015506,-0.000661356,0.014995142,-0.005800483,0.000477431,0,0,0,0,0,2.55E-05,0.00013957,-0.010458875,-0.021094941,-0.021388378,-0.014398659,0.000955031,-0.000188537,-0.006966656,-0.02545944,0.127307394,0.561197423,0.669805467,0.215260161,-0.020121443,0,0,0,0,0,0.000741409,-0.016660552,0.08434938,0.548606967,0.736516584,0.290649382,-0.01867163,-0.010833795,-0.000807804,0.259752388,0.890840773,0.984168009,0.970316027,0.357703348,-0.033154478,0,0,0,4.95E-05,0.000273029,-0.020947968,0.05633832,0.690103559,1.035955695,1.048502706,0.706565785,-0.073177594,0.081661316,0.611706001,0.955865928,0.713375443,0.302489073,0.240296292,0.009792858,-0.001289318,0,0,0,-0.000653901,-0.005257217,0.146124115,0.632128523,1.01320878,0.954133442,1.021319376,0.659354643,0.217246255,0.799122709,1.019592729,0.521880072,0.049757949,-0.037287582,-0.022878365,-0.00147229,0.000170207,0,0,0,-0.003632353,0.006723346,0.678055777,1.072726137,0.625049852,0.358347665,0.975670207,0.801405569,0.928684794,0.912297178,0.313654735,-0.025935526,-0.014994315,0.000760519,0,0,0,0,0,0,-0.000899765,-0.012883187,0.29741008,0.523918539,0.067306096,0.499234426,1.019138429,1.030450385,0.723965669,0.187338436,-0.03337403,-0.001299122,0.00016585,7.05E-06,0,0,0,0,0,0,0.00028892,-0.009105265,0.030500625,0.101046108,0.482376214,0.962067282,1.010011822,0.587035044,0.026908334,-0.02770918,0.000423444,0,0,0,0,0,0,0,0,0,-0.025441381,0.40735643,0.721554364,0.910402267,1.050468913,1.036147467,0.992357571,0.231921262,-0.027877196,0.0001386,6.64E-05,0,0,0,0,0,0,0,0,0,-0.036826746,0.598587112,0.995433007,0.807419322,0.408919004,0.511162139,0.721281505,0.104568764,-0.008660182,0,0,0,0,0,0,0,0,0,0,0,-0.001556168,0.019044969,0.129114379,0.066024152,-0.023279813,-0.011339103,0.014334491,-0.003659705,0.00015191,0,0,0,0,0,0,0,0,0,0,0,0.000242953,-0.003614685,-0.011201134,-0.007200827,-0.001156037,-0.002119638,-0.004123877,-0.000391289,3.78E-05,0,0,0,0,0,0,0,0,0,0,0,0,0,0,0,0,0,0,0,0,0,0,0,0,0,0,0,0,0,0,0,0,0,0,0,0,0,0,0,0,0,0,0,0,0,0,0,0,0,0,0,0,0,0,0,0,0,0,0,0,0,0,0,0,0,0,0,0
0,0,0,0,0,0,0,0,0,0,0,0,0,0,0,0,0,0,0,0,0,0,0,0,0,0,0,0,0,0,0,0,0,0,0,0,0,0,0,0,0,0,0,0,0,0,0,0,0,0,0,0,0,0,0,0,0,0,0,0,0,0,0,0,0,0,0,0,0,0,0,0,0,0,0,0,0,0,0,0,0,0,0,2.94E-05,0.000276961,-0.007968137,-0.017279412,-0.02607038,-0.034317096,-0.033312194,-0.008652267,0.000613971,0,0,0,0,0,0,0,0,0,0,0.000132485,-0.00088191,-0.011144914,0.024460393,0.100439985,0.178245791,0.25397772,0.24725931,0.023784195,-0.034069666,7.77E-05,0.000259566,0,0,0,0,0,0,0,0,-0.000605356,-0.001218444,0.07895384,0.620306934,0.812222222,0.920613391,0.991255719,0.954715005,0.703841844,0.29809472,-0.007981483,-0.002530127,0,0,0,0,0,0,0,0,-0.029299361,0.238435041,0.825905283,0.861624169,0.575184953,0.408927564,0.253049407,0.116492601,0.680521449,0.96868515,0.221932298,-0.017666252,0,0,0,0,0,0,0,0,-0.042425502,0.379518655,0.657084814,0.070835359,-0.028634412,-0.020817027,-0.01966265,-0.046849911,0.17418059,0.939706172,0.408983684,-0.02091282,0,0,0,0,0,0,0,0,-0.011000367,0.102473346,0.097549598,-0.012361128,0.000150786,0,0,-0.019662071,0.122134021,0.834510944,0.417472637,-0.020619043,0,0,0,0,0,0,0,0,0.001169541,-0.010716265,-0.01357501,0.000221507,5.33E-05,-5.23E-16,-4.93E-16,-0.020394301,0.128591844,0.843820925,0.352975028,-0.020623128,-3.48E-16,0.000606362,-0.006912531,-0.007785642,0.000242545,0,0,0,1.35E-05,2.37E-05,-0.001568236,-0.014948189,-0.02097835,-0.020646495,-0.020598448,-0.041170615,0.117261166,0.765891068,0.188434617,-0.039060117,-0.020738868,-0.027157458,0.064557207,0.079511553,-0.002531829,0,0,0,0,-0.002586472,0.008773372,0.411443021,0.765723387,0.777924,0.726469705,0.456234917,0.311202594,0.846915128,0.473034781,0.391598114,0.557105041,0.74187917,0.80918603,0.680699926,-0.017279836,0,0,0,0,-0.004293045,0.042149459,0.42631153,0.595036424,0.604156017,0.758456019,0.808571929,0.957327291,1.001856584,1.013328781,0.97570401,0.838014451,0.746892242,0.42168447,0.257413443,-0.006548713,0,0,0,0,0.000376583,-0.003697321,-0.037395748,-0.054448529,-0.040548914,0.069090788,0.107191619,0.235738051,0.249078874,0.250619726,0.221986111,0.121896701,0.068756757,-0.022634736,-0.025186023,0.000582959,0,0,0,0,0,0,0,0.000226716,-0.001252904,-0.013651348,-0.017925245,-0.032206801,-0.034052696,-0.03419775,-0.030956495,-0.019669118,-0.01351348,-0.001469363,0.000234805,0,0,0,0,0,0,0,0,0,0,0,0,0,0,0,0,0,0,0,0,0,0,0,0,0,0,0,0,0,0,0,0,0,0,0,0,0,0,0,0,0,0,0,0,0,0,0,0,0,0,0,0,0,0,0,0,0,0,0,0,0,0,0,0,0,0,0,0,0,0,0,0,0,0,0,0,0,0,0,0,0,0
0,0,0,0,0,0,0,0,0,0,0,0,0,0,0,0,0,0,0,0,0,0,0,0,0,0,0,0,0,0,0,0,0,0,0,0,0,0,0,0,0,0,0,0,0,0,0,0,0,0,0,0,0,0,0,0,0,0,0,0,0,0,0,0,0,0,0,0,6.86E-05,-0.001189542,-0.001189542,6.86E-05,0,0,0,0,0,0,0,0,0,0,0,0,0,0.000490196,-0.004806985,-0.027228813,-0.038931577,-0.022828976,-0.023801709,-0.028038501,-0.001768375,0.000392157,0,0,0,0,0,0,0,0,0,0.000163399,-0.000552322,-0.032350388,-0.004765199,0.187785608,0.27685529,0.408826797,0.417419271,0.179548049,-0.010493848,-0.002378983,0,8.30E-18,-9.46E-17,-2.58E-16,3.32E-18,0,0,0,0.000521789,-0.005875034,-0.012184947,0.292054568,0.577582635,0.92793124,1.069671705,1.05849966,1.063843307,0.925982469,0.300041427,-0.023068661,0.001129834,-0.004083946,-0.019716946,-0.018105662,0.000434028,0,0,0,-0.004217702,0.00780543,0.535068994,1.00120667,1.054012831,1.009433437,0.887788003,0.725784416,0.889737101,1.05318286,0.840949349,0.022575822,-0.027253373,-0.012740172,0.237691441,0.432870081,-0.006717181,0,0,0,-0.020767193,0.155351937,0.815250204,0.843368873,0.82466105,0.443931862,0.05035352,-0.058899612,0.193691023,0.954929024,0.972493495,0.255107639,0.087854779,0.462068253,1.014575572,0.748683231,-0.021593648,0,0,0,-0.002843749,0.018769625,0.156944189,0.122644455,0.116331001,-0.013965527,-0.010081597,-0.017195091,0.093000357,0.795061445,0.997994069,0.528696027,0.73937626,1.021785284,0.902657424,0.183560903,-0.016446589,0,0,0,0.00046961,-0.003260417,-0.022997855,-0.019890625,-0.019157782,-0.002700257,0.001178462,-0.039454095,0.179387068,0.873732128,1.017175513,1.006448529,1.010853316,0.774258902,0.151867239,-0.028547807,-0.000421603,0,0,0,0,0,0.000392157,-0.00291939,-0.01069887,-0.019344911,-0.036675466,0.197984698,0.778795888,1.032054739,1.026347173,0.985158275,0.462802271,0.114142395,-0.023737847,0.00034594,9.75E-05,0,0,0,0,0.00125107,-0.022677021,-0.022757735,0.038113679,0.19732824,0.762376024,0.940077062,1.033828115,0.995080408,0.640032202,0.111559201,-0.003418634,-0.023503017,0.001172802,0,0,0,0,0,0.002027638,-0.029103043,0.124661509,0.51277868,0.737066023,0.986256471,1.060903799,1.062046262,1.044548935,0.555090057,-0.010691472,-0.025492068,-0.004083946,0.000585172,0,0,0,0,0,0,-0.035922302,0.298455814,0.897780518,1.046074959,1.021745404,0.934338745,0.467069717,0.264473856,0.267529037,0.064560764,-0.014835922,0.000544662,0,0,0,0,0,0,0,0,-0.020908646,0.173595435,0.541221814,0.403456546,0.286779837,0.052002874,-0.019694138,-0.039868192,-0.036335478,-0.011584252,0.001401492,0,0,0,0,0,0,0,0,0,0.00125107,-0.01036106,-0.032691023,-0.02627788,-0.019884395,-0.006840528,-0.001536458,0.000163399,0,0,0,0,0,0,0,0,0,0,0,0,0,0,0,0,0,0,0,0,0,0,0,0,0,0,0,0,0,0,0,0,0,0,0,0,0,0,0,0,0,0,0,0,0,0,0,0,0,0,0,0,0,0,0,0,0,0,0,0,0,0,0,0,0,0,0,0,0,0
0,0,0,0,0,0,0,0,0,0,0,0,0,0,0,0,0,0,0,0,0,0,0,0,0,0,0,0,0,0,0,0,0,0,0,0,0,0,0,0,0,0,0,0,0,0,0,0,0,0,0,0,0,0,0,0,0,0,0,0,0,0,0,0,0,0,0,0,0,0,0,0,0,0,0,0,0,0,0,0,0,0,0,0,0,0,0,0,0.000121324,-0.000650735,-0.017268382,-0.024553922,-0.002486548,0.000392157,0,0,0,0,0,0,0,0,0,9.80E-19,-5.27E-18,-1.49E-16,8.51E-05,0.000922302,-0.017706444,-0.036941874,0.100789352,0.163993073,-0.000148672,-0.002387493,0,0,0,0,0,0,0,0,0,0.000443219,-0.006532033,-0.020333435,-0.021725899,-0.031242442,0.167442964,0.474169884,0.785908463,0.891760263,0.279922479,-0.016820364,0,1.70E-05,-0.000194036,-0.007054339,6.81E-06,0,0,0,0,-0.00423612,0.052398802,0.308130189,0.444804482,0.629891831,0.931501264,1.044294736,1.024926012,1.032661683,0.346263657,-0.021130135,0.000723167,-0.006629775,-0.032087359,0.023685725,0.000756186,0,0,0,0,-0.021820568,0.319430743,1.028031676,1.056145391,1.020900391,0.845026637,0.717024306,0.989370217,0.878033956,0.116786226,-0.019904395,-0.025688538,0.022318934,0.281163058,0.562229492,-0.007041462,0,0,0,0,-0.006171824,0.081863392,0.395410846,0.429595129,0.34921764,0.117876787,0.21438094,0.996331206,0.691891561,0.012746627,0.003034297,0.26359935,0.674422011,0.987949517,0.850246066,-0.020851716,0,0,0,0,0.000646497,-0.010149935,-0.022039267,-0.02080913,-0.023898078,-0.030960325,0.088890268,0.994066891,0.64682547,0.356939366,0.699003779,1.011316398,0.981837759,0.725082687,0.240678886,-0.012888242,0,0,0,0,6.90E-05,-0.00104679,-0.002475575,-0.005680726,-0.014752235,-0.031542143,0.100416122,0.97072789,0.929582601,1.006580228,0.986832091,0.783085733,0.32811346,0.017257472,-0.025351545,0.000784824,0,0,0,0.001454717,-0.012171385,-0.035324284,-0.037929711,-0.01144635,0.08611996,0.282303378,0.608560953,1.012340508,1.022248532,0.766264621,0.280016798,0.047486972,-0.026356141,-0.007577759,0.000888451,0,0,0,0,-0.011763075,0.090988647,0.406886608,0.4691218,0.550796926,0.82711552,1.038113971,1.055885519,0.863308568,0.47990322,0.032235012,-0.02673543,-0.01217916,-0.001054262,0.000114379,0,0,0,0,0,-0.044795565,0.376484852,1.058908786,1.0678165,1.022655331,0.964704574,0.672886319,0.334797794,0.140345997,-0.020763872,-0.008445216,0.000693593,0,0,0,0,0,0,0,0,-0.012883698,0.097273897,0.489448206,0.564227277,0.237850728,0.062397426,0.009641068,-0.03167213,-0.023871936,-0.002331189,0.000381558,0,0,0,0,0,0,0,0,0,0.000869512,-0.006691789,-0.030896089,-0.035133578,-0.017151144,-0.007453681,-0.003746732,-0.00048606,8.36E-05,0,0,0,0,0,0,0,0,0,0,0,0,0,0,0,0,0,0,0,0,0,0,0,0,0,0,0,0,0,0,0,0,0,0,0,0,0,0,0,0,0,0,0,0,0,0,0,0,0,0,0,0,0,0,0,0,0,0,0,0,0,0,0,0,0,0,0,0,0
0,0,0,0,0,0,0,0,0,0,0,0,0,0,0,0,0,0,0,0,0,0,0,0,0,0,0,0,0,0,0,0,0,0,0,0,0,0,0,0,0,0,0,0,0,0,0,0,0,0,0,0,0,0,0,0,0,0,0,0,0,0,0,0,0,0,6.54E-05,-0.000325303,-0.003683007,-0.015742494,-0.018876072,-0.003035488,0.000420692,0,0,0,0,0,0,0,0,0,0,0,0.000474265,-0.003477022,-0.01411523,-0.024953324,0.004624115,0.212263685,0.271620558,0.032609715,-0.004913375,0,0,0,0,0,0,0,0,0,0,0.000177441,-0.004447627,-0.002974946,0.057547981,0.239419476,0.741340993,0.973080746,0.952227822,0.29438688,-0.035768212,0,0,0,0,0,0,0,0,0,0,-0.001968188,-0.003126413,0.417102209,0.760636166,0.951171273,1.037677968,1.022533173,0.94491825,0.275880225,-0.033874689,0,0,0,0,0,0,0,0,0,0,-0.005412896,0.028413691,0.880078336,0.992835579,0.792274021,0.373448256,0.707307828,0.829423417,0.092944013,-0.014371022,0,0,0,0,0,0,0,0,0,0,-0.001486162,0.003209848,0.288745234,0.258890506,0.042151427,-0.060821181,0.601273727,0.835810509,0.092194887,-0.014581346,2.66E-05,0,0,0,0,0,0,0,0,0,0.000136591,-0.000290628,-0.026510587,-0.024565547,-0.005518528,-0.035534075,0.589033599,0.962511353,0.274570602,-0.03313593,-3.64E-05,0,0,0,0,0,0,0,0,0.001742693,-0.014925449,-0.036598329,-0.034714563,-0.035300926,-0.012033244,-0.028257081,0.306704963,1.022722546,0.538004664,-0.013762654,-0.006628966,-0.00756953,-0.002584167,-0.004836857,-0.00150957,0.000165952,0,0,0,-0.019866699,0.17019761,0.417097886,0.387453533,0.386279276,0.11659295,0.050403867,0.148452529,0.786592337,0.858603588,0.150717409,-0.010975882,0.065479048,0.008650174,0.033911271,-0.000581492,-0.001457823,0,0,0,-0.037585063,0.320880892,0.794406329,0.910578571,0.993087794,0.859565482,0.886790541,0.904828295,0.960533865,1.048470252,0.764405596,0.696571906,0.892275352,0.715682181,0.808303218,0.459526344,-0.018901594,0,0,0,0.000697077,-0.00732358,-0.011132132,0.222449959,0.442190564,0.729251576,0.786003881,0.780192674,0.769772093,0.76262374,0.779476292,0.782880327,0.782185628,0.7840585,0.799115434,0.67090761,-0.016303956,0,0,0,0,0.000118719,-0.000307649,-0.020731209,-0.043192742,0.05221074,0.085922862,0.083218954,0.083218954,0.083218954,0.083073305,0.08322789,0.083064066,0.083074704,0.084840346,0.071241609,-0.001729473,0,0,0,0,0,0,8.49E-18,0.000318627,-0.011736884,-0.015612745,-0.015294118,-0.015294118,-0.015294118,-0.015294118,-0.015294118,-0.015294118,-0.015294118,-0.015612745,-0.013100159,0.000318627,0,0,0,0,0,0,0,0,0,0,0,0,0,0,0,0,0,0,0,0,0,0,0,0,0,0,0,0,0,0,0,0,0,0,0,0,0,0,0,0,0,0,0,0,0,0,0,0,0,0,0,0,0,0,0,0,0,0,0,0,0,0,0,0,0,0,0,0,0,0,0,0,0,0,0,0,0,0,0,0,0
0,0,0,0,0,0,0,0,0,0,0,0,0,0,0,0,0,0,0,0,0,0,0,0,0,0,0,0,0,0,0,6.47E-05,-0.000547267,-0.00234341,-0.000190121,3.98E-05,0,0,0,0,0,0,0,0,0,0,0,0,0,0,0,-0.000547267,0.004626231,0.019869553,0.001637673,-0.000340284,0,0,0,0,0,0,0,0,0,0,0,0,0.000215993,-0.003555607,-0.006243668,-0.003297198,0.020002854,0.08451651,0.006614771,-0.001412071,0,0,0,0,0,0,0,0,0,0,0.000254289,-0.000496209,-0.02593367,0.005386744,0.051157816,0.003522621,0.000975653,0.006614771,0.000366353,-9.53E-05,0,0,0,0,0,0,0,0,7.93E-18,0.000138293,-0.002797266,-0.029431604,0.131435355,0.667934504,0.776132064,0.148222341,-0.020033733,-0.001412071,-9.53E-05,2.21E-05,0,0,0,0,0,0,0,4.34E-05,0.000181611,-0.011559351,-0.017542296,0.370955509,0.85590865,1.051302492,0.929815972,0.249376225,-0.031089642,0,0,7.23E-05,-0.000824653,-0.00906574,2.89E-05,0,0,0,0,0.000481381,-0.023107446,0.096946551,0.551097285,0.972097811,1.023922588,1.019238565,0.8070878,0.087148336,-0.013836487,0,0.000278831,-0.001228599,-0.017573122,0.041991215,0.000493763,0,0,0,0.000901309,-0.01624183,0.07653605,0.68051857,1.029965159,0.958861118,0.911219771,1.033707278,0.773716912,0.037625817,-0.008563043,0.000111928,-0.008265268,-0.026244349,0.217054313,0.619816949,-0.007114651,0,0,0,-0.013560801,0.091866251,0.670697117,1.038587929,0.885230613,0.289211899,0.541589461,1.067764451,0.775873417,0.041662888,-0.009595614,-0.02355079,0.040349809,0.463496392,0.909827376,0.888728344,-0.020258374,0,0,0,-0.040458196,0.335753711,1.048297301,0.895894676,0.232138906,-0.079817102,0.347121358,1.01450034,0.782228843,0.037603894,-0.051867416,0.142549224,0.701291105,1.036434981,0.977539845,0.520179484,-0.018454521,0,0,0,-0.015537483,0.12872452,0.417872055,0.22680547,-0.033691432,-0.022646091,0.169392344,0.900041718,0.789278203,0.042610805,0.435455563,0.849386574,1.047403374,0.881144829,0.394118226,-0.021550589,-0.004025565,0,0,0,0.001815955,-0.015039746,-0.048737108,-0.028578126,0.001747585,-0.005179784,0.005319256,0.769982284,0.882137771,0.631008707,1.024281314,1.031736171,0.723040303,0.135997904,-0.008989034,-0.006534021,0.000521789,0,0,0,0,0,0,7.02E-05,-0.000342371,-0.017211386,0.026645016,0.77666282,1.0293093,1.036541922,0.853245672,0.484196112,0.051400633,-0.023019897,-0.00364745,0.000448412,0,0,0,0,0,8.27E-06,0.000598346,-0.00631507,-0.024460018,0.046560271,0.55684775,1.005072883,1.016074772,0.751011251,0.161851093,-0.009988426,-0.010604745,0.000660829,1.66E-05,0,0,0,0,0,0,-7.31E-05,-0.005285386,0.040481158,0.309017821,0.820963118,0.992103843,0.891306253,0.466668284,0.015637425,-0.020819575,-0.004857707,0.000428922,0,0,0,0,0,0,0,0,-0.00010386,-0.007512561,0.068838269,0.33190751,0.355637323,0.333363392,0.17515528,0.011295445,-0.007665492,-0.000103033,6.03E-05,0,0,0,0,0,0,0,0,0,1.10E-05,0.000796136,-0.007250418,-0.035595777,-0.040896007,-0.039751335,-0.023265256,-0.004194692,0.000341201,0,0,0,0,0,0,0,0,0,0,0,0,0,0,0,0,0,0,0,0,0,0,0,0,0,0,0,0,0,0,0,0,0,0,0,0,0,0,0,0,0,0,0,0,0,0,0,0
0,0,0,0,0,0,0,0,0,0,0,0,0,0,0,0,0,0,0,0,0,0,0,0,0,0,0,0,0,0,0,0,0,0,0,0,0,0,0,0,0,0,0,0,0,0,0,0,0,0,0,0,0,0,0,0,0,0,0,0,0,0,0,0,0,0,0,0,4.29E-06,0.000223754,-0.002227073,-0.011203125,-0.010838531,-0.001006944,0.000112337,0,0,0,0,0,0,0,0,0,0,0,0,0,0.000542688,-0.011444376,-0.004995898,0.131371987,0.12555187,-0.007725524,0.000376157,0,0,0,0,0,0,0,0,0,0,3.48E-32,9.39E-18,0.000713383,-0.010259464,0.016641459,0.450419339,0.936561309,0.911658616,0.268867953,-0.025359137,0,0,0,0,0,0,0,0,0,0,0.000344669,-0.003498604,-0.025656312,0.022938589,0.551866371,1.03377354,1.012785743,1.04045947,0.540409007,-0.049328704,-0.006976443,-0.006181917,-0.000158983,6.81E-05,0,0,0,0,0,0.000623701,-0.006445671,-0.01080563,0.217051902,0.77679567,1.013704191,0.728097492,0.801120691,0.96440563,0.2665716,-0.059965944,0.015887449,0.00961355,-0.004680234,0.000297583,0,0,0,0,6.86E-05,-0.005349316,0.004042279,0.365016204,0.949239907,0.89225177,0.52871024,0.083607571,0.723438691,0.812802661,0.083719533,0.282803547,0.61947726,0.58405547,0.056499225,-0.009829453,0,0,0,0,-0.000710989,-0.018632234,0.262671058,0.940019506,0.768529327,0.17481056,-0.014941993,0.009051028,0.687367562,0.906824783,0.723003898,0.975156573,1.020618583,1.039850592,0.14514981,-0.021139706,0,0,0,0,-0.00728845,0.062248111,0.889214886,0.937409024,0.199865069,-0.04843973,-0.050173577,0.202989685,0.857619281,1.024482814,0.986853384,0.784578636,0.392826083,0.656642702,0.107286495,-0.014525463,0,0,0,0,-0.003897059,0.035989379,0.480175075,0.253533905,-0.02396714,0.103995915,0.379415952,0.798217065,0.999617664,0.930965275,0.38090082,0.093519863,0.005642157,0.116135825,0.020156435,-0.002636506,0,0,0,0.000126922,-0.000421864,-0.012932871,-0.036116003,0.042240159,0.461993179,0.894483426,1.002790007,1.027493274,0.95449287,0.314090186,-0.033505802,-0.017096429,-0.00319188,-0.015945946,-0.002714169,0.00035873,0,0,0.000209865,-0.001264471,-0.017620234,0.054815802,0.403274442,0.774916037,1.015201361,0.774443474,0.505984477,0.927406846,0.696113562,0.022164166,-0.011918573,0.000229779,0,0,0,0,0,0,-0.002725184,-0.006396957,0.339873298,0.798356481,1.008134089,0.919100677,0.43130899,0.070994741,-0.012697542,0.897337878,0.497656693,-0.035068179,-0.001703091,0,0,0,0,0,0,0,-0.017252179,0.109768864,0.926962589,0.984118958,0.537546007,0.044724248,-0.01998135,-0.020824517,0.021752757,0.639330372,0.284154888,-0.035712772,0.000257353,0,0,0,0,0,0,0,-0.003321419,0.013972015,0.244596797,0.269628847,-0.005479269,-0.009301726,-0.001340956,0.000106771,0.000406573,-0.004381536,-0.005644404,0.000600465,0,0,0,0,0,0,0,0,0.000436183,-0.002036847,-0.030246627,-0.033282785,-0.002840895,0.000300844,0,2.32E-05,-0.000176511,-0.003504953,-0.001242509,0.000146448,0,0,0,0,0,0,0,0,0,0,0,0,0,0,0,0,0,0,0,0,0,0,0,0,0,0,0,0,0,0,0,0,0,0,0,0,0,0,0,0,0,0,0,0,0,0,0
0,0,0,0,0,0,0,0,0,0,0,0,0,0,0,0,0,0,0,0,0,0,0,0,0,0,0,0,0,0,0,0,0,0,0,0,0,0,0,0,0,0,0,0,0,0,0,0,0,0,0,0,0,0,0,0,0,0,0,0,0,0,0,0,0,2.04E-05,-0.000232843,-0.000355469,8.17E-06,0,0,0,0,0,0,0,0,0,0,0,0,0,0,2.39E-05,0.00073652,-0.010212078,-0.029300143,-0.029791318,-0.024898863,-0.004088848,0.00057261,2.76E-06,0,0,0,0,0,0,0,0,0,0,0,-7.45E-05,-0.006298696,0.055900054,0.267661543,0.306696221,0.169525276,-0.002176709,-0.006035897,0.000205423,0,0,0,0,0,0,0,0,0,0,0,-0.001857179,-0.011609801,0.465526791,0.880235805,0.813821508,0.866276144,0.475474299,-0.010921569,-0.00180239,0,0,0,0,0,0,0,0,0,0,0,-0.000719956,0.000292266,0.150186091,0.147681845,0.064323668,0.282667288,0.859124934,0.383580351,-0.031567608,0.00076153,0,0,0,0,0,0,0,0,0,0,5.48E-05,8.38E-05,-0.011971626,-0.016921381,-0.014614315,-0.038961346,0.438476069,0.762910863,0.020205984,-0.006699737,-0.000221661,-0.000215635,-4.21E-05,3.22E-06,0,0,0,0,0,0.00012474,-0.000708384,-0.007243856,-0.027077768,-0.03260289,-0.034822724,-0.043502979,0.064051164,0.770893076,0.09075514,-0.051958593,-0.034677951,-0.034635229,-0.026304279,-0.009888327,-0.000908035,6.74E-05,0,0,0,0.001496881,-0.016273948,0.012380379,0.207736009,0.293369332,0.327881558,0.315770578,0.439239719,0.870923815,0.422099758,0.314802801,0.324934726,0.312623672,0.190965874,0.033553122,-0.033357368,0.00048543,0,0,0,-0.031191961,0.265348073,0.676984613,0.776373996,0.769604779,0.814912033,0.798796603,0.910865928,0.83558478,0.60474229,0.785826998,0.806939747,0.926580048,0.913030756,0.72893093,0.483113968,-0.013167552,0,0,0,-0.017434633,0.155845665,0.266439709,0.101847594,0.063249715,0.056149633,0.079206667,0.655170278,0.236907281,-0.013777363,0.053681374,0.059904712,0.100966311,0.242934331,0.516366791,0.616199063,-0.013069348,0,0,0,0.001039501,-0.008999183,-0.02056713,-0.015157782,-0.011804534,-0.043964881,0.274594397,0.47118927,-0.003843971,-0.007675296,-0.011139477,-0.011878745,-0.01612694,-0.020227907,-0.021237064,-0.016551336,0.000432326,0,0,0,0,0,0,0,0,-0.009152093,0.087253711,0.044570023,-0.008984869,0.000163552,0,0,0,0,0,0,0,0,0,0,0,0,0,0,0,0.001203375,-0.011311275,-0.008790441,0.000813725,7.35E-06,0,0,0,0,0,0,0,0,0,0,0,0,0,0,0,0,0,0,0,0,0,0,0,0,0,0,0,0,0,0,0,0,0,0,0,0,0,0,0,0,0,0,0,0,0,0,0,0,0,0,0,0,0,0,0,0,0,0,0,0,0,0,0,0,0,0,0,0,0,0,0,0,0,0,0,0,0,0,0,0,0,0,0,0,0,0,0,0
0,0,0,0,0,0,0,0,0,0,0,0,0,0,0,0,0,0,0,0,0,0,0,0,0,0,0,0,0,0,0,0,0,0,0,0,0,0,0,0,0,0,0,0,0,0,0,0,0,0,0,0,0,0,0,0,0,0,0,0,0,0,0,0,0,0,0,0,0,0,0,0,0,0,0,0,0,0,0,0,0,0,0,0,0,0,0,0,0,0,0,0,0,0,0,0,0,0,0,0,0,0,0,9.33E-20,5.38E-18,-4.35E-17,0.000434028,-0.00755634,-0.025803377,-0.032007421,-0.032496766,-0.020224843,-0.000642045,0.00023829,0,0,0,0,0,0,0,0,4.08E-05,-1.70E-05,-0.005581597,-0.017330644,-0.026102771,0.06909667,0.28268127,0.361188896,0.364641204,0.213621324,-0.012221781,-0.006902744,0.000404242,0,0,0,0,0,0,0.000383189,-0.002001456,-0.026973931,-0.001919969,0.171157413,0.501270365,0.836253844,0.920221539,0.837791502,0.876592509,0.935537925,0.436001407,0.001013123,-0.008084923,-0.010744772,-0.010801027,-0.001515737,0.00022013,0,0,-0.003055215,0.010675574,0.224191381,0.582245285,0.903555164,0.831985141,0.49641615,0.313971524,0.092547573,0.141836448,0.591905637,0.957595967,0.289877298,-0.010856141,0.059623826,0.060938062,0.008782714,-0.001259702,0,0,-0.012729269,0.074078768,0.748517702,0.787436581,0.291411033,0.103330236,-0.033018562,-0.030259651,-0.014695755,-0.04939934,0.015674615,0.754539715,0.832805385,0.722551692,0.805859494,0.800061138,0.109359331,-0.016083367,0,0,-0.000864481,0.005931322,0.044084831,0.019036169,-0.027751753,-0.01829742,-0.004355102,-0.033532475,-0.006905042,0.193364566,0.518593154,0.879790843,0.979041701,0.726896684,0.528153595,0.372809794,0.028305562,-0.005719805,0,0,9.34E-05,-0.000579828,-0.005169322,-0.004404667,-0.011069461,-0.025356209,0.019097095,0.329368447,0.634024203,0.951815513,0.821810151,0.907395625,0.72074166,0.027159943,-0.042977635,-0.02312117,-0.001907179,0.000365605,0,0,0,0.00051745,-0.004020933,-0.025833333,0.037620528,0.39591578,0.795670208,0.923741694,0.778162818,0.354613295,0.074620141,0.719197034,0.490866489,-0.03334665,-0.001237006,1.10E-05,0,0,0,0,0,-0.004567282,0.029900463,0.211588167,0.736740775,0.864272535,0.568421861,0.243658514,0.041749166,-0.041690853,0.121826083,0.803755028,0.215380838,-0.02060449,0.000128676,0,0,0,0,0,0,-0.009167176,0.05988751,0.511570415,0.555341078,0.149089869,-0.010665654,-0.025961925,-0.008403714,-0.012285454,0.485002553,0.640148469,0.007967388,-0.002078227,0,0,0,0,0,0,0,-0.000259671,0.001445483,0.020924003,-0.005441364,-0.022378966,-0.004326566,0.000355392,-0.009435968,0.060672249,0.37716842,0.0864739,-0.013524646,0.000390625,0,0,0,0,0,0,0,5.26E-05,-0.000332772,-0.003194802,-0.002449806,-1.11E-05,1.59E-05,0,-0.001056373,0.01071635,-0.002526331,-0.00974573,0.000554024,0,0,0,0,0,0,0,0,0,0,0,0,0,0,0,0.000161428,-0.001425951,-0.002026823,0.00021479,0,0,0,0,0,0,0,0,0,0,0,0,0,0,0,0,0,0,0,0,0,0,0,0,0,0,0,0,0,0,0,0,0,0,0,0,0,0,0,0,0,0,0,0,0,0,0
0,0,0,0,0,0,0,0,0,0,0,0,0,0,0,0,0,0,0,0,0,0,0,1.84E-05,0.000548407,-0.007774033,-0.021516714,-0.021052614,-0.011838576,-0.000110805,0.000119485,0,0,0,0,0,0,0,0,0,0,0,0,-2.82E-05,-0.006352336,0.052958535,0.187050637,0.1815703,0.076052733,-0.025091925,-0.000965411,0.000119848,0,0,0,0,0,0,0,0,0,0,0,-0.002142055,-0.012059572,0.520239515,1.056334304,1.035901071,0.748623792,0.198360635,-0.008118481,-0.000778748,0,0,0,0,0,0,0,0,0,0,0,-0.002133119,-0.00461586,0.457516051,0.904128149,0.894015463,1.002913943,0.798455882,0.043207891,-0.005960989,0,0,0,0,0,0,0,0,0,0,0,1.99E-05,-0.001174224,-0.002440359,0.097945449,0.139081655,0.71058764,0.992901705,0.158673015,-0.013649101,9.17E-05,0,0,0,0,0,0,0,0,0,0,9.19E-06,7.51E-05,-0.001996017,-0.010014042,-0.044657627,0.309244196,0.980032458,0.552336329,-0.028958231,-0.000507521,0,0,0,0,0,0,0,0,0,0,0,0,0,7.34E-05,-0.012199931,0.065228062,0.782621037,0.827791621,0.071056537,-0.012138504,0,0,0,0,0,0,0,0,0,0,0,0,0,0,0.000683625,-0.044604473,0.632436717,0.919071453,0.207544679,-0.026507277,0,0,0,0,0,0,0,0,0,0,0,0,0,0,0.000620032,-0.044130974,0.636332823,0.912784416,0.187251566,-0.024402185,0,0,0,0,0,0,0,0,0,0,3.57E-05,-6.55E-05,-0.007030399,-0.006350848,-0.00953946,0.007928002,0.725615213,0.726706989,-0.015075436,-0.002752436,4.85E-05,-0.00034552,-0.00752017,-0.002882455,0.000336309,1.97E-18,0,0,0,0,0.000499898,-0.014208197,0.058695193,0.051730239,-0.011126806,0.331534075,0.900388055,0.326936155,-0.041045718,-0.020909122,-0.021221235,-0.016731005,0.064966384,0.012841946,-0.017896063,-4.34E-05,3.83E-05,0,0,0,-0.023990665,0.373188941,0.837019503,0.816289287,0.740007446,0.959527078,0.929335976,0.360768348,0.308078248,0.306457432,0.485564948,0.68726246,0.828037993,0.439098997,0.074978115,-0.018255558,0.00117326,0,0,0,-0.040611264,0.666483064,1.024718461,0.891523438,0.898623731,0.888598958,0.885611145,1.020336091,1.025067504,1.031090474,1.043319887,0.969644199,0.890354916,0.954137357,0.821184284,0.132461278,-0.013394863,0,0,0,-0.008882761,0.142288075,0.300085155,0.159530944,0.166560458,0.164507915,0.167261183,0.566754987,0.919203329,0.748070486,0.608606499,0.282374387,0.143381264,0.331772399,0.9461887,0.531942913,-0.047523489,0,0,0,0.001096099,-0.018025089,-0.026766714,-0.024643178,-0.024705882,-0.024794781,-0.02664408,0.005312279,0.085985277,0.02619507,-0.001768995,-0.02338654,-0.025790867,-0.026919747,0.250826369,0.260984392,-0.022871136,0,0,0,6.74E-06,-9.39E-05,-0.000538092,2.97E-05,0,1.30E-05,9.22E-05,-0.003156658,-0.008662173,-0.00487526,-0.002939951,-0.000584865,0.000149254,-0.000548662,-0.017683034,-0.016216044,0.001425909,0,0,0,0,0,0,0,0,0,0,0,0,0,0,0,0,0,0,0,0,0,0,0,0,0,0,0,0,0,0,0,0,0,0,0,0,0,0,0,0,0,0,0,0,0,0,0,0,0,0,0,0,0,0,0,0,0,0,0,0
0,0,0,0,0,0,0,0,0,0,0,0,0,0,0,0,0,0,0,0,0,0,0,0,0,0,0,0,0,0,0,0,0,0,0,0,0,0,0,0,0,0,0,0,0,0,0,0,0,0,0,0,0,0,0,0,0,0,0,0,0,0,0,0,0,0,4.08E-06,-1.96E-05,-0.000145833,-0.002479779,-0.003797335,-0.001204299,7.03E-05,6.13E-06,0,0,0,0,0,0,0,0,0,0,0,0.000811887,-0.008726852,-0.018881517,-0.030206597,-0.0069519,0.009481158,-0.020252979,-0.009670621,0.000598448,0,0,0,0,0,0,0,0,0,6.38E-06,0.00103188,-0.015039488,0.033287718,0.11864819,0.247120898,0.550399663,0.692319496,0.388732622,0.049907702,-0.005549428,0,0,0,0,0,0,0,0,0.000228283,-0.001390506,-0.026950827,0.05827274,0.579039522,0.833015029,0.988287752,1.04385723,1.027960461,1.011678513,0.333047708,-0.020221269,0,0,0,0,0,0,0,0,-0.00024408,-0.012928234,0.21727824,0.744751862,1.034396478,0.878416474,0.596734965,0.326411666,0.674319467,1.03427843,0.395285561,-0.020718682,0,0,0,0,0,0,0,0,-0.023563654,0.179224775,0.874364702,0.982153305,0.598293113,0.098411143,-0.032613188,-0.042420088,0.418156403,1.051099622,0.398113713,-0.02296538,-0.011310355,-0.027337623,-0.033519608,-0.008010935,0.000640319,0,0,0,-0.023337817,0.189990519,0.686463082,0.346123451,-0.006131434,-0.014353046,-0.004266816,0.027426113,0.74023892,0.956364634,0.204917027,-0.025269046,0.134622038,0.422915645,0.534178513,0.104495349,-0.01010672,0,0,0,0.000111695,-0.001480511,0.00822709,-0.016512051,-0.006601562,0.001511761,-0.024631468,0.175373911,0.980373077,0.812971558,0.159016703,0.444485856,0.9241258,1.011940359,1.027362064,0.509323764,-0.020898863,0,0,0,0.000105173,-0.000826848,-0.003657373,-0.001162377,0.000505668,-0.021617375,0.064962776,0.618024527,1.012925024,0.867761608,0.814221614,1.054560066,0.939748417,0.908193423,1.019766919,0.512346555,-0.020565428,0,0,0,0,0,0.000264156,-0.00023399,-0.035737672,0.050324851,0.629403323,1.015590341,1.038573743,1.015111237,0.925132771,0.514257844,0.214026113,0.171047365,0.371401543,0.062659958,-0.007028522,0,0,0,0,5.18E-05,-0.00172498,-0.013605733,0.192952206,0.66646748,1.036148318,0.955635961,0.645254153,0.468879613,0.225565509,-0.028364822,-0.01782935,-0.016916531,-0.020535471,-0.007398462,0.000410199,0,0,0,0,-0.00069664,-0.016464171,0.245533905,0.88088191,1.03638488,0.855569904,0.455883595,-0.010203942,-0.02319201,-0.022293713,0.000515727,0,0,0,0,0,0,0,0,0,-0.003653748,0.009709031,0.662136438,0.970059402,0.697855571,0.096927254,-0.013776688,-0.005787565,-0.002205014,7.06E-05,1.53E-05,0,0,0,0,0,0,0,0,0,-0.001068066,0.003541377,0.188169628,0.26674183,0.078735206,-0.015549224,-0.001660437,4.01E-05,9.34E-06,0,0,0,0,0,0,0,0,0,0,0,0.000129632,-0.000410093,-0.022979088,-0.032968081,-0.012361024,0.000660389,0,0,0,0,0,0,0,0,0,0,0,0,0,0,0,0,0,0,0,0,0,0,0,0,0,0,0,0,0,0,0,0,0,0,0,0,0,0,0,0,0,0,0,0,0,0,0,0,0,0,0
0,0,0,0,0,0,0,0,0,0,0,0,0,0,0,0,0,0,0,0,0,0,0,0,0,0,0,0,0,0,0,0,0,0,0,0,0,0,0,0,0,0,0,0,0,0,0,0,1.22E-05,0.000494884,-0.00488647,-0.032547797,-0.024565023,0.000860136,0,0,0,0,0,0,0,0,0,0,0,0,0,1.10E-05,1.96E-05,-0.006735073,0.020405059,0.261529735,0.196950016,-0.008358269,0.000100848,0,0,0,0,0,0,0,0,0,0,0,1.84E-05,0.000926379,-0.012755617,-0.015031216,0.425651382,0.969194819,0.743220942,-0.000901331,-0.001733984,0,0,0,0,0,0,0,0,0,5.04E-18,-1.86E-17,0.000424837,-0.020579794,0.048263038,0.521782339,0.99565014,1.036921858,0.739484479,-0.002998111,-0.001568883,0,0,0,0,0,0,0,0,0,0.00057598,-0.004019778,-0.025915543,0.079985512,0.561110652,1.027154837,0.960642174,0.99113174,0.653904295,-0.014959661,-0.000508068,0,0,0,0,0,0,0,0,0,-0.010274551,0.061064809,0.44677612,0.740870659,0.970735634,0.739360129,0.440105886,0.954764312,0.611577646,-0.021942372,-0.023360238,-0.034733195,-0.016180751,0.000711493,9.38E-05,0,0,0,0,0,-0.023339461,0.15498783,0.863427713,0.792282741,0.445153442,0.009084201,0.191672198,0.966367528,0.619785577,-0.04058912,0.18161906,0.283488783,0.125937551,-0.007451286,-0.000578363,0,0,0,0,0,-0.003431373,0.0159335,0.207048356,0.102039902,-0.01671298,-0.038046381,0.209266731,0.958379613,0.506177201,0.352796449,0.824827036,1.005577325,0.578290952,0.009090589,-0.006080984,0,0,0,0,0,0.000551471,-0.003476903,-0.022710121,-0.015428692,-0.002325912,-0.0343021,0.205871426,0.95314922,0.979945171,1.021049683,0.789904054,0.607040611,0.319303036,-0.005600465,-0.002525191,0,0,0,0,0,0,2.17E-05,-0.000136761,-0.000239034,-0.015579606,0.016977839,0.615283854,1.019829061,1.001787262,0.661794747,0.136597443,-0.051583674,-0.01998223,0.000294423,0.000158292,0,0,0,0,0,0,0.000417839,-0.004909604,-0.03856245,0.132166239,0.684958607,1.020524727,0.856091952,0.343530758,0.023193289,-0.011696646,-0.000222372,4.52E-05,0,0,0,0,0,0,0,0.000261029,-0.004522706,0.011399918,0.228077195,0.699304279,1.03858335,0.623012374,0.071294543,-0.025674741,-0.009098584,-0.000619383,0.000140931,0,0,0,0,0,0,0,0.000154412,-0.004287377,-0.026110532,0.35585529,0.930727107,0.916016033,0.626645459,0.066823155,-0.018047913,0.000505738,5.53E-05,0,0,0,0,0,0,0,0,0,-7.08E-05,-0.033805998,0.314278765,0.959135212,0.821881955,0.378350746,0.034942113,-0.017065547,0.000547743,0,0,0,0,0,0,0,0,0,0,0,-0.016680607,0.232323529,0.93471538,0.830703619,0.163621523,-0.022244996,-0.006484222,0.000276603,1.95E-05,0,0,0,0,0,0,0,0,0,0,0,-0.025044179,0.411575608,0.719743046,0.154399926,-0.022979571,-0.002556119,0.000152868,0,0,0,0,0,0,0,0,0,0,0,0,0,0.000517259,-0.007871051,-0.021214086,-0.013836125,-0.000560006,0.000171909,0,0,0,0,0,0,0,0,0,0,0,0,0,0,0,0,0,0,0,0,0,0,0,0,0,0,0,0,0,0,0
0,0,0,0,0,0,0,0,0,0,0,0,0,0,0,0,0,0,0,0,0,0,0,0,0,0,0,0,0,0,0,0,0,0,0,0,0,0,0,0,0,0,0,0,0,0,0,0,0,0,0,0,0,0,0,0,0,0,0,0,0,0,0,0,0,0,7.15E-06,5.35E-05,-0.001135519,-0.003644557,-0.007702308,-0.018969516,-0.006782439,0.000426879,0,0,0,0,0,0,0,0,0,0,2.76E-05,0.000269608,-0.005607469,-0.022783213,-0.021039692,0.005413688,0.070357928,0.269466708,0.08384223,-0.006220214,0,0,0,0,0,0,0,0,0,3.57E-05,0.000778527,-0.016498077,9.88E-05,0.137069745,0.381373672,0.714309811,0.885617324,1.001401876,0.520168256,-0.020541088,0,0,0,0,0,0,0,0,0,-0.000378881,-0.011967763,0.151443781,0.605928479,0.874575639,1.025669611,1.024830304,1.007714954,1.021810798,0.45257161,-0.020831801,0,0,0,0,0,0,0,0,0,-0.003054706,0.002090144,0.59723846,0.989969087,0.82346529,0.404975796,0.182759332,0.489720914,1.043267176,0.305694327,-0.020751634,0,0,0,0,0,0,0,0,0,-0.000800654,-0.000454623,0.16819504,0.242953431,0.04331628,-0.025662786,-0.050734409,0.26617373,1.013544152,0.306644976,-0.023988307,-0.010518433,-0.022458844,-0.020437092,-0.006975816,-0.000830014,0.000100848,0,0,0,7.15E-05,7.57E-05,-0.015249268,-0.022991558,-0.00564252,0.000432666,-0.033083504,0.233236162,1.001955065,0.309576743,-0.020897621,0.120071708,0.335114345,0.299639468,0.059015124,-0.010486707,0.000540833,0,0,0,1.20E-18,-7.21E-18,-1.85E-16,3.40E-05,0.000496396,-0.008877315,-0.050007591,0.139248162,0.886706189,0.728192067,0.659222614,0.94882004,1.030918403,1.024978656,0.869691615,0.264686479,-0.025054466,0,0,0,0.000594873,-0.009275089,-0.020831801,-0.021194853,-0.026410545,0.07989711,0.246794918,0.53983524,0.938126702,1.050008527,0.950266476,0.654826423,0.501222392,0.393969975,0.703554414,0.461008306,-0.041205406,0,0,0,-0.004684889,0.058003784,0.351181345,0.391804825,0.646682279,0.916911323,0.984522237,0.999782469,0.981342825,0.683288412,0.186233609,0.014172985,-0.019777526,-0.047166952,0.031526336,0.045805308,-0.003943989,0,0,0,-0.036027369,0.58029022,1.031918777,0.974622362,0.955161394,0.856882506,0.661729626,0.3973814,0.304163943,0.097203963,-0.024385553,-0.007737609,-0.003058619,9.36E-05,-0.008887564,-0.007747821,0.000680828,0,0,0,-0.040300858,0.676426062,0.909418045,0.320016748,0.189524292,0.136644608,0.005386132,-0.03787934,-0.028842337,-0.010375053,0.000595724,0,0,0,0,0,0,0,0,0,-0.005125562,0.077298849,0.288493685,-0.014328278,-0.032431515,-0.021351409,-0.006470282,0.000151042,3.22E-05,0,0,0,0,0,0,0,0,0,0,0,0.000451593,-0.007087418,-0.019721405,-0.001200368,0.000234805,0,0,0,0,0,0,0,0,0,0,0,0,0,0,0,0,0,0,0,0,0,0,0,0,0,0,0,0,0,0,0,0,0,0,0,0,0,0,0,0,0,0,0,0,0,0,0,0,0,0,0,0,0,0,0,0,0,0,0,0,0,0,0,0,0,0,0,0,0,0,0,0
0,0,0,0,0,0,0,0,0,0,0,0,0,0,0,0,0,0,0,0,0,0,0,0,0,0,0,0,0,0,0,0,0,0,0,0,0,0,0,0,0,0,0,0,0,0,0,0,0,0,0,0,0,0,0,0,0,0,0,0,0,0,0,0,0,0,0,0,0.00013848,-0.001634089,-0.010451951,-0.022782118,-0.024907872,-0.001747345,0.000206801,0,0,0,0,0,0,0,0,0,0,0,0,0,-0.000902012,0.005792296,0.117219635,0.339057428,0.384944934,0.018806764,-0.002488,0,0,0,0,0,0,0,0,0,0,0,1.50E-18,0.000285353,-0.021429245,0.267290714,0.946448444,1.005866847,0.91663932,0.169339001,-0.016682411,0,0,0,0,0,0,0,0,0,0,1.45E-18,0.000253608,-0.006206603,-0.016525599,0.490588388,1.01368396,1.026475031,0.915719192,0.170622702,-0.01680496,0,0,0,0,0,0,0,0,0,0,2.17E-18,-0.003011835,-0.011533999,0.393318607,0.932358682,0.972002415,0.937933975,0.915962975,0.208931386,-0.020030777,0,0,0,0,0,0,0,0,0,2.39E-05,0.00029953,-0.022243634,0.28554426,0.894178411,1.036678428,0.570740179,0.217528901,0.909750622,0.437933007,-0.047622209,0.000873162,0,0,0,0,0,0,0,3.95E-05,-0.000178309,-0.011821964,0.040077751,0.654578051,1.006226137,0.752378013,0.105568372,-0.01336026,0.775968027,0.736394404,0.077373009,-0.014426164,5.51E-06,0,0,0,0,0,0.00025478,-0.001151212,-0.030607145,-0.00018716,0.585197338,1.037090875,0.776304909,0.119029565,-0.028107996,-0.027551096,0.638110996,0.880733728,0.133572015,-0.025376702,0.000190002,-2.08E-16,7.36E-18,0,0,0,-0.002117729,0.001913484,0.289595741,0.663473788,0.936755685,0.994524123,0.43478816,0.013082653,-0.007163246,0.159347903,0.794314711,0.904434862,0.409053002,-0.005881978,-0.014141016,-0.013397334,0.000170207,0,0,0,-0.038107394,0.316341891,0.962475711,1.042188048,1.007991623,0.984372033,0.899311127,0.781774948,0.700749205,0.919822741,0.975196457,1.032615211,0.983902528,0.656877369,0.51252575,0.349568076,-0.009828041,0,0,0,-0.022320737,0.191604967,0.462003251,0.428560389,0.428472563,0.42970077,0.439069751,0.462516272,0.908186292,1.024594669,0.987664333,0.652273829,0.493064474,0.505266476,0.349116762,0.456897089,-0.005081699,0,0,0,0.001966899,-0.016835597,-0.041473056,-0.039419935,-0.039419935,-0.039419935,-0.04075046,-0.035764417,0.18419601,0.490322015,0.888972643,0.264321946,-0.046965278,-0.020654293,-0.010411697,0.01932356,0.00026314,0,0,0,0,0,0,0,0,0,0.000159007,-0.00103125,-0.026147927,-0.01132758,0.201954534,0.21175337,-0.021330202,-0.002386949,-0.002033701,-0.005979271,1.84E-05,0,0,0,0,0,0,0,0,0,0,2.30E-05,-1.15E-05,-0.002018484,-0.01486354,-0.012831648,0.001132302,0,0,0,0,0,0,0,0,0,0,0,0,0,0,0,0,0,0,0,0,0,0,0,0,0,0,0,0,0,0,0,0,0,0,0,0,0,0,0,0,0,0,0,0,0,0,0,0,0,0,0,0,0,0,0,0,0,0,0,0,0,0,0,0,0
0,0,0,0,0,0,0,0,0,0,0,0,0,0,0,0,0,0,0,0,0,0,0,0,0,0,0,0,0,0,0,0,0,0,0,0,0,0,0,0,0,0,0,0,0,0,0,0,0,0,0,0,0,0,0,0,0,0,0,0,0,0,0,0,0,0,0,0,0,0,0,0,0,0,0,0,0,0,0,0,0,0,0,0,0,0,0,0,0,0.000264706,-0.001848039,-0.008798407,-0.009231075,-0.00303462,0.000283395,0,0,0,0,0,0,4.15E-19,1.49E-18,-5.75E-17,-1.07E-16,-1.27E-16,3.83E-05,0.000724848,-0.009865622,-0.031769999,-0.028416258,0.026514195,0.029809425,0.004715074,-0.000471473,0,0,0,0,0,0,0.000342116,-0.002147793,-0.018543199,-0.020805249,-0.02058398,-0.021144812,-0.028656343,0.097513191,0.32542213,0.529882251,0.68790591,0.686698684,0.283021089,-0.026095707,0,0,0,0,0,0,-0.003123429,0.015455297,0.205047865,0.268344068,0.303624699,0.539460411,0.86395787,0.887119971,0.883799614,0.88180012,0.860484846,0.988512444,0.356143332,-0.032883138,0,0,0,0,0,0,-0.014635587,0.087664435,0.827657186,1.018547743,0.874051249,0.804995932,0.640374068,0.430134719,0.180298288,0.067170735,0.276826491,0.910379418,0.337732928,-0.030507472,0,0,0,0,0,0,-0.002581699,0.013240797,0.160482026,0.313777778,0.156805368,0.092492698,-0.011669214,-0.031721133,-0.017685355,-0.040140336,0.337579997,0.889694264,0.209412871,-0.019435509,0,0,0,0,0,0,0.000389093,-0.002106824,-0.024148284,-0.027624643,-0.029885978,-0.014765438,-0.028983395,-0.040328074,-0.038738681,-0.075745507,0.377244775,0.863288543,0.045154037,-0.04820304,-0.032315496,-0.008243124,0.000313379,5.96E-05,0,0,0,0,-0.00066636,-0.015592371,0.24992773,0.680185968,0.51582552,0.432666037,0.435811632,0.425180164,0.651870745,0.91842446,0.487319581,0.440682955,0.363624898,0.094250408,-0.00357252,-0.000679126,0,0,0,0,-0.000332335,-0.013948473,0.167591602,0.526610343,0.717554122,0.885481924,0.911005242,0.78856255,0.887286783,0.977392346,0.83910236,0.889086989,0.861220208,0.583705108,0.058521633,-0.010125284,0,0,0,0,2.45E-05,0.000439134,-0.008144233,-0.023148659,-0.008030825,0.127405025,0.177410471,-0.038818849,0.329564525,0.880808059,0.175356839,0.124817793,0.123068747,-0.011243022,0.000125352,2.38E-05,0,0,0,0,0,0,0,0.000178717,-0.000802556,-0.012528084,-0.01692453,-0.016836874,0.179898897,0.793320289,0.118522008,-0.02486426,-0.011929381,0.000696998,0,0,0,0,0,0,0,0,0,0,0,0,0,-0.000901246,0.009660948,0.157167988,0.01711729,-0.001533139,0,0,0,0,0,0,0,0,0,0,0,0,0,0,0,0.000130208,-0.001429228,-0.012023715,-0.001519608,0.000137868,0,0,0,0,0,0,0,0,0,0,0,0,0,0,0,0,0,0,0,0,0,0,0,0,0,0,0,0,0,0,0,0,0,0,0,0,0,0,0,0,0,0,0,0,0,0,0,0,0,0,0,0,0,0,0,0,0,0,0,0,0,0,0,0,0
0,0,0,0,0,0,0,0,0,0,0,0,0,0,0,0,0,0,0,0,0,0,0,0,0,0,0,0,0,0,0,0,0,0,0,0,0,0,0,0,0,0,0,0,0,0,0,0,0,0,0,0,0,0,0,0,0,0,0,0,0,0,0,0,0,0,1.53E-05,-9.69E-05,-0.000826644,-0.000915799,-0.000353145,2.31E-05,0,0,0,0,0,0,0,0,0,0,0,0,0,0.000314032,-0.003039726,-0.022603746,-0.026387136,-0.026057785,-0.026333265,-0.012136387,0.000613611,6.43E-05,0,0,0,0,0,0,0,0,0,1.71E-19,9.19E-05,-0.001830576,0.003424905,0.170133488,0.361199585,0.378103145,0.257280927,0.055622055,-0.014119261,0.000286969,0,0,0,0,0,0,0,0,0,1.28E-05,-0.000515897,-0.021101324,0.244084882,0.863205757,1.046604677,1.052963371,0.974940342,0.661304739,0.075461797,-0.010127485,0,0,0,0,0,0,0,0,0,-0.000310729,-0.019439043,0.187208107,0.868814238,0.98648958,0.734989792,0.633941458,0.822869923,1.02812883,0.497077134,-0.029442508,0.000743957,0,0,0,0,0,0,0,0,-0.000363817,-0.022392514,0.240381008,0.752694972,0.363110486,0.008120319,-0.035771804,0.101403952,0.73709678,0.839830317,0.048141153,-0.015716061,-0.027028084,-0.031008783,-0.007538523,0.000499898,0,0,0,0,3.19E-05,-0.003785148,0.024435423,0.066218937,-0.012133576,-0.004624166,-5.42E-05,-0.043451236,0.355344482,0.893524265,0.198283531,0.080271735,0.417993532,0.489041684,0.081553035,-0.007552764,0,0,0,0,0,0.000579044,-0.004578738,-0.013275974,-0.003446931,-0.008249472,-0.033069444,-0.018197917,0.404144336,0.928924524,0.85353782,0.949254068,1.0241346,1.058624592,0.777432263,-0.021269063,0,0,0,0,7.91E-05,-0.000547726,-0.01058364,-0.018054534,-0.006020104,0.070667347,0.358773846,0.658639859,0.896524237,1.009166004,1.025246783,0.977974112,0.647628693,0.565495421,0.425573594,-0.013697576,0,0,0,0.000312422,-0.002367973,-0.017212609,0.044913986,0.136271283,0.574245138,0.900232478,0.995245506,1.046667176,0.951165566,0.824030844,0.543213332,0.167097312,0.016651533,-0.004555562,0.010925122,-0.00053249,0,0,0,-0.001152827,-0.00198623,0.184238528,0.72801171,0.920961857,1.043591272,0.98764585,0.858792433,0.520981873,0.223054722,0.053761397,-0.024650225,-0.019126328,-0.007905603,-0.004864175,-0.004823489,0.000168505,0,0,0,-0.033889364,0.279606839,0.882827546,1.007666156,0.800553258,0.456412532,0.287022331,0.13725417,-0.004517072,-0.024745728,-0.006530852,0.000357435,0,0,0,0,0,0,0,0,-0.018103624,0.150072627,0.4814872,0.268849316,0.056980767,-0.02178412,-0.025897535,-0.022703295,-0.004329657,0.000338235,0,0,0,0,0,0,0,0,0,0,0.001098202,-0.009078789,-0.029454861,-0.018846201,-0.006691381,-0.001375352,-0.000505004,5.11E-05,0,0,0,0,0,0,0,0,0,0,0,0,0,0,0,0,0,0,0,0,0,0,0,0,0,0,0,0,0,0,0,0,0,0,0,0,0,0,0,0,0,0,0,0,0,0,0,0,0,0,0,0,0,0,0,0,0,0,0,0,0,0,0,0,0,0,0,0,0,0
0,0,0,0,0,0,0,0,0,0,0,0,0,0,0,0,0,0,0,0,0,0,0,0,0,0,0,0,0,0,0,0,0,0,0,0,0,0,0,0,0,0,0,0,0,0,0,0,0,0,0,0,0,0,0,0,0,0,0,0,0,0,0,0,0,0,0,0,9.80E-06,-0.000101614,-0.001239124,-0.000183517,2.57E-05,0,0,0,0,0,0,0,0,0,0,0,0,0,0,8.07E-05,2.46E-05,-0.013328568,-0.019934998,-0.012758068,0.000634401,6.43E-05,0,3.83E-05,-0.000415135,-0.001914211,-0.000595895,5.36E-05,0,0,0,0,0,3.00E-32,0.000144676,-0.000537177,-0.018544203,0.092897859,0.391340022,0.125052475,-0.010439291,-0.000372583,4.20E-18,0.000161697,-0.001168981,-0.026171834,-0.019154582,0.0016859,0,0,0,0,0,7.23E-05,-0.002043335,-0.018136134,0.161727533,0.69726954,1.039074312,0.495584542,-0.01956341,-0.003582857,-0.001302083,-0.01944504,0.039311598,0.495512073,0.279538484,-0.02470001,0,0,0,0,0.000264156,-0.000721893,-0.037111359,0.201358576,0.857166069,1.02240563,1.034428088,0.480843592,-0.025560259,-0.027966213,-0.03634646,0.078738841,0.606261125,1.089906284,0.557176124,-0.050429389,0,0,0,0.000170496,-0.003456648,-0.02399309,0.234326848,0.876571821,0.970073819,0.965478758,0.948646412,0.271194087,-0.030615089,0.260150633,0.405647365,0.805584882,1.000150497,0.689840814,0.162557785,-0.015993073,0,0,0,-0.000883732,-0.019365349,0.335730443,0.940433824,0.961413569,0.364301522,0.796864651,0.881696895,0.131789131,0.087800063,0.893882132,1.021128796,1.031628966,0.519637391,0.030992384,-0.021973635,0.001478673,0,0,0,-0.024737439,0.376599673,0.984225422,0.903240485,0.310094863,0.049841776,0.821559879,0.836702376,0.448353162,0.748205111,1.036907527,0.977033786,0.502003796,-0.030706955,-0.014193317,0.000512153,0,0,0,0,-0.032351614,0.547727243,0.669805436,0.163865775,-0.057792164,0.165553513,0.873234954,1.022881349,1.034470401,0.99681522,0.641359341,0.301046841,-0.006167296,-0.004122345,0.000207747,7.66E-06,0,0,0,0,-0.00216736,0.038932524,0.026807917,-0.049757093,0.047371246,0.625963067,1.007745438,0.929265029,0.701199316,0.287683326,0.016358078,-0.031633443,-0.004023684,0.000321634,0,0,0,0,0,0,0.000477431,-0.007298237,-0.029559538,0.103630634,0.655779711,1.029954146,0.912418505,0.341912667,0.012195227,-0.025140808,-0.008113426,-0.000407135,0.000116422,0,0,0,0,0,0,0,0.000238715,-0.023973873,0.125005855,0.78285626,0.987946748,0.635447968,0.225851086,-0.02359261,-0.004971388,0.000509559,0,0,0,0,0,0,0,0,0,0,-0.004742647,0.029327257,0.639065223,0.967003932,0.301204462,-0.011887987,-0.022105733,-0.002433517,0.00020864,0,0,0,0,0,0,0,0,0,0,0,-0.014804177,0.214671552,0.813023744,0.304407493,-0.021217592,-0.005797335,-0.000380413,6.89E-05,0,0,0,0,0,0,0,0,0,0,0,0,-0.003713057,0.06322461,0.084064313,-0.0118097,-0.003452511,0.000342424,0,0,0,0,0,0,0,0,0,0,0,0,0,0,0.000313521,-0.004900259,-0.013159892,-0.002101035,0.00028943,0,0,0,0,0,0,0,0,0,0,0,0,0,0,0,0,0,0,0,0,0,0,0,0,0,0,0,0,0,0,0,0
0,0,0,0,0,0,0,0,0,0,0,0,0,0,0,0,0,0,0,0,0,0,0,0,0,0,0,0,0,0,0,0,0,0,0,0,0,0,0,0,0,0,0,0,0,0,0,0,0,0,0,0,0,0,0,0,0,0,0,0,0,0,0,0.000718137,-0.011773693,-0.020425398,-0.00586249,-0.000142167,4.03E-05,0,0,0,0,0,0,0,0,0,0,0,0,0,0,-0.01008267,0.165382438,0.294902727,0.047926385,-0.029468937,-0.010484954,-0.002415748,-0.016990196,-0.030869179,-0.010443011,0.000667892,0,0,0,0,0,0,0,0,0,-0.040716759,0.668475643,1.039277182,0.673578857,0.256899399,0.031946334,-0.030539982,0.09820098,0.219717848,0.056548568,-0.0048189,0,0,0,0,0,0,0,0,0,-0.021427951,0.324494366,0.81181604,1.059077376,0.957349578,0.713055453,0.613679875,0.784071793,0.973843137,0.536330595,-0.020407475,0,0,0,0,0,0,0,0,0,0.000945284,-0.02692571,0.08895007,0.218431848,0.571360791,0.917079104,0.969202828,1.022703977,1.004050164,0.496781983,-0.020094302,0,0,0,0,0,0,0,0,0,0.000119485,-0.001017157,-0.01291939,-0.023010621,-0.012677157,0.088139604,0.273718478,0.992466861,0.808713797,0.062374563,-0.013294016,0,0,0,0,0,0,0,0,0,1.01E-05,0.000867953,-0.009058517,-0.021458946,-0.013899861,-0.024071861,0.131955099,0.992349656,0.769069189,0.060296207,-0.01187483,0,0,0,0,0,0,0,0,0,5.24E-05,-0.007469056,0.050088984,0.137608558,0.064646485,-0.044726358,-0.021235635,0.748309011,0.887801317,0.082842645,-0.015572917,-2.18E-17,4.19E-18,3.11E-20,0,0,0,0,0,0,-0.00174229,-0.013085903,0.454679279,0.874131638,0.750141352,0.600342099,0.549220656,0.714946981,1.039010553,0.286971485,-0.042426641,-0.01612643,-0.003138276,0.000245098,0,0,0,0,0,0,-0.000879601,-0.017490828,0.296904546,0.892488263,0.955865085,0.988522889,1.02925691,1.020383545,1.03686407,0.881896342,0.478740098,0.123030978,-0.0138557,-0.008465513,0.000516229,2.85E-05,0,0,0,0,5.67E-05,-0.00184181,-0.005310883,0.116188981,0.176119417,0.244889553,0.40347229,0.591062636,0.746639093,0.848060481,1.028053836,0.920389519,0.411224997,0.014243294,-0.016775916,-0.000571555,8.17E-05,0,0,0,0,0.000168505,-0.000584235,-0.012062143,-0.01726939,-0.02351828,-0.037206036,-0.016582704,0.070158037,0.126962789,0.332572406,0.683408497,0.938534229,0.655013361,0.143401122,-0.018845827,0.000746358,0,0,0,0,0,0,0,0,2.11E-05,9.50E-06,-0.003703125,-0.013902505,-0.021924657,-0.027014757,0.001042296,0.459519421,0.924661509,0.922640095,0.249903748,-0.023654088,0,0,0,0,0,0,0,0,0,0,0,2.55E-06,6.80E-05,-0.000645527,-0.007618158,-0.008234324,0.189102771,0.647167597,0.336330167,-0.030021106,0,0,0,0,0,0,0,0,0,0,0,0,0,0,0.000440259,-0.002304227,-0.023765847,0.018172975,0.005542477,-0.000430578,0,0,0,0,0,0,0,0,0,0,0,0,0,0,0,1.70E-05,-7.49E-05,-0.007344449,-0.003388821,0.000297862,0,0,0,0,0,0,0,0,0,0,0,0,0,0,0,0,0,0,0,0
0,0,0,0,0,0,0,0,0,0,0,0,0,0,0,0,0,0,0,0,0,0,0,0,0,0,0,0,0,0,0,0,0,0,0,0,0,0,0,0,0,0,0,0,0,0,0,0,0,0,0,0,0,0,0,0,0,0,0,0,0,0,0,0,0,0,0,1.59E-05,0.000492443,-0.010377298,-0.023100082,-0.004981618,0.000168155,3.88E-05,0,0,0,0,0,0,0,0,0,0,0,0,0,0.000596388,-0.01450897,0.137362234,0.343011353,0.042199755,-0.00494935,-0.000107911,0,0,0.00051777,-0.014872508,-0.014756434,0.001294424,0,0,0,0,0,1.28E-31,0.000344669,-0.009496097,0.014781727,0.603074517,1.030751753,0.604953023,0.015953793,-0.006847597,0.000628064,-0.008811189,-0.03481941,0.081473951,0.104002587,-0.009061819,0,0,0,0,0,0.000340414,-0.007381025,-0.019296689,0.400688964,0.969126106,1.035190904,0.743913654,0.051672459,-0.011388208,-0.019844771,0.07909918,0.321092048,0.752312635,0.485913075,-0.043295973,0,0,0,0,0.000572337,-0.005758836,-0.01726832,0.37554344,0.965038574,0.872575619,0.844646485,0.965829104,0.138923867,-0.05051085,0.181669605,0.755831635,0.996562496,0.757202593,0.122278953,-0.012473163,0,0,0,0.000255055,-0.007366115,-0.017428479,0.376985345,0.966219274,0.971751651,0.296003081,0.549772229,1.032367375,0.317196405,0.140049122,0.780198427,0.882018144,0.518116864,0.078014757,-0.019776688,0.000948904,0,0,0,-0.004352022,0.030138889,0.562318219,0.970730443,0.985855839,0.418474197,-0.034934011,0.343988851,1.019775225,0.810790819,0.870788143,0.815223805,0.235508459,-0.02275817,-0.005004076,0.000140761,0,0,0,0,-0.005073529,0.0347548,0.715787769,0.807863086,0.385732033,-0.038020935,0.087643587,0.559924479,1.012809266,1.006397399,0.816438062,0.186133323,-0.033759855,-0.004039828,-0.000361379,6.74E-05,0,0,0,0,-0.000548152,0.000909892,0.116929483,0.034555573,-0.069209996,0.125242494,0.761745983,1.045894574,1.013039148,0.720151254,0.104157101,-0.000402948,-0.00252742,7.17E-05,0,0,0,0,0,0,0.00030329,-0.002160226,-0.045884799,-0.006786362,0.220244248,0.774268528,0.901969787,0.688770586,0.993916711,0.452784736,-0.038404638,-0.001359504,0.000293506,0,0,0,0,0,0,0,-0.000992545,-0.000965567,0.196334099,0.557798986,0.965959093,0.916096201,0.280434317,0.138038705,0.865991507,0.462953253,-0.020675041,0,0,0,0,0,0,0,0,0,-0.017690564,0.252441432,0.898499523,1.015905059,0.716544389,0.184281301,0.002082516,0.398997719,1.006517242,0.446519149,-0.021100218,0,0,0,0,0,0,0,0,0,-0.042580219,0.708078057,0.99266973,0.491360924,0.046706973,-0.030172488,-0.029141272,0.199659297,0.802616319,0.173886256,-0.016832789,0,0,0,0,0,0,0,0,0,-0.020391646,0.354207091,0.305448751,0.019268195,-0.013152083,0.000206495,-0.003985192,0.026093103,0.124442351,0.015515419,-0.002665271,0,0,0,0,0,0,0,0,0,0.001367555,-0.023157332,-0.028434124,-0.005644898,0.000742003,0,0.000550324,-0.003923607,-0.017598141,-0.002748341,0.000375036,0,0,0,0,0,0,0,0,0,7.86E-05,-0.001398761,-0.000707721,4.29E-05,0,0,0,0,0,0,0,0,0,0,0,0,0,0,0,0,0,0,0,0,0,0,0,0,0,0,0,0,0,0,0,0,0
0,0,0,0,0,0,0,0,0,0,0,0,0,0,0,0,0,0,0,0,0,0,0,0,0,0,0,0,0,0,0,0,0,0,0,0,0,0,0,0,0,0,0,0,0,0,0,0,0,0,0,0,0,0,0,0,0,0,0,0,0,0,0,0,0,0,0,0,0,0,0,0,0,0,0,0,0,0,0,0,0,0,0,0,7.72E-05,-5.39E-05,-0.007688113,-0.018771554,-0.024276654,-0.028981311,-0.018713542,-0.000150735,0.000132078,0,0,0,0,0,0,0,0,0,7.13E-05,-0.000179143,-0.007429841,-0.030339665,0.016772127,0.113699367,0.163730613,0.205013957,0.114868498,-0.016031744,0.000494476,3.40E-05,0,0,0,0,0,0,0,0,0.000177327,-0.007002911,0.064061104,0.348934947,0.679742375,0.829810036,0.88311877,0.9433678,0.789219107,0.185998894,-0.021139782,-0.000217865,0,0,0,0,0,0,0,0,-0.039142293,0.333660233,0.849546102,0.817046764,0.752268456,0.510805514,0.259219134,0.366203443,1.042488161,0.495536549,-0.027936784,-0.002348729,0,0,0,0,0,0,0,0,-0.0298614,0.273363086,0.347319955,0.073185611,-0.026815342,-0.020846412,-0.035821521,0.186654718,1.009279718,0.646545241,0.019771616,-0.007511234,0,0,0,0,0,0,0,0,0.001309771,-0.011603656,-0.021992307,-0.008433602,0.000344924,-0.015525559,-0.037866881,0.239367749,1.030005242,0.490018587,-0.046676195,-0.011266953,-0.001936275,-0.002278799,6.40E-05,7.34E-06,0,0,0,0,0.000132078,-0.001246324,-0.000876838,0.000497975,-0.006982656,0.089467222,0.100815394,0.393040577,1.032056083,0.525187704,0.079008313,0.024625596,-0.030516748,-0.026616251,-0.020620251,-0.002155283,0.00025531,0,0,0,0,0,0,-0.010617511,0.103717661,0.738429538,0.840175347,0.897324959,1.017196776,0.91860352,0.819120908,0.704028152,0.566738154,0.560353316,0.215129119,0.013027411,-0.002565019,0,0,0,0,0,0,-0.005497296,0.050098345,0.516708487,0.603568835,0.764869655,0.949720439,0.877770219,0.885569797,0.904252884,0.820083279,0.698071505,0.922997704,0.541438229,-0.018854545,0,0,0,0,0,0,0.000348924,-0.003545411,-0.019070088,-0.033108064,0.182198819,0.272575061,0.013430862,-0.000139449,0.002742545,-0.007081087,0.018741643,0.389511012,0.31200425,-0.010668403,0,0,0,0,0,0,0,0,0,0.001058262,-0.017803224,-0.025735294,-0.002998196,-0.001808086,-0.002070568,-0.001652403,0.000213031,-0.006485583,-0.021464558,0.000214291,0,0,0,0,0,0,0,0,0,0,0,0,0,0,0,6.07E-05,-0.000352022,-0.00285723,-0.000601688,7.35E-05,0,0,0,0,0,0,0,0,0,0,0,0,0,0,0,0,0,0,0,0,0,0,0,0,0,0,0,0,0,0,0,0,0,0,0,0,0,0,0,0,0,0,0,0,0,0,0,0,0,0,0,0,0,0,0,0,0,0,0,0,0,0,0,0,0,0,0,0,0,0,0,0,0,0,0,0,0,0,0,0,0
0,0,0,0,0,0,0,0,0,0,0,0,0,0,0,0,0,0,0,0,0,0,0,0,0,0,0,0,0,0,0,0,0,0,0,0,0,0,0,0,0,0,0,0,0,0.000642045,-0.006287962,-0.045065707,-0.050451673,-0.049234438,-0.016889242,0.001131222,0,0,0,0,0,0,0,0,0,0,0,0.000216912,-0.001728248,-0.030915543,0.017901484,0.382038288,0.432790509,0.421035029,0.120388702,-0.03075531,-0.001223911,0.000269608,0,0,0,0,0,0,0,0,0.000557662,-0.006891238,-0.008956495,0.374865026,0.721124336,1.011191978,1.04949857,1.045247855,0.746606567,0.288146208,-0.003361903,-0.003571793,0,0,0,0,0,0,0,0,-0.003774408,0.009974435,0.418229405,0.966833129,1.020153374,1.006442817,1.012505906,1.013360379,1.015089631,0.896931219,0.237132812,-0.016458844,1.09E-17,0,0,0,0,0,0,0,-0.02013004,0.145467388,0.867820755,1.024687755,1.012083333,0.843424358,0.57810626,0.696709065,0.982287037,1.02238928,0.644873561,-0.031028391,0.000889331,0,0,0,0,0,0,0,-0.012323598,0.078998971,0.688385682,0.987682524,0.817700783,0.152006198,-0.029418508,0.461398604,1.008774,1.009472402,0.899705214,0.187009889,-0.017657811,-0.00387632,-0.018968244,-0.006643043,0.000419877,0,0,0,0.000460642,-0.007520765,0.031396038,0.314032629,0.149016374,-0.026973693,-0.023768859,0.230747072,0.903652505,1.000994724,1.016771381,0.474782118,-0.082181951,0.002956121,0.13625017,0.046192284,-0.003085342,0,0,0,0,0.000357435,-0.004324108,-0.029390063,-0.014904173,0.001064979,-0.004952717,0.028605682,0.747570278,1.008317283,1.001978313,0.742511489,0.457042926,0.571593342,0.846411918,0.32429635,-0.01758187,0,0,0,0,0,0,0,9.85E-19,0.000193633,-0.004431951,-0.010732741,0.640316006,1.015360362,0.988427551,0.999950742,1.010274476,0.965039165,0.894725388,0.240204282,-0.017792075,0,0,0,0,0,0,6.81E-05,-0.000442538,-0.014374839,-0.011217405,0.176977958,0.820993804,1.005547505,0.996790727,0.953934368,0.980291582,0.537551573,0.220073768,0.203349045,-0.005220588,0,0,0,0,0,0,0.000794913,-0.012237747,0.060711641,0.256470164,0.806138593,1.013599119,0.990635132,1.010548272,0.730476914,0.454928815,0.060507997,-0.035026548,-0.013121079,0.000576312,0,0,0,4.65E-05,-0.000258834,-0.00185386,-0.031948257,0.114618821,0.753053195,0.950892872,1.013829861,0.99149486,1.004441125,0.832628205,0.178402778,-0.006338252,-0.01092082,0.000354371,-0.000746504,5.11E-06,0,0,0,0.000256003,-0.003149935,-0.014293301,0.219633885,0.78467133,1.025075771,0.985648965,0.960012425,0.990967235,1.015146872,0.411133396,-0.031410505,-0.001871,0.000283395,0,0,0,0,0,0,-0.012002364,0.083206563,0.554394199,0.940641153,1.051553479,0.853844319,0.253520782,0.134767463,0.773343852,1.04518796,0.493526269,0.053307887,-0.006539777,0,0,0,0,0,0,0,-0.014546492,0.103017753,0.648705423,0.987732384,0.75257787,0.216047263,-0.027394506,-0.020986758,0.42451651,0.825805879,0.207406428,-0.017698632,0.000359988,0,0,0,0,0,0,0,-0.00033439,-0.000617382,0.055461457,0.248586788,0.047741735,-0.021412933,-0.000782683,-0.0157036,0.094116883,0.177309238,-0.013812283,-0.000536566,0,0,0,0,0,0,0,0,0.000154906,-0.000941415,-0.009131774,-0.01927611,-0.011277233,-0.000478986,0.000142974,0.000689338,-0.005667892,-0.013457414,-0.001753564,0.000168505,0,0,0,0,0,0,0,0,0,0,0,0,0,0,0,0,0,0,0,0,0,0,0,0,0,0
0,0,0,0,0,0,0,0,0,0,0,0,0,0,0,0,0,0,0,0,0,0,0,0,0.000196078,-0.001446929,-0.005597937,-0.005486086,-0.00565819,-0.002529956,9.19E-05,9.19E-06,0,0,0,0,0,0,0,0,0,0,0,0.001335453,-0.022733276,-0.030537126,0.002094849,0.001400053,0.00266097,-0.022243284,-0.023924626,0.00137367,0,0,0,0,0,0,0,0,0,0,0.001660756,-0.026400531,0.149522008,0.416184266,0.59417916,0.587904403,0.593249438,0.460838984,0.173377638,-0.033620915,-0.000466909,0.000208844,0,0,0,0,0,0,0,0,-0.028534507,0.228416037,0.859872226,0.989636046,0.964413399,0.959624047,1.002417399,1.041461669,0.844629715,0.278246,-0.00916028,-0.002533361,0,0,0,0,0,0,0,0,-0.030198524,0.249613324,0.819469788,0.449292296,0.104096592,0.102038169,0.26891796,0.615618277,0.991927798,0.866248281,0.161624696,-0.015222035,1.06E-05,0,0,0,0,0,0,0,-0.002662753,0.02048909,0.10117162,0.02431364,-0.013103554,-0.009541804,-0.022439083,-0.025855137,0.506390148,1.06303222,0.499836686,-0.020156505,-7.87E-05,0,0,0,0,0,0,0,0.000449107,-0.003551832,-0.015209735,-0.005388692,0.000349762,0,0.000308487,-0.032407464,0.174270702,0.939488657,0.841381794,-0.000275587,-0.001788978,0,0,0,0,0,0,0,0,0,0,0,0,0,5.11E-06,-0.011085648,0.045150837,0.726515659,0.8977381,0.002969771,-0.002073121,0,0,0,0,0,0,0,0,0,0,0,0,0,0,-0.004369485,-0.013356005,0.646254289,0.90455862,0.004089308,-0.002181628,0,0,0,0,0,0,0,0,0,4.57E-18,-4.04E-17,-5.45E-17,-8.36E-17,8.30E-05,-0.011256774,0.032615554,0.713913586,0.890448735,-0.024222069,-0.029432615,-0.027049717,-0.012563828,-0.001639932,9.79E-05,0,0,0,0,0.000165441,-0.001712623,-0.016007285,-0.018160233,-0.019200535,-0.021707772,-0.029250919,0.174667671,0.870545598,0.915148842,0.28982341,0.289314321,0.287696844,0.122127077,0.003204279,-0.000685083,0,0,0,0,-3.00E-05,-0.012931801,0.143944652,0.180178431,0.222571076,0.374453922,0.644108305,0.904359535,1.016961532,1.011082214,0.974387306,0.975030675,0.960510324,0.919769238,0.568398236,-0.018251566,0,0,0,0,-0.018602839,0.268726477,0.900146548,0.95473749,0.983620487,1.027869077,1.033953431,1.007036952,0.84601457,0.806786736,0.81949326,0.820065019,0.948562126,1.020432734,0.591546343,-0.020234715,0,0,0,0,-0.015357996,0.218484681,0.79897658,0.84729902,0.839008465,0.841098601,0.76604856,0.367232179,0.133099043,0.115330942,0.118058313,0.118496732,0.208838133,0.245614464,0.067303429,-0.004552526,0,0,0,0,0.000477737,-0.010390353,0.019789522,0.026450623,0.025972222,0.026643025,0.01741733,-0.020942691,-0.022860039,-0.018905161,-0.019215074,-0.019264706,-0.029492034,-0.033777267,-0.012003485,0.000637255,0,0,0,0,5.30E-05,-0.000601001,-0.004651654,-0.005168045,-0.005122549,-0.005177237,-0.004457874,-0.00107358,7.83E-05,0,0,0,0,0,0,0,0,0,0,0,0,0,0,0,0,0,0,0,0,0,0,0,0,0,0,0,0,0,0,0,0,0,0,0,0,0,0,0,0,0,0,0,0,0,0,0,0,0,0,0,0,0,0,0,0,0,0,0,0,0,0,0,0,0,0,0,0
0,0,0,0,0,0,0,0,0,0,0,0,0,0,0,0,0,0,0,0,0,0,0,0,0,0,0,0,0.000475388,-0.007226988,-0.020541939,-0.007884157,0.000714402,1.70E-05,0,0,0,0,0,0,0,0,0,0,0,0,0,0.000400291,-0.006171324,0.031263503,0.139041213,0.050352972,-0.005490274,-3.57E-05,0,0,0,0,0,0,0,0,0,0,0,6.38E-19,0.000122038,-0.004048857,-0.013406624,0.501356209,1.034655518,0.433391068,-0.030213913,-0.001639093,0,0,0,0,0,0,0,0,0,0,0,0.000237439,-0.003630344,-0.02927736,0.243861928,0.915185202,0.922585121,0.253738443,-0.022023154,-0.000769336,0,0,0,0,0,0,0,0,0,1.71E-19,1.78E-17,-4.43E-05,-0.014990979,0.295901869,0.867312143,1.046983201,0.71163043,-0.049348958,-0.00049468,9.19E-05,0,0,0,0,0,0,0,0,0,0.000108762,-0.000569342,-0.043985141,0.258055641,0.872987699,1.033487456,1.031662463,0.866197338,0.15183958,-0.036971893,-0.000541258,8.51E-05,0,0,0,0,0,0,0,0.000302659,-0.00203732,-0.049724702,0.285191306,0.926665172,1.023463527,0.729508547,0.748591425,1.000655446,0.866456762,0.154172102,-0.021536321,0.000151033,-0.004780482,-0.000693816,9.76E-05,0,0,0,0,-0.002628511,0.004133085,0.320340771,0.960815291,0.942959542,0.488761856,0.011708538,0.017583401,0.51613094,1.0189311,0.807158018,0.108647246,-0.047282646,0.005444444,-0.02898303,-0.008434532,0.000690359,0,0,0,-0.006141617,0.017680453,0.713750051,0.904223414,0.35960546,-0.022215547,-0.007167926,-0.019030025,0.039422079,0.67940579,1.018333826,0.750633,0.574236673,0.678618192,0.578643604,0.120272292,-0.011132387,0,0,0,-0.000240104,0.000713967,0.028261166,0.029003234,-0.009889944,-0.00655599,0.000461857,0.001794679,-0.044519046,0.212653748,0.940872043,1.023941347,1.030419833,1.072799309,1.055197338,0.251040452,-0.021053922,0,0,0,3.79E-05,-0.000108813,-0.004426879,-0.005526246,-0.001440087,0.000314602,-0.006748962,-0.033803462,0.133680777,0.68330707,0.986327691,1.013847597,0.838693049,0.435136489,0.386877962,0.054424215,-0.007321793,0,0,0,0,0,0,5.09E-18,0.000215544,-0.011011414,0.012798092,0.177855248,0.790592465,1.029871098,1.020039848,0.633474855,0.082644511,-0.051496576,-0.046565672,-0.006993298,0.000868289,0,0,0,0,0,0.000246324,-0.001454606,-0.018566159,0.057671705,0.527603707,0.974424139,1.029319274,1.0216242,0.901373059,0.11665671,-0.028464137,-0.000272672,8.27E-05,0,0,0,0,0,0,0.000140625,-0.004052696,-0.004115264,0.115676385,0.559068729,1.015841146,0.988277659,0.813705729,0.843565649,0.384809136,-0.005558364,-0.001061666,0,0,0,0,0,0,0,0,-0.001074959,-0.011753813,0.286661663,0.875579248,1.033797032,0.82789054,0.434885212,0.048510127,0.076690887,-0.011053429,-0.003745404,0.000229779,0,0,0,0,0,0,0,0,-0.003672028,0.008315615,0.683466299,0.932855052,0.536191774,0.072267004,-0.040233558,-0.006291105,-0.007941228,-0.001554156,0.0001394,0,0,0,0,0,0,0,0,0,-0.000433686,0.000608669,0.084949197,0.105222066,-0.003659674,-0.015967551,0.001253516,0,0,0,0,0,0,0,0,0,0,0,0,0,6.69E-05,-0.000114209,-0.012837861,-0.01686649,-0.004684209,0.000292756,0,0,0,0,0,0,0,0,0,0,0,0,0,0,0,0,0,0,0,0,0,0,0,0,0,0,0,0,0,0,0
0,0,0,0,0,0,0,0,0,0,0,0,0,0,0,0,0,0,0,0,0,0,0,0,0,0,0,0,0,0,0,0,0,0,0,0,0,0,0,0,0,0,0,0,0,0,0,0,0,0,0,0,0,0,0,0,0,0,0,0,0,0,0,0,0,0,0,4.04E-05,-7.18E-05,-0.005151399,-0.010006025,-0.009524663,-0.002142187,0.000185866,0,0,0,0,0,0,0,0,0,0,0,7.47E-18,0.00051777,-0.011901981,-0.029662786,0.034079521,0.107773914,0.09957067,0.014708345,-0.001895595,0,0,0,0,0,0,0,0,0,1.53E-05,0.000278288,-0.004179858,-0.027709014,0.048763979,0.230725167,0.695509855,0.972235754,0.95448189,0.294412427,-0.019126328,0,0,0,0,0,0,0,0,0,-0.000169526,-0.002827989,0.044205048,0.244164965,0.673138529,0.963108967,1.030911799,1.001741932,1.01521104,0.382705301,-0.020749081,0,0,0,0,0,0,0,0,0,-0.000960672,-0.020094353,0.337572154,0.938342454,0.98345575,0.908941594,0.707177738,0.752266163,1.026278281,0.387885395,-0.020714606,0,0,0,0,0,0,0,0,0,-0.0001394,-0.009706904,0.096519948,0.363454946,0.34122352,0.106922726,0.037370455,0.822344073,0.997531301,0.284237292,-0.019950759,-0.00320624,-0.006164624,-0.003539114,-3.23E-05,3.52E-05,0,0,0,0,1.28E-05,0.000861247,-0.008613324,-0.032693781,-0.031601171,-0.018554194,0.048682241,0.980517667,0.83621058,0.05992433,-0.04957307,0.002337742,0.038824483,0.005668062,-0.004939413,0.000340584,0,0,0,0,0,0,4.74E-32,4.26E-05,-0.000140129,-0.02583718,0.329244604,1.004783735,0.744370813,0.200746555,0.295123792,0.627968699,0.953342286,0.680777676,0.046271452,-0.009963916,0,0,0,0,5.11E-06,0.000350626,-0.003490945,-0.013416565,-0.017282724,-0.015203159,0.571652352,1.018139025,0.869310049,0.874578289,1.055896616,1.02003816,0.968845078,0.917162139,0.116862643,-0.017767225,0,0,0,0.000341712,-0.002634727,-0.014142717,-0.002692002,0.059252901,0.247076672,0.745974125,0.978522516,0.991014227,0.944649627,0.930875024,0.789302226,0.388386124,0.120728534,0.098634891,0.009194798,-0.00165403,0,0,0.000545854,-0.006316548,-0.008024016,0.049620285,0.389111588,0.810907322,0.975407087,1.015336754,1.023815632,0.831449006,0.245292552,0.164650442,0.063780637,-0.027826797,-0.018901484,-0.016193832,-0.001755941,0.000289352,0,0,-0.009037139,0.048679273,0.553134089,0.80429039,0.947597001,0.892814611,0.640396437,0.447675534,0.922014706,0.683665799,-0.046545513,-0.018508826,-0.007404003,0.000680828,0,0,0,0,0,0,-0.016047454,0.10212578,0.862798288,0.8940513,0.591597035,0.108274459,0.01702718,0.006916462,0.147933007,0.11790048,-0.009181679,0.000227467,0,0,0,0,0,0,0,0,-0.000732571,-0.005354449,0.131492987,0.152862286,0.002733507,-0.012812194,-0.004016449,-0.002852941,-0.012081342,-0.009410999,0.000557904,0,0,0,0,0,0,0,0,0,0.000167135,-3.78E-05,-0.018413436,-0.020863397,-0.003950104,0.00031185,0,0,0,0,0,0,0,0,0,0,0,0,0,0,0,0,0,0,0,0,0,0,0,0,0,0,0,0,0,0,0,0,0,0,0,0,0,0,0,0,0,0,0,0,0,0,0,0,0,0,0,0,0
0,0,0,0,0,0,0,0,0,0,0,0,0,0,0,0,0,0,0,0,0,0,0,0,0,0,0,0,0,0,0,0,0,0,0,0,0,0,0,0,0,0,0,0,0,0,0,0,0,0,0,0,0,0,0,0,0,0,0,0,0,0,0,0,0,0,0,0,9.96E-06,4.54E-05,-0.002331087,-0.00478799,-0.001715788,9.60E-05,0,0,0,0,0,0,0,0,0,0,0,0,0,9.54E-05,9.24E-06,-0.017187006,-0.008596133,0.020815053,0.003428723,-0.000405773,0,0,0,0,0,0,0,0,0,1.56E-19,6.20E-18,-6.72E-17,0.000399986,-0.005361125,-0.032634532,0.090576678,0.531848039,0.806689662,0.312476543,-0.016256808,0,0,0,0,0,0,0,0,0,0.000294118,-0.003867953,-0.019176028,-0.025473346,0.029353896,0.32561843,0.781172266,1.035543505,1.033581427,0.558731622,-0.021083538,0,0,0,0,0,0,0,0,0,-0.00153836,0.007513979,0.210108927,0.485455614,0.823986824,0.995658113,1.004361675,0.968035394,1.018813525,0.610567341,-0.020751634,0,0,0,0,0,0,0,0,0,-0.021272569,0.312318032,0.984168692,1.036039267,0.99336479,0.643547318,0.332422692,0.480748383,1.035347307,0.419405106,-0.020751634,0,0,0,0,0,0,0,0,0,-0.008333487,0.1325024,0.259965465,0.257164369,0.227487227,0.029523642,-0.076666343,0.239720265,1.035523744,0.522441401,-0.027307394,-0.026455882,-0.031058824,-0.030551471,-0.030936468,-0.014296875,0.001309743,0,0,0,0.001026654,-0.016094975,-0.03485723,-0.035031863,-0.031685215,-0.008761336,-0.024996936,0.175316942,0.91501348,0.638959616,-0.015802322,0.181814542,0.222473856,0.217992239,0.218804489,0.09656667,-0.008867358,0,0,0,0,2.45E-05,0.00023029,-0.004992681,-0.015334509,-0.020326117,-0.044742885,0.137680709,0.870348039,0.869399671,0.658682053,0.922618158,0.981538603,0.975012255,1.009355713,0.518340482,-0.047247753,0,0,0,0.000440259,-0.005923933,-0.02647706,-0.004704235,0.090578436,0.348420332,0.646332039,0.878400103,1.012451286,1.013161996,0.958830493,0.780415682,0.494774214,0.470909767,0.498674841,0.2755606,-0.025037622,0,0,0,-0.002500306,0.026057802,0.179897348,0.569044458,0.879803242,1.031367953,0.945422794,0.706730494,0.795074976,0.632387727,0.14871732,0.006942147,-0.025204759,-0.020751634,-0.021787059,-0.011888957,0.001080814,0,0,0,-0.031247753,0.498687364,0.918954725,0.982602482,0.832430462,0.480194172,0.19799006,0.030874115,0.121963593,0.097005575,-0.02095367,-0.002429279,0.000390625,0,0,0,0,0,0,0,-0.032853656,0.561295735,0.585854984,0.198061972,0.019366057,-0.014970112,-0.027680862,-0.010176556,-0.015738613,-0.011070907,0.000482196,0,0,0,0,0,0,0,0,0,-0.000616115,0.013392463,-0.030138191,-0.01527211,-0.004724532,-0.001811785,-2.54E-05,3.43E-05,-0.00016008,-0.000191951,5.62E-06,0,0,0,0,0,0,0,0,0,0.000256818,-0.004665525,-0.000527903,4.28E-05,0,0,0,0,0,0,0,0,0,0,0,0,0,0,0,0,0,0,0,0,0,0,0,0,0,0,0,0,0,0,0,0,0,0,0,0,0,0,0,0,0,0,0,0,0,0,0,0,0,0,0,0,0
0,0,0,0,0,0,0,0,0,0,0,0,0,0,0,0,0,0,0,0,0,0,0,0,0,0,0,0,0,0,0,0,0,0,0,0,0,0,0,0,0,0,0,0,0,0,0,0,0,0,0,0,0,0,0,0,0,0,0,0,0,0,0,0,0,0,0,0,1.21E-05,-4.20E-05,-0.001141646,-0.00874377,-0.011699839,-0.007977584,0.000328738,3.95E-05,0,0,0,0,0,0,0,0,0,0,0,5.14E-05,0.000569189,-0.019179619,-0.021941857,0.091412548,0.138133824,0.092345673,-0.010147876,0.000179841,0,0,0,0,0,0,0,0,5.60E-19,-2.87E-18,0.000234035,-0.000607853,-0.031106669,0.129571112,0.395784705,0.856389212,0.976562954,0.649885195,0.02887774,-0.008369502,-0.018880634,-0.017427354,0.00060849,0,0,0,0,0,0.000392157,-0.002498128,-0.018170956,-0.01975091,0.237133902,0.806498757,1.039556509,0.908674309,0.969101596,0.871899544,0.137706257,-0.049996102,0.196186598,0.18683545,-0.00657935,0,0,0,0,0,-0.003637642,0.023089951,0.130384734,0.440022269,0.96704335,0.986477586,0.700921878,0.169994327,0.736449947,0.930860425,0.376317075,0.610618028,0.941015076,0.787114594,-0.020353668,0,0,0,0,0,-0.017131127,0.102673424,0.753413177,0.944319585,0.754175841,0.333390285,0.015236809,-0.011032561,0.826060308,0.997899731,1.016077359,1.000516221,0.622619162,0.326638641,-0.010135825,0,0,0,0,0,-0.003208946,0.013442793,0.208395272,0.236849004,0.058310304,-0.021195823,-0.039920615,0.302273029,0.951774897,1.024795803,0.73515511,0.311549615,0.006988324,-0.032213305,0.000758272,0,0,0,0,0,0.000474265,-0.00276428,-0.021726631,-0.024395374,-0.024441296,0.028868209,0.380240928,0.884030331,1.006685537,0.532882132,0.056356703,-0.029766357,-0.007760672,0.000296869,1.53E-05,0,0,0,0,0,0,0.000259991,-0.004229388,-0.02516559,0.205925977,0.677220639,0.977608694,1.024816687,0.830694801,0.065266953,-0.01709729,-0.000375715,6.56E-05,0,0,0,0,0,0,4.89E-06,0.001399861,-0.013125841,-0.040102625,0.336147203,0.951524839,0.949332189,0.666709164,0.816320778,0.50021885,-0.027118578,0.000563063,0,0,0,0,0,0,0,0,0.000442198,-0.019155365,0.059106805,0.456478537,0.965855329,0.89543864,0.20536826,0.282711925,0.784380549,0.160585314,-0.014337214,4.26E-05,0,0,0,0,0,0,0,0.000909869,-0.014767719,0.047689015,0.678310406,1.055308858,0.792590226,0.206794033,0.022949006,0.452605222,0.189624251,-0.006189583,-0.001912446,0,0,0,0,0,0,0,0,-0.006161999,0.024384429,0.585452512,1.01173012,0.619005225,0.092898102,-0.030176249,0.012303905,0.120755259,-0.026023931,-0.001899637,0.000318627,0,0,0,0,0,0,0,0,-0.032735722,0.267325725,0.945809709,0.514468835,0.005786509,-0.016697393,0.000173815,-0.000844771,-0.008424326,5.62E-05,4.16E-05,0,0,0,0,0,0,0,0,0,-0.038448292,0.340188877,0.666282561,0.021638199,-0.012026008,0.000820109,0,0,0,0,0,0,0,0,0,0,0,0,0,0,-0.001108801,0.010564066,0.005774612,-0.005628234,0.000267055,0,0,0,0,0,0,0,0,0,0,0,0,0,0,0,0.000163059,-0.001477397,-0.00219567,-3.40E-06,1.02E-05,0,0,0,0,0,0,0,0,0,0,0,0,0
0,0,0,0,0,0,0,0,0,0,0,0,0,0,0,0,0,0,0,0,0,0,0,0,0,0,0,0,0,0,0,0,0,0,0,0,0,0,0,0,0,0,0,0,0,0,0,0,0,0,0.001059883,-0.011255147,-0.039431934,-0.027951164,-0.001301618,0.000381558,0,0,0,0,0,0,0,0,0,0,0,0,8.50E-05,-0.0003197,-0.021658173,0.070536169,0.32698115,0.236179211,0.011108371,-0.003231005,0,0,0,0,0,0,0,0,0,0,0,0.000631038,-0.005695925,-0.026072763,0.138556866,0.647590005,1.024449744,0.677951678,0.030856277,-0.009245404,0,0,0,0,0,0,0,0,0,2.46E-18,0.000455304,-0.007363999,-0.000588984,0.26955753,0.826390455,1.028751787,0.865041835,0.201293879,-0.014810781,-0.000472733,0,0,0,0,0,0,0,0,0.000147059,-0.000367136,-0.017229711,-0.008638373,0.421160114,0.931830661,1.026086448,1.01461392,0.472116387,-0.035550977,0.000690462,6.16E-05,0,0,0,0,0,0,0,6.11E-05,-0.000526681,-0.017501597,0.078366421,0.647540458,1.007756937,0.910220877,0.841938873,1.022236643,0.197082668,-0.020620881,0.000501814,-0.012162162,-0.011579634,0.001249689,0,0,0,0,0,-0.000304483,-0.014112047,0.144828806,0.756703431,1.043049832,0.769762187,0.213092235,0.514963099,0.959745353,0.125410178,-0.020159841,-0.021082687,0.076790084,0.092529905,-0.009866292,0,0,0,0,0,-0.005139553,0.029722324,0.759743685,1.053040424,0.641110907,0.094615656,-0.023310849,0.561301879,0.910187483,0.075696958,-0.028465278,0.220700674,0.70838574,0.366705423,-0.041455301,0,0,0,0,0,-0.004495149,0.034729337,0.588823615,0.594671364,0.062078119,-0.027139842,-0.026627655,0.36292967,0.987506059,0.290842743,0.502136642,0.977524629,0.968457789,0.280809794,-0.034456402,0,0,0,0,0,0.000262561,-0.00196972,-0.034869894,-0.036797335,-0.006160165,-0.001991915,-0.039995183,0.140534961,0.877577138,0.936472321,1.004604967,0.766572678,0.305657254,-0.011100524,-0.000929844,0,0,0,0,0,0,0,5.96E-18,0.000798989,-0.015032886,-0.022754882,0.115911483,0.57615191,0.962672605,0.96265817,0.516066695,0.056313627,-0.026241287,-0.002051588,0.000302659,0,0,0,0,0,5.21E-06,0.000103962,-0.001070517,-0.019930011,0.06123135,0.432131774,0.844200283,1.044544935,0.889904395,0.28898703,-0.012741864,-0.013423203,-0.001181236,0.000121528,0,0,0,0,0,0,0.000574551,-0.010338882,-0.023541343,0.149298373,0.748042698,1.030226716,0.865101852,0.385482843,0.16397292,-0.004591316,-0.004570398,0.000191483,0,0,0,0,0,0,0,0.001538869,-0.018608626,0.023378813,0.426565189,0.935811445,0.921762362,0.579599401,0.119251311,-0.035468376,-0.024270901,-0.002504484,0.000392157,0,0,0,0,0,0,0,0,-0.017543109,0.133351563,0.630640812,0.986511557,0.738348141,0.208953076,-0.017012221,-0.013062415,-0.000398948,-9.45E-06,9.78E-06,0,0,0,0,0,0,0,0,0,-0.029014601,0.240350101,0.780731659,0.355900493,0.044500547,-0.024472425,-0.003379907,0.000285353,0,0,0,0,0,0,0,0,0,0,0,0,0.000615548,-0.004959321,-0.018115979,-0.020479813,-0.010627042,-0.00026548,0.000120847,0,0,0,0,0,0,0,0,0,0,0,0,0,0,0,0,0,0,0,0,0,0,0,0,0,0,0,0,0,0,0
0,0,0,0,0,0,0,0,0,0,0,0,0,0,0,0,0,0,0,0,0,0,0,0,0,0,0,0,0,0,0,0,0,0,0,0,0,0,0,0,0,0,0,0,0,0,0,0,0,0,0.000417839,-0.004763361,-0.001551128,0.000167135,0,0,0,0,0,0,0,0,0,0,0,0,0,2.57E-05,4.92E-05,-0.003120149,-0.029812585,-0.000569649,-0.010093657,-0.000669764,0,0,0,0,0,0,0,0,0,0,0,0,6.43E-05,0.000656414,-0.016122089,-0.000667773,0.393082091,0.783550705,0.421867195,-0.016061751,0,0,0,0,0,0,0,0,0,0,0,8.04E-18,0.000121017,-0.018273307,0.094527352,0.654384004,1.019767191,1.051580882,0.554526229,-0.021352805,0,0,0,0,0,0,0,0,0,0,0.000189951,-0.000728996,-0.021439781,0.044682222,0.65058495,1.026535369,0.836844107,1.000574942,0.452902195,-0.020707891,0,0,0,0,0,0,0,0,0,0.000292283,-0.003974767,-0.036317856,0.118061976,0.736859882,1.000359019,0.472805905,0.37664997,1.02402985,0.32879031,-0.020720041,0,0,0,0,0,0,0,0,0,-0.002508068,0.013228077,0.340555573,0.820355409,1.009531681,0.444277131,-0.016487524,0.13882387,0.884825453,0.380659149,-0.020707891,0,0,0,0,0,0,0,0,0,-0.006482077,0.055678002,0.797158361,0.826722699,0.365140061,-0.022913943,-0.019958282,0.076526025,0.771503234,0.534605193,-0.025724741,-0.01425,-0.01925674,-0.031124694,-0.004282439,0.000621936,0,0,0,0,-0.00029422,0.002922318,0.034635076,0.019993924,-0.016650751,-0.003794424,-0.013163603,0.066763583,0.765180862,0.556911255,-0.019574312,0.073217644,0.118130208,0.224513957,0.031215401,-0.004502315,0,0,0,0,4.17E-05,-0.000371732,-0.004980392,-0.005338218,-0.012232023,-0.021015455,-0.02785066,-0.00572498,0.609258902,0.606436363,0.527243158,0.779273506,0.834309709,0.965585359,0.129154386,-0.019111349,0,0,0,0,0.001265745,-0.02019934,-0.038250122,-0.03660873,0.053109871,0.134107864,0.31611123,0.754721373,0.949247415,0.975005956,0.925268317,0.8843701,0.731321525,0.400945199,0.024815459,-0.005766004,0,0,0.000475388,-0.002394063,-0.042657475,0.147298356,0.309368158,0.378376362,0.748232916,1.054425705,1.049838644,0.89452965,0.609268399,0.455871228,0.189754051,-0.022857775,-0.022534722,-0.020168335,-0.002645122,0.000396582,0,0,-0.007882625,0.038296034,0.512502604,0.886946589,0.976934045,0.913738545,0.759614264,0.548549275,0.465976137,0.16181701,-0.002800654,-0.040752093,-0.018732128,0.000157441,0.000153186,0,0,0,0,0,-0.014793028,0.100183034,0.743463678,0.695734766,0.426154769,0.150225541,0.008817313,-0.007036867,-0.016261489,-0.0236883,-0.005417943,-5.50E-05,6.13E-05,0,0,0,0,0,0,0,0.000832823,-0.005595114,-0.04217596,-0.041139502,-0.027026042,-0.011845895,-0.003871224,-0.002465993,-0.001716452,-2.15E-05,9.34E-06,0,0,0,0,0,0,0,0,0,0,0,0,0,0,0,0,0,0,0,0,0,0,0,0,0,0,0,0,0,0,0,0,0,0,0,0,0,0,0,0,0,0,0,0,0,0,0,0,0,0,0,0,0,0,0,0,0,0,0,0,0,0,0,0,0,0,0,0
0,0,0,0,0,0,0,0,0,0,0,0,0,0,0,0,0,0,0,0,0,0,0,0,0,0,0,0,0,0,0,0,0,0,0,0,0,0,0,0,0,0,0,0,0,0,0,0,0,0,0,0,0,0,0,0,0,0,0,0,0,0,0,0,0,0,0,0,0.000106618,-0.000726563,-0.012329759,-0.029441534,-0.036985804,-0.014779922,0.001355699,0,0,0,0,0,0,0,0,0,0,0,3.06E-05,6.05E-05,-0.004152574,-0.018541309,0.154913433,0.460386149,0.599243219,0.240072678,-0.022000102,0,0,0,0,0,0,0,0,7.78E-20,1.09E-17,-8.13E-17,0.000299564,-0.003248135,-0.023551334,0.288046518,0.886701321,1.036920837,1.008871887,0.394298917,-0.036462589,0,0,0,0,0,0,0,0,3.73E-05,0.000315394,-0.009833367,-0.028242273,0.009268409,0.452690308,0.921794781,0.954378966,0.786877876,0.963066273,0.388254868,-0.035572406,0,0,0,0,0,0,0,0,0.001152827,-0.0404069,0.13399948,0.705955645,0.892234909,1.025649416,0.815291417,0.131842821,0.362170757,0.956982666,0.394114335,-0.035684865,0.000560515,-0.006194203,-0.020082494,-0.005352411,0.000489177,0,0,0,-0.014352379,0.201457125,0.699866796,1.055597835,0.933091089,0.569432104,0.100375221,-0.064515676,0.349303088,0.959867413,0.390927917,-0.042440002,-0.032448036,0.019527778,0.146038771,0.028283122,-0.002588848,0,0,0,-0.040566432,0.666215261,0.999506689,0.815344924,0.239475086,-0.01517659,-0.015258629,-0.022300943,0.253643365,0.926231197,0.387596303,0.023070227,0.42444761,0.702604677,0.897953049,0.430093529,-0.039195687,0,0,0,-0.008546722,0.14315579,0.169298322,0.097783922,-0.026414605,-0.005660148,0.001297403,-0.02351537,0.118436138,0.894011812,0.736874387,0.794248264,0.977474282,0.826262919,0.532200651,0.2106787,-0.019908684,0,0,0,0.000622702,-0.010355239,-0.013353452,-0.009017361,0.000158728,-0.002551317,-0.026081921,0.057391323,0.566121834,1.003578754,1.028508391,0.84947595,0.349576474,0.066402557,-0.031912325,-0.014121477,0.001216554,0,0,0,0,0,0.001304472,-0.014071991,-0.032003767,-0.025871245,0.166328523,0.788189315,1.002923155,0.870753871,0.411047009,0.06193072,-0.028345308,-0.013160898,-3.17E-05,0.000122294,0,0,0,0,1.73E-05,0.001044781,-0.023042467,0.092141119,0.216632169,0.429442538,0.912650446,1.021361486,0.56271235,0.044732566,-0.020021957,-0.014872175,-0.001112983,0.000126634,0,0,0,0,0,0,2.93E-05,-0.021079623,0.139474197,0.757221729,0.932660324,1.022040543,0.901584746,0.422605069,0.036014587,-0.009424266,-0.000728826,6.38E-05,0,0,0,0,0,0,0,0,-0.002908548,0.00191682,0.524594176,1.048235754,0.960116621,0.644602635,0.138344822,-0.024600848,-0.011627911,0.000365966,7.05E-05,0,0,0,0,0,0,0,0,0,-0.009142974,0.099639825,0.866310526,0.885123792,0.324959796,0.010779156,-0.017445568,-0.001024663,0.000126379,0,0,0,0,0,0,0,0,0,0,0,-0.001294943,0.015436081,0.106393594,0.102024021,-0.014828469,-0.008835759,0.000611471,0,0,0,0,0,0,0,0,0,0,0,0,0,0.000184334,-0.002103418,-0.016244383,-0.016301573,-0.001975052,0.000306373,0,0,0,0,0,0,0,0,0,0,0,0,0,0,0,0,0,0,0,0,0,0,0,0,0,0,0,0,0,0,0
0,0,0,0,0,0,0,0,0,0,0,0,0,0,0,0,0,0,0,0,0,0,0,0,0,0,0,0,0,0,0,0,0,0,0,0,0,0,0,0,0,0,0,0,0,0,0,0,0,0,0,0,0,0,0,0,0,0,0,0,0,0,0,0,0,0,0,0,3.37E-05,-5.11E-07,-0.005306883,-0.023011642,-0.026858923,-0.002271752,0.000252757,0,0,0,0,0,0,0,0,0,0,0,0,0.00037422,-0.002728145,-0.023325504,0.033884361,0.343972682,0.420330568,0.028327461,-0.003322866,0,0,0,0,0,0,0,0,0,0,4.26E-05,-0.00036169,-0.007008411,-0.001708248,0.170829333,0.753231005,0.995745268,0.921489867,0.170498621,-0.016776876,0,0,0,0,0,0,0,0,0,0.000386029,-0.002920581,-0.011403186,0.016265236,0.223059692,0.829290492,1.00290351,1.009337197,0.918725134,0.175848907,-0.017239839,0,0,0,0,0,0,0,0,4.65E-05,-0.002783621,-2.77E-05,0.174495893,0.807944041,0.933374964,0.775123789,0.287652188,0.815959942,0.937203018,0.174984204,-0.017156863,0,0,0,0,0,0,0,0,-0.000438521,-0.018541326,0.207270374,0.875698921,0.946726914,0.572740979,0.066460648,0.03472178,0.733806117,0.944140696,0.168667705,-0.016604116,0,0,0,0,0,0,0,0,-0.000308517,-0.004339257,0.090888497,0.266055658,0.187938323,0.032823172,-0.026171671,0.046402114,0.722699772,0.994725042,0.287918522,-0.030889723,-0.018336397,-0.030266238,-0.024814724,0.000603554,0,0,0,0,3.49E-05,0.00060049,-0.010978554,-0.034513787,-0.027289654,-0.008426164,0.00025,-0.028040152,0.354914335,0.870357371,0.235984783,-0.038255225,0.109263514,0.225469363,0.195043194,-0.004633544,0,0,0,0,0,0,0,3.23E-05,-6.78E-05,-0.002437194,-0.01216956,-0.02189614,-0.022036152,0.536173889,0.373308687,0.585169203,0.831152982,0.857468835,0.586912971,-0.015533429,0,0,0,0,0,0,0.000611471,-0.00639446,-0.0348025,-0.024161775,0.064955193,0.29656805,0.630180418,0.941665478,0.854002504,0.802831265,0.587051384,0.210048374,0.044367994,-0.001787534,0,0,0,5.01E-05,-0.00020001,-0.003735805,-0.024611009,0.022927458,0.29438255,0.474771855,0.809855937,0.898315649,0.708945585,0.613846731,0.161415016,-0.018963269,-0.022742205,-0.016752962,-0.009661415,0.000279139,0,0,0,0.001238025,-0.01394727,0.008925773,0.274691228,0.612100711,0.97124025,0.794309062,0.539566381,0.183847137,0.026195023,0.007252592,-0.016944359,1.70E-06,0.000145527,0,0,0,0,0,0,-0.021293058,0.166385332,0.702192521,0.9453221,0.746330899,0.521206637,0.048389093,-0.014413007,-0.022487183,-0.00936489,-0.006248624,0.000171569,0,0,0,0,0,0,0,0,-0.029513677,0.25473332,0.608869451,0.324791054,0.023950419,-0.041350587,-0.006012714,-0.001983252,-0.000169884,2.02E-05,0,0,0,0,0,0,0,0,0,0,0.000351475,-0.002867036,-0.008671936,-0.027497605,-0.007644919,0.000937267,0,0,0,0,0,0,0,0,0,0,0,0,0,0,0.000228283,-0.001975933,-0.004714222,-0.00090465,6.84E-05,0,0,0,0,0,0,0,0,0,0,0,0,0,0,0,0,0,0,0,0,0,0,0,0,0,0,0,0,0,0,0,0,0
0,0,0,0,0,0,0,0,0,0,0,0,0,0,0,0,0,0,0,0,0,0,0,0,0,0,0,0,0,0,0,0,0,0,0,0,0,0,0,0,0,0,0,0,0,0,0,0,0,0,0,0,0,0,0,0,0,0,0,0,0,0,0,0,0,0,5.62E-06,6.65E-05,-0.001162582,-0.002722222,-0.002616217,-0.000881587,9.32E-05,1.02E-06,0,0,0,0,0,0,0,0,0,0,0.000220588,-0.000761336,-0.015692742,-0.028475449,-0.020460818,-0.003863732,-0.006289999,-0.012333589,-0.001646284,0.000241694,0,0,0,0,0,0,0,0,0.000743957,-0.005593001,-0.029558653,-0.034159858,0.084262834,0.191349466,0.41161409,0.610496613,0.597218188,0.253241064,-0.011040928,-0.001510757,0,0,0,0,0,0,0,0,-0.008481106,0.063760212,0.311985805,0.475647893,0.801902488,0.868503203,0.686464903,0.647456359,0.787270663,0.816477328,0.066082253,-0.01265608,0,0,0,0,0,0,0,0,-0.025924141,0.218670628,0.609525957,0.462003316,0.483521972,0.202068493,0.030936366,-0.018973238,0.312811918,0.826929124,0.066982615,-0.012576774,0,0,0,0,0,0,0,0,0.000297583,-0.0022372,-0.01104405,-0.016353996,-0.021252894,-0.018276365,-0.009000545,-0.044900701,0.302886336,0.716303905,0.030750938,-0.008613749,-0.000855596,-0.00180719,-0.001830474,-0.000623701,3.73E-05,0,0,0,0,0,0,0,0,0,1.84E-05,-0.037590993,0.306210308,0.718587231,0.023553208,-0.035608064,-0.026102362,-0.014948461,-0.015410675,-0.019457319,0.000315394,0,0,0,0,0,1.87E-19,8.14E-19,-2.21E-17,0.000326118,-0.002690802,-0.046306696,0.301417535,0.727461397,0.059493328,0.168743787,0.373742698,0.498675994,0.496795224,0.273892201,-0.009990809,0,0,0,0,7.15E-06,0.000423475,-0.004222154,-0.018223209,-0.025167475,0.010909075,0.079128864,0.580031624,0.933474129,0.709126327,0.855669679,0.948714222,0.767176368,0.902282799,0.723743189,-0.019986383,0,0,0,0,0.001080775,-0.021303453,-0.012049057,0.15295113,0.341501555,0.731015671,0.80769083,0.960525576,0.718595111,0.435770277,0.181451735,0.107457078,0.051559761,0.091539939,0.089769362,-0.002380661,0,0,0,0,-0.01059906,0.142702444,0.584094907,0.905446776,0.69116577,0.487943253,0.519623145,0.767063777,0.03760592,-0.031136283,-0.018642599,-0.017320261,-0.010894267,-0.015309606,-0.013565149,0.000367647,0,0,0,0,-0.015395272,0.245605103,0.524402999,0.246863749,-0.004133834,-0.001883919,0.397602839,0.216037207,-0.02220258,0.000927398,0,0,0,0,0,0,0,0,0,0,-2.02E-05,0.001877945,-0.015085682,-0.028572661,-0.007039715,0.006738494,0.004737286,-0.020563215,0.001096814,0,0,0,0,0,0,0,0,0,0,0,7.15E-05,-0.001198172,-0.001843137,-0.00018367,5.82E-05,-0.00046732,-0.002123621,-0.000348039,2.67E-05,0,0,0,0,0,0,0,0,0,0,0,0,0,0,0,0,0,0,0,0,0,0,0,0,0,0,0,0,0,0,0,0,0,0,0,0,0,0,0,0,0,0,0,0,0,0,0,0,0,0,0,0,0,0,0,0,0,0,0,0,0,0,0,0,0,0,0,0
0,0,0,0,0,0,0,0,0,0,0,0,0,0,0,0,0,0,0,0,0,0,0,0,0,0,0,0,0,0,0,0,0,0,0,0,0,0,0,0,0,0,0,0,0,0,0,0,0,0.000132078,-0.000483878,-0.009442338,-0.017707596,0.000273124,0,0,0,0,0,0,0,0,0,0,0,0,0,0,4.29E-06,-0.000733967,0.001366149,0.056256383,0.137780852,-0.001672964,0,0,0,0,0,0,0,0,0,0,0,0,0,0,0.000548203,-0.017717967,0.017558296,0.58533941,0.626798761,-0.016712793,0,0,0,0,0,0,0,0,0,0,0,1.17E-18,0.000234035,-0.001264981,-0.01908107,0.02109409,0.444446249,1.000250919,0.398514244,-0.021239788,0,0,0,0,0,0,0,0,0,0,0,0.000557428,-0.008592048,-0.004299407,0.123224656,0.51146601,0.99440848,1.023270238,0.215048017,-0.020669935,0,8.51E-05,-0.00097018,-0.000315927,3.40E-05,0,0,0,0,0,0,-0.006249745,0.055057716,0.47214911,0.865139331,0.935686105,0.866826447,1.002679025,0.452651323,-0.020562316,-0.000119033,-0.019355306,-0.033052668,-0.003442138,0.000568668,0,0,0,0,0,0,-0.018098533,0.189951236,0.63120521,0.749422335,0.324533973,0.115001855,0.850785216,0.437269356,-0.02619327,-0.019812279,0.131767004,0.382528782,0.063458634,-0.00847852,0,0,0,0,0,0,-0.000162548,-2.03E-05,0.022277119,0.059289965,-0.028387238,0.040316108,0.727059862,0.484106658,0.007961193,0.31557164,0.828367017,1.017800466,0.142881303,-0.020656148,0,0,0,0,0,0,0.000176164,-0.001674326,-0.007820105,-0.012559283,-0.007088593,-0.013691449,0.60195081,0.787966451,0.558935253,0.94069327,0.730377996,0.455936138,0.045020892,-0.007885689,0,0,0,0,0,0,0.000106379,-0.00091316,-0.007969678,-0.018151297,-0.025964069,0.15582547,0.689247804,1.049203049,0.908726205,0.4465096,0.04819584,-0.036288092,-0.003027547,0.000512153,0,0,0,0.000234317,-0.002036199,-0.004030411,-0.00853038,-0.018671256,0.024694639,0.184886164,0.579932364,0.942514879,1.027304074,0.839706643,0.251810193,-0.022305212,-0.012699085,0.000637612,0,0,0,0,0.000359477,-0.003740981,-0.006282986,-0.002562568,0.026438521,0.234397433,0.652795035,0.952800398,0.952691942,0.70413271,0.525633732,0.22395773,-0.028007047,-0.003282612,0.000254119,9.70E-06,0,0,0,0,-0.005231652,0.017066926,0.41495018,0.706399254,0.768024408,0.878446112,0.950766411,0.617185832,0.237058296,0.049003625,-0.024279293,-0.013422167,0.000340754,0,0,0,0,0,0,0,-0.01939951,0.133886511,0.948276808,0.933658752,0.75696332,0.456462061,0.062184379,-0.005619809,-0.023368379,-0.011752247,-0.002400123,-0.000815397,6.74E-05,0,0,0,0,0,0,0,-0.005992136,0.044174055,0.269272876,0.23067596,0.034199312,-0.00645498,-0.01011409,-0.002740451,-0.000382915,2.33E-05,1.84E-06,0,0,0,0,0,0,0,0,0,0.000721536,-0.005261144,-0.032910603,-0.028982512,-0.007967877,-0.002215564,0.000283133,0,0,0,0,0,0,0,0,0,0,0,0,0,0,0,0,0,0,0,0,0,0,0,0,0,0,0,0,0,0,0,0,0,0,0,0,0,0,0,0,0,0,0,0,0,0,0,0,0,0,0,0
0,0,0,0,0,0,0,0,0,0,0,0,0,0,0,0,0,0,0,0,0,0,0,0,0,0,0,0,0,0,0,0,0,0,0,0,0,0,0,0,0,0,0,0,0,0,0,0,0,0,0,0,0,0,0,0,0,0,0,0,0,0,0,0,0,0,0,0,0,0,0,0,0,0,0,0,0,0,0,0,0,0,0,0,0,0,0,0,0.000178309,-0.001632966,-0.018742953,-0.02218413,-0.001547328,0.000321691,0,0,0,0,0,0,0,0,0,0.00015191,-0.000787207,-0.021329912,-0.045478877,-0.052870603,-0.053454146,-0.037446895,0.113616013,0.142903748,-0.013717779,-0.001760791,0,0,0,0,0,0,0,0,0,-0.001731771,0.008974163,0.243160999,0.518459201,0.602724869,0.589182802,0.612406897,0.82350434,0.864624762,0.327210825,-0.015953499,0,0,0,0,0,0,0,0,0,-0.008061942,0.109642289,0.451944818,0.730324233,0.626680654,0.564639096,0.556829929,0.618508095,0.974557414,0.427485118,-0.021365483,0,0,0,0,0,0,0,0,0,6.08E-05,-0.000314883,-0.008531965,-0.018191551,-0.021148241,-0.020701542,-0.053559079,0.212919833,0.898673747,0.153893815,-0.017651825,0,0,0,0,0,0,0,0,0,0,0,0,0,0,-0.000731464,-0.028863715,0.385645816,0.79886586,0.052770219,-0.011494247,0,0,0,0,0,0,0,0,0,3.80E-18,-6.16E-17,-9.73E-17,-1.50E-16,-2.11E-16,-0.002395374,-0.007910182,0.583534518,0.551655501,-0.018369461,-0.012217286,-0.010480494,-0.008370779,0.000506791,-4.31E-16,1.21E-17,0,0,0,0.000798989,-0.006662752,-0.019702989,-0.020787888,-0.02067453,-0.020728194,-0.023229269,-0.026941415,0.581442028,0.537442232,-0.036819008,0.085144506,0.106814236,0.08276348,-0.01870464,-0.01084682,0.000263821,0,0,0,-0.006448593,0.0492884,0.231818329,0.283127811,0.341260208,0.410185644,0.533169799,0.558010986,0.861185965,0.926069854,0.764182178,0.832827052,0.846225015,0.829374601,0.784488657,0.585389593,-0.016081183,0,0,0,-0.031891892,0.268037531,0.752518876,0.773333282,0.770171824,0.773017916,0.780276654,0.606775054,0.423797011,0.477552781,0.356694081,0.35670224,0.356714665,0.357558551,0.368628472,0.309134361,-0.007518893,0,0,0,-0.004419306,0.038324125,0.085107162,0.075285488,0.075617596,0.076409764,0.080561275,-0.005279276,-0.04271024,-0.042958384,-0.031241932,-0.031594669,-0.031658497,-0.031658497,-0.032318049,-0.027117049,0.000659552,0,0,0,0.000726428,-0.006224265,-0.015211091,-0.01440625,-0.014411765,-0.014516632,-0.014998162,-0.004824755,0.000449755,7.35E-06,0,0,0,0,0,0,0,0,0,0,0,0,0,0,0,0,0,0,0,0,0,0,0,0,0,0,0,0,0,0,0,0,0,0,0,0,0,0,0,0,0,0,0,0,0,0,0,0,0,0,0,0,0,0,0,0,0,0,0,0,0,0,0,0,0,0,0,0,0,0,0,0,0,0,0,0,0,0,0,0,0,0,0,0,0,0,0,0
0,0,0,0,0,0,0,0,0,0,0,0,0,0,0,0,0,0,0,0,0,0,0,0,0,0,0,0,0,0,0.000208504,-0.002138651,-0.012947903,-0.006707857,0.000595724,0,0,0,0,0,0,0,0,0,0,0,0,0,0,0.000447597,-0.004411102,-0.001586411,0.071651407,0.021658616,-0.01124679,0.00093922,0,0,0,0,0,0,0,0,0,0,0,0,9.50E-06,-0.003236928,0.008253762,0.231877145,0.784965673,0.530024629,0.0223253,-0.007707567,3.08E-05,0,0,0,0,0,0,0,0,0,0,0,-4.27E-05,-0.020164999,0.15257787,0.635674769,0.975859236,0.979632438,0.277376345,-0.025330372,-0.000488664,0,0,0,0,0,0,0,0,0,0,8.82E-18,-0.001154156,-0.016976392,0.366024306,0.929563453,1.001837997,1.037568644,0.388181747,-0.025884395,-0.000969056,0,0,0,0,0,0,0,0,0,0,0.000676695,-0.012555317,0.047898625,0.69393476,0.982999557,0.968541081,1.036001004,0.383463848,-0.025644914,-0.000957721,0,0,0,0,0,0,0,0,2.36E-18,0.000285353,-0.019543484,0.101857174,0.47721519,0.874860568,0.553776412,0.883111894,1.054110106,0.394477939,-0.025841639,-0.000999908,0,0,0,0,0,0,0,0,0.000280842,-0.004989447,-0.017368822,0.349940683,0.967617902,0.311111179,0.182490485,0.932148778,0.961735924,0.281933687,-0.023400276,-0.000582261,0,0,0,0,0,0,3.68E-06,6.50E-05,-0.003920871,0.010516765,0.493970266,0.832108711,0.691004596,0.031764331,0.096132285,0.895952689,0.839850575,0.124767191,-0.020603758,2.54E-05,0,0,0,0,0,0,5.69E-05,0.000261983,-0.040966401,0.268319155,0.952100998,0.673240945,0.053683398,-0.014381689,-0.023001991,0.720956205,0.90611763,0.169736366,-0.025149203,2.76E-06,0,0,0,0,0,0,-0.000751328,-0.014524476,0.247993396,0.89413608,0.924580667,0.123606737,-0.028393042,-0.010227465,0.088484647,0.827856267,0.772747992,0.080332159,-0.014943321,0,0,0,0,0,0,0.001366848,-0.016599252,-0.003087658,0.727678804,0.856827501,0.212373567,0.026138254,0.017217449,-0.061905769,0.164327161,0.962460313,0.678515942,-0.018077501,-0.059508683,-0.028378786,-0.000475956,0.000301659,0,0,0.000772569,-0.01796324,0.051954742,0.504651059,1.040906829,0.732553905,0.491759203,0.742698904,0.654740519,0.455876294,0.591377791,0.976505867,0.790788263,0.411866285,0.451954555,0.259442572,0.005123211,-0.002818968,0,0,-0.012853009,0.074846826,0.744256978,0.966645016,0.667787905,0.663625017,0.686154067,0.664685662,0.673341895,0.685522689,0.70441219,0.993709745,0.737272161,0.456441432,0.697758119,0.340051624,-0.008320747,-0.002503574,0,0,-0.018339291,0.125337991,0.939164233,0.375986298,-0.014968137,0.002355443,0.003485895,0.003451678,0.00342373,-0.006611281,0.104960121,0.848445895,0.549808279,-0.057604575,0.002739328,-0.004169203,-0.00165673,0.000170037,0,0,-0.005707891,0.040380386,0.282049173,0.059651944,-0.013836397,-0.003250153,-0.003313562,-0.00330816,-0.003310713,-0.005838201,0.004304347,0.464673967,0.595827597,-0.054406744,-0.003309896,-0.001391289,0.000105326,4.60E-06,0,0,0.000688924,-0.004841326,-0.034282744,-0.008583425,0.001166687,0,0,0,0,0.000315927,-0.006587073,0.024441712,0.085213352,-0.00746377,0,0,0,0,0,0,0,0,0,0,0,0,0,0,0,2.07E-18,0.000430624,-0.006326859,-0.012272774,0.001076559,0,0,0,0,0,0,0,0,0,0,0,0,0,0,0,0,0,0,0,0,0,0,0,0,0
0,0,0,0,0,0,0,0,0,0,0,0,0,0,0,0,0,0,0,0,0,0,0,0,0,0,0,0,0,0,0,0,0,0,0,0,0,0,0,0,0,0,0,0,0,0,0,0,0,0,0,0,0,0,0,0,0,0,0,0,0,0,0,0,0,0,0,0,0,0,0,0.000317096,-0.000913997,-0.026625613,-0.040457108,-0.010056577,-0.000265982,0.000100281,0,0,0,0,0,0,0,0,0,0,0,0,0,-0.005680147,0.016850312,0.474565359,0.686932751,0.117460546,-0.016252791,-0.000631446,0.000110294,0,0,0,0,0,1.31E-18,9.33E-18,0.000642531,-0.01119969,-0.029057309,-0.01187917,0.000235311,-0.002073887,-0.002353145,0.228965925,0.818710035,0.819707806,0.179127587,-0.022419863,-0.000144506,0,0,0,0,2.55E-06,0.000679296,-0.005480324,-0.028390863,0.109931396,0.323641323,0.116491949,-0.014484698,0.000132506,-0.000291927,-0.025719754,0.163917756,0.913022859,0.719490094,0.052022509,-0.010413433,0,0,0,0,-2.00E-05,-0.006423556,0.036652144,0.344205869,0.835202859,0.90139677,0.862665335,0.146619057,-0.024128755,0.00115938,-0.001226509,-0.031805742,0.470836425,1.036641953,0.281854526,-0.020638342,0,0,0,0,-0.000106924,-0.031075878,0.245055692,1.004415067,0.728802281,0.183766714,0.741953823,0.727613954,0.052742953,-0.017339947,0.00029999,-0.026494145,0.153946878,0.90418059,0.481367199,-0.020770697,0,0,0,0,4.53E-05,-0.024059521,0.150849571,0.886205712,0.509061205,-0.054189985,0.13060129,0.837052083,0.645456427,0.030748594,-0.037854388,-0.055024952,0.21054439,0.961816347,0.286343046,-0.020859205,0,0,0,0,-0.000402216,-0.026327019,0.268829759,0.976225184,0.250093487,-0.020464103,-0.02859872,0.219039828,0.869834865,0.695293693,0.241698376,0.238116439,0.76069727,1.000763719,0.196859756,-0.019463508,0,0,0,0,-0.003586652,0.006247021,0.688365128,0.920762885,0.124464708,-0.016415765,0.000562092,-0.040370336,0.213887187,0.667440399,0.916983286,0.975556577,1.044603043,0.633868481,0.022625199,-0.008039216,0,0,0,0,-0.005461355,0.030055746,0.911723805,0.609747785,0.005695454,-0.006238875,0,0.001085361,-0.014803208,0.015752922,0.147747816,0.365076808,0.412343514,0.054612803,-0.009594123,0.000129938,0,0,0,8.32E-05,-0.012234324,0.14328125,0.914296041,0.36091379,-0.032557886,-0.000774442,0,0.000119145,-0.001022944,-0.007125338,-0.018336397,-0.020984818,-0.020903969,-0.009757966,0.000313379,6.64E-05,0,0,0,-0.000960825,-0.020979592,0.498074687,0.88726811,0.175955338,-0.024207839,9.36E-05,0,0,0,0,0,0,0,0,0,0,0,0,0,-0.005993641,0.013191891,0.78515579,0.788315564,0.056651757,-0.01043659,0,0,0,0,0,0,0,0,0,0,0,0,0,0,-0.020789613,0.154199993,0.877152727,0.505310389,-0.037390727,0.000682402,0,0,0,0,0,0,0,0,0,0,0,0,0,0,-0.048451096,0.424569117,0.906426834,0.17722567,-0.01343285,0,0,0,0,0,0,0,0,0,0,0,0,0,0,0,-0.021662386,0.200368839,0.217685185,-0.0155593,-0.000259906,0,0,0,0,0,0,0,0,0,0,0,0,0,0,0,0.001956708,-0.018035131,-0.020782271,0.000588916,7.15E-05,0,0,0,0,0,0,0,0,0,0,0,0,0
0,0,0,0,0,0,0,0,0,0,0,0,0,0,0,0,0,0,0,0,0,0,0,0,0,0,0,0,0,0,0,0,0,0,0,0,0,0,0,0,0,0,0,0,0,0,0,0,0,0,0,0,0,0,0,0,0,0,0,0,0,0,0,0,1.47E-05,-6.10E-05,-0.000730494,-0.006939943,-0.011960427,-0.008153493,-0.001395935,0.000114737,0,0.000164216,-0.002543709,-0.00751394,-0.000791462,0.000123517,0,0,0,0,0,0.000511029,-0.007299326,-0.027161356,-0.026332176,0.062119886,0.142531233,0.07927788,-0.004030195,-0.000181321,0,-0.001015829,0.01410209,0.075942759,0.003946623,-0.000831193,0,0,0,0,9.17E-05,-0.003515829,0.030641868,0.200291803,0.345973448,0.77684897,0.987623213,0.864857571,0.31870098,-0.021195312,0,-0.023896752,0.390365605,0.749500051,0.096229728,-0.014799794,5.53E-05,0,0,0,-0.000478986,-0.022235464,0.419912718,0.931560066,1.011877502,1.021173006,1.001696674,1.027166309,0.521153612,-0.032796773,0,-0.031477941,0.509054739,0.966699091,0.295003081,-0.032572001,-0.000297011,0,0,0,-0.020776901,0.153644402,0.832689386,1.044479247,0.942366037,0.957020753,1.009801781,0.863643978,0.098188737,-0.009162641,0,-0.028416086,0.44642624,1.016597689,0.471168471,-0.01827259,-0.003489462,0,0,0,-0.032351718,0.261539216,0.948297386,0.93548286,0.416304381,0.814238056,1.040604048,0.622252145,-0.007589154,-0.00266636,0,-0.012680249,0.161105682,0.897517055,0.95425897,0.228500571,-0.018348312,0,0,0,-0.030824671,0.247291939,0.947650633,0.801824942,0.540319274,0.983659146,0.960142072,0.433188743,-0.008186138,-0.001893791,0,-0.003984579,0.02400063,0.5076322,1.02761249,0.502199717,-0.020998434,0,0,0,-0.021362765,0.157654378,0.866979116,1.011034926,0.99181604,1.026620348,0.781855341,0.098733609,-0.016892378,-5.77E-06,0,-0.001866473,-0.015555232,0.505759498,1.045366966,0.785353227,-0.020751634,0,0,0,-0.009446822,0.049127587,0.715847018,1.019573529,1.006661458,1.004089587,0.991654037,0.299766714,-0.038488137,-2.11E-05,2.04E-05,-0.001592814,-0.018943134,0.447395016,1.051318015,0.793083462,-0.020751634,0,0,0,-0.005675673,0.014333123,0.675635964,1.037384585,0.9543257,0.988353097,1.013211888,0.473522448,0.043707248,-0.03692486,-0.028777436,-0.030878378,-0.052581631,0.459644294,1.058997221,0.562276626,-0.021049217,0,0,0,-0.00074518,-0.014708367,0.33194053,0.944805811,0.560705797,0.752481928,1.034008715,1.025288977,0.720421194,0.225495626,0.225599208,0.231637272,0.402950742,0.809479779,0.98310049,0.336896444,-0.018814679,0,0,0,-0.000498145,-0.000885655,0.090515131,0.20010815,0.106081036,0.166962143,0.656088848,0.979123247,1.017774135,0.941000357,0.91539321,0.929453482,1.023306764,0.968132098,0.440667296,-0.008650449,-0.004485464,0,0,0,5.87E-05,0.000207108,-0.012164522,-0.02867065,-0.01685689,-0.020880722,-0.008001106,0.371831767,0.870602124,0.889076746,0.996577188,0.928346507,0.473948478,0.170693559,0.002256604,-0.007999674,0.000478962,0,0,0,0,0,0,0,4.49E-05,-0.000107619,-0.005015217,0.001459201,0.161535709,0.176488392,0.360192664,0.221033361,0.013946385,-0.020315666,-0.002500511,0.000270882,6.13E-06,0,0,0,0,0,0,0,0,0,0.000231136,-0.002648893,-0.021767559,-0.023330887,-0.030611647,-0.028091395,-0.004479638,0.000704415,0,0,0,0,0,0,0,0,0,0,0,0,0,0,8.81E-19,-4.41E-19,-0.000990413,-4.41E-19,0,0,0,0,0,0,0,0,0,0,0,0,0,0,0,0,0,0,0,0,0,0,0,0,0,0
0,0,0,0,0,0,0,0,0,0,0,0,0,0,0,0,0,0,0,0,0,0,0,0,0,0,0,0,0,0,0,0,0,0,0,0,0,0,0,0,0,0,0,0,0,0,0,0,0,0,0,0,0,0,0,0,0,0,0,0,0,0,0,0,0,0,0,0,3.32E-05,-0.000449806,-0.002124132,-0.001205014,4.43E-06,1.07E-05,0.000602941,-0.003870711,-0.024160335,-0.012954527,0.000582108,0,0,0,0,0,0,3.73E-19,6.74E-05,-0.000105785,-0.009655076,-0.025724146,-0.012082397,-0.015542875,-0.00312793,0.000376328,-0.008812194,0.055210325,0.368632183,0.174589975,-0.009052288,0,0,0,0,0,2.52E-18,1.20E-17,0.00047692,-0.020431393,0.025498826,0.273799734,0.518132353,0.34728251,0.016231911,-0.00458895,-0.028869179,0.203247736,0.952570704,0.80027737,-0.020705338,0,0,0,0,0.000116932,-0.001042347,-0.012654037,-0.032978962,0.224450118,0.702997072,0.974883476,1.043962571,0.9528878,0.153352782,-0.018114788,-0.031355699,0.225376243,0.981917892,0.750823448,-0.020639638,0,0,0,0,-0.000153326,-0.006440117,0.065553551,0.473383168,0.946939267,1.012448704,0.723474974,0.788414744,1.033264967,0.206306976,-0.020919143,-0.034854979,0.248646101,1.019559452,0.5656611,-0.020604032,0,0,0,0,-0.010925705,0.136348652,0.775439713,1.017967252,0.844738715,0.335390114,0.0285489,0.576919169,1.039842218,0.200814429,-0.020886846,-0.031608626,0.279670292,1.021996494,0.522935147,-0.020684232,0,0,0,0,-0.025177645,0.383586125,1.025862371,0.743776467,0.155834777,-0.035533599,0.015545939,0.793779531,1.028837146,0.202549648,-0.022400769,-0.015706938,0.456509515,1.029609596,0.295133301,-0.020371562,0,0,0,0.000438221,-0.03774726,0.547066619,0.947686087,0.263328448,-0.050429508,-0.006562245,0.028468563,0.864491251,0.927853775,0.139422465,-0.01971024,-0.011974622,0.643446776,0.836732673,0.073999208,-0.013678683,0,0,0,-0.004783743,0.005648369,0.700263548,0.853126447,0.116854933,-0.017530421,-0.004341044,0.016592542,0.771126174,0.895301096,0.126517621,-0.051712827,0.178760434,0.943906301,0.641165373,0.016901013,-0.007254732,0,0,0,-0.008149017,0.0331521,0.799963872,0.858782357,0.11530171,-0.016825653,-0.001693724,-0.016364311,0.461798235,1.041228649,0.738268698,0.344634204,0.734734146,1.049644107,0.454840338,-0.026518425,-0.002138621,0,0,0,-0.018234071,0.129056117,0.861144131,0.768231805,0.039302747,-0.0086034,7.66E-05,-0.017810151,0.095321708,0.707157612,1.032122179,1.041177151,1.03812437,0.7462981,0.13933124,-0.020574783,0.000142974,0,0,0,-0.029680812,0.237421109,0.939961703,0.657483575,-0.047095163,0.000784721,0,0.000780944,-0.015245711,0.073318032,0.380734326,0.584839869,0.408291973,0.098804262,-0.019728162,0.001268599,0,0,0,0,-0.03015776,0.24334329,0.925523897,0.497881944,-0.030642616,0,0,7.72E-05,0.000566483,-0.015141476,-0.022508068,-0.002927577,-0.020643774,-0.017386046,0.000516289,5.14E-05,0,0,0,0,-0.044884024,0.380815802,1.044785965,0.591581904,-0.036438419,0,0,0,5.91E-19,5.77E-05,-0.001073692,-0.002800909,-0.001276399,2.85E-05,5.36E-06,0,0,0,0,0,-0.040404593,0.345073563,0.90678339,0.392544586,-0.025042192,0,0,0,0,0,0,0,0,0,0,0,0,0,0,0,-0.00187314,0.014840005,0.064295088,-0.001968444,-0.000124081,0,0,0,0,0,0,0,0,0,0,0,0,0,0,0,0.00025478,-0.002077376,-0.007598465,-0.001026348,8.43E-05,0,0,0,0,0,0,0,0,0,0,0,0,0
0,0,0,0,0,0,0,0,0,0,0,0,0,0,0,0,0,0,0,0,0,0,0,0,0,0,0,0,0,0,0,0,0,0,0,0,0,0,0,0,0,0,0,0,0,0,0,0,0,0,0,0,0,0,0,0,0,0,0,0,0,0,0,0,0,0,0,0,0.00011443,-0.001438879,-0.008414471,-0.008930198,-0.002908565,0.00018127,0,0,0,0,0,0,0,0,0,0,0,6.53E-19,0.000101103,-0.001114712,-0.008139706,-0.009741217,0.079851954,0.087116183,0.028869322,-0.00163477,-0.002100184,-0.004192096,-0.000770833,0.000102727,0,0,0,0,0,0,6.53E-19,1.42E-18,0.000183483,-0.004848644,-0.00492419,0.342484256,0.943795718,0.98171555,0.313296237,-0.021344839,-0.011934147,-0.012043045,-0.018704146,-0.002578778,0.000374455,0,0,0,0,0,0.000379902,-0.002279242,-0.030154208,0.160326067,0.664625834,0.912734392,1.007786033,1.02359135,0.328885424,-0.01976874,0.37385689,0.599007319,0.278924905,0.004370049,-0.003838167,0,0,0,0,0.000201785,-0.005142779,-0.011212276,0.177445732,0.717520086,1.057350224,1.007128939,0.996498376,0.948184712,0.245517272,0.001329661,0.556113098,0.987532221,0.866343929,0.193185287,-0.01559931,0,0,0,3.67E-05,-0.00170144,-0.009499643,0.320550824,0.905265046,1.026894423,0.94689054,0.975058058,1.015029514,0.7775048,0.062111682,-0.015724163,-0.028650463,0.568276178,1.051276825,0.746776545,-0.020950776,0,0,0,0.000215238,-0.010415594,0.080345299,0.896328482,1.037307666,0.819070309,0.331704146,0.833772229,1.034815325,0.782525429,0.065344156,-0.037156182,0.197303445,0.83316796,1.029980699,0.851417271,-0.020841503,0,0,0,-0.00832783,0.041685798,0.651939032,1.03538271,0.813763157,0.150411265,-0.009206563,0.622059351,1.031091214,0.777361639,0.039092169,0.224816108,0.86578382,1.026439798,1.004119707,0.371213482,-0.020188419,0,0,0,-0.025019771,0.192177628,0.899989992,0.977644404,0.328677339,-0.036109362,-0.034262153,0.449149152,1.015949619,0.823028288,0.283508503,0.718378898,1.033303632,1.002279037,0.573085444,0.046544101,-0.007158735,0,0,0,-0.048936816,0.418374862,1.067465571,0.802617878,0.074781688,-0.014630968,-0.028151421,0.440997072,1.002512365,0.979548581,0.932924652,0.991922465,0.983876184,0.570508659,0.031311911,-0.018708019,0.000645102,0,0,0,-0.039342465,0.327836159,1.005677849,0.793354269,0.056261574,-0.010564592,-0.013042279,0.163709559,0.953486315,1.028235413,1.041729665,0.868077529,0.372163143,0.007838746,-0.010661765,0.000636949,1.70E-05,0,0,0,-0.018543068,0.131286186,0.871942708,0.818974163,0.061804739,-0.011187477,-0.001476205,-0.008244962,0.399662718,0.620161458,0.597592264,0.265520391,-0.027228843,-0.006343648,0.000314032,0,0,0,0,0,-0.015070727,0.099955185,0.832392787,0.678061768,0.021811921,-0.006298969,0.000126634,-0.001549564,-0.013894336,0.00070687,-0.00249645,-0.013315853,-0.002721218,0.000391544,0,0,0,0,0,0,-0.002721862,0.010175279,0.290972205,0.194773455,-0.015416054,0.000391342,6.13E-06,3.66E-05,-0.001502655,-0.003112337,-0.002878755,-0.000912735,8.55E-05,0,0,0,0,0,0,0,0.000371002,-0.002129499,-0.026583608,-0.017073805,0.00102131,0,0,0,0,0,0,0,0,0,0,0,0,0,0,0,0,3.83E-05,-0.000668913,-0.000570193,3.32E-05,0,0,0,0,0,0,0,0,0,0,0,0,0,0,0,0,0,0,0,0,0,0,0,0,0,0,0,0,0,0,0,0,0
0,0,0,0,0,0,0,0,0,0,0,0,0,0,0,0,0,0,0,0,0,0,0,0,0,0,0,0,0,0,0,0,0,0,0,0,0,0,0,0,0,0,0,0,0,0,0,0,0,0,0,0,0,0,0,0,0,0,0,0,0,0,0,0,0,0,0,0,0,0,6.77E-05,-0.000384242,-0.007455312,-0.019930913,-0.020982588,-0.010146242,-0.000327819,9.91E-05,0,0,0,0,0,0,0,0,0,0,0,0,0.000268501,-0.008557581,0.070448497,0.287459048,0.306681441,0.117625647,-0.014259753,3.39E-05,5.21E-05,0,0,0,0,1.09E-19,5.36E-05,0.000877417,-0.015517344,-0.039353692,-0.021212469,-0.002733524,-0.015894778,0.165539897,0.837879078,1.029503404,1.02532901,0.826372055,0.178890029,-0.024394745,8.88E-05,0,0,0,0,6.33E-05,-0.000613937,-0.02269727,0.155618107,0.427880454,0.220817249,0.013613834,-0.030458112,0.236388293,0.720253845,0.677371817,0.747543522,1.038911612,0.611535403,0.010591446,-0.006497992,0,0,0,0,0.000114294,-0.0269945,0.192959945,0.824382023,1.030510031,0.951565825,0.40209186,-0.018468095,0.012882883,0.048786554,0.021575557,0.135561908,0.935206796,0.86353979,0.089711546,-0.015039644,0,0,1.53E-06,0.000278067,-0.010643127,0.076688147,0.769985005,1.0450481,0.885744568,0.975784007,0.941940291,0.321484801,-0.041711533,-0.009435833,-0.0135569,0.011160301,0.852670888,0.943976971,0.115121785,-0.017759736,0,0,0.000511132,-0.006955536,-0.027416275,0.554133647,1.043577087,0.797919254,0.190037011,0.520155688,1.036336857,0.87553622,0.187313283,-0.035103593,-0.009867494,0.104526654,0.945092678,0.875927798,0.09460392,-0.015548917,0,0,-0.004116966,0.001106559,0.42316539,0.984040424,0.905427526,0.209600405,-0.04908602,0.00347983,0.604065138,1.045061751,0.777143433,0.111628874,-0.076846065,0.377929858,1.018549751,0.809082755,0.07305598,-0.013258953,0,0,-0.014696351,0.085800008,0.852737898,1.048885927,0.750067402,0.016320789,-0.006894847,-0.010206853,0.036658105,0.628347495,1.056174803,0.754540751,0.384814985,0.75931764,1.039441551,0.554104286,0.001673648,-0.005282373,0,0,-0.015621221,0.095274942,0.872465995,1.022913898,0.520420369,-0.026266561,-0.000656575,0.00040724,-0.021358995,0.078286114,0.651525943,1.017357324,1.037914832,1.05402771,0.820832399,0.1269394,-0.018218994,1.89E-05,0,0,-0.013798509,0.078358964,0.823311887,0.993606856,0.21079325,-0.016857128,0.000122294,2.86E-05,0.000410199,-0.012655399,0.009322066,0.377964939,0.663489839,0.63848732,0.247096507,-0.022064338,-5.61E-06,4.94E-05,0,0,-0.018455202,0.121576169,0.956182955,0.980182649,0.190545701,-0.014545956,0,0,0,0.000340414,-0.003912207,-0.027193126,0.006803768,0.000857469,-0.021930045,0.000785063,4.08E-05,0,0,0,-0.019460955,0.129086003,1.000800177,1.012852362,0.188609613,-0.014583895,0,0,0,0,0.000122549,-0.000777791,-0.006675858,-0.005887561,-0.000160539,3.49E-05,0,0,0,0,-0.005502962,0.021131476,0.420307019,0.528481635,0.06318139,-0.00571252,0,0,0,0,0,0,0,0,0,0,0,0,0,0,0.000553381,-0.005493325,-0.011555787,-0.011221057,-0.00762209,0.000446985,0,0,0,0,0,0,0,0,0,0,0,0,0,0,1.02E-05,0.000210958,-0.003065768,-0.004007864,3.06E-06,1.84E-05,0,0,0,0,0,0,0,0,0,0,0,0,0,0,0,0,0,0,0,0,0,0,0,0,0,0,0,0,0,0,0,0,0
0,0,0,0,0,0,0,0,0,0,0,0,0,0,0,0,0,0,0,0,0,0,0,0,0,0,0,0,0,0,0,0,0,0,0,0,0,0,0,0,0,0,0,0,0,0,0,0,0,0,0,0,0,0,0,0,0,0,0,0,0,0,0,0,0,0,0,0,0,0,0,0,0,0,0,0,0,0,0,0,0,0,0,0.000479779,-0.007149816,-0.02105239,-0.021250919,-0.021176471,-0.021175551,-0.021408395,-0.020431066,-0.006268995,0.000763116,0,0,0,0,0,0,0,0,0,0,-0.001978554,0.02591585,0.132546296,0.136247141,0.135588235,0.135581393,0.137062023,0.131122906,0.040421739,-0.004916636,0,0,8.17E-18,-9.15E-17,-1.75E-16,-4.25E-17,4.02E-18,0,0,0,-0.031723958,0.514369843,0.86117979,0.83216202,0.834315152,0.841562449,0.841569598,0.803130821,0.248748162,-0.030234805,0,0.000242034,-0.001108218,-0.014418913,-0.021515124,-0.009823495,0.000897842,0,0,0,-0.022707085,0.34141829,0.937902637,1.017998706,1.005491138,0.954981503,1.024139116,0.898314531,0.193245995,-0.025174409,0,-0.001446435,-0.003387652,0.198324246,0.342906811,0.110720619,-0.01027951,0,0,0,-0.001519353,-0.022836176,0.524345775,1.033459661,0.783250224,0.432382932,0.980775633,0.807825061,0.076490349,-0.012834016,1.07E-05,-0.014068321,0.072800858,0.74411746,1.070456361,0.528558262,-0.048170701,0,0,0,-0.001642208,-0.01690511,0.45562883,1.045052237,0.555197233,0.182171586,0.910980137,0.954471507,0.249491932,-0.056767305,-0.005070976,-0.015855086,0.037029616,0.672998894,1.030907525,0.456615605,-0.041781556,0,0,0,-0.002441636,-0.006956648,0.542105069,1.037776774,0.456881446,-0.004625834,0.708635791,1.020381298,0.513133493,0.139545422,-0.009135263,-0.015232315,0.053196266,0.676976409,1.003790323,0.401925126,-0.036932785,0,0,0,-0.004999898,0.024607503,0.820864379,1.022050364,0.167340185,-0.0296194,0.193221337,0.864100524,0.999246034,0.882623806,0.642950453,0.629929279,0.738801232,1.01274663,1.02713648,0.471734664,-0.043230443,0,0,0,-0.005386246,0.029266676,0.863763843,1.022703127,0.319247952,-0.020590443,-0.024880152,0.096485009,0.569964076,0.902752146,0.96504924,1.013268993,0.92936638,0.727094238,0.435160416,0.034059965,-0.004066283,0,0,0,-0.005428156,0.029753319,0.868606924,1.020972495,0.759555562,0.03032935,-0.004762221,-0.018241166,0.011898403,0.046049132,0.186545139,0.351662497,0.075767208,0.019158071,-0.022099843,-0.007963133,0.000714869,0,0,0,-0.003722222,0.009125238,0.678931015,1.02713191,0.727282061,0.028896038,-0.004348788,0.000265948,-0.002882881,-0.005846769,-0.018173849,-0.032652931,-0.008454606,-0.003502434,0.000159237,2.13E-05,0,0,0,0,-5.37E-05,-0.0113237,0.089659263,0.401829248,0.080192613,-0.009193474,3.19E-05,0,0,0,0,0,0,0,0,0,0,0,0,0,2.05E-05,0.000557496,-0.007973652,-0.026288297,-0.007584383,0.000351563,1.91E-05,0,0,0,0,0,0,0,0,0,0,0,0,0,0,0,0,0,0,0,0,0,0,0,0,0,0,0,0,0,0,0,0,0,0,0,0,0,0,0,0,0,0,0,0,0,0,0,0,0,0,0,0,0,0,0,0,0,0,0,0,0,0,0,0,0,0,0,0,0,0
0,0,0,0,0,0,0,0,0,0,0,0,0,0,0,0,0,0,0,0,0,0,0,0,0,0,0,0,0,0,0,0,0,0,0,0,0,0,0,0,0,0,0,0,0,0,0,0,0,0,0,0,0,0,0,0,0,0,0,0,0,0,0,0,0,0,0,0,0,0,0,0.000592831,-0.003318913,-0.035735907,-0.044192402,-0.015303615,-1.04E-05,0.000105173,0,0,0,0,0,0,0,0,0,0,7.90E-05,-0.000974877,-0.008615809,-0.009700878,0.058252568,0.601585376,0.746687908,0.211706444,-0.018195534,0.000361176,0,0,0,0,0,0,0,0,0,0,-0.000150582,0.001641442,0.030628285,-0.026219652,0.046615915,0.750442096,0.945196555,0.865681628,0.172123775,-0.025764492,0.000242545,0,0,0,0,0,0,0,0,0.000807142,-0.013940513,0.070540782,0.611433772,0.125174071,-0.026107476,0.278678581,0.23143047,0.856754272,0.506784382,-0.023573183,-0.002715652,0,0,0,0,0,0,0,0.000574783,-0.010335567,-0.005549254,0.63873186,0.927514488,0.192495006,-0.027114845,-0.010670376,0.004199975,0.751756774,0.631120521,0.008927632,-0.006368812,0,0,0,0,0,0,7.28E-05,-0.005341861,-0.018852778,0.504548764,1.05772115,0.718803479,-0.056083691,-0.000431189,-0.011574857,-0.005963048,0.849121119,0.490474775,-0.038853644,-0.001309743,0,0,0,0,0,0,0.000833589,-0.028336142,0.361697308,0.957144455,1.031063777,0.774068576,0.023774935,-0.025908306,0.019189832,0.433181866,0.93374457,0.268907714,-0.034307356,0.0001234,0,0,0,0,0,0.00022212,-0.023077512,0.216621307,0.91915994,0.677603707,0.489769284,0.954023216,0.586376362,0.497544756,0.700832023,0.974877842,0.481798288,0.010037326,-0.004121316,0,0,0,0,0,0,-0.002532169,-0.022341622,0.521810151,1.061783356,0.553061087,0.059599009,0.558227924,0.835779259,0.872053116,0.74715048,0.33134455,0.009449891,-0.006018178,0.000385227,0,0,0,0,0,0,-0.000824569,-0.009799285,0.191095824,0.905657698,0.390386908,-0.052640316,-0.005325303,0.073257205,0.084374279,0.043400595,-0.029425064,-0.006179426,0.000420692,0,0,0,0,0,0,0,0.00089951,-0.043657646,0.388484715,0.930383596,0.194861962,-0.018095554,-0.004706563,-0.013292143,-0.014467748,-0.010149782,-0.000819206,0.000174632,0,0,0,0,0,0,0,0.000129596,-0.013857537,0.041956444,0.748802645,0.667287208,0.00925577,-0.00264374,0,0,0,0,0,0,0,0,0,0,0,0,0,-0.00059712,-0.025528646,0.323050177,0.903891136,0.235264512,-0.022937432,0.000436581,0,0,0,0,0,0,0,0,0,0,0,0,0,-0.007337163,0.064106413,0.877746936,0.894377315,0.083772064,-0.015475388,0,0,0,0,0,0,0,0,0,0,0,0,0,0,-0.026051119,0.411715533,0.933588945,0.488028294,0.042321231,-0.008005517,0,0,0,0,0,0,0,0,0,0,0,0,0,0,-0.014973958,0.254227175,0.341436206,-0.007523744,-0.005899678,0.000384668,0,0,0,0,0,0,0,0,0,0,0,0,0,0,0.001332721,-0.022514553,-0.031732537,-0.001092303,0.000295544,0,0,0,0,0,0,0,0,0,0,0,0
0,0,0,0,0,0,0,0,0,0,0,0,0,0,0,0,0,0,0,0,0,0,0,0,0,0,0,0,0,0,0,0,0,0,0,0,0,0,0,0,0,0,0,0,0,0,0,0,0.000179773,-0.003116057,-0.003116057,0.000179773,0,0.001255962,-0.019830419,-0.043350455,-0.019901349,0.000740783,0.000126371,0,0,0,0,0,0,1.56E-20,0.000137868,-0.000261149,-0.013836601,-0.003455219,-0.003736622,-0.009826593,0.001027272,-0.009953636,0.155843154,0.363247634,0.154487047,-0.009666646,-0.000671637,0,0,0,0,0,0.000259191,-0.001454657,-0.014075368,-0.027723731,0.154108473,0.54364088,0.545857537,0.115290543,-0.015015287,-0.03995144,0.653275123,1.045035863,0.662545854,0.033218937,-0.008778084,0,0,0,1.37E-18,5.36E-05,-0.001809538,-0.000394761,0.054354796,0.256465696,0.812808755,1.017277012,1.053676266,0.420816262,-0.049263381,-0.042147978,0.692103554,1.029486894,1.009735498,0.140388998,-0.020484409,0,0,0.00010723,-0.000281786,-0.00949823,-0.028034722,0.148424105,0.626052254,0.959920797,1.018412718,0.992886523,1.01311826,0.383275786,-0.045204843,-0.026957108,0.416632557,0.991675109,1.013341095,0.142351107,-0.020651552,0,0,-0.000546757,-0.000611166,0.044295313,0.424567418,0.839296434,1.021528134,0.982455836,0.905893427,1.01585465,0.868651298,0.179332273,-0.023585448,-0.021595634,0.319246922,0.980627183,1.012228965,0.141735414,-0.020584159,0,0,-0.006897808,0.022533631,0.543833912,0.989067896,1.00473063,0.84601777,0.416151196,0.48290191,1.05871264,0.861951968,0.159552594,-0.021531124,-0.021928207,0.325137629,0.982740298,1.020035914,0.143904957,-0.020828908,0,0,-0.00912803,0.034555613,0.690167313,1.042145918,0.871086754,0.238254374,-0.0946091,0.407638583,1.067604422,0.696595741,0.035039675,-0.007282622,-0.033024663,0.417011285,1.001052543,0.932935917,0.115933258,-0.017811989,0,0,-0.00828091,0.027560841,0.657914709,1.055648097,0.713175024,-0.056353469,-0.011180241,0.554337742,1.022017293,0.311823921,-0.026675637,-0.003563654,-0.011917875,0.7311178,1.051310849,0.686182036,0.036088928,-0.009217388,0,0,-0.015742443,0.096675125,0.871712878,1.040040288,0.713195108,-0.057034467,0.066477773,0.787045803,0.994016374,0.217183585,-0.018987183,-0.035244113,0.239961823,0.911942896,1.038279054,0.605852448,0.013889772,-0.006723856,0,0,-0.02128854,0.148224941,1.029106029,1.024369505,0.712899495,-0.046137116,-0.0229574,0.51048364,1.021835229,0.25416631,-0.055220571,0.114223379,0.765750173,1.029718384,0.838754909,0.160756916,-0.014956713,-0.000539114,0,0,-0.020724231,0.143037025,1.012595265,1.024784229,0.712889331,-0.043017089,-0.052888896,0.427898097,1.065638548,0.696940581,0.40905799,0.787357578,0.994717116,1.027672964,0.47551588,-0.019996579,-0.002336839,0.000105528,0,0,-0.02067419,0.141099782,1.023824755,1.056467048,0.728823734,-0.044261183,-0.033148669,0.271415986,0.898163994,1.00978239,1.021335086,1.036107527,0.912122413,0.559221575,0.065656846,-0.00825034,0.000203824,0,0,0,-0.008793913,0.041452754,0.595405807,0.84235066,0.468349843,-0.029057496,-0.000330602,-0.008636983,0.17714871,0.517266255,0.531329197,0.487373595,0.162247021,-0.001651774,-0.012906658,0.000608762,0,0,0,0,-0.000670105,0.001836401,0.057033837,0.088811275,0.01720755,-0.00130479,0.000177327,-0.000854218,-0.013651859,-0.032359426,-0.033057138,-0.030912977,-0.012801726,-0.002778901,9.96E-05,1.29E-05,0,0,0,0,0.000126371,-0.000479617,-0.009583792,-0.014217928,-0.004682239,0.000314296,0,0,0,0,0,0,0,0,0,0,0,0,0,0,0,0,0,0,0,0,0,0,0,0,0,0,0,0,0,0,0,0,0,0,0,0,0,0,0,0,0,0,0,0,0,0,0,0,0,0,0,0,0
0,0,0,0,0,0,0,0,0,0,0,0,0,0,0,0,0,0,0,0,0,0,0,0,0,0,0,0,0,0,0,0,0,0,0,0,0,0,0,0,0,0,0,0,0,0,0,0,0,0,0,0,0,0,0,0,0,0,0,0,0,0,0,0,0,1.24E-19,4.19E-05,0.000635828,-0.010448427,-0.037710529,-0.02590094,-0.001042433,0.000225327,-0.000600439,-0.001743566,-0.000632813,4.14E-05,0,0,0,0,0,0,0,0,9.67E-18,0.000258715,-0.030942345,0.131241796,0.610881247,0.400336108,-0.005731311,-0.002167869,0.007946776,0.013759498,-0.008496783,-0.001751838,0.00022013,0,0,0,0,0,9.33E-20,0.000252757,-0.000913586,-0.028545581,0.148964949,0.682251191,1.030036407,0.93593173,0.294621,-0.024466237,0.062099418,0.235945908,0.161216776,-0.015245745,-0.000780135,0.000110635,0,0,0,0,7.86E-05,-0.003076151,-0.003922505,0.164436955,0.607171215,1.037574057,1.003969107,0.955167994,0.315121051,-0.028331805,-0.026485549,0.340255481,0.770776978,0.247100575,-0.017359667,-0.001007625,0,0,0,0,-0.000442094,-0.012752232,0.167243029,0.759961562,0.960806128,0.93940813,1.020587488,0.823226258,0.097519601,-0.016024664,-0.020387469,0.296951952,1.033636368,0.700157437,0.035989135,-0.009306762,0,0,0,0,-0.004741268,0.022827921,0.757982128,1.041126106,0.593053381,0.577476239,1.038635876,0.619864532,-0.027730426,-0.001055807,-0.009047488,0.093573785,0.921717167,0.890941364,0.099258795,-0.016046092,0,0,0,0,-0.021637102,0.321147978,0.956963678,1.02706987,0.213927955,0.435936036,1.009263651,0.498627145,-0.032640148,0.000142677,-0.004081904,0.009452597,0.788896174,1.035040543,0.144631741,-0.020917586,0,0,0,0.000519751,-0.041689594,0.590692504,1.044761693,0.79042819,0.11705118,0.595570261,0.955065887,0.272551624,-0.018710937,4.97E-18,-0.007127196,0.060065887,0.891319427,0.912710835,0.106183961,-0.016782578,0,0,0,-0.00520362,0.013066687,0.619554841,1.028586482,0.381554756,0.007753812,0.686726648,0.985342099,0.261586482,-0.034425143,-0.015805681,-0.037473516,0.309866098,1.030876311,0.661633085,0.022843749,-0.00790305,0,0,0,-0.017877638,0.127094849,0.820655514,0.895078319,0.169972637,-0.053079514,0.200925139,0.932349204,0.602170434,0.065495292,0.091552417,0.106450325,0.715902498,0.993625685,0.365157386,-0.028162202,-0.001223792,0,0,7.10E-05,-0.038321664,0.310696946,0.991467269,0.655975933,-0.000937823,-0.011625596,0.036793437,0.484428819,0.872552696,0.884767667,0.890463308,0.862660556,1.032213065,0.590213031,-0.014785454,-0.003707554,0.000122549,0,0,-9.72E-05,-0.044308987,0.38942259,1.014660216,0.25977325,-0.022297215,0.001121031,-0.0070553,-0.022116302,0.248775429,0.551127366,0.789364342,0.989456597,0.540878591,0.156723584,-0.014409739,0.000315927,0,0,0,-0.014380617,0.082859188,0.862067334,0.757310202,0.049302883,-0.006142565,0,0.000293199,-0.004053922,-0.019845163,-0.011113834,0.04686835,0.135961414,-0.003478333,-0.012705576,0.000606158,0,0,0,0,-0.011964188,0.07383209,0.688248128,0.286180062,-0.02330656,-0.000460835,0,0,7.81E-05,-0.000557343,-0.002211499,-0.006093311,-0.011563164,-0.002639604,-0.000349265,3.72E-05,0,0,0,0,0.000182422,-0.004443781,0.020520566,0.02303356,-0.001579073,-3.96E-05,0,0,0,0,0,0,0,0,0,0,0,0,0,0,9.19E-05,-0.000290449,-0.007863562,-0.004673713,0.000290543,1.07E-05,0,0,0,0,0,0,0,0,0,0,0,0,0,0,0,0,0,0,0,0,0,0,0,0,0,0,0,0,0,0,0,0,0
0,0,0,0,0,0,0,0,0,0,0,0,0,0,0,0,0,0,0,0,0,0,0,0,0,0,0,0,0,0,0,0,0,0,0,0,0,0,0,0,0,0,0,0,0,0,0,0,0,0,0,0,0.000253843,-0.001655456,-0.014876687,-0.005907627,0.000372997,0,0,0,0,0,0,0,0,0,0,0,0,0,0,4.44E-05,-0.001001335,-0.000809453,0.095967559,0.025321929,-0.004104167,0.000247034,0,0,0,0,0,0,0,0,0,0,0,0,0,-0.000762357,-0.026003373,0.297848873,0.844650616,0.52839408,-0.001593733,-0.003117688,0,0,0,0,1.61E-18,-1.52E-17,-1.07E-17,1.21E-18,0,0,0,0,0,-0.000910437,-0.020703447,0.257731584,0.930239651,0.842832142,0.089599043,-0.014199177,0,0,0,0.000221269,-0.001079247,-0.014902812,-0.015749762,-0.013423203,-0.013643791,-0.013643791,-0.013658088,-0.013979099,-0.008276484,0.000563215,0.000641739,-0.050730954,0.636112337,0.940673407,0.233204163,-0.029247075,0,0,0,-0.001429823,0.004903465,0.116330884,0.107423362,0.073455118,0.076830949,0.07693284,0.077048429,0.078643247,0.038414965,-0.007403948,0.000566266,-0.03776334,0.615971458,0.948274785,0.250232155,-0.031023786,0,0,0,-0.011961806,0.06190993,0.768627196,0.882969295,0.811617034,0.820012017,0.824880237,0.826328942,0.837423203,0.562986247,0.007434351,-0.004259916,-0.025874694,0.399126072,1.024738732,0.393989056,-0.046058049,0,0,0,-0.007761778,0.022319412,0.64605816,1.04133878,0.999821504,0.993402437,0.890795745,0.871600967,1.026053105,0.811940257,0.068868141,-0.011990543,-0.022306679,0.331207874,1.044781318,0.433496715,-0.050181811,0,0,0,-3.57E-06,-0.047953457,0.411958112,1.03493847,0.483544594,0.161441551,0.070421881,0.1064519,0.848746868,0.826716282,0.071905705,-0.011717011,-0.032103316,0.414941534,1.053931083,0.431124098,-0.050015083,0,0,0,0.000154037,-0.049330592,0.407190087,1.035409246,0.372039267,-0.03933844,-0.014244018,0.009008612,0.723995353,0.91423349,0.182619349,-0.04937117,-0.006019642,0.72304662,0.97487534,0.267916616,-0.033020668,0,0,0,-0.000654274,-0.042034437,0.433154512,1.024141393,0.22958566,-0.016646182,2.56E-05,-0.028217816,0.436095026,1.021542691,0.583534321,0.141793552,0.535583428,0.989961681,0.656089268,0.010305141,-0.00510656,0,0,0,-0.006407952,9.51E-05,0.615966776,0.957996664,0.073645153,-0.007994281,5.30E-05,-0.010495932,0.11601828,0.804209627,0.990621545,0.935331095,1.051130208,0.863621919,0.15607644,-0.016972852,0.000468795,0,0,0,-0.016944955,0.257347319,0.941369315,0.561530961,-0.0001915,-0.002860396,0,-0.000277318,-0.012362371,0.158855954,0.595829146,0.817568672,0.631344839,0.190410556,-0.019508357,-8.00E-05,0,0,0,0,-0.017851648,0.571927357,0.773718171,0.153543011,-0.020956682,-4.45E-05,0,0.000123162,-0.000518689,-0.023164897,-0.001855069,0.022449622,0.001610192,-0.020703857,-0.000882659,0.000126838,0,0,0,0,-0.002717184,0.075290381,0.098951695,0.006138872,-0.001943985,1.95E-05,0,0,2.67E-05,-4.39E-06,-0.002877808,-0.004859565,-0.0032019,-0.000268025,5.61E-05,0,0,0,0,0,0.000383189,-0.010960005,-0.014790265,-0.001764298,0.000308181,0,0,0,0,0,0,0,0,0,0,0,0,0,0,0,0,0,0,0,0,0,0,0,0,0,0,0,0,0,0,0,0,0,0,0,0,0,0,0,0,0,0,0,0,0,0,0,0,0,0,0,0,0,0
0,0,0,0,0,0,0,0,0,0,0,0,0,0,0,0,0,0,0,0,0,0,0,0,0,0,0,0,0,0,0,0,0,0,0,0,0,0,0,0,0,0,0,0,0,0,0,0,0,0,0,0,0,0,0,0,0,0,0,0,0,0,0,0,0,0,0,0,0,8.64E-05,1.68E-05,-0.009264144,-0.027107945,-0.039478656,-0.030958487,-0.003455219,0.000333027,0,0,0,0,0,0,0,0,0,0,0,0,-0.000613358,-0.00615225,0.127215703,0.464971787,0.678448615,0.490635468,0.024508561,-0.003677339,0,0,0,0,0,0,0,0,0,0,0,0,-0.013411765,0.07699966,0.629622072,0.542471329,0.698414114,1.000178428,0.470047232,-0.029751379,0,0,0,0,0,0,0,0,3.79E-18,0.000420411,-0.007172217,-0.020858524,-0.017719907,0.035976137,0.161163535,-0.024493617,0.207048254,0.935752587,0.595147195,-0.035963797,0,0,0,0,0,0,0,0,0.000733765,-0.011235274,0.02227301,0.143283397,0.06737047,-0.029827259,-0.037869855,-0.049473588,0.373947047,1.004156713,0.552966739,-0.034124322,0,0,0,0,0,0,0,0.000233456,-0.007001174,0.0324912,0.578125705,1.032528765,0.789359273,0.33954422,0.086278561,0.173104915,0.799072917,1.030174428,0.424375153,-0.02745481,0,0,0,0,0,0,0,-0.002521752,-0.014835597,0.434527778,1.008408612,0.92791539,0.984356039,0.99246812,0.841225456,0.881360082,1.027169033,0.908883323,0.186982418,-0.014167535,0,0,0,0,0,0,0,-0.020044118,0.124572627,0.838382166,0.984128076,0.311565223,0.333986605,0.725553973,0.844953755,0.833859012,0.6560601,0.180864532,-0.020064713,-8.04E-05,0,0,0,0,0,0,0,-0.029971507,0.21290625,0.964124064,0.898670781,0.068294526,-0.037300671,-0.004918352,0.096256604,0.084720303,0.003713593,-0.017926913,3.57E-05,7.94E-05,0,0,0,0,0,0,0,-0.029293139,0.207041736,0.956544814,0.80998538,0.001833734,-0.001447081,-0.003932983,-0.01483103,-0.013618442,-0.004469854,0.000417839,0,0,0,0,0,0,0,0,0,-0.029260723,0.206800415,0.956445347,0.66270807,-0.021540884,7.66E-05,0,0,0,0,0,0,0,0,0,0,0,0,0,0,-0.029276042,0.206914454,0.956849588,0.527422615,-0.020676232,0,0,0,0,0,0,0,0,0,0,0,0,0,0,0,-0.02936489,0.207575878,0.959371885,0.405825112,-0.020725592,0,0,0,0,0,0,0,0,0,0,0,0,0,0,0,-0.029632966,0.2098141,0.964217252,0.412620935,-0.020777505,0,0,0,0,0,0,0,0,0,0,0,0,0,0,0,-0.026626819,0.183517267,0.923538346,0.362452634,-0.020674521,0,0,0,0,0,0,0,0,0,0,0,0,0,0,0,-0.006113664,0.032281369,0.324398829,0.067204082,-0.008689066,0,0,0,0,0,0,0,0,0,0,0,0,0,0,0,0.000589767,-0.003209678,-0.030204078,-0.006639558,0.000799973,0,0,0,0,0,0,0,0,0,0,0
0,0,0,0,0,0,0,0,0,0,0,0,0,0,0,0,0,0,0,0,0,0,0,0,0,0.000148931,-0.001440802,-0.011119774,-0.012501362,-0.012543573,-0.018260485,-0.007680079,0.000829053,5.11E-06,0,0,0,0,0,0,0,0,0,0,0.000227467,-0.001159604,-0.013892269,0.052645458,0.066177897,0.066448168,0.119544454,0.05301812,-0.005679283,-3.52E-05,0,0,0,0,0,0,0,0,0,1.84E-06,-0.001430147,-0.010827308,0.263555998,0.769940772,0.818308755,0.793089205,0.959222461,0.389614719,-0.042288788,-0.000260927,0,0,0,0,0,0,0,0,0,2.14E-05,-0.01267259,0.055120421,0.742546381,0.734532208,0.44732101,0.894837912,0.84246732,0.132129,-0.017702193,-6.84E-05,0,0,0,0,0,0,0,0,0,-0.00041008,-0.027352277,0.285136438,0.927748894,0.158992448,0.01501731,0.768556764,0.471252162,-0.037113511,0.000790327,9.19E-06,0,0,0,0,0,0,0,0,0,-0.00246972,-0.00742676,0.577702751,0.759132132,0.029538849,0.065498366,0.763035165,0.157577342,-0.011730647,5.87E-05,0,0,0,0,0,0,0,0,0,0,-0.004946445,0.020145513,0.927154994,0.499330065,-0.049396194,0.149232026,0.794301343,0.042594218,-0.005124587,0,0,0,0,0,0,0,0,0,0,0,-0.010995455,0.132972495,0.951476375,0.366997209,-0.065719141,0.243348788,0.872432564,0.095268127,-0.008450214,0,0,0,0,-3.19E-19,-0.000716593,-3.19E-19,0,0,0,0.000198117,-0.022273182,0.319269676,0.831058824,0.129288688,-0.034735692,0.11263671,0.796553768,0.285118583,-0.020473397,0.00022013,0,0,0,-9.67E-19,-0.002173084,-9.67E-19,0,0,0,-9.91E-05,-0.032479116,0.569983388,0.722258834,0.010080133,-0.004779259,-0.037816908,0.58152371,0.505139927,-0.01909678,-0.001047654,5.19E-20,0,0,7.12E-17,0.16007995,7.12E-17,0,0,0,-0.021308548,0.160838235,0.854053666,0.405854507,-0.028956342,0.000443928,-0.025570108,0.408849316,0.787321027,0.071020901,-0.012536688,6.30E-05,0,0,1.32E-16,0.296116156,1.32E-16,0,0,0,-0.025120712,0.211900096,0.622360007,0.055397388,-0.005423087,0,-0.009472097,0.110965547,0.901095026,0.273058205,-0.036172653,0.00019703,0,0.000529942,-0.006041335,0.353584497,0.000211977,0,0,0,0.000660389,-0.005413603,-0.019012459,-0.005444581,0.000368668,0,-0.003066483,-0.001599673,0.669355069,0.715695415,0.017199564,-0.012043284,3.18E-05,-0.008049343,0.031748213,0.651522478,-0.001285403,0,0,0,0,0,0,0,0,0,-0.000228809,-0.020983371,0.184616575,0.88238751,0.495511479,-0.017361094,-0.035380804,-0.000830899,0.433700538,0.848499076,-0.013107469,0,0,0,0,0,0,0,0,0,5.42E-05,-0.002200368,-0.027774084,0.407817436,0.98056325,0.58924886,0.264925449,0.597308789,0.963282646,0.69580366,-0.019862473,0,0,0,0,0,0,0,0,0,0,0.000199449,-0.007214376,0.040399374,0.554124798,1.000331257,1.026756076,0.785507881,0.352600763,0.071306323,-0.005779037,0,0,0,0,0,0,0,0,0,0,0,0.00077453,-0.011048265,0.015887674,0.124590314,0.152176175,0.064439332,-0.031228802,-0.013496809,0.00070523,0,0,0,0,0,0,0,0,0,0,0,3.73E-18,0.000350626,-0.006413314,-0.018888208,-0.021226341,-0.012151246,-0.000844737,0.000163059,0,0,0,0,0,0,0,0,0,0,0,0,0,0,0,0,0,0,0,0,0,0
0,0,0,0,0,0,0,0,0,0,0,0,0,0,0,0,0,0,0,0,0,0,0,0,0,0,0,0,0,0,0,0,0,0,0,0,0,0,0,0,0,0,0,0,0,0,0,0,0,0,0,0,0,0,0,0,0,0,0,0,0,0,0,0,0,0,0,0.000146753,-7.94E-05,-0.022426573,-0.036732026,-0.008103196,0.000983399,8.27E-06,-3.62E-05,-0.000481924,-9.33E-05,1.22E-05,0,0,0,0,0,0,0,0,7.05E-05,-0.000830072,-0.020839257,0.337686206,0.591836329,0.113263055,-0.016479506,0.000208333,-0.00024806,-0.016079248,-0.010474401,0.000711345,3.68E-05,0,0,0,0,0,0,1.82E-31,0.000211567,-0.028176848,0.197350065,0.904024731,1.035562977,0.409177577,-0.02539608,-0.003330797,0.011260059,0.224946776,0.068919696,-0.014293309,0.000373094,0,0,0,0,0,0,0.00013191,-0.01146395,0.028227549,0.715710444,1.0377356,1.04008832,0.572509038,-0.004024449,-0.00727434,-0.004543913,0.519899135,0.62591796,0.044995788,-0.007984749,0,0,0,0,0,0,0.000661153,-0.028022961,0.453936608,1.023387126,0.957328312,1.024174463,0.625681264,0.015374496,-0.007117049,-0.029644226,0.239919133,0.903315125,0.18440534,-0.018106681,0,0,0,0,0,0.000238971,-0.021605988,0.198144999,0.910059907,0.958308296,0.433799871,0.982454487,0.691945925,0.031008163,-0.010866405,-0.016185849,0.451446521,1.018070925,0.254002487,-0.02120081,0,0,0,0,0,-0.002996017,-0.019222137,0.541139944,1.033679664,0.530945244,0.056358115,0.871854218,0.936912207,0.154211338,-0.047008578,0.112632319,0.935891221,0.892067215,0.123015232,-0.015845418,0,0,0,0,3.57E-05,-0.014776927,0.070772689,0.764310117,0.972178808,0.205384089,-0.030897774,0.552441653,1.030541428,0.618606355,0.077140217,0.573889212,1.049191789,0.590736111,0.004770698,-0.006133578,0,0,0,0,-0.000389093,-0.026502349,0.266989941,0.981534109,0.765633841,0.006667637,-0.021071606,0.109615417,0.793502077,1.026430945,0.805536867,0.984296177,0.891805573,0.208820602,-0.023882689,-0.000230971,0,0,0,0,-0.000888468,-0.02648506,0.375708865,1.056213906,0.591399333,-0.020953572,-0.000664007,-0.022262002,0.268945229,0.726629151,0.998768259,0.897552043,0.269470415,-0.011920886,-0.001477904,6.52E-05,0,0,0,0,-0.000887357,-0.026477805,0.375386132,1.056150957,0.375827151,-0.021097835,0.000241183,-0.000858864,-0.020073189,0.036300667,0.30878719,0.182696929,-0.016010859,-0.003115639,0.000313889,0,0,0,0,0,-0.000904105,-0.026484477,0.379025497,1.059511387,0.265336309,-0.020786186,0,1.17E-18,0.000557428,-0.005047185,-0.02891008,-0.0178862,-2.21E-05,8.94E-05,0,0,0,0,0,0,-0.000498826,-0.025826065,0.28859198,0.948613324,0.234559826,-0.019301811,0,0,0,0,0,0,0,0,0,0,0,0,0,0,-0.00038894,-0.026152216,0.275260349,0.848157458,0.133394854,-0.016207278,0,0,0,0,0,0,0,0,0,0,0,0,0,0,-0.000224818,-0.023685914,0.230822616,0.643222351,0.063444116,-0.010960282,0,0,0,0,0,0,0,0,0,0,0,0,0,0,1.48E-05,-0.004867068,0.032661101,0.139890302,0.020139059,-0.002841605,0,0,0,0,0,0,0,0,0,0,0,0,0,0,0,0.000474877,-0.003503285,-0.013845061,-0.001935052,0.000276586,0,0,0,0,0,0,0,0,0,0,0
0,0,0,0,0,0,0,0,0,0,0,0,0,0,0,0,0,0,0,0,0,0,0,0,0,0,0,0,0,0,0,0,0,0,0,0,0,0,0,0,0,0,0,0,0,0,0,0,0,0,0,0,0,0,0,0,0,0,0,0,0,0,0,0,0.000144301,-0.000133425,-0.014331189,-0.023434532,-0.030561172,-0.036771752,-0.029172079,-0.00186729,0.000369329,0,0,0,0,0,0,0,0,0,0,0.000144301,-0.00216973,-0.0292019,0.191243719,0.351684518,0.481813385,0.593614175,0.46183764,0.015487473,-0.004415637,0,0,0,0,0,0,0,0,0,0.000499368,-0.003934147,-0.049075266,0.279772842,0.884592576,1.006072656,1.004710138,1.030490775,0.917311632,0.218079248,-0.027689454,-0.000365519,-0.015455219,-0.021453738,-0.014093137,-0.000768161,0.000191483,0,0,0,-0.005183238,0.024602294,0.406903442,0.900227958,1.021774578,0.949824423,0.978535369,1.007113766,0.942265982,0.273720963,-0.035050752,0.004126923,0.162475575,0.223392225,0.139593376,-0.000309557,-0.001753983,0,0,0,-0.022803986,0.170576651,0.887496756,1.047226299,0.788464273,0.306396192,0.90678874,1.026118975,0.787215836,0.080067245,-0.018930436,0.014795921,0.71826777,0.966237652,0.880871312,0.146206857,-0.017059877,0,0,0,-0.024387102,0.186633544,0.880317572,1.041631298,0.458644318,0.055051211,0.772788722,1.027554517,0.521210478,-0.027095792,-0.003077738,-0.004250681,0.449990077,0.981623434,1.031328091,0.502504807,-0.020975456,0,0,0,-0.030001223,0.239693219,0.923603758,0.974818474,0.31204005,0.284445396,0.932338848,0.984564474,0.252828278,-0.018955236,0.000326118,-0.006388293,0.015406744,0.715698938,1.034101494,0.787862823,-0.02067419,0,0,0,-0.042706372,0.359582618,1.012429585,0.926830287,0.241551062,0.207518242,0.974544798,0.973163399,0.185307496,-0.014239583,7.45E-19,-0.000895782,-0.019796994,0.323522825,0.963726409,0.872378368,-0.020669935,0,0,0,-0.047016021,0.400249694,1.053491166,0.814489481,0.073860362,0.365773103,1.013179126,0.969962214,0.186161152,-0.014674224,0.000203314,-0.009153101,0.055644438,0.685756434,0.960951746,0.825263527,-0.020710784,0,0,0,-0.050318308,0.431411021,1.079185028,0.778644232,0.028489004,0.214365293,0.977309748,1.002499983,0.404663912,-0.037434012,-0.00707237,-0.014618544,0.419977189,1.028098342,1.04268835,0.499570648,-0.021150959,0,0,0,-0.05004851,0.427590159,1.099020833,0.805120455,0.04210643,0.031913616,0.694515421,1.03093607,0.728033122,0.068000204,-0.007300711,0.223383306,0.875864005,1.002597154,0.71772338,0.125419096,-0.012293539,0,0,0,-0.019236069,0.158061802,0.53069264,0.423625596,0.021345537,-0.019015429,0.09773303,0.715174666,1.00987563,0.654583912,0.749547206,0.672695738,0.591709099,0.822832006,0.237613851,-0.033088779,-0.000162207,0,0,0,0.00102238,-0.009302543,-0.012486962,-0.007675739,-0.003064423,-0.00368605,0.019323887,0.108412446,0.684468171,1.00367196,0.890800484,0.533865383,0.042449006,0.019912667,0.003920615,-0.002127716,0.000128676,0,0,0,5.87E-05,-0.000449908,-0.002186172,-0.001815615,2.32E-05,-0.013835147,0.130885978,0.078621307,0.050687296,0.33886363,0.165351596,0.000855596,-0.008858167,-0.004709508,-0.001477839,0.000180995,0,0,0,0,0,0,0,0,0,-0.001537704,0.014545677,0.010798378,-0.011649749,-0.040417431,-0.022089238,-0.003320289,0.000377074,0,0,0,0,0,0,0,0,0,0,0,0,0.000244588,-0.002308007,-0.001623775,0.000183824,0,0,0,0,0,0,0,0,0,0,0,0,0,0,0,0,0,0,0,0,0,0,0,0,0,0,0,0,0
0,0,0,0,0,0,0,0,0,0,0,0,0,0,0,0,0,0,0,0,0,0,0,0,0,0,0,0,0,0,0,0,0,0,0,0,0,0,0,0,0,0,0,0,0,0,0,0,0,0,0,0,0,0,0,0,0,0,0,0,0,0,0,0,0,0,2.04E-06,1.90E-05,-0.000392974,-0.00065865,-0.000117034,9.19E-06,0,0,0,1.15E-05,-0.000130974,-0.000147517,4.60E-06,0,0,0,0,0,0,0.000321691,-0.003088916,-0.017547287,-0.028145357,-0.029931798,-0.027293709,-0.009578431,-0.000237557,0.000113358,9.37E-05,0.000768842,-0.019382506,-0.027685938,0.000638787,0,0,0,0,2.55E-05,0.000535301,-0.010602618,-0.011467354,0.098228041,0.283391476,0.360502298,0.214317232,0.039428632,-0.002144939,-0.000265182,0.000267157,-0.016278986,0.155323444,0.231326672,-0.00556764,0,0,0,0.00022013,-0.001522161,-0.021580542,0.064180879,0.46354473,0.816781997,0.992011472,1.015293777,0.948514297,0.589805266,0.046445603,-0.009406829,-0.013117953,0.064508919,0.750279429,0.872830228,-0.020546535,0,0,0,-0.000490601,-0.008065203,0.171531854,0.784640676,0.963943463,0.802353728,0.407427999,0.187409281,0.703969875,0.977321281,0.147761935,-0.018096932,-0.032216991,0.210787864,0.981688968,0.853011036,-0.020775923,0,0,0,-0.018850434,0.135787837,0.839153799,0.82775754,0.303834218,0.002265891,-0.025782135,-0.051721848,0.315660795,1.004470537,0.186670947,-0.019638378,-0.021026127,0.305860141,0.975335342,0.5365947,-0.020857333,0,0,0,-0.044147813,0.376874064,1.002141051,0.291192334,-0.049957482,-0.002264533,-0.000822236,-0.021801028,0.423659024,0.958848192,0.106920461,-0.020091742,-0.007232656,0.61204119,0.980024357,0.176737546,-0.018422522,0,0,0,-0.047819494,0.412451287,1.013510059,0.204556321,-0.019843018,0.000470425,-0.001581546,-0.017895918,0.458788756,0.961493311,0.113575527,-0.02687757,0.08741636,0.903061394,0.627321964,0.007380933,-0.006698666,0,0,0,-0.028703681,0.228513685,0.929558228,0.587953329,0.007491966,-0.004517753,-0.000318627,-0.033452274,0.32331604,0.968865162,0.107368466,-0.045870387,0.400421092,0.973564934,0.326420786,-0.030872773,-0.000671637,0,0,0,-0.004388558,0.003004362,0.676902813,0.868751172,0.112451949,-0.019758579,0.000306755,-0.037899189,0.276207078,1.031429857,0.211525338,0.103926138,0.857661734,0.751346528,0.023957985,-0.008333704,0.000114141,0,0,0,0.000452489,-0.019695006,0.212019284,0.930146548,0.427679109,-0.018059904,-0.002859647,-0.028583333,0.200223209,0.945175586,0.632572086,0.67829485,0.991394182,0.249271735,-0.023591452,0.000599242,0,0,0,0,0,-0.004747702,0.019845078,0.816534892,0.929183398,0.16708245,-0.016461397,-0.008893076,0.031094993,0.631347052,1.025087729,0.996300926,0.476021259,-0.020871289,-0.001384906,0,0,0,0,0,0,-0.000628881,-0.017097052,0.256929653,0.715257574,0.221038244,-0.014540271,0.000363664,-0.01036957,0.068376021,0.279466254,0.300400242,0.004730835,-0.006531744,0.000152216,0,0,0,0,0,0,6.04E-05,0.000313521,-0.014491694,-0.029243719,-0.010584414,0.000572746,3.40E-05,0.000295752,-0.006664982,-0.019431688,-0.020509549,-0.002756996,0.000307547,6.59E-06,0,0,0,0,0,0,0,4.40E-05,-0.000317557,-0.001366027,-0.000206248,2.85E-05,0,0,0,0,0,0,0,0,0,0,0,0,0,0,0,0,0,0,0,0,0,0,0,0,0,0,0,0,0,0,0,0,0,0,0,0,0,0,0,0,0,0,0,0,0,0,0,0,0,0,0
0,0,0,0,0,0,0,0,0,0,0,0,0,0,0,0,0,0,0,0,0,0,0,0,0,0,0,0,0,0,0,0,0,0,0,0,0,0,0,0,0,0,0,0,0,0,0,0,0,0,0,0,0,0,0,0,0,0,0,0,0,0,0,0,0,0,0,0,0,0,0,0,0,0,0,0,0,0,0,0,0,0,0,0,0,0,0,7.34E-05,0.000316789,-0.017147978,-0.027094363,-0.007056066,0.000429253,3.68E-05,0,0,0.000557598,-0.012096123,-0.015891544,0.001393995,0,0,0,0,1.40E-18,-1.08E-17,-3.14E-17,0.000870327,-0.014857469,0.103996698,0.185873655,0.018221575,-0.008496664,0.000445432,0,6.48E-19,-0.004163773,0.08405013,0.118667535,-0.010409433,0,0,0,0,0.000514706,-0.004269982,-0.009389127,-0.019975575,0.117931066,0.748427305,0.949990656,0.579288892,0.027664758,-0.016359273,0.000596916,0.00042739,-0.020392838,0.394492836,0.444496272,-0.03897612,0,0,0,0,-0.004713526,0.038493437,0.089405701,0.001081579,0.588393325,0.845210805,0.531722939,0.994776066,0.577618273,0.00864143,-0.01393976,-0.006881327,0.008985094,0.645842661,0.244183295,-0.021493637,0,0,0,0,-0.029076593,0.239832755,0.544359443,0.228833109,0.726564151,0.232786935,-0.042625715,0.390174462,0.99514232,0.537894693,0.019965108,-0.031395425,0.426736911,0.804221954,0.055991541,-0.006100643,0,0,0,1.10E-05,-0.026192708,0.190528561,0.759977992,0.231308005,0.15704296,-0.006422726,-0.006753455,-0.001349146,0.574284749,0.971081461,0.784303122,0.695229286,0.943420564,0.388522074,-0.025494707,0.000449772,0,0,0,-5.40E-05,-0.028101171,0.209527574,0.936893774,0.190884034,-0.042708946,-0.00169533,0.000867341,-0.01036152,0.011047297,0.386557683,0.782698104,0.810665611,0.391293028,0.004177333,-0.004853792,1.53E-05,0,0,0,-0.000633272,-0.02813174,0.334482894,1.04064328,0.216328166,-0.020871119,5.11E-06,1.87E-18,0.000341605,-0.003821338,-0.025506008,0.02714088,0.064935509,-0.02664248,-0.002743773,0.000339563,0,0,0,0,-0.000163925,-0.031445603,0.261617002,1.010639157,0.217970151,-0.020751634,0,0,0,3.91E-05,5.71E-05,-0.007397579,-0.011370918,0.000166728,4.88E-05,0,0,0,0,0,1.74E-05,-0.033011302,0.235936989,1.003312568,0.218861848,-0.020751634,0,0,0,0,0,0,0,0,0,0,0,0,0,0,0,-0.032074449,0.23144521,0.994134089,0.219823489,-0.020751634,0,0,0,0,0,0,0,0,0,0,0,0,0,0,0,-0.022590993,0.147674683,0.875064032,0.232441808,-0.020751634,0,0,0,0,0,0,0,0,0,0,0,0,0,0,0,-0.022298713,0.144986503,0.872607026,0.233982988,-0.020794186,0,0,0,0,0,0,0,0,0,0,0,0,0,0,0,-0.020183136,0.126414197,0.844730392,0.232071872,-0.020748067,0,0,0,0,0,0,0,0,0,0,0,0,0,0,0,-0.016377451,0.103479524,0.675170735,0.149577762,-0.016475184,0,0,0,0,0,0,0,0,0,0,0,0,0,0,0,-0.019086703,0.148861588,0.464653101,0.046127502,-0.00789505,0,0,0,0,0,0,0,0,0,0,0
0,0,0,0,0,0,0,0,0,0,0,0,0,0,0,0,0,0,0,0,0,0,0,0,0,0,0,0,0,0,0,0,0,0,0,0,0,0,0,0,0,0,0,0,0,0,0,0,0,0,3.48E-18,0.000872366,-0.009786794,-0.045577433,-0.016131426,0.001258408,3.30E-05,0,0,0,0,0,0,0,0,0,0,0,0,0,-2.88E-17,-0.007342899,0.081774557,0.385153731,0.124765608,-0.013181321,-0.000105392,0,0,0,0,0,0,0,0,0,0,0,0.00014614,-0.002542279,-0.002364583,-0.020601069,0.248481751,1.052771463,0.53390671,-0.007869349,-0.002391187,0,0,0,0,0,0,0,0,2.05E-32,5.11E-05,0.000494273,-0.009766782,-0.020319615,-0.016161373,-0.019784229,0.140410178,0.9320745,0.949699329,0.256163092,-0.018437364,4.08E-05,0,0,0,0,0,0,0,0.000217014,-0.002685015,-0.022025362,0.081911475,0.507057768,0.433108201,-0.006934266,0.057700817,0.769782016,1.033558994,0.528582823,-0.03218847,-9.78E-05,0,0,0,0,0,3.91E-05,0.000155721,-0.009472759,-0.027228286,0.209057825,0.745290398,0.959484207,0.902463957,0.174789994,0.026545579,0.732161924,1.04887615,0.752782771,0.015601331,-0.006231362,0,0,0,0,9.78E-06,0.000156199,-0.009862251,0.025627962,0.363254442,0.800061979,0.356543216,0.580209457,0.894126072,0.187322372,-0.001850159,0.647190308,1.049393706,0.82576828,0.110659246,-0.016339326,0,0,0,0,0.000473686,-0.012956104,0.096926896,0.682070142,0.806617834,0.279209504,-0.082346592,0.644011404,0.808365554,0.057172828,0.00437156,0.664044679,1.050996034,0.793369587,0.067444274,-0.0117484,0,0,0,8.51E-06,-0.004673169,0.004690802,0.666787429,0.970187415,0.293751311,-0.051644603,0.057280331,0.814219346,0.620229626,-0.05278268,0.215388063,0.909513225,1.041600269,0.745655076,-0.025506621,-0.001998696,0,0,0,7.15E-05,-0.026670132,0.199599758,0.918674445,0.842427611,0.128451848,-0.05120149,0.254406573,0.932420973,0.409550637,-0.066398063,0.343472596,0.908692793,1.008990826,0.515958163,-0.026466776,-0.000603726,0,0,0,-0.004057111,-0.010353364,0.526890533,1.040220741,0.524640421,-0.016825598,-0.025184172,0.178844268,0.894862929,0.801460516,0.358560104,0.195560338,0.415035907,0.85545006,0.098360034,-0.009488555,7.81E-05,0,0,0,-0.008971099,0.032956208,0.688932955,0.975037854,0.182493515,-0.017017821,-0.00123721,-0.009528714,0.377264195,0.921934624,1.05284101,0.980368309,0.790855001,0.407438419,-0.017803036,-0.001232128,0,0,0,0,-0.01301794,0.067269356,0.808717882,0.849341878,0.021062347,-0.004840839,0.000193633,-0.002215908,-0.015573087,0.219243243,0.473327002,0.412951453,0.175492443,0.019870268,-0.006078789,0.000104933,0,0,0,0,-0.020019574,0.24987064,1.02470481,0.489228179,-0.014147672,-0.001886949,0,0.000259191,-0.003151654,-0.021827768,-0.015327887,-0.019761441,-0.023354933,-0.005985515,0.00070435,4.60E-06,0,0,0,0,-0.021172045,0.50550392,0.984926403,0.233524289,-0.02849806,-0.000159314,0,0,5.24E-05,-0.000363205,-0.001789318,-0.001311861,-6.20E-05,8.94E-06,0,0,0,0,0,0,-0.014791828,0.419703509,0.552803426,0.052027299,-0.010800416,2.94E-05,0,0,0,0,0,0,0,0,0,0,0,0,0,0,0.000430624,-0.011427208,-0.01911986,-0.003740639,0.000545343,0,0,0,0,0,0,0,0,0,0,0,0,0,0,0,0,0,0,0,0,0,0,0,0,0,0,0,0,0,0,0,0,0,0
0,0,0,0,0,0,0,0,0,0,0,0,0,0,0,0,0,0,0,0,0,0,0,0,0,0,0,0,0,0,0,0,0,0,0,0,0,0,0,0,0,0,0,0,0,0,0,0,0,0,0,0,0,0,0,0,0,0,0,0,0,0,0,0,0,0,0,0,0,0,0,0.000108252,0.001144063,-0.022013429,-0.038022008,-0.008783701,-0.000293964,9.54E-05,0,0,0,0,0,0,0,0,4.60E-05,-0.000426501,-0.001295956,-5.51E-05,-0.001502757,-0.001824278,-0.019665933,0.385404905,0.629897655,0.096313828,-0.007372038,-5.99E-05,0,0,0,0,0,0,0,4.93E-18,0.000453602,-0.00579955,-0.029353979,-0.038944291,-0.016242511,-0.001963252,-0.022184787,0.320702461,0.960547266,0.772752928,0.091330712,-0.017580765,0.000293607,0,0,0,0,0,0,0.00011489,-0.011396208,0.096807441,0.471189151,0.4457364,0.345041956,-0.021738579,-0.018894494,-0.042873894,0.353665645,1.022608592,0.475628421,-0.017670346,-0.003013514,0,0,0,0,0,0,-0.002942281,0.01390443,0.682978616,0.932467422,0.890410501,0.886481102,0.507256923,0.15834626,-0.021516075,0.027257501,0.880748831,0.70969316,0.03765071,-0.009446041,0,0,0,0,0,0,-0.004192623,0.031956104,0.836505289,0.500801079,0.091069393,0.270838576,0.780571589,0.95170789,0.549107145,0.291121528,0.627726563,0.913858081,0.101692858,-0.016312977,0,0,0,0,0,0.000286765,-0.011419169,0.079909263,0.877876513,0.498455542,-0.058057496,-0.039037446,0.152806509,0.397184243,0.811795156,0.929017038,0.952824057,0.866196708,0.095576414,-0.015580746,0,0,0,0,0,-0.001889706,-0.022167126,0.456729354,0.953711443,0.269330065,-0.02492276,0.000365196,-0.011777233,-0.03258722,0.102173798,0.224684028,0.39597115,0.193100201,0.007388814,-0.002414897,0,0,0,0,1.43E-05,-0.010385281,0.036757268,0.716954946,0.824027421,0.051984188,-0.006379783,4.60E-05,-0.000451389,-0.000568413,-0.009077461,-0.015813113,-0.025414369,-0.014240247,-0.000810199,0.000198121,0,0,0,0,-8.74E-05,-0.025211161,0.189877077,0.921151383,0.590271209,-0.025848841,0.000447138,0,0,0,0,0,0,0,0,0,0,0,0,0,-0.000702257,-0.027665424,0.34670881,1.030130906,0.305399138,-0.020628404,2.98E-05,0,0,0,0,0,0,0,0,0,0,0,0,0,-0.001912888,-0.015794969,0.528824278,0.992768144,0.147390241,-0.018864039,0,0,0,0,0,0,0,0,0,0,0,0,0,0,-0.007440564,0.068085376,0.856364754,0.812310168,0.067625708,-0.013068321,0,0,0,0,0,0,0,0,0,0,0,0,0,0,-0.018629749,0.267524765,1.001765897,0.496345316,-0.012385961,-0.003609749,0,0,0,0,0,0,0,0,0,0,0,0,0,0,-0.03509116,0.574932857,0.986255996,0.258173722,-0.034732937,0.000221658,0,0,0,0,0,0,0,0,0,0,0,0,0,0,-0.020453687,0.344004119,0.482511744,0.061306934,-0.009284681,1.87E-05,0,0,0,0,0,0,0,0,0,0,0,0,0,0,0.001831853,-0.030735975,-0.044123604,-0.00608107,0.000876442,0,0,0,0,0,0,0,0,0,0,0,0
0,0,0,0,0,0,0,0,0,0,0,0,0,0,0,0,0,0,0,0,0,0,0,0,0,0,0,0,0,0,0,0,0,0,0,0,0,0,0,0,0,0,0,0,0,0,0,0,0,0,0,0.000326118,-0.000546739,-0.031777751,-0.032310546,-2.16E-05,0.000152868,0,0,0,0,0,0,0,0,0,0,0,0,0,0,-0.002327751,0.000368309,0.259144029,0.272750936,-0.000390182,-0.001262357,0,0,0,0,0,0,0,0,0,0,0,5.06E-05,0.000308517,-0.013428615,-0.029834423,0.085801588,0.891711006,0.743205712,0.009931219,-0.003982996,0,0,0,0,0,0,0,0,0,2.49E-18,0.000275162,-0.001929892,-0.021086737,0.069546211,0.06932021,0.080799295,0.862138395,0.744874234,0.014071385,-0.004157169,0,0,0,0,0,0,0,0,5.19E-18,0.000420411,-0.011837233,-0.00449857,0.184831716,0.706411629,0.719914794,0.094467256,0.66759438,0.753489498,0.012446555,-0.00404616,0,0,0,0,0,0,3.91E-05,0.001094941,-0.015826505,-0.052317578,0.026837865,0.486776765,0.916913022,1.04561852,0.783076804,0.099467117,0.688064371,0.809035846,0.032732104,-0.005330653,0,0,0,0,0,0,-0.000220231,-0.010549139,0.121014314,0.373789216,0.668642143,1.032561598,1.007712827,0.999447832,0.377443644,-0.03767748,0.581474503,0.900792228,0.062302134,-0.007189798,0,0,0,0,0,0,-0.002544475,-0.006217405,0.559108932,1.059771855,0.948941102,0.368911475,0.70551874,0.944929994,0.255292365,-0.066975103,0.476618873,0.967544747,0.082521633,-0.008468086,0,0,0,0,0,0,-0.004958589,0.026555487,0.782286271,0.875526842,0.248255626,-0.037300432,0.665989924,0.845151314,0.093636642,0.010075958,0.676258068,0.900110345,0.062251787,-0.007212163,0,0,0,0,0,0,-0.008632149,0.085398216,0.972632472,0.450395646,-0.057358139,-0.01879165,0.673482826,0.819457772,0.03677148,0.094750622,0.875437279,0.737463525,0.021791309,-0.004574755,0,0,0,0,0,0,-0.007963852,0.074921596,0.926302773,0.624067863,0.011845608,-0.028452655,0.62659825,0.976454622,0.507069185,0.705969984,1.02772368,0.405603573,-0.018868405,-0.001323733,0,0,0,0,0,0,-0.009410846,0.097886336,0.984995949,0.679500715,0.032805736,-0.027921756,0.259836584,0.912109835,1.055944478,0.997724206,0.545522706,0.034996511,-0.010097529,6.74E-05,0,0,0,0,0,0,-0.009428462,0.097997906,0.987480035,0.684937551,0.033948117,-0.009806577,-0.004964529,0.205791275,0.485066023,0.274617729,0.026676964,-0.012068525,0.000880821,0,0,0,0,0,0,0,-0.009413654,0.097904122,0.991555811,0.610099588,0.010030625,-0.006144608,-0.002692096,-0.025002366,-0.015676522,-0.026818464,-0.00883238,0.000788909,0,0,0,0,0,0,0,0,-0.00960769,0.099930607,1.017713559,0.556117085,-0.011414486,-0.00419373,3.31E-05,-0.000168454,-0.001827053,-0.000415648,4.95E-05,0,0,0,0,0,0,0,0,0,-0.005737078,0.058902647,0.625814242,0.292842101,-0.01890969,-0.001190331,0,0,0,0,0,0,0,0,0,0,0,0,0,0,0.000196078,-0.00203942,-0.020643723,-0.012791054,-0.000236436,0.000136166,0,0,0,0,0,0,0,0,0,0,0,0,0,0,0,0,0,0,0,0,0,0,0,0,0,0,0,0,0,0,0
0,0,0,0,0,0,0,0,0,0,0,0,0,0,0,0,0,0,0,0,0,0,0,0,0,0,0,0,0,0,0,0,0,0,0,0,0,0,0,0,0,0,0,0,0,0,0,0,0,0,0,0,0,0,0.00093922,-0.008174147,-0.01318658,0.000795701,4.89E-05,0,0,0,0,0,0,0,0,0,0,0,0,0,0,0,-0.007939951,0.069711142,0.104536543,-0.008986537,-0.000170037,0,0,0,0,0,0,0,0,0.000234805,-0.001891238,-0.006975797,-0.009238664,0.00053125,0,0,-0.02160723,0.179560849,0.400145204,0.013210071,-0.004521208,0,0,0,0,0,0,0.001063794,-0.011535778,-0.035229438,-0.019717507,0.009361315,0.040886608,-0.007246664,0.000509559,7.83E-19,-0.018659926,0.128755259,0.645530382,0.109088449,-0.014429636,0,0,0,0,0,0,-0.012084695,0.131335955,0.35720911,0.429833333,0.68107518,0.560483132,0.008176845,-0.006479556,0.000258374,-0.023534654,0.152399901,0.731748383,0.115584516,-0.015696657,0,0,0,0,0,0,-0.021082593,0.220800127,0.929879839,0.860940307,0.785561178,0.980216393,0.318811419,-0.035433091,-0.001687779,-0.029452614,0.399174633,0.862265586,0.086599933,-0.01452329,0,0,0,0,0,8.27E-05,-0.013495796,0.132604422,0.872223717,0.331105664,0.030502417,0.769738834,0.83862454,0.128625226,-0.038693321,0.046507302,0.79691762,0.580759991,-0.000509508,-0.005193185,0,0,0,0,0,-6.62E-05,-0.039241319,0.449715686,0.909898802,0.129054075,-0.049027148,0.290562772,1.034136897,0.695340199,0.212740383,0.618166241,0.932744553,0.254820653,-0.031394307,-3.23E-06,0,0,0,0,7.66E-06,-0.015807394,0.087007387,0.777871,0.808625888,-0.010339988,-0.010146191,0.026550534,0.532833061,0.961069344,1.009515268,0.915040237,0.461686785,0.016737217,-0.005285149,4.90E-05,0,0,0,0,-3.98E-05,-0.029949346,0.220760689,0.980187364,0.557585674,-0.022254987,0.000717678,-0.009982554,0.032527829,0.302652851,0.629385195,0.267825351,-0.011716861,-0.004930862,0.000413355,0,0,0,0,0,-0.001062278,-0.02392376,0.395058582,1.003254318,0.164633828,-0.01911425,0,0.000713383,-0.008305817,-0.025510223,0.009138743,-0.01253572,-0.004498288,0.000275162,0,0,0,0,0,0,-0.00315962,0.000103452,0.679894387,0.69727451,0.024356359,-0.008707789,0,0,0.000129357,-0.000902939,-0.006494758,-0.001652199,0.000223652,0,0,0,0,0,0,2.20E-05,-0.008908599,0.087514212,0.951580593,0.510499234,-0.021884554,-0.002920752,0,0,0,0,0,0,0,0,0,0,0,0,0,-3.14E-05,-0.02466362,0.397085665,0.8983782,0.205241694,-0.028480137,0.000196589,0,0,0,0,0,0,0,0,0,0,0,0,0,-0.002135257,-0.019195364,0.696645799,0.638653816,0.007321776,-0.00462369,7.66E-06,0,0,0,0,0,0,0,0,0,0,0,0,0,-0.002110885,-0.006415777,0.488248492,0.133687715,-0.015033172,0.000634608,0,0,0,0,0,0,0,0,0,0,0,0,0,0,6.52E-05,0.000243907,-0.015553513,-0.010727805,0.000634702,0,0,0,0,0,0,0,0,0,0,0,0,0,0,0,0,0,0,0,0,0,0,0,0,0,0,0,0,0,0,0,0,0
0,0,0,0,0,0,0,0,0,0,0,0,0,0,0,0,0,0,0,0,0,0,0,0,0,0,0,0,0,0,0,0,0,0,0,0,0,0,0,0,0,0,0,0,0,0,0,0,0,0,0,0,0,0,0,0,0,0,0,0,0,0,0,0,0,6.22E-20,2.25E-05,-0.000275977,-0.000663399,3.99E-05,1.84E-06,0,1.35E-05,-0.000113613,-0.000328738,-6.64E-05,4.90E-06,0,0,0,0,0,0,0,0,0.000459559,-0.004737881,-0.024358906,-0.022121392,-0.004392599,0.000639093,3.37E-05,0.000438527,-0.006872362,-0.025221303,-0.01877228,-0.002691585,0.000388896,0,0,0,0,0,2.01E-18,0.000773591,-0.008307802,-0.001257234,0.233529106,0.290489243,0.014545139,-0.004420054,-0.000281097,-0.006805522,0.085884651,0.289753625,0.144332108,-0.009374574,-0.004465829,0.0003702,0,0,0,0,0.000521855,-0.016764536,0.021456972,0.475893331,0.822549155,0.931460274,0.212755753,-0.027025412,-0.000540833,-0.007508357,0.098439117,0.418965431,0.656451423,0.389338933,-0.003904702,-0.003888378,0,0,0,2.93E-05,-0.005566681,0.045401838,0.579469039,0.794966454,0.203342811,0.706530546,0.469236561,-0.02697191,-0.001023042,0.000804244,-0.012558141,-0.033530482,0.17592271,0.689024856,0.2012812,-0.016227936,0,0,0,-0.000222576,-0.028084099,0.476055794,1.044379459,0.668583521,-0.005173148,0.339968069,0.721670479,0.07042933,-0.007697457,9.17E-05,0.000166973,-0.001872447,-0.051643433,0.41188768,0.612597801,-0.014754391,0,0,0,-0.000659981,-0.033155297,0.670260042,0.857446402,0.156841027,-0.019916076,0.052147416,0.701388089,0.384995336,-0.032482741,-0.000859729,0.000147059,0,-0.031041922,0.353877911,0.809469124,-0.012416769,0,0,0,-0.003665566,-0.006727311,0.74988751,0.547548254,-0.045609443,-0.000315213,-0.020230018,0.22791619,0.781037718,0.183824023,-0.030144545,-0.000350116,0.000750613,-0.041036475,0.382804756,0.676672374,-0.013762425,0,0,0,-0.021678692,0.16644504,0.829560083,0.188947508,-0.013873417,9.54E-05,-0.001710886,-0.021540016,0.496529395,0.780983354,0.186127961,-0.033806679,-0.029690564,0.008287718,0.668218954,0.396181889,-0.019803241,0,0,0,-0.035900911,0.312808148,0.710070982,0.025111577,-0.004257623,0,7.51E-05,-0.008461488,0.020493389,0.51334242,0.867272171,0.489829586,0.255990634,0.656887747,0.689151635,0.065497134,-0.011083595,0,0,0,-0.04716522,0.432535539,0.540794458,-0.010895135,-0.002022621,0,1.38E-05,0.000513174,-0.009741966,0.002118396,0.420071457,0.71053622,0.709948768,0.564980784,0.083121289,-0.019244867,0.000432326,0,0,0,-0.049143125,0.459154071,0.409353962,-0.027531097,-0.000762408,0,0,0,0.000276586,-0.003614856,-0.000521279,0.022835325,0.0226851,-0.002608184,-0.011633936,0.001192369,0,0,0,0,-0.050509559,0.468350218,0.485604269,-0.020956784,-0.001378728,0,0,0,2.24E-18,0.000174632,-0.003719274,-0.008568934,-0.008549326,-0.00473989,0.000295037,0,0,0,0,0,-0.039805552,0.356091095,0.618973141,0.010219244,-0.003254238,0,0,0,0,0,0,0,0,0,0,0,0,0,0,0,-0.00436293,0.029776609,0.235941768,0.020140418,-0.001898873,0,0,0,0,0,0,0,0,0,0,0,0,0,0,0,0.000648159,-0.005598448,-0.01370915,-0.000577172,8.63E-05,0,0,0,0,0,0,0,0,0,0,0,0,0,0,0,0,0,0,0,0,0,0,0,0,0,0,0,0,0,0,0,0,0
0,0,0,0,0,0,0,0,0,0,0,0,0,0,0,0,0,0,0,0,0,0,0,0,0,0,0,0,0,0,0,0,0,0,0,0,0,0,0,0,0,0,0,0,0,0,0,0,0,0,0,0,0.002108851,-0.018282989,-0.042792793,-0.012266112,0.000748033,9.76E-06,0,0,0,0,0,0,0,0,0,0,1.58E-05,-0.000265063,-0.000384293,-3.81E-05,-0.019153724,0.167433772,0.36638157,0.080883476,-0.008560951,0.000262678,5.11E-07,0,0,0,0,0,0,0,1.53E-05,0.000672313,-0.00684809,-0.02664265,-0.029364856,-0.009258136,-0.026701521,0.214042875,0.91409329,0.640209457,-0.00331056,-0.003945467,3.05E-05,0,0,0,0,0,0,1.64E-31,0.000379562,-0.008128592,0.020222035,0.239818559,0.290307649,0.048036833,-0.014470772,0.008654259,0.726922624,0.994026688,0.278810577,-0.034169164,-5.96E-06,0,0,0,0,0,0,8.94E-05,-0.006648284,8.78E-05,0.482946606,0.973764451,1.012267736,0.580947781,0.033706331,-0.039990588,0.427834065,1.051678939,0.564906556,-0.009394508,-0.004461806,0,0,0,0,0,0,-0.000258601,-0.014911659,0.408663348,0.948371788,0.902371506,1.001861369,0.805076111,0.079977789,-0.033537548,0.301004426,1.005429745,0.83015973,0.086586152,-0.01407233,0,0,0,0,7.66E-07,0.000405076,-0.009621919,0.040643672,0.851410596,0.981439015,0.278446589,0.620916275,1.014543454,0.240363689,-0.03604999,0.221653918,0.968766442,0.898995711,0.111831,-0.016420207,0,0,0,0,3.93E-05,-0.005675773,0.004512476,0.469136489,1.01596818,0.640556202,0.005179892,0.289764093,1.004656029,0.34970809,-0.048161271,0.189876753,0.951714903,0.991009395,0.145492523,-0.019627928,0,0,0,0,-0.00033124,-0.024396021,0.23473526,0.953159586,0.838486184,0.144677305,-0.03401537,0.053935219,0.725619128,0.787260762,0.055278152,0.296185696,1.023892838,0.704040407,0.036419344,-0.009351001,0,0,0,0,-0.002386795,-0.009543454,0.561950317,1.055285641,0.513350709,-0.032982298,0.000391544,-0.027163092,0.335471712,0.994107643,0.713493839,0.716980443,1.002101631,0.374104456,-0.029184858,-0.001228043,0,0,0,5.86E-05,-0.007130468,0.049213223,0.89166862,0.987222987,0.209020027,-0.019363934,0.00012474,-0.005143951,0.031078652,0.387355928,0.653903258,0.653136491,0.569068916,0.133828761,-0.018623658,0.000123823,0,0,0,-0.000354653,-0.022670088,0.400921415,1.018875919,0.847824602,0.079628684,-0.014698904,0,0.000434028,-0.004515591,-0.019577609,-0.019220792,-0.019415339,-0.019544356,-0.005626191,0.000629306,5.11E-06,0,0,0,-0.002170723,-0.023833895,0.746867919,1.062218767,0.572227073,0.003766306,-0.005612575,0,0,0,0,0,0,0,0,0,0,0,0,0,-0.023213485,0.17536569,0.877549837,1.038272416,0.374937517,-0.046455556,0.000170037,0,0,0,0,0,0,0,0,0,0,0,0,0,-0.02639925,0.204625443,0.910938555,1.058404395,0.462764212,-0.026689444,-0.002200266,0,0,0,0,0,0,0,0,0,0,0,0,0,-0.013025735,0.092788377,0.59225176,0.644455383,0.215345396,-0.015521656,-0.000843151,0,0,0,0,0,0,0,0,0,0,0,0,0,0.000534018,-0.004131264,-0.018543539,-0.021661731,-0.010594022,0.000255799,7.83E-05,0,0,0,0,0,0,0,0,0,0,0,0,0,0,0,0,0,0,0,0,0,0,0,0,0,0,0,0,0,0,0
0,0,0,0,0,0,0,0,0,0,0,0,0,0,0,0,0,0,0,0,0,0,0,0,0,0,0,0,0,0,0,0,0,0,0,0,0,0,0,0,0,0,0,0,0,0,0,0,0,0,0,0,0,0.000366883,-0.003381436,-0.041679915,-0.039097469,-0.003071747,0.000599242,0,0,0,0,0,0,3.83E-05,-0.000176675,-0.004290235,-0.022847682,-0.042648131,-0.030949397,-0.001577308,0.000350984,-0.002556066,0.018573121,0.351857469,0.325607843,0.023198912,-0.004796773,0,0,0,0,0,0.000479779,-0.002933415,-0.02411043,0.013324416,0.342103179,0.700467831,0.496724809,0.014251106,-0.004508581,-0.018616013,0.263853316,0.982043811,0.972130498,0.115739829,-0.018112234,0,0,0,3.73E-18,0.00029999,-0.006686904,-0.017539879,0.206357196,0.782651271,1.018135621,1.059204112,0.899544288,0.184774595,-0.024334923,-0.005385212,0.039766425,0.671124745,1.013518944,0.129736082,-0.019867239,0,0,0,0.000558477,-0.007799309,0.002702699,0.4175529,0.918233456,1.014866071,0.619767616,0.829956155,0.910346048,0.207441415,-0.026575354,-0.002990043,-0.001296058,0.621174496,1.017150888,0.189966777,-0.019892089,0,0,0,-0.007758082,0.038049152,0.622622685,0.965065937,0.728880447,0.315609974,-0.027227148,0.683415814,0.909622671,0.177175682,-0.023371065,-0.003161765,0.001642157,0.623908932,1.02770452,0.263722384,-0.020269761,0,0,0,-0.029705271,0.237542075,0.946443219,0.570246409,-0.041665952,-0.029862385,0.030482945,0.785493311,0.757310594,0.016162956,-0.00613591,-0.003129902,0.001249183,0.621150293,1.019751532,0.20918321,-0.019984001,0,0,0,-0.032571033,0.266661475,0.93622578,0.413342933,-0.02977131,-0.017464025,0.125697746,0.862169798,0.633394455,-0.031202648,-0.000653459,-0.003643587,0.007584627,0.677786577,1.009320313,0.154886572,-0.019726137,0,0,0,-0.032346826,0.262690768,0.956324414,0.627119945,-0.024683926,-0.034483714,0.271648608,0.944487371,0.455883629,-0.029687194,0.00012474,-0.003457976,0.001721082,0.723014485,1.007660029,0.130800518,-0.019754221,0,0,0,-0.031947332,0.257925364,0.958258732,0.803904769,0.065936036,-0.046140801,0.285947866,0.943367868,0.353982656,-0.038090891,-0.013826043,-0.031017378,0.140887238,0.934665152,0.954196487,0.118614712,-0.018172998,0,0,0,-0.017309745,0.119750248,0.852312261,0.903423763,0.183597727,-0.055727527,0.256983086,0.939726418,0.515002327,0.057790941,0.071184401,0.170222372,0.686725317,1.041130305,0.622411659,0.018355425,-0.007222834,0,0,0,-0.015142065,0.099255855,0.837826287,0.911710835,0.194676351,-0.040205454,0.098641816,0.800928241,1.009971456,0.839958895,0.833617396,0.955261438,1.058457244,0.822722801,0.141350422,-0.023656394,0.000343818,0,0,0,-0.008738331,0.03965591,0.780780637,0.910400565,0.188528799,-0.023432799,-0.026502911,0.223046177,0.676290118,0.83960529,0.829699598,0.830525871,0.653832397,0.200084014,-0.018797471,0.000500999,0,0,0,0,5.22E-05,-0.0424311,0.703309641,0.945614583,0.231855392,-0.029137826,0.000591861,-0.015576117,0.00551651,0.024210835,0.023104575,0.024312143,0.003826287,-0.017699619,-0.000437143,0.000139415,0,0,0,0,4.16E-05,-0.039778186,0.654845316,0.966599894,0.249107469,-0.031023195,4.98E-05,-0.000607128,-0.003551368,-0.004994638,-0.004901961,-0.005003523,-0.003398897,-0.000425041,3.94E-05,0,0,0,0,0,0,-0.021767254,0.361288506,0.624473235,0.028362922,-0.006492121,0,0,0,0,0,0,0,0,0,0,0,0,0,0,0,0.000757761,-0.012626464,-0.018810934,-0.003925483,0.000509559,0,0,0,0,0,0,0,0,0,0,0,0,0,0,0,0,0,0,0,0,0,0,0,0,0,0,0,0,0,0,0,0
0,0,0,0,0,0,0,0,0,0,0,0,0,0,0,0,0,0,0,0,0,0,0,0,0,0,0,0,0,0,0,0,0,0,0,0,0,0,0,0,0,0,0,0,0,0,0,0,0,0,0,0,0,0,0,0,0,0,0,0,0,0,0,0,0,0,0,0,0,0,0,0,0.000808365,-0.006680351,-0.022417433,-0.004164777,6.04E-05,2.57E-05,0,0,0,0,0,0,0,0,0,0,0,0,0,0,-0.014635359,0.123172658,0.368502962,0.022886829,-0.0095529,0.000703192,0,0,0,0,0,0,0,6.32E-33,2.23E-18,-2.25E-17,-1.14E-16,-2.99E-17,4.01E-18,0,-0.002577147,-0.009968784,0.607184113,0.604234545,0.055508664,-0.009230362,0,0,0,0,0,0,0.000450368,-0.003165509,-0.014489209,-0.01680187,-0.021012391,-0.017411322,-0.009250408,0.000303649,0.0002132,-0.018911816,0.242971661,0.983963763,0.34727017,-0.041013819,0,0,0,0,0.000195264,-0.000694224,-0.023253944,-0.009156475,0.081912563,0.14579082,0.298930452,0.166942933,0.032831825,-0.026638947,0.000314863,-0.00826495,0.078909424,1.019346252,0.441278773,-0.050757245,0,0,0,0,-0.000427622,-0.004915356,0.126058058,0.414835716,0.866660505,0.811630012,0.826581359,0.762386966,0.695070806,0.17894967,-0.012950196,-0.01644921,0.20677548,1.027886285,0.434532731,-0.050155314,0,0,0,0.00026348,-0.025920468,0.174848431,0.80318556,0.936007047,0.63509249,0.210342203,0.100406216,0.146294969,0.770924615,0.781751923,0.068737957,-0.043512527,0.393629749,0.980689474,0.336967099,-0.039989809,0,0,0,-0.001625306,-0.032036046,0.450836857,1.018088712,0.398865468,-0.02222052,-0.02459597,-0.018899799,-0.040057615,0.138613596,0.831640234,0.534501617,-0.013869945,0.561495132,0.884474673,0.173079895,-0.022778117,0,0,0,-0.010961499,0.051032894,0.757886438,0.792964971,0.018009208,-0.00797835,-0.00016097,6.43E-05,0.000376889,-0.041912037,0.370244162,0.924214565,0.20697949,0.749179841,0.801062245,0.026721967,-0.007447719,0,0,0,-0.015606104,0.09723104,0.88631609,0.407034025,-0.023356162,-0.001066406,0,0,6.60E-05,-0.008446693,0.071115018,0.812920153,0.764194981,0.917896573,0.680261523,-0.000520209,-0.004109086,0,0,0,-0.018640897,0.204420189,0.857073989,0.173713729,-0.026881604,7.86E-05,0,0,0,0.000570193,-0.026717388,0.382277917,1.03483478,0.955700521,0.292545037,-0.021803258,0.000171212,0,0,0,-0.020150463,0.35341933,0.653537446,0.005378847,-0.006311887,0,0,0,0,2.06E-17,-0.004602397,0.005735039,0.254306356,0.212901569,-0.005535658,-0.000661254,0,0,0,0,-0.008274101,0.458301927,0.229437943,-0.025169577,0.000507659,0,0,0,0,0,0.000643382,-0.00411459,-0.03478799,-0.030009804,-0.002172488,0.000252757,0,0,0,0,0.000337691,0.257965618,-0.009820364,0.000706206,1.56E-05,0,0,0,0,0,0,0,0,0,0,0,0,0,0,0,2.04E-05,0.027717316,-0.000580898,5.10E-05,0,0,0,0,0,0,0,0,0,0,0,0,0,0,0,0,2.07E-18,-0.004660769,-1.04E-18,0,0,0,0,0,0,0,0,0,0,0,0,0,0,0,0,0,0,0,0,0,0,0,0,0,0,0,0,0,0,0,0,0,0,0,0
0,0,0,0,0,0,0,0,0,0,0,0,0,0,0,0,0,0,0,0,0,0,0,0,0,0,0,0,0,0,0,0,0,0,0,0,0,0,0,0,0,0,0,0,0,0,0,0,0,0,0,0,0,0,0,0,0,0,0,0,0,0,0,0,0,0,0,0,0,0,0,8.17E-06,0.000651828,-0.006462214,-0.015654973,-0.012222886,-0.001821078,0.000260487,0,0,0,0,0,0,0,0,0,0,0,0,0,0.000328159,-0.012603237,0.072463048,0.207618907,0.153823836,0.014175603,-0.002389629,0,0,0,0,0,0,0,1.91E-17,0.000378711,-0.002363081,-0.020794611,-0.02242179,-0.000913586,-0.004198921,-0.008076974,0.538081444,1.023742902,0.866542416,0.199718001,-0.025644287,5.19E-18,0,0,0,0.0002079,-0.001352635,-0.011256468,-0.016108558,-0.02305079,0.00611089,0.216472546,0.234324534,-0.005212163,-0.010947798,0.035223442,0.689352073,1.029915152,1.015981277,0.373330848,-0.047151156,0.000241694,0,0,0,0.000267268,-0.006018252,0.054340324,0.078590763,0.352774958,0.778737481,0.920260996,0.953676437,0.591670692,0.00321109,-0.048319853,0.452546438,1.047351412,1.014102089,0.611798897,0.017200214,-0.00704177,0,0,0.000251225,-0.026915128,0.188992443,0.749523438,0.882700044,0.958701065,1.019973554,1.001115605,1.033843444,0.765325283,0.006799547,-0.047930068,0.342551726,0.986636132,1.007093427,0.870906097,0.096407607,-0.015712827,0,0,-0.003737234,-0.013338888,0.515691602,1.034453414,1.001880634,0.997467405,0.964133291,0.987400667,1.022483081,0.746673526,0.001362081,-0.043463577,0.277694836,0.947017429,0.998115111,1.027399323,0.147456484,-0.021211193,0,0,-0.009968171,0.043051802,0.707454248,1.017464733,1.023003966,0.657548424,0.18326704,0.863980188,1.034627025,0.785665254,0.047473754,-0.048067157,0.493697746,1.036988954,1.008728809,0.804541718,0.074886266,-0.013392565,0,0,-0.017576934,0.113809262,0.923077104,0.998071453,1.0200505,0.369137136,-0.038874536,0.615024237,1.042747192,0.817621477,0.091874506,0.186667329,0.863957363,1.00873446,0.995897433,0.417676505,-0.02261567,-0.002135757,0,0,-0.021301788,0.148395492,1.02907622,1.004782911,0.875753333,0.189144824,-0.052053514,0.225044586,0.913885203,0.927337705,0.595390424,0.866265935,1.002267454,1.011799424,0.659857221,0.037410691,-0.01160763,0.000301659,0,0,-0.019191006,0.126744986,0.986780042,1.05304839,0.885263855,0.166189066,-0.023601158,-0.018333214,0.321497668,0.951025327,1.0561899,1.042861991,1.040017497,0.968157765,0.242164556,-0.025066483,0.000782683,0,0,0,-0.004787411,0.027000989,0.281636642,0.430756706,0.395162633,0.052299871,-0.007585096,-0.001238783,-0.02256364,0.251189032,0.356220129,0.349194285,0.355275718,0.287517548,0.019093444,-0.002330729,0,0,0,0,0.000512663,-0.003308671,-0.027466708,-0.022197678,-0.014765744,-0.005369536,0.000640822,0.000153799,-0.0008077,-0.024872243,-0.029392004,-0.029029442,-0.029443168,-0.026389706,-0.004023284,0.000334559,0,0,0,0,6.13E-06,-2.38E-05,-0.00042065,-0.00131781,-0.001419679,-6.14E-05,1.47E-05,1.84E-06,2.14E-06,-0.00038511,-0.000679687,-0.000661765,-0.000674173,-0.000485294,-9.19E-06,2.76E-06,0,0,0,0,0,0,0,0,0,0,0,0,0,0,0,0,0,0,0,0,0,0,0,0,0,0,0,0,0,0,0,0,0,0,0,0,0,0,0,0,0,0,0,0,0,0,0,0,0,0,0,0,0,0,0,0,0,0,0,0,0,0,0
0,0,0,0,0,0,0,0,0,0,0,0,0,0,0,0,0,0,0,0,0,0,0,0,0,0,0,0,0,0,0,0,0,0,0,0,0,0,0,0,0,0,0,0,0,0,0,0,0,0,0,0,0,0,0,0,0,0,0,0,0,0,0,0,0,0,0,0,0,0,0,0,0,0,0,0,0,0,0,0,0,0,2.20E-05,0.000547794,-0.012247243,-0.025967525,-0.005875,0.000748441,0,0,0,8.27E-05,-0.000518222,-0.004568321,-0.004054228,-0.00010723,2.39E-05,0,0,0,0,0,-2.12E-05,-0.004203976,0.069155093,0.178309624,0.023670411,-0.008613795,0.000425517,-5.35E-16,-5.52E-16,0.000145867,-0.000968927,-0.007265302,-0.011307326,-0.007885263,0.000474418,1.61E-18,0,0,0,0,-0.002182137,-0.013861452,0.583281676,0.88675897,0.374782067,-0.007319446,-0.025602533,-0.020751634,-0.020798441,-0.031484375,0.061651244,0.586136063,0.565996272,0.086672028,-0.007783956,6.11E-05,0,0,0,0,-0.003463088,-0.012068879,0.762513028,1.039097333,0.940802403,0.764418004,0.740683897,0.744127838,0.763205315,0.523321427,0.331503039,0.98476793,1.061740179,0.607150069,-0.034696388,-0.001492956,9.78E-05,0,0,4.54E-05,-0.00271111,-0.023275582,0.732537224,1.037739924,1.028200742,1.025127933,1.022924956,1.018620302,1.017938164,1.017491677,0.444721543,0.479681032,1.008687279,0.844411594,0.126466929,-0.011695712,-0.000519812,0,0,-0.000278629,-0.01615777,0.141159909,0.851690445,0.966918607,0.659908292,0.904358601,0.956757336,0.979365877,0.997735243,1.019742528,0.529268409,0.053869656,0.772171705,1.040808636,0.58989168,0.012307081,-0.006454929,0,0,-0.006783769,0.013687987,0.615801777,1.052519182,0.571531403,-0.019392548,0.043688734,0.063013634,0.754809079,1.029485532,1.010736656,0.333916286,-0.062381706,0.632338797,1.028986043,1.006744996,0.137263259,-0.020200844,0,0,-0.010785165,0.049185266,0.751686411,0.957671092,0.197443559,-0.02026857,-0.0275533,0.279468307,0.924099894,1.009227294,0.647573563,0.010479716,-0.070835206,0.627054926,1.023729779,1.028298917,0.146370103,-0.02112677,0,0,-0.009355849,0.049141334,0.614058487,0.375767719,-0.007965805,-0.006702455,-0.001298811,0.565772526,1.041394171,0.946116411,0.406988182,0.176501115,0.442143716,0.900694597,1.020639395,0.952222018,0.118292447,-0.018195005,0,0,0.000263821,-0.001413008,-0.016619009,-0.018289931,-0.002511234,-0.005143995,0.000187365,0.576650974,1.036348958,0.997963218,1.008830355,1.018728836,1.020852754,1.016561377,0.991081274,0.499514825,-0.001101056,-0.004587418,0,0,0,0,0,0,0,-0.001230426,-0.022713149,0.313948938,0.933174598,1.026069496,1.016383629,1.017734193,1.013737626,0.901703551,0.345742119,0.05878719,-0.007390496,-7.71E-05,0,0,0,0,0,0,0,0.000171569,-0.00487261,0.012434351,0.227980733,0.561617902,0.567583589,0.577029252,0.479949449,0.148291888,-0.025669084,-0.01282501,0.000727345,5.21E-05,0,0,0,0,0,0,0,0,0.000338755,-0.002268893,-0.01649903,-0.035003064,-0.0352981,-0.035819779,-0.030498928,-0.012026093,-0.000707057,0.000104167,0,0,0,0,0,0,0,0,0,0,0,0,0,0,0,0,0,0,0,0,0,0,0,0,0,0,0,0,0,0,0,0,0,0,0,0,0,0,0,0,0,0,0,0,0,0,0,0,0,0,0,0,0,0,0,0,0,0,0,0,0,0,0
0,0,0,0,0,0,0,0,0,0,0,0,0,0,0,0,0,0,0,0,0,0,0,0,0,0,0,0,0,0,0,0,0,0,0,0,0,0,0,0,0,0,0,0,0,0,0,3.91E-05,8.76E-05,-0.006644654,-0.022871061,-0.034517549,-0.025414014,0.000725612,0,0,0,0,0,0,0,0,0,8.43E-06,4.44E-05,-0.001859528,-0.004467065,-0.013281868,-0.031611605,0.021139621,0.175760144,0.282895731,0.204199244,-0.005944819,0,0,0,0,0,0,0,0,0,0.001171824,-0.020966078,-0.01510289,0.015808977,0.166545748,0.507194121,0.766676607,0.862443304,0.950480137,0.760599683,-0.019706393,0,0,0,0,0,0,0,0,0,-0.009945721,0.136880191,0.500121885,0.849317419,0.949457472,0.867437585,0.663019863,0.335536373,0.772258272,0.819774588,-0.020516919,0,0,0,0,0,0,0,0,0,-0.041521548,0.697238034,0.906425432,0.508306441,0.407947631,0.13533398,-0.046342729,0.201267821,0.899821487,0.378017169,-0.019568355,0,0,0,0,0,0,0,0,0,-0.02354266,0.400602078,0.533170597,-0.008898163,0.598920861,0.395093215,0.053227973,0.761123493,0.431384999,-0.015011326,-0.003896261,0,0,0.000468795,-0.0081181,-0.013360646,0.001171986,0,0,0,0.00089665,-0.015123332,-0.049142446,0.337074091,0.86165352,0.207262442,0.647626157,0.481525582,-0.028280059,-0.005686852,0.000374455,0,0,-0.003515795,0.061467429,0.100200163,-0.008789488,0,0,0,0,-0.008088542,0.020002025,0.687903833,0.655522061,0.303525327,0.604352652,0.023182513,-0.005637919,0.000183441,0,0,0,-0.018070704,0.286155782,0.515015063,-0.04517676,0,0,0,7.15E-05,-0.024130753,0.145976137,0.868912633,0.424283848,0.714985226,0.270804432,-0.035135366,0.000113817,0,0,1.18E-17,0.001106345,-0.034023863,0.501879034,0.610671041,-0.053528816,0,0,0,-0.000727124,-0.026764059,0.350729184,0.928360294,0.281340039,0.816374149,0.144701831,-0.02320704,5.49E-05,0,0.000227737,-0.002882795,-0.02774663,0.104144199,0.869889782,0.523082193,-0.046289914,0,0,0,-0.002989024,-0.001322663,0.64418355,0.698948032,0.170490273,0.899370966,0.204489557,-0.063231065,-0.026221872,-0.033087482,-0.046084037,-0.036214433,0.166750982,0.803137798,0.848115792,0.106321678,-0.011096079,0,0,0,-0.005302798,0.033053241,0.831719141,0.436353435,0.032313756,0.820237711,0.703396004,0.28649566,0.203952359,0.272219335,0.368502485,0.518415186,0.883770595,0.798079657,0.190599344,-0.022698972,0.00084678,0,0,0,-0.00951588,0.110025259,0.912914114,0.29946361,-0.050874811,0.333850405,0.895211618,0.953838712,0.883487898,0.930930727,1.004867324,0.924872243,0.559359903,0.079977056,-0.026271673,0.000216333,0,0,0,0,-0.007988051,0.086342065,0.853321027,0.283552815,-0.036893726,-0.01063637,0.067111826,0.318647723,0.342413246,0.340831941,0.285856771,0.072969839,-0.012790101,-0.016906693,0.000590579,9.50E-05,0,0,0,0,-0.004401399,0.027374455,0.724940155,0.300772212,-0.034588174,-0.001267361,-0.007486213,-0.021037837,-0.021921722,-0.022129245,-0.019572457,-0.007833538,-0.002136285,7.62E-05,8.56E-06,0,0,0,0,0,-0.00172919,0.004757331,0.334844177,0.197662142,-0.022046524,0,0,0,0,0,0,0,0,0,0,0,0,0,0,0,8.53E-05,-0.000518621,-0.014003779,-0.006181577,0.000709307,0,0,0,0,0,0,0,0,0,0,0,0,0,0,0,0,0,0,0,0,0,0,0,0,0,0,0,0,0,0,0,0
0,0,0,0,0,0,0,0,0,0,0,0,0,0,0,0,0,0,0,0,0,0,0,0,0,0,0,0,0,0,0,0,0,0,0,0,0,0,0,0,0,0,0,0,0,0,0,0,0,0,0,0,0,0,0,0,0,0,0,0,0,0,0,0,0,0,0,0,0,0,0,0,0,0,0,0,0,0,0,0,0,0,0,0,0,0,0,0,0,0,0,0,0,0,0,0,0,0,0,0,0,0,0,1.97E-17,0.000137868,-0.000600831,-0.008369077,-0.017663874,-0.024563419,-0.046009072,-0.045783122,-0.018347461,-0.000236945,0.000195738,0,0,0,0,0,0,0,0,0,0.000843035,-0.016232298,-0.003935866,0.090487983,0.199735369,0.279550654,0.524632949,0.522230903,0.196334763,-0.005513262,-0.00181781,0,0.00011489,-0.001301232,-0.007147079,-0.000196589,2.13E-05,0,0,0,-0.028275855,0.460447614,0.71146089,0.793356518,0.790923055,0.649082403,0.535402892,0.539601779,0.751444906,0.292770037,-0.017453766,0,-0.001045871,0.012504331,0.044078912,-0.016988453,0.001453518,0,0,0,-0.038559487,0.681241285,0.349061615,0.133778646,0.039469192,0.003643995,-0.027551913,-0.003242817,0.684489141,0.339978208,-0.020796228,0,-0.00346669,0.033789063,0.40099325,0.161952785,-0.014328023,0,0,0,-0.032541309,0.592345929,0.052647195,-0.018531063,-0.004081995,-0.001129136,-0.022450146,0.142972358,0.789890302,0.151250832,-0.018043471,0,0.000841248,-0.026429143,0.313705261,0.480245609,-0.04209729,0,0,0,-0.035835069,0.648318236,0.122895612,-0.008658037,7.95E-18,-0.001728196,-0.011628234,0.475897433,0.523225235,-0.001761105,-0.004594482,0.000820823,-0.014997787,0.010665084,0.539107167,0.480832227,-0.042303666,0,0,0,-0.039658599,0.708492868,0.305483439,-0.024977141,0.000627777,-0.006568985,0.075455848,0.694242919,0.123464018,-0.021726506,-0.009572695,-0.027289879,0.082684675,0.570323478,0.636942763,0.06870481,-0.007330389,0,0,0,-0.019518415,0.311334468,0.729842852,0.100747948,-0.014453603,-0.017086951,0.280837461,0.582207428,-0.059126564,-0.035181841,0.036941421,0.261646046,0.706553171,0.499969325,0.047297869,-0.017601793,0.000949054,0,0,0,-0.002881893,0.021665901,0.420411509,0.180204827,-0.020747625,-0.023493668,0.388288586,0.650756859,0.263345299,0.441912665,0.691446929,0.662159841,0.288495796,-0.009295939,-0.012013031,0.000351477,4.26E-06,0,0,0,0.000196538,-0.003290696,-0.0086731,0.004793641,-0.000439852,-0.011418556,0.156191398,0.680096882,0.700759753,0.589083693,0.31087706,0.057669884,-0.029003642,-0.001148216,0.000234397,0,0,0,0,0,1.29E-05,1.23E-05,-0.002912684,-0.00206924,0.000227467,0.000328993,-0.007729048,0.017990826,0.029331955,-0.000615038,-0.028598124,-0.01237997,0.00031924,5.06E-05,0,0,0,0,0,0,0,0,0,0,0,4.43E-05,-0.000492085,-0.003970639,-0.00439568,-0.00269139,-0.000378421,3.15E-05,9.19E-07,0,0,0,0,0,0,0,0,0,0,0,0,0,0,0,0,0,0,0,0,0,0,0,0,0,0,0,0,0,0,0,0,0,0,0,0,0,0,0,0,0,0,0,0,0,0,0,0,0,0,0,0,0,0,0,0,0,0,0,0,0,0,0,0
0,0,0,0,0,0,0,0,0,0,0,0,0,0,0,0,0,0,0,0,0,0,0,0,0,0,0,0,0,0,0,0,0,0,0,0,0,0,0,0,0,0,0,0,0,0,0,0,0,0,0,0.000269047,-0.000524772,-0.0248934,-0.037412662,-0.004240757,0.000387673,0,0,0,0,0,0,0,0,0,0,0,0,0,0,-0.001888276,0.001088928,0.197656931,0.308321657,0.018689372,-0.002306781,0,0,0,0,0,0,0,0,0,0,0.000836493,-0.007145221,-0.018866115,-0.006020527,-0.012333776,0.069291814,0.785684215,0.982988086,0.362177934,-0.026688368,0.000286169,0,0,0,0,0,0,0,1.33E-31,0.000655297,-0.010912621,0.022445585,0.113523982,0.029537446,-0.015965295,0.078801364,0.827531029,1.057740468,0.711901093,-0.023305964,-0.002038645,0,0,0,0,0,3.06E-06,0.000142974,-0.001551947,-0.013606516,0.014862725,0.532134855,0.823748196,0.342902557,-0.025859749,-0.01272069,0.513772927,1.054402914,0.765035539,0.040038739,-0.008786433,0,0,0,0,0,0.00024306,-0.003196771,-0.022001855,-0.009399484,0.357086265,0.974263075,1.010311579,0.285396063,-0.019534874,-0.043560293,0.330163433,1.012420186,0.83720026,0.118726985,-0.017189739,0,0,0,0,0,-0.001557904,-0.003032322,0.344203346,0.609400191,0.846443259,1.019871289,0.862912888,0.063818559,-0.007070602,-0.022057601,0.136763889,0.873065819,0.864147672,0.131737813,-0.018580572,0,0,0,0,0,-0.019626021,0.283603741,0.953852924,1.051614788,1.037053507,1.0227436,0.806998264,0.000887493,-0.021838031,-0.032495991,0.390036152,0.995521395,0.860907578,0.134674837,-0.018943378,0,0,0,0,0,-0.027456189,0.424412939,1.020993481,0.889466384,0.70232923,0.935375579,0.879210597,0.215510893,0.052254834,0.262355608,0.90083335,1.055674581,0.762037803,0.09591362,-0.014489829,0,0,0,0,0,-0.028141238,0.439791513,1.022543675,0.526407714,-0.008143251,0.391104133,0.9669287,0.892622038,0.753334695,0.894894725,0.969941245,0.72117916,0.297193508,-0.010211686,-0.000945742,0,0,0,0,0,-0.040544311,0.68086761,0.919947906,0.203892609,-0.035315475,-0.011534691,0.57690869,0.947481911,0.985399851,0.886246441,0.432253781,0.050334645,0.003877186,-0.002466318,0.000185501,0,0,0,0,0,-0.042521446,0.729556781,0.811634242,0.037877008,-0.008893339,-0.004907407,-0.004036969,0.147250051,0.27139374,0.124686791,-0.016089835,-0.011043879,-0.003465244,0.000239481,0,0,0,0,0,0.00059435,-0.047821998,0.724036254,0.775960631,-0.01115111,-0.003403856,4.43E-05,-0.00128251,-0.014768433,-0.025626787,-0.012783145,-0.000217014,6.38E-05,0,0,0,0,0,0,0,-0.004506135,-0.000151416,0.765248349,0.786170735,-0.005051998,-0.004117239,0,0,0,0,0,0,0,0,0,0,0,0,0,0,-0.0159435,0.107389553,0.856983235,0.634395289,-0.021228979,-0.001671355,0,0,0,0,0,0,0,0,0,0,0,0,0,0,-0.001970946,-0.015143441,0.610221743,0.359668617,-0.023452825,0.000195264,0,0,0,0,0,0,0,0,0,0,0,0,0,0,0.000297583,-0.0019487,-0.017078227,-0.010880821,0.000652574,0,0,0,0,0,0,0,0,0,0,0,0,0,0,0,0,0,0,0,0,0,0,0,0,0,0,0,0,0,0,0,0,0
0,0,0,0,0,0,0,0,0,0,0,0,0,0,0,0,0,0,0,0,0,0,0,0,0,0,0,0,0,0,0,0,0,0,0,0,0,0,0,0,0,0,0,0,0.001056622,-0.007743671,-0.030607802,-0.02616334,-0.043831071,-0.036777547,-0.005393584,0.000463495,0,0,0,0,0,0,0,0,0,0,0,2.85E-05,-0.00954902,0.06465819,0.262780076,0.213590015,0.372004068,0.304634498,0.042723209,-0.003747753,0.000121071,-0.000995404,-0.003437806,-0.000899357,6.20E-05,0,0,0,0,0,0,-0.000517616,-0.013190819,0.194232996,0.623596575,0.737212439,0.988546381,0.947521259,0.178064338,-0.013774203,-0.000465941,-0.001489277,0.004874489,-0.01709329,-0.00317693,0.000418246,0,0,0,0,0,-5.86E-05,-0.01356473,0.095342559,0.590854133,0.492662108,0.77965271,0.94775977,0.116564508,-0.01078799,-0.022036607,0.230154735,0.666643519,0.296201814,7.05E-05,-0.001921243,0,0,0,0,0,8.70E-05,-0.036087503,0.247243839,1.0228894,0.847774194,0.896719856,0.744651076,0.009433296,-0.00453576,-0.014843667,0.166828448,0.891641033,0.907819019,0.189784212,-0.024757246,0,0,0,0,0,-0.001760935,-0.015842336,0.477609165,1.022854653,0.872493652,1.013255575,0.549309972,-0.005196894,-0.00248186,0.000496703,-0.051475582,0.642355064,0.983234598,0.290438289,-0.035328543,0,0,0,0,0,-0.005520118,0.035517633,0.796241098,0.971029531,0.450331876,0.9615144,0.266717014,-0.026540254,-0.000385672,9.38E-05,-0.029691721,0.460972324,0.948233167,0.279826797,-0.034046716,4.08E-06,0,0,0,0,-0.009211193,0.094063147,0.966175313,0.882550654,0.61594795,0.879892736,0.167852328,-0.024149527,-2.84E-05,0,-0.029026042,0.465078431,0.952806015,0.287641102,-0.034208145,-5.04E-05,0,0,0,0,-0.01470961,0.194497617,1.000319342,0.563343035,0.551567625,0.837282595,0.129632047,-0.019807292,-2.94E-05,8.15E-05,-0.037798594,0.607579657,0.989584065,0.32634329,-0.033599119,-0.000445261,0,0,0,0,-0.006129442,0.066831342,0.559570261,0.331309641,0.394358754,0.942731243,0.207186206,-0.026969176,-9.52E-05,-0.000468795,-0.03964985,0.751392667,0.898338814,0.157062432,-0.021575965,2.45E-05,0,0,0,0,0.000450349,-0.013837899,0.045869512,0.053276602,0.285895762,0.936553714,0.213736429,-0.028535068,7.27E-05,-0.011789063,0.05334383,0.818227838,0.742445103,0.003895785,-0.004815698,0,0,0,0,0,2.14E-05,0.000225694,-0.006667688,-0.023987949,0.197652494,0.940830287,0.388573444,-0.020801028,-0.001823955,-0.035900188,0.283634702,0.961987847,0.596444189,-0.0393221,0.000317965,0,0,0,0,0,0,0,6.48E-18,-0.010753847,0.041694098,0.772662105,0.555560849,-0.023382898,-0.027819053,0.152138671,0.754859596,0.972058466,0.215918726,-0.015865247,0,0,0,0,0,0,0,0,0,-0.004152539,-0.000156384,0.449775871,0.848838252,0.197668896,0.075945857,0.679450287,1.060263668,0.474877417,-0.000758612,-0.002613409,0,0,0,0,0,0,0,0,0,0.000277778,-0.013308059,0.053534773,0.735562432,0.859294033,0.756091912,1.007684885,0.929358422,0.181396327,-0.031417943,0.000229933,0,0,0,0,0,0,0,0,0,0,-0.000453989,-0.004855948,0.114968645,0.67730382,0.804814351,0.724488824,0.248037636,-0.002604986,-0.002067384,0,0,0,0,0,0,0,0,0,0,0,0.000146753,-0.000606107,-0.013588814,-0.021171705,-0.019963406,-0.020787133,-0.016886744,-0.002683653,0.000422794,0,0,0,0,0,0,0,0,0,0,0,0,0,0,0,0,0,0,0,0,0,0,0,0
0,0,0,0,0,0,0,0,0,0,0,0,0,0,0,0,0,0,0,0,0,0,0,0,0,0,0,0,0,0,0,0,0,0,0,0,0,0,0,0,0,0,0,0,0,0,0,0,0,0,0,0,0,0,0,0,0,0,0,0,0,0,0,0,0,0,0,0,0,0,0,0.000115911,0.000664516,-0.018360345,-0.035710733,-0.007664114,0.000408037,1.59E-05,0,0,0,0,0,0,0,0,0,0,0,0,0,-0.001821725,-0.01104638,0.29407998,0.570763463,0.082600814,-0.014974707,0.000831193,0,0,0,0,0,2.04E-18,-2.33E-17,-1.57E-16,-2.50E-16,0.0003465,-0.002545871,-0.015382455,-0.002456087,-0.003833827,-0.013500622,0.550885093,1.076483218,0.680654071,0.028164982,-0.012349833,0.000429773,0,0,0,0,0.000474367,-0.007112779,-0.020120166,-0.02081393,-0.024635835,0.008325589,0.154256025,0.016599946,-0.003706682,-0.025355214,0.460265608,1.02779776,0.979942351,0.459497158,0.002450828,-0.004536867,0,0,0,0,-0.004694978,0.059621075,0.312350173,0.424566586,0.389722928,0.763292059,0.918345835,0.328502082,-0.021763432,-0.028740468,0.229246498,0.908653846,1.034374278,0.826640356,0.078726014,-0.013897891,0,0,0,0,-0.030696742,0.483431441,1.010018944,1.019291207,1.019955227,1.026527795,1.021946215,0.464218529,-0.033373502,-0.008517284,0.037503506,0.780992919,1.043209099,0.842441551,0.086729597,-0.014684947,0,0,0,0,-0.040858609,0.668804534,1.024918182,1.008467916,0.891788944,0.655436632,0.990671194,0.623549326,0.000290135,-0.010055134,0.000244962,0.653855664,1.03200383,0.850828908,0.089271585,-0.014954895,0,0,0,0,-0.023801317,0.358814747,1.018578142,0.711269863,0.068886579,-0.040009702,0.678769216,0.93682084,0.226363307,-0.046277499,-0.004514008,0.024867153,0.658225456,0.986812347,0.125936723,-0.018918335,0,0,0,0,-0.012989685,0.162617936,1.017877485,0.433402812,-0.05268125,-0.017956036,0.178834661,0.942476188,0.812706938,0.323786654,-0.022644182,-0.019481771,0.536406165,1.001442555,0.128157179,-0.019166156,0,0,0,0,-0.013058783,0.163800209,1.015508455,0.47363715,-0.035046427,-0.001700213,-0.028153136,0.285119526,0.854921426,0.993089011,0.616347428,0.556476431,0.966804452,0.840126999,0.083737383,-0.014382992,0,0,0,0,-0.013127298,0.164928768,1.021162173,0.429355086,-0.049763055,0.000126634,-0.001395867,-0.026327785,0.146156812,0.653794196,0.971683483,1.03585066,0.780002519,0.198848601,-0.019818648,-0.000433177,0,0,0,0,-0.013110549,0.164822695,1.018410641,0.428630447,-0.049487179,0,6.89E-05,0.000742102,-0.020369094,0.024040721,0.260507898,0.337481413,0.103671977,-0.016918164,0.000125199,7.23E-05,0,0,0,0,-0.013120864,0.164888021,1.020624132,0.423160692,-0.051583558,0.000217014,0,4.48E-18,0.000473346,-0.008132312,-0.024594788,-0.026653339,-0.016779531,-0.000337265,0.000139415,0,0,0,0,0,-0.013346916,0.168418845,1.024101154,0.499343733,-0.027133678,-0.002431407,0,0,4.60E-06,-7.18E-06,-0.000438981,-0.00070818,-2.81E-05,4.44E-06,0,0,0,0,0,0,-0.009130386,0.095952587,0.910134252,0.746556568,0.046091809,-0.010463801,0,0,0,0,0,0,0,0,0,0,0,0,0,0,-0.001167535,-0.005573342,0.308853826,0.264468529,-0.015008306,-0.001125919,0,0,0,0,0,0,0,0,0,0,0,0,0,0,0.000126379,0.000187653,-0.028935185,-0.024199602,0.001336319,0.000106379,0,0,0,0,0,0,0,0,0,0,0
0,0,0,0,0,0,0,0,0,0,0,0,0,0,0,0,0,0,0,0,0,0,0,0,0,0,0,0,0,0,0,0,0,0,0,0,0,0,0,0,0,0,0,0,0,0,0,0,0,0,0,0,0,0,0,0,0,0,0,0,0,0,0,0,0,0,0,0,0,0,0,0,0,0,0,0,0,0,0,0,0,0,0,0,0,0,0,0,0,0,0,0,0,1.84E-06,0.000644608,-0.005014706,-0.020678615,-0.004694264,0.000431985,0,0,0,0,0,0,6.61E-18,-6.59E-17,-4.15E-16,-4.62E-16,-4.66E-16,-3.84E-16,-5.86E-17,8.32E-18,9.61E-05,-0.005134055,0.017579606,0.127984239,0.013010935,-0.002730801,0,0,0,0.00015083,-0.000890693,-0.009708776,-0.012681951,-0.017740162,-0.021026796,-0.020758442,-0.020779208,-0.021384634,-0.010844907,0.000240512,-0.001222018,-0.014477192,0.368497464,0.871984698,0.364958947,-0.017408939,0,0,0,-0.000784717,0.004629194,0.049720303,0.063785618,0.208603094,0.637500957,0.689571563,0.669089621,0.578038808,0.145373218,-0.009816083,-0.00162259,-0.005246848,0.196230093,0.783738569,0.797328426,-0.020375579,0,0,0,-0.008698789,0.048189542,0.617548135,0.787024169,0.790188164,0.822289467,0.786242511,0.999116507,1.067564696,0.505449159,-0.02305919,-0.002822032,0.000276382,-0.058250936,0.514427151,0.88958352,-0.018406522,0,0,0,-0.027406547,0.217006196,0.910404956,0.492020289,0.139820432,0.085838548,0.364421535,0.985612149,0.766266187,0.163699057,-0.019245546,-0.000173713,0.00027451,-0.048830389,0.52315625,0.885353736,-0.018482094,0,0,0,-0.029078717,0.235254783,0.894646072,0.242187551,-0.051441993,0.027202519,0.721304688,0.881720656,0.13562357,-0.020273012,0.000406221,7.95E-05,-0.012448461,0.051407748,0.727530093,0.685632448,-0.020234205,0,0,0,-0.022648893,0.173188062,0.868575963,0.398886932,-0.043781318,0.125339468,0.996028254,0.525806509,-0.026837623,-0.002833214,-0.000722012,-0.008636863,-0.045632098,0.290805658,0.932555573,0.247325204,-0.018130276,0,0,0,-0.031990343,0.263231218,0.904198123,0.240858998,-0.029242234,0.067408127,0.814273504,0.703485641,0.035158252,-0.050420692,-0.042307298,0.016955689,0.219814317,0.867097261,0.648403483,0.015784449,-0.008430829,0,0,0,-0.031397823,0.262592729,0.819888668,0.055158888,-0.00721829,-0.018435398,0.257183058,0.917270357,0.706509259,0.458639808,0.473845169,0.689822049,0.913988715,0.55659552,0.053746085,-0.009388121,3.40E-05,0,0,0,-0.028106885,0.229408037,0.832399884,0.14165739,-0.010700708,-0.002059078,-0.010803173,0.230383953,0.618956784,0.652304092,0.652146807,0.613432479,0.314591435,0.003931134,-0.011242034,0.000649688,2.55E-05,0,0,0,-0.003004769,0.017887714,0.209520987,0.029560015,-0.002306424,0.00034487,-0.002145884,-0.022290679,-0.004051334,-0.000846456,-0.000671192,-0.003936887,-0.021465788,-0.006885229,0.000450725,0,0,0,0,0,0.000286169,-0.001980239,-0.014936581,-0.002100694,0.000165594,0,3.32E-05,-0.000390829,-0.002773386,-0.00296155,-0.002974196,-0.002748162,-0.000785539,6.47E-05,1.69E-06,0,0,0,0,0,0,0,0,0,0,0,0,0,0,0,0,0,0,0,0,0,0,0,0,0,0,0,0,0,0,0,0,0,0,0,0,0,0,0,0,0,0,0,0,0,0,0,0,0,0,0,0,0,0,0,0,0,0,0,0,0,0,0
0,0,0,0,0,0,0,0,0,0,0,0,0,0,0,0,0,0,0,0,0,0,0,0,0,0,0,0,0,0,0,0,0,0,0,0,0,0,0,0,0,0,0,0,0,0,0,0,2.32E-05,0.000368921,-0.006184827,-0.02435449,-0.007978568,0.000529942,0,0,0,0,0,0,0,0,0,3.83E-06,-2.41E-05,-0.000356362,-0.002364737,-0.009136195,-0.023049428,-0.033282101,0.015334882,0.185493856,0.049300001,-0.004098924,0,0,0,0,0,0,0,0,7.34E-06,0.000320108,-0.004930998,-0.031841282,-0.008918454,0.09369366,0.34092659,0.465521701,0.748427934,0.906073495,0.508778552,-0.018851954,0,0,0,0,0,0,0,0,0.001545392,-0.016595878,0.000871102,0.307176164,0.551131264,0.945084859,0.995385229,1.00113591,1.049247362,0.951520544,0.33702842,-0.017731481,0.000643382,-0.004640693,-0.019962725,-0.005344428,0.000417007,0,0,0,-0.017832946,0.137949704,0.593002859,1.029709406,1.006631349,0.942445868,0.96045338,1.008219686,0.830342014,0.319019267,-0.014641423,-0.002996153,-0.006678922,0.048188998,0.207070398,0.046733045,-0.004323257,0,0,0,-0.047192864,0.400333507,1.057207071,1.025122872,0.685761146,0.277430051,0.872116217,0.942511329,0.211448253,-0.024170285,-0.004133494,0.000411724,-0.032400024,0.237242605,0.964917078,0.48967951,-0.019583045,0,0,0,-0.017484,0.121577138,0.833171977,1.041993719,0.480934436,0.299886929,1.022409007,0.847311138,0.064893859,-0.010163501,0.000293506,0,-0.024919424,0.175316296,0.823657441,0.586542827,-0.017922113,0,0,0,7.58E-05,-0.044436683,0.724224163,1.048716725,0.344887357,0.332265756,1.018278408,0.964100933,0.201679568,-0.015119434,0,4.78E-05,-0.025081189,0.169670343,0.780480137,0.653345868,-0.016585478,0,0,0,-0.001175248,-0.029540237,0.675940155,1.044406914,0.36007947,0.476090644,1.040228792,0.98229485,0.284523795,-0.021513787,0.000183441,-0.000422181,-0.024053207,0.252722137,0.954907169,0.8394252,-0.020703976,0,0,0,-0.001113693,-0.02924823,0.66309375,1.012456767,0.326151893,0.114959473,0.765875902,1.017905025,0.56100594,-0.023574414,-0.001543455,-0.000522297,-0.028745881,0.32308364,1.033067096,0.778961042,-0.020687296,0,0,0,-0.001278165,-0.02986444,0.703867165,1.014209232,0.333218479,-0.063235936,0.301724485,0.948142758,0.909729084,0.208927004,-0.051341766,-0.001396957,-0.0328438,0.273702186,1.02660856,0.466204152,-0.020669935,0,0,0,-0.000203824,-0.026003745,0.438834814,1.018448274,0.381621102,-0.05210876,0.009522161,0.68782084,1.020883527,0.643281556,0.167061235,-0.012794067,-0.006001991,0.598339103,1.047316211,0.147977015,-0.021074857,0,0,0,2.04E-05,-0.021066721,0.308539931,1.012439883,0.38796344,-0.045355672,-0.032144948,0.509919356,1.054578721,0.806264229,0.725765766,0.251338065,0.038055028,0.845298952,0.855611622,0.091141379,-0.014570908,0,0,0,0,-0.01391105,0.197330695,0.755176045,0.354443474,-0.040396233,-0.010162735,0.119424598,0.682285437,0.896018501,0.999182973,0.959566313,0.78452405,1.013328891,0.561371545,-0.002400619,-0.005027914,0,0,0,0,-0.005302747,0.084306543,0.161129119,0.087344141,-0.00984061,0.00050914,-0.013091282,-0.008006298,0.440576185,0.958233833,1.025675654,1.043684896,0.776411509,0.131330984,-0.018984041,6.42E-05,0,0,0,0,0.000628592,-0.009852432,-0.021097795,-0.011059883,0.001249689,1.59E-05,0.000291876,-0.007769302,0.010390339,0.129047713,0.152744571,0.276155749,0.087317119,-0.020554146,0.00115938,2.85E-05,0,0,0,0,0,0,0,0,0,0,1.23E-05,0.000355562,-0.005010723,-0.018128592,-0.020940053,-0.021090516,-0.012578295,0.000177185,6.11E-05,0,0,0,0,0,0,0,0,0,0,0,0,0,0,0,0,0,0,0,0,0,0
0,0,0,0,0,0,0,0,0,0,0,0,0,0,0,0,0,0,0,0,0,0,0,0,0,0,0,0,0,0,0,0,0,0,0,0,0,0,0,0,0,0,0,0,0,0,0,0,0,0,0,0,0,0,0,0,0,0,0,0,0,0,3.55E-05,-6.23E-05,-0.00349183,-0.020210784,-0.017540696,-0.004977732,-0.006231567,-0.006181168,-0.003031046,-0.000491115,6.97E-05,0,0,0,0,0,0,0,0,0,0.001008112,-0.011560883,0.005204231,0.292921824,0.245287769,0.017175632,0.039786748,0.038994213,0.000221439,-0.012794935,-0.000801027,0.000171569,0,0,0,0,0,0,0,0,-0.01403571,0.096305147,0.675003915,1.010110635,1.026012391,1.00125693,0.974315751,0.949108915,0.605087486,0.187706512,-0.008845339,-0.001049581,0.000599554,-0.028944547,-0.023679194,0.00257837,5.91E-18,0,0,0,-0.046522767,0.394909195,1.05435306,0.854374864,0.460244468,0.429874224,0.784018791,1.0202989,1.053435713,0.602942096,0.007988056,-0.007422471,-0.006595095,0.319109137,0.252273114,-0.031031654,0.00028765,0,0,0,-0.050202777,0.439363526,0.947666201,0.219402219,-0.054208213,-0.03967098,0.587969695,1.052303123,0.775688873,0.218213332,0.006201665,-0.004917163,-0.011890754,0.560175441,0.720726615,0.028342822,-0.00862633,0,0,0,-0.049721577,0.45079776,0.665006825,-0.013425807,-0.015253217,0.050276996,0.734826355,0.94281233,0.181390455,-0.028067232,-0.000291468,-0.001979116,-0.011127502,0.526407884,0.847551232,0.067748206,-0.013753064,0,0,0,-0.049610289,0.432435832,0.977920701,0.036100116,-0.025671875,0.133685694,1.009490009,0.608426624,0.013192572,-0.003735805,0,-0.001533344,-0.014891765,0.418778595,0.95043447,0.292652851,-0.018779616,0,0,0,-0.049584607,0.4305593,1.007438011,0.039478588,-0.016893655,0.049761985,0.76195127,0.430141476,-0.025125051,-0.00103845,0,-2.96E-05,-0.025436223,0.178720878,0.921232503,0.428658755,-0.020963712,0,0,0,-0.049595614,0.430949925,1.002301522,0.038880855,-0.013012119,0.013365385,0.641981805,0.779733507,0.011811445,-0.004091197,0,8.73E-06,-0.015051011,0.079277863,0.777848975,0.747281637,-0.020707891,0,0,0,-0.051548065,0.448706365,1.027388661,0.038785431,-0.007282163,-0.023480138,0.309969036,0.710721077,0.019374941,-0.020050752,0.001649981,3.55E-05,-0.021843484,0.133421198,0.859499171,0.885062398,-0.020720041,0,0,0,-0.033613387,0.284405773,0.818650837,0.04211797,-0.00531861,-0.006825547,0.021279378,0.485723363,0.49217162,0.092102652,-0.038519679,-0.026651399,-0.055260587,0.193748349,0.923075061,0.864981078,-0.020722188,0,0,0,-0.001116139,0.004270867,0.121157424,0.012031676,-0.001043556,0.000570706,-0.010999064,0.040817419,0.746343393,0.638111452,0.36242895,0.418050841,0.487133595,0.691709014,1.023045054,0.836838643,-0.021130515,0,0,0,0.000418246,-0.003020221,-0.019607537,-0.001590074,0.000154412,0,0.000203738,-0.005964971,0.007199193,0.213650225,0.758217358,0.930567368,1.073210716,1.026840669,0.803217507,0.227617335,-0.01490928,0,0,0,0,0,0,0,0,0,2.57E-05,-0.0001106,-0.003544271,-0.017200402,0.078867759,0.249600609,0.447496664,0.372790594,0.118959304,-0.008442889,-0.00133255,0,0,0,0,0,0,0,0,0,0,0,1.04E-17,0.000338347,-0.01239072,-0.030800212,-0.051814439,-0.044028372,-0.017056378,-0.000771293,0.000228283,0,0,0,0,0,0,0,0,0,0,0,0,0,0,0,0,0,0,0,0,0,0,0,0,0,0,0,0,0,0,0,0,0,0,0,0,0,0,0,0,0
0,0,0,0,0,0,0,0,0,0,0,0,0,0,0,0,0,0,0,0,0,0,0,0,0,0,0,0,0,0,0,0,0,0,0,0,0,0,0,0,0,0,0,0,0,0,0,0,0,0,0,0,0,0,0,0,0,0,0,0,0,0,0,0,0,0,0,0,0,0,0,0,0,0,0,7.79E-05,-0.000887714,-0.000289073,3.11E-05,0,0,0,0,0,0,0,0,0,0,0,0,0,0,0,0.000893382,-0.006952427,-0.021922845,-0.013518354,0.000375647,0,0,0,0,0,6.53E-18,-1.79E-17,-4.10E-16,-0.011069327,-2.93E-16,-3.60E-17,4.55E-18,7.78E-20,0,0,-0.006834559,0.037796535,0.343171262,0.151253584,-0.009030161,0,0,0,0,1.89E-05,0.000511472,-0.007559062,-0.021076219,0.105887449,-0.02122549,-0.012091163,-0.000214801,7.30E-05,0,0,-0.023229779,0.152140744,0.896497089,0.550019669,-0.021222256,0,0,0,0,-4.20E-05,-0.011875127,0.073001304,0.610904264,0.909400461,0.482983759,0.104109783,-0.012806874,-3.01E-05,0,0,-0.011360829,0.04892077,0.728980236,0.710494007,-0.020573288,0,0,0,0,-0.00133844,-0.02172098,0.441220367,1.039453278,0.792905219,1.05070481,0.762550909,0.070305062,-0.008289165,9.29E-05,2.45E-06,-5.69E-05,-0.047954333,0.546667279,0.761400218,-0.01916905,0,0,0,0,-0.007001225,0.059540748,0.851368839,0.989991251,0.185226703,0.459586363,0.984893536,0.491063402,-0.040154905,-0.000780339,0.000623877,-0.016051811,0.004485788,0.682912735,0.606056147,-0.020299394,0,0,0,0.000509559,-0.029452802,0.369998928,1.028853316,0.765782833,0.043436417,-0.036662803,0.61112386,0.905133629,0.178997787,-0.040383358,-0.028583469,-0.001218342,0.415242392,0.974258698,0.384139083,-0.020034892,0,0,0,-0.005568464,0.011188283,0.715688249,1.055361741,0.543978758,-0.005370246,-0.017273182,0.099541343,0.85270578,0.803182904,0.294407332,0.230890336,0.558420411,0.984780484,0.621334848,0.009488657,-0.007695057,0,0,0,-0.011047873,0.060702003,0.807358869,0.931070703,0.219756363,-0.026702096,-0.000666402,-0.015181199,0.235227043,0.731815118,0.906914269,0.958937569,0.96221784,0.67456538,0.118654814,-0.021011473,0.000387775,0,0,0,-0.016975663,0.117486724,0.856120285,0.655100303,-0.023418403,-0.002207921,0.000151825,-0.00055079,-0.017650293,0.003093171,0.262257535,0.499688691,0.274866217,-0.00664922,-0.010880055,0.00048561,4.26E-05,0,0,0,-0.043915862,0.375794424,0.980808721,0.270254442,-0.02094407,0.000234397,0,0,0.00025531,-0.002033973,-0.02395311,-0.044623162,-0.025595724,-0.001255702,0.000197866,0,0,0,0,0,-0.019125596,0.168774816,0.339788246,0.004695159,-0.001678309,0,0,0,0,0,0,0,0,0,0,0,0,0,0,0,0.001207044,-0.010583946,-0.022603248,-0.00173269,0.00018796,0,0,0,0,0,0,0,0,0,0,0,0,0,0,0,0,0,0,0,0,0,0,0,0,0,0,0,0,0,0,0,0,0,0,0,0,0,0,0,0,0,0,0,0,0,0,0,0,0,0,0,0,0,0,0,0,0,0,0,0,0,0,0,0,0,0,0,0,0,0,0,0,0
0,0,0,0,0,0,0,0,0,0,0,0,0,0,0,0,0,0,0,0,0,0,0,0,0,0,0,0,0,0,0,0,0,0,0,0,0,0,0,0,0,0,0,0,0,0,0,0,0,0,0,0,0,0,0,0,0,0,0,0,0,0,0,0,0,0,0,0,0,0,3.45E-18,0.000615809,-0.007956463,-0.032907578,-0.011276654,0.001012459,1.78E-05,0,0,0,0,0,0,0,0,0,0,6.60E-05,-4.14E-05,-0.009931985,-0.017823529,-0.012987337,0.135156842,0.522406029,0.173234324,-0.01685786,-0.000223295,0,0,0,0,0,0,0,0,0,2.55E-05,0.000891831,-0.014248621,0.039033769,0.102616234,-0.01834855,0.142274282,1.045691619,0.38576137,-0.026477652,-0.000928258,0,0,0,0,0,0,0,0,2.64E-18,0.000125953,-0.023452061,0.146261914,0.660979337,0.829480035,0.313301998,0.081770311,0.912818525,0.63526588,-0.00289968,-0.00291922,0,0,0,0,0,0,0,0,0.000132485,-0.014052627,0.066316175,0.775223017,1.050506179,1.069395731,0.688003241,0.040460579,0.628558626,0.942863282,0.081359436,-0.008388264,0,0,0,0,0,0,0,0,-0.000356584,-0.016675177,0.463788472,1.021551454,0.661221116,0.719237303,0.920299939,0.091996759,0.397885502,1.001693661,0.270604796,-0.018746681,0,0,0,0,0,0,0,0,-0.014980767,0.149982639,0.904513252,0.915842984,0.149445295,0.227123638,0.989205236,0.468711868,0.338100167,0.956043045,0.271379885,-0.018527522,0,0,0,0,0,0,0,0,-0.027268859,0.290431985,0.999069239,0.643875919,-0.016735141,0.048005532,0.691462759,1.01860785,0.937505242,1.019231958,0.259784756,-0.018469465,0,0,0,0,0,0,0,0,-0.040999455,0.451623604,1.009437192,0.427603639,-0.042442317,-0.021456904,0.136637885,0.662205509,0.897089291,0.554749047,0.087325997,-0.007347018,0,0,0,0,0,0,0,0,-0.048844235,0.548112168,0.972478186,0.228757321,-0.021780264,0.001326128,-0.018059207,0.032302663,0.105776212,-0.002199275,-0.011425136,0.000562554,0,0,0,0,0,0,0,0.000408088,-0.051471661,0.538237047,0.910067568,0.047019506,-0.005804058,3.83E-05,-3.32E-05,-0.008507263,-0.016104133,-0.005018893,7.76E-05,2.45E-05,0,0,0,0,0,0,0,-0.0065,0.00731667,0.650218393,0.911357636,0.052141374,-0.006331699,0,0,0,0,0,0,0,0,0,0,0,0,0,0,-0.012544118,0.058860481,0.747089274,0.917071189,0.053100831,-0.00648063,0,0,0,0,0,0,0,0,0,0,0,0,0,0,-0.012375,0.057427032,0.744963014,0.86004924,0.033575878,-0.004765795,0,0,0,0,0,0,0,0,0,0,0,0,0,0,-0.012969304,0.06009454,0.78362582,0.684240815,-0.017735298,-0.000355418,0,0,0,0,0,0,0,0,0,0,0,0,0,0,-0.007077206,0.032792926,0.427722461,0.248777312,-0.01271361,7.23E-05,0,0,0,0,0,0,0,0,0,0,0,0,0,0,0.000643382,-0.002981175,-0.03888123,-0.023302573,0.001080814,0,0,0,0,0,0,0,0,0,0,0
0,0,0,0,0,0,0,0,0,0,0,0,0,0,0,0,0,0,0,0,0,0,0,0,0,0,0,0,0,0,0,0,0,0,0,0,0,0,0,0,0,0,0,0,0,0,0,0,0,0,0,0,0,0,0,0,0,0,0,0,0,0,6.24E-05,6.43E-05,-0.011182853,-0.019819496,-0.000929841,0.000209123,0,0,0,0,0,0.000140472,-0.000142412,-0.02806393,-0.033863307,-0.002684817,0.000517259,0,0,0,-0.000160205,-0.007158088,0.143577189,0.287710052,-0.027316176,-0.03054849,-0.015007966,-0.007465074,-0.000242341,4.87E-05,0,-0.002236775,0.001463116,0.45481553,0.539761421,0.036366689,-0.007901178,0,0,0,-0.010537279,0.057386914,0.772498792,0.951722784,0.419504102,0.174015192,0.080633834,0.014788756,-0.045683653,-0.047534654,-0.013781032,-0.003638651,0.017811887,0.790321027,1.031584678,0.131498852,-0.020127145,0,0,0,-0.025638987,0.198117239,0.892016289,1.019958606,1.015331053,0.937365544,0.778906097,0.66551217,0.527257302,0.515494298,0.149576726,-0.01272001,-0.007967865,0.546069921,1.049908565,0.420216427,-0.020689679,0,0,0,-0.020307861,0.148052328,0.852789718,1.020518324,0.975454017,0.895649791,0.896927714,0.958993824,1.030114294,1.062761591,0.495065932,-0.021892232,-0.027052981,0.202709599,0.944095057,0.830161658,-0.020829087,0,0,0,-0.015658554,0.104180147,0.82196058,1.02954953,0.925900565,0.173188585,0.033479133,0.613727209,1.03157324,0.862181645,0.219823234,-0.015080508,-0.010055385,0.032729728,0.698475422,0.890392531,-0.020211397,0,0,0,-0.02011618,0.146243566,0.851553871,1.017872396,1.021978401,0.188824141,0.032916122,0.803068219,0.947281454,0.286011727,-0.02921409,-0.001411697,-0.000967525,-0.040648029,0.572965057,0.891636959,-0.019677798,0,0,0,-0.026817904,0.209482945,0.896045292,1.018201831,0.960676062,0.149500581,0.052125204,0.812617647,0.794308092,0.018599469,-0.01000214,0.000278799,-0.001180453,-0.041377706,0.605398761,0.901044699,-0.020722018,0,0,0,-0.034067914,0.277896106,0.943940768,1.034470639,0.739812687,0.04889232,-0.047085001,0.64605239,0.92513894,0.194450334,-0.043842111,-0.004114754,-0.001509804,-0.036851052,0.613116796,0.900667115,-0.020757761,0,0,0,-0.048429129,0.413406506,1.040902515,1.030799414,0.491194526,-0.021073916,-0.024693415,0.306392354,0.999548989,0.696627617,0.135540155,-0.014359025,-0.05425375,0.040491793,0.761585035,0.894932806,-0.020751634,0,0,0,-0.045745383,0.387634395,1.049462282,0.887490213,0.164380651,-0.024287738,-0.003389229,0.009009259,0.620584116,1.055167552,0.906568356,0.506725728,0.285883817,0.445111945,0.965408973,0.798677812,-0.020881842,0,0,0,-0.019590722,0.147392072,0.792408769,0.396476222,-0.020554585,-0.000399902,-5.78E-05,-0.012488086,0.09654405,0.495369894,0.943825517,1.03240831,1.003760689,1.007347971,0.996810287,0.307480195,-0.019780944,0,0,0,0.000278016,-0.003861792,0.021247906,-0.006404939,-0.002151297,0.00024948,4.41E-05,0.000338848,-0.012583674,-0.018603111,0.17557553,0.513199908,0.731843597,0.616500443,0.24448543,-0.001911748,-0.003386949,0,0,0,9.05E-05,-0.000621426,-0.004750153,-0.001786101,0.000113817,0,0,3.12E-05,-0.000120302,-0.001670445,-0.013618024,-0.032162071,-0.043817708,-0.037632761,-0.017581904,-0.001644144,0.000269608,0,0,0,0,0,0,0,0,0,0,0,0,0,0,0,0,0,0,0,0,0,0,0,0,0,0,0,0,0,0,0,0,0,0,0,0,0,0,0,0,0,0,0,0,0,0,0,0,0,0,0,0,0,0,0,0,0,0,0,0,0
0,0,0,0,0,0,0,0,0,0,0,0,0,0,0,0,0,0,0,0,0,0,0,0,0,0,0,0,0,0,0,0,0,0,0,0,0,0,0,0,0,0,0,0,0,0,0,0,0,0,0,0,0,0,0,0,0,0,0,0,0,0,0,0,0,7.09E-18,0.00082261,-0.014045035,-0.037185509,-0.025270374,-0.012986826,0.000157118,0.000771218,-0.007768178,-0.015740554,-0.003087163,-0.000113613,3.55E-05,0,0,0,0,0,0,0,0.001731005,-0.033225592,0.202377808,0.614752911,0.395442555,0.173855596,-0.01934986,-0.01111619,0.126403322,0.221296943,0.005401144,-0.005157135,0.000399087,0,0,0,0,0,0,0.000436581,-0.016434334,0.116416548,0.610482179,0.962785675,0.947215448,0.744245558,0.132520476,-0.036822847,0.266013617,0.901445568,0.5604928,0.04734998,-0.009801221,0.0001234,0,0,0,0,0.0001154,-0.005619043,-0.02708912,0.63074457,0.936223843,0.305037956,0.492169764,1.055247413,0.56518236,-0.008107633,-0.007924479,0.633317708,1.012027812,0.359288603,-0.027178927,-0.001260383,0,0,0,0,-0.000965819,-0.004730647,0.198741541,0.813544376,0.564775547,-0.043283753,0.1655064,0.935357388,0.949260629,0.113027032,-0.049611121,0.400981309,1.046998152,0.630909054,0.009929123,-0.006594547,0,0,0,0,-0.004281352,0.019650157,0.717320261,0.871881366,0.126155511,-0.025548407,-0.012848005,0.547189083,1.057031965,0.354460784,-0.044153135,0.330090278,1.031704759,0.613633527,0.008394786,-0.006315019,0,0,0,0,-0.000409722,-0.011375068,0.165025378,0.483903612,0.381825768,0.047499592,-0.024412207,0.445800347,1.059570227,0.667778202,-0.073851869,0.505844158,1.038154139,0.425659858,-0.035068332,-0.001176641,0,0,0,0,7.90E-05,-0.03702788,0.259115809,1.025782629,0.917344992,0.143666207,-0.045026229,0.224823683,0.975285233,0.868493029,0.244071181,0.787899101,0.947042586,0.229408173,-0.0310981,0.000174632,0,0,0,0,7.20E-05,-0.038543301,0.272511029,1.068180266,0.783665719,0.002964971,-0.010482979,0.019039011,0.690444853,1.053561922,0.946456716,1.035451644,0.803204146,0.047507744,-0.009768456,0,0,0,0,0,-0.001963383,-0.013284942,0.493175421,1.052921253,0.521777451,-0.02420254,0.001330154,-0.020834285,0.101358078,0.729497057,0.927530591,0.739315441,0.175058497,-0.010347876,-0.000257504,0,0,0,0,0,-0.003580372,0.005725014,0.686128319,1.046752298,0.266234594,-0.020994179,0,0.001085069,-0.014700776,0.000419113,0.089762306,-0.006070772,-0.018334355,-0.000204078,0.000118218,0,0,0,0,0,-0.008450827,0.082741728,0.911876225,0.970896599,0.14280115,-0.018763276,0,0,0.000242545,-0.001955434,-0.009701372,-0.001355699,0.00022212,0,0,0,0,0,0,0,-0.007410846,0.059779718,1.002225763,0.721705525,0.038813083,-0.009948768,0,0,0,0,0,0,0,0,0,0,0,0,0,0,-0.015580678,0.213892446,0.976889621,0.520739617,0.005590834,-0.005277948,0,0,0,0,0,0,0,0,0,0,0,0,0,0,-0.019296197,0.276145948,1.039244324,0.578593667,0.001557027,-0.005461797,0,0,0,0,0,0,0,0,0,0,0,0,0,0,-0.007872243,0.105459814,0.51954759,0.259096201,-0.012851851,-0.001357401,0,0,0,0,0,0,0,0,0,0,0,0,0,0,0.000725082,-0.009758391,-0.047326048,-0.023446861,0.001157974,0.0001234,0,0,0,0,0,0,0,0,0,0,0
0,0,0,0,0,0,0,0,0,0,0,0,0,0,0,0,0,0,0,0,0,0,0,0,0,0,0,0,0,0,0,0,0,0,0,0,0,0,0,0,0,0,0,0,0,0,0,0,0,0,0,0.000456565,-0.002108851,-0.032156863,-0.030050956,-0.00033101,0.000156537,0,0,0,0,0,0,0,0,0,0,0,0,0,0,-0.003664897,0.015936774,0.267882132,0.241220163,-0.012266765,-0.000461193,0,0,0,0,0,0,0,0,0,4.90E-05,-0.000388896,-0.002020221,-0.00031587,4.96E-05,-0.014522569,0.085077096,0.84798092,0.917836993,0.226038739,-0.025114685,0.000902531,0,0,0,0,0,0,0,7.00E-18,0.000396752,-0.004333411,-0.026991064,-0.013077359,0.000931321,-0.004556696,0.023993671,0.265162871,0.810225371,0.69087117,0.021588286,-0.006351963,0,0,0,0,0,0,0,0.000812738,-0.018939951,0.072953729,0.516382404,0.165819478,-0.018158139,0.0001851,-0.002472331,-0.032387357,0.311615656,0.906461959,0.232023642,-0.028838205,0,0,0,0,0,0,0.000799804,-0.017563984,0.088293197,0.700279514,1.069101647,0.639632217,-0.004830232,-0.002896794,8.79E-05,-0.00873772,0.07770452,0.9388806,0.327344432,-0.038678134,0,0,0,0,0,2.24E-05,-0.006306475,0.005609256,0.578810475,0.953444587,0.750225541,0.966328125,0.203249574,-0.029390523,-0.002939699,-0.034454453,0.212500408,0.970270901,0.341706461,-0.040357507,0,0,0,0,0,-0.000350899,-0.026315632,0.256449551,0.979249626,0.858605591,0.19473812,0.86773029,0.794851852,0.146525769,-0.008284195,0.230121868,0.813325231,0.820533395,0.102792024,-0.01536994,0,0,0,0,0,-0.001061683,-0.021304194,0.367688215,1.01495081,0.877113907,0.016719975,0.27453576,0.858782901,0.848376753,0.7570691,0.948342916,0.85126845,0.205470027,-0.016911663,0.000203008,0,0,0,0,0,5.91E-05,-0.015513889,0.072273233,0.776652131,0.787344516,-2.30E-06,-0.024600099,0.162548169,0.484960086,0.668554414,0.413457601,0.136291939,-0.014339563,-0.000703125,7.34E-05,0,0,0,0,0,0,-0.016114101,0.090462136,0.793832735,0.654440921,-0.023208525,0.000293914,-0.021472474,-0.023663375,0.019639896,-0.023140975,-0.021188547,-4.89E-05,0.000102727,0,0,0,0,0,0,8.67E-05,-0.0329327,0.219725235,0.996617153,0.411835891,-0.020913501,2.45E-05,-1.65E-05,-0.002514468,-0.007564578,-0.002005889,0.000182972,0,0,0,0,0,0,0,0,-0.001006536,-0.025473005,0.406251974,0.995752604,0.20125642,-0.018918675,0,0,0,0,0,0,0,0,0,0,0,0,0,0,-0.005918199,0.040353299,0.868743362,0.637921398,0.009392469,-0.009759838,-0.002029718,0.000229779,0,0,0,0,0,0,0,0,0,0,0,0,-0.01536877,0.205970503,1.020923186,0.546208538,-0.007592332,0.028155467,0.023138787,-0.002619485,0,0,0,0,0,0,0,0,0,0,0,0,-0.007992642,0.117720571,0.442375175,0.103662594,-0.00376773,0.009851311,0.007534854,-0.000853002,0,0,0,0,0,0,0,0,0,0,0,0,0.000371732,-0.005298032,-0.020519812,-0.011202002,-6.62E-06,-0.001039965,-0.000811887,9.19E-05,0,0,0,0,0,0,0,0,0,0,0,0,0,0,0,0,0,0,0,0,0,0,0,0,0,0,0,0,0
0,0,0,0,0,0,0,0,0,0,0,0,0,0,0,0,0,0,0,0,0,0,0,0,0,0,0,0,0,0,0,0,0,0,0,0,0,0,0,0,0,0,0,0,0,0,0,0,0.000491623,-0.006665036,-0.030449635,-0.022346011,-0.001170364,0.000297583,0,0,0,0,0,0,0,0,0,0,7.35E-06,1.67E-05,-0.000960376,0.00026599,-0.015433568,0.025813113,0.24462243,0.170179602,0.005893003,-0.00202325,0,0,0,0,0,0,0,0,0,0,0.000609681,-0.004516612,-0.017612166,-0.029899107,0.129741081,0.663857673,0.943851682,0.816095146,0.090229098,-0.014704521,0,0,0,0,0,0,0,0,0,0,-0.005877451,0.029127621,0.321333129,0.198861831,0.780771191,0.878997992,0.611976716,0.984993311,0.151053106,-0.020975797,0,0,0,0,0,0,0,0,0,0,-0.020690257,0.130087861,0.839289777,0.864541448,0.959647842,0.27971829,0.163682734,0.955671075,0.153263778,-0.020689849,0,0,0,0,0,0,0,0,0,7.70E-05,-0.026920937,0.169107982,0.902937542,1.027285176,0.45228748,-0.050529092,0.200532252,0.95520238,0.153758387,-0.020728194,0,0,0,0,0,0,0,0,0,-0.000648744,-0.027756179,0.334824653,1.033881349,0.677931919,0.003401331,-0.033919305,0.181874506,0.920367715,0.156724553,-0.020669935,0,0,0,0,0,0,0,0,0,-0.001801215,-0.014977107,0.473912037,1.037128949,0.322555321,-0.024139689,-0.018267957,0.112612796,0.822510689,0.157409095,-0.020666871,0,0,1.84E-05,0.001311606,-0.014510417,-0.009794118,0,0,0,-0.001798407,-0.015090788,0.481040935,0.961206904,0.107067197,-0.017685526,-0.016399203,0.092946929,0.797705899,0.235433618,-0.02076508,1.60E-17,-8.25E-18,0.000680147,-0.017991861,0.079833163,0.071503728,0,0,0,-0.001723346,-0.016020527,0.469820925,0.996745319,0.174738732,-0.018914931,-0.008748775,0.026458742,0.689627859,0.516140801,-0.038963099,-0.015972222,-0.016975592,-0.030076593,0.036110262,0.723203329,0.293952768,0,0,0,-0.003524979,0.005990023,0.668214436,0.986695983,0.419814498,-0.018849279,0.00021004,-0.029078564,0.298731843,0.851759601,0.288212364,0.080718716,0.116184488,0.310837189,0.770360656,0.985240886,0.229489456,0,0,0,-0.005560253,0.033722597,0.90394967,0.518176266,0.040390407,-0.003997481,6.43E-05,-0.001985294,-0.005784995,0.698194037,0.993342695,0.908428615,0.951911441,0.941517804,0.691696934,0.26232307,-0.001929636,0,0,0,-0.006308568,0.048229694,0.94901651,0.332031335,-0.044343246,5.12E-05,0,0.000212759,-0.009197644,0.089345182,0.419924854,0.551187347,0.468923407,0.194657322,0.027266401,-0.029242153,-0.000357435,0,0,0,-0.006236315,0.048057632,0.935670956,0.313385638,-0.042144379,0.000403901,0,9.15E-18,0.000630787,-0.015647242,-0.022119162,-0.007588763,-0.018222358,-0.030172845,-0.008874587,0.000456495,0,0,0,0,-0.006253166,0.045303445,0.952111622,0.482263429,-0.00317002,-0.004220282,0,0,1.02E-05,1.65E-05,-0.001243617,-0.002404667,-0.001607741,9.76E-05,0,0,0,0,0,0,-0.002135767,0.00449326,0.410554808,0.435156842,0.02748005,-0.006093311,0,0,0,0,0,0,0,0,0,0,0,0,0,0,0.000126123,-0.000875374,-0.019385212,-0.012003166,-0.000469304,0.00014808,0,0,0,0,0,0,0,0,0,0,0,0,0,0,0,0,0,0,0,0,0,0,0,0,0,0,0,0,0,0,0
0,0,0,0,0,0,0,0,0,0,0,0,0,0,0,0,0,0,0,0,0,0,0,0,0,0,0,0,0,0,0,0,0,0,0,0,0,0,0,0,0,0,0,0,0,0,0,0,0,0,0,0,0,0,0,0,0,0,0,0,0,0,0,0,0,0,0,0,0,0,3.08E-18,0.000240502,-0.005561789,-0.008089103,-0.000267463,9.83E-05,0,0,0,0,0,0,0,0,0,0,0,0.000190779,-0.001381127,-0.008880515,-0.000718137,-0.003496834,0.09192965,0.099924309,-0.020745711,-0.000973958,9.37E-05,0,0,0,0,0,0,4.34E-18,-4.39E-17,0.000404242,-0.003527539,-0.032912284,-0.040746324,0.026446317,-0.014911901,-0.013015421,0.183533726,0.67263237,0.217605869,-0.031212929,0.000316942,7.33E-18,0,0,0,0.000239992,-0.001383454,-0.013974673,-0.018528561,-0.025269608,0.021549224,0.346084054,0.603941279,0.692143859,0.251433041,-0.017760893,-0.024215482,0.290477958,0.747088474,0.187351375,-0.023627128,0.000407647,5.45E-05,0,0,-0.001570971,0.009140338,0.085582681,0.171457544,0.628241579,0.860964732,0.886902406,1.025584753,0.880947237,0.15237791,-0.012025244,-0.001956301,-0.03993228,0.595929232,0.792849541,0.093054893,-0.014652935,4.48E-05,0,0,-0.013032918,0.075693459,0.757319785,0.960263974,0.819408548,0.554991881,0.232009141,0.843803802,0.48015882,-0.024544935,-0.001258578,0.0002772,-0.011556815,0.0964463,0.842952614,0.584417909,0.008067649,-0.005950776,0,0,-0.003757149,-0.003035853,0.426026995,0.935596269,0.238754357,-0.056317317,0.13392607,0.923526042,0.26106587,-0.031128608,-0.000141748,0,-0.001107639,-0.02632467,0.455648523,0.936720214,0.104625729,-0.016653901,0,0,0.00049326,-0.01603838,0.056721116,0.73126217,0.513814015,-0.030293573,0.090555318,0.857251208,0.38769647,-0.032132983,-0.000539931,-1.24E-19,-0.000744843,-0.030711584,0.412055624,0.996293164,0.125073988,-0.018812636,0,0,0,0.000797358,-0.024975746,0.265454419,0.785054143,0.090409331,-0.031907281,0.506340618,0.788566074,0.079757949,-0.023464835,-0.013039453,-0.02970675,0.087551454,0.751494281,0.817672692,0.068611145,-0.012836329,0,0,0,0,-0.008792752,0.104649763,0.850418552,0.197209178,-0.046392282,0.114359297,0.827509104,0.646504406,0.082467269,0.072221995,0.298854137,0.808803555,0.92058832,0.298763656,-0.020943283,-0.001231095,0,0,0,0,-0.009730239,0.112809283,0.928581291,0.311065836,-0.036073132,-0.027779633,0.278429432,0.873169271,0.861717661,0.824507375,1.020100286,0.814195806,0.224596473,-0.027679449,-0.001455301,0.000217865,0,0,0,0,-0.009905995,0.123426998,0.866678717,0.213073563,-0.026625494,8.57E-05,-0.015178479,0.139073121,0.349640251,0.453147463,0.276835223,0.12046395,-0.022558841,0.00016762,4.08E-05,0,0,0,0,0,-0.008676011,0.109355086,0.775833384,0.131156063,-0.01775264,0.000168199,-0.001095588,-0.02304599,-0.028065734,-0.018570584,-0.032993447,-0.019735005,0.000123468,9.28E-05,0,0,0,0,0,0,-0.002468495,0.026114805,0.304359732,0.043769472,-0.006175044,0,0,5.62E-05,-0.000633681,-0.001476091,-0.000166718,1.66E-05,0,0,0,0,0,0,0,0,9.32E-05,-0.000720823,-0.012736028,-0.006570666,0.000742003,0,0,0,0,0,0,0,0,0,0,0,0,0,0,0,1.74E-05,-0.00021412,-0.001892361,0.000104167,0,0,0,0,0,0,0,0,0,0,0,0,0,0,0,0,0,0,0,0,0,0,0,0,0,0,0,0,0,0,0,0,0
0,0,0,0,0,0,0,0,0,0,0,0,0,0,0,0,0,0,0,0,0,0,0,0,0,0,0,0,0,0,0,0,0,0,0,0,0,0,0,0,0,0,0,0,0,0,0,0,0,0,0,0,0,0,0,0,0,0,0,0,0,0,0,0,0,5.44E-19,9.29E-05,-0.000687854,-0.009050603,-0.022255515,-0.021937908,-0.001627451,0.000297175,0,0,0,0,0,0,0,0,0,0,0,0,0.000390625,-0.004821112,-0.025855771,0.095536373,0.327918403,0.344141833,0.028454095,-0.004853858,-0.000563725,-0.006744485,-0.000619792,5.61E-05,0,0,0,0,0,0,0,0.000390625,-0.004411765,-0.009869196,0.351579396,0.868591656,1.025976477,0.76445641,0.040672335,-0.008317231,-0.005894097,0.013129357,-0.016119758,0.000854065,2.20E-17,0,0,0,0,0,0,-0.003788297,0.001261829,0.393335886,0.979447943,1.02274503,1.032164999,0.677850541,-0.046275582,-0.016382944,0.131528969,0.606691755,0.233066159,-0.024068338,0.000830072,8.51E-06,0,0,0,0,0,-0.028469488,0.198322395,0.945372658,0.983436105,0.919675971,1.036904886,0.689669024,-0.042018568,-0.0077711,0.034641916,0.696785343,0.913071912,0.231867892,-0.035974185,0.000573254,0,0,0,0,0.000191483,-0.035259446,0.22367373,0.989022944,0.645960655,0.67932033,1.048674905,0.606407322,-0.037435355,0.000550324,-0.02591636,0.300618056,1.016195057,0.564129681,0.004834138,-0.005599639,0,0,0,0.000366883,-0.004584048,-0.022586925,0.368343512,1.008730733,0.353291702,0.677264212,1.029100746,0.430623672,-0.027759191,0,-0.008884753,0.089332755,0.939122549,0.930548373,0.111025794,-0.017352431,0,0,4.68E-05,-0.001800018,-0.015350609,0.426625119,0.962946061,0.898943866,0.108701796,0.55789328,1.043186632,0.431294781,-0.027813419,-1.26E-17,-0.005374132,0.025707533,0.923128983,1.022270374,0.142018212,-0.02065785,0,0,-0.000154037,-0.023518456,0.196584099,0.877884583,1.04686489,0.57634135,-0.029488046,0.4111186,1.05075206,0.60437951,-0.059255855,-0.019895574,-0.034160624,0.20106124,1.00438317,0.805527727,0.069270209,-0.012907475,0,0,-0.009021578,0.034311441,0.67893531,1.06461265,0.813208423,0.136217694,-0.043244565,0.188787707,0.899147915,0.867093083,0.218754518,0.148815733,0.120946337,0.689473082,0.98319796,0.332006967,-0.021170938,-0.00151458,0,0,-0.017722801,0.115820136,0.933255344,0.831508136,0.226680266,-0.0266154,0.00112205,-0.028613154,0.294828823,0.791358779,1.052413518,1.025760042,0.944100967,1.03833461,0.500439304,0.013373843,-0.006796502,0.000180419,0,0,-0.00392242,0.024990981,0.216099741,0.127748826,-0.011117477,-4.54E-05,0,0.000421518,-0.020093171,0.100543079,0.373344193,0.508928567,0.926141561,0.586417892,0.012957074,-0.008854099,0.000540133,0,0,0,0.000551471,-0.003533081,-0.030051471,-0.020377145,-0.001068934,0.000157169,0,0.000142463,-0.001154105,-0.015527931,-0.027317249,0.006006957,0.089410199,-0.005036203,-0.007506332,0.000371017,0,0,0,0,0,0,0,0,0,0,0,0,1.65E-05,-7.34E-05,-0.000818168,-0.003059853,-0.008854218,-0.002662684,6.86E-05,1.19E-05,0,0,0,0,0,0,0,0,0,0,0,0,0,0,0,0,0,0,0,0,0,0,0,0,0,0,0,0,0,0,0,0,0,0,0,0,0,0,0,0,0,0,0,0,0,0,0,0,0,0,0,0,0,0,0,0,0,0,0,0,0,0,0
0,0,0,0,0,0,0,0,0,0,0,0,0,0,0,0,0,0,0,0,0,0,0,0,0,0,0,0,0,0,0,0,0,0,0,0,0,0,0,0,0,0,0,0,0,0,0,0,0,0,0,0,0,0,0,0,0,0,0,0,0,0,0,0,0,5.11E-06,0.000112847,-0.002337807,-0.016381893,-0.033308262,-0.009676522,0.000659161,0,0,0,0.000725082,-0.008244485,-0.026468397,-0.000321181,5.36E-05,0,0,0,0,0,0.000427219,-0.006577138,-0.00762311,0.22704902,0.530116847,0.124492205,-0.011445364,0.000264156,0,0,-0.012322985,0.140579044,0.421663185,-0.007694206,0.000242545,0,0,0,0.001147621,-0.020453772,-0.01298126,0.021334252,0.553832226,0.941454963,1.054416394,0.650787411,-0.031378813,-0.000876034,0,0,-0.013975694,0.154481209,0.800737587,0.132398386,-0.012104269,0,0,0,-0.012352686,0.220854439,0.069105307,0.238564474,0.960315791,0.785188334,0.805259464,0.835838491,0.1304367,-0.020758836,0.000200844,0,-0.007201031,0.070054381,0.847938459,0.340184845,-0.030093444,0,0,0,-0.039977936,0.695538027,0.618798578,0.091425322,0.37282266,0.086697733,0.365375273,1.006480966,0.403693473,-0.034583997,-0.001060903,0,-0.006181379,0.059019455,0.837239961,0.32380313,-0.028620674,0,0,0,-0.033243515,0.55074886,0.888804756,0.155384106,-0.041314171,-0.019782833,0.054255855,0.847496017,0.795935236,0.056989439,-0.012393212,0.000459252,-0.022904922,0.197820466,0.862209398,0.245117443,-0.022155842,0,0,0,-0.030334508,0.483694121,1.00087226,0.353739226,-0.040559445,-0.001877621,-0.016945244,0.497928751,1.024337589,0.332295191,-0.024737507,-0.007307802,-0.004293096,0.619679364,0.933699588,0.137002655,-0.013694853,0,0,0,-0.025774152,0.395674564,1.028395067,0.519757319,-0.014778902,-0.003794373,-0.027322798,0.225354865,0.971223141,0.70765742,-0.02435832,-0.064822525,0.274151927,0.932619673,0.654222124,0.010712316,-0.002808415,0,0,0,-0.016410386,0.224380055,1.018151501,0.561749762,-0.007509885,-0.004545037,-0.00688991,0.010594584,0.592838576,0.984665865,0.559765676,0.525458231,0.889119281,0.900131996,0.181260989,-0.018794084,0.000214461,0,0,0,-0.016941013,0.235902854,1.005631905,0.498127302,-0.018323237,-0.003138036,0.000858506,-0.022056649,0.132998587,0.739258663,1.033365741,1.024131201,0.859597414,0.296936088,-0.029455114,-0.001417085,0,0,0,0,-0.016882302,0.238721184,0.978969873,0.357733422,-0.043172109,9.19E-05,0,0.000834014,-0.017370472,0.074588191,0.464801368,0.410269693,0.140882353,-0.011756196,-0.002988565,0.000263821,0,0,0,0,-0.017099316,0.252129408,0.895713048,0.241266408,-0.029704456,0,0,3.63E-18,0.000727635,-0.009854793,-0.028624047,-0.027980409,-0.015295479,-0.000351477,0.000132485,0,0,0,0,0,-0.02649423,0.428313028,0.869160335,0.166530399,-0.021981574,0,0,0,0,0.000146753,-0.001384804,-0.000974265,0.000110294,0,0,0,0,0,0,0,-0.030230699,0.508827819,0.745630668,0.035221507,-0.00791366,0,0,0,0,0,0,0,0,0,0,0,0,0,0,0,-0.027967928,0.486308192,0.457079325,-0.026959358,5.13E-05,0,0,0,0,0,0,0,0,0,0,0,0,0,0,0,-0.011362592,0.203495455,0.077504681,-0.005566279,7.34E-05,0,0,0,0,0,0,0,0,0,0,0,0,0,0,0,0.001050603,-0.018765744,-0.008029939,0.000495302,0,0,0,0,0,0,0,0,0,0,0,0,0
0,0,0,0,0,0,0,0,0,0,0,0,0,0,0,0,0,0,0,0,0,0,0,0,0,0,0,0,0,0,0,0,0,0,0,0,0,0,0,0,0,0,0,0,0,0,0,0,0,0,0,0,0,0.00059435,-0.007727773,-0.044601525,-0.015232563,0.001806192,0,0,0,0,0,0,0,0,0,0,0,0,0,0,0,-0.005119179,0.067169067,0.378861247,0.113190955,-0.018687987,0.000410539,0,0,0,0,0,0,0,2.76E-05,0.000903449,-0.01044087,-0.030359375,-0.01297549,0.000825368,0,-0.012507608,0.154371153,1.004937279,0.592801794,0.01159859,-0.006386846,0,0,0,0,0,0,6.22E-18,0.000322372,-0.015897742,0.053999626,0.213723992,0.079891629,-0.006167807,0.000101912,-0.004937143,0.027624779,0.759453789,0.806379902,0.067173576,-0.012625953,0,0,0,0,0,0,0.000229779,-0.008986758,0.060355859,0.545882676,0.980910318,0.539875357,-0.027873247,-0.00056663,-0.003740502,0.008045905,0.701572168,1.024619383,0.139626442,-0.020379051,0,0,0,0,0,0,-0.002473911,0.009819548,0.609018501,0.957347761,1.03403909,0.856608594,0.144399145,-0.020110156,-0.004615181,0.022754712,0.728192321,1.033681991,0.143082684,-0.020751464,0,0,0,0,2.77E-05,-3.22E-05,-0.023792126,0.180918658,0.932614056,1.011002587,1.009380515,0.913715176,0.232704402,-0.029011251,-0.010707465,0.122920326,0.921900871,1.021501481,0.142662498,-0.020706189,0,0,0,0,9.45E-05,-0.005482469,0.004216078,0.443068355,0.997085168,0.592394012,0.742608218,1.040274935,0.401018825,-0.039682901,-0.018046756,0.167120336,0.971739192,1.016267667,0.141944224,-0.020627213,0,0,0,1.20E-17,-0.005150786,0.033671126,0.714114175,1.02496972,0.965824688,0.187890744,0.147061836,0.982090176,0.648708674,0.037006254,-0.019497311,0.567546007,1.032818236,0.829290424,0.079003149,-0.013928888,0,0,0,0.000896824,-0.030014263,0.311797011,1.000534518,0.833116915,0.503978673,0.082182666,-0.020089937,0.597555504,1.065101545,0.349915056,0.080695398,0.850060458,1.022914845,0.574286986,0.024438466,-0.007314815,0,0,0.000391342,-0.023039116,0.130082464,0.828641787,0.963406234,0.364115133,-0.014687157,-0.011821114,-0.031177643,0.250304649,1.001863577,0.896984892,0.867903367,0.999773076,0.706169405,0.173151658,-0.014771771,-0.000596694,0,0,-0.003213337,-0.016695966,0.487419203,1.046824687,0.693265165,0.013072508,-0.011007399,-2.98E-05,-0.007867477,0.023930504,0.512198308,0.831972759,0.690970316,0.558596848,0.18759329,-0.004366405,-0.002286393,0.000117443,0,0,-0.00989277,0.042100098,0.709880974,1.031367885,0.441094005,-0.026648727,-0.000172843,0,0.000719975,-0.010316245,0.035706189,0.113724607,0.017059453,-0.001835631,0.001589291,-0.001799769,0.00017325,0,0,0,-0.018138957,0.118822205,0.948574193,0.926381706,0.127163841,-0.011702461,8.07E-05,0,0,0.000742953,-0.008307292,-0.018872141,-0.007844056,-0.004907169,-0.001994792,0.000133272,0,0,0,0,-0.021464461,0.14866842,1.053827529,0.909632523,0.108356141,-0.009879238,0,0,0,0,0,0,0,0,0,0,0,0,0,0,-0.010037979,0.059546464,0.582236371,0.579113808,0.034221988,-0.004391382,0,0,0,0,0,0,0,0,0,0,0,0,0,0,0.000434028,-0.002996718,-0.021323189,-0.019797964,-0.002846031,0.000239992,0,0,0,0,0,0,0,0,0,0,0,0,0,0,0,0,0,0,0,0,0,0,0,0,0,0,0,0,0,0,0,0,0
0,0,0,0,0,0,0,0,0,0,0,0,0,0,0,0,0,0,0,0,0,0,0,0,0,0,0,0,0,0,0,0,0,0,0,0,0,0,0,0,0,0,0,0,0,0,0,0,0,0,0,0,0,0,0,0,0,0,0,0,0,0,0,0,0,0,0,0,0,0,0.000294884,-0.002744843,-0.018864498,-0.032295803,-0.020951491,-0.000822457,0.000147059,0,0,0,0,0,0,0,0,0,0,0,0,0,-0.00461729,0.042478979,0.305292793,0.52575817,0.308827121,-0.001358967,-0.001480545,0,0,0,0,0,0,0,0,1.69E-18,0.000434028,-0.004718944,-0.02242562,-0.02971218,-0.027060781,0.134727584,0.672457825,0.946719107,0.953316551,0.170755583,-0.013411203,1.37E-18,0,0,0,0,0,0,0,-6.46E-18,-0.004515591,0.036377186,0.235393348,0.320692913,0.135849333,-0.021210852,0.019787921,0.376515148,0.958016442,0.440064951,-0.02855673,8.56E-05,0,0,0,0,0,0,0,0.00085606,-0.029218472,0.59452154,0.969443595,1.000354891,0.755341082,0.148145832,-0.053956931,0.179670978,0.908679409,0.65754248,-0.016485128,-0.002319573,0,0,0,0,0,0,1.56E-05,-0.006922896,0.056455593,0.90189303,0.810532612,0.526803309,0.962975882,0.815911799,0.106746854,0.215794645,0.946887374,0.652152727,-0.014345265,-0.002531898,0,0,0,0,0,0,0.000248468,-0.027689679,0.272918011,0.949142853,0.385971899,-0.062309283,0.50059392,1.004262714,0.756612127,0.628164794,1.041670139,0.536115536,-0.034963899,0.000149199,0,0,0,0,0,6.22E-19,-0.00407598,-0.012302373,0.595529156,0.910658894,0.161310679,-0.028770646,0.030715448,0.584719856,1.04836547,1.018478418,0.842741285,0.210817385,-0.015318883,7.34E-06,0,0,0,0,0,3.83E-05,-0.022515523,0.138282799,0.87302788,0.662992506,-0.029290679,0.001273897,-0.014394165,0.062774527,0.608326132,0.610868311,0.136218307,-0.018501481,0.000114277,0,0,0,0,0,0,-0.000772033,-0.02639057,0.348766781,1.046036546,0.289002714,-0.02139266,3.06E-05,0.00057198,-0.007744028,0.022754356,0.022566294,-0.021843942,-4.59E-05,8.81E-05,0,0,0,0,0,0,-0.003410386,0.004021599,0.672093393,0.906310423,0.102256634,-0.015974265,0,3.83E-05,-0.000193185,-0.007470819,-0.007460001,0.000229609,4.29E-05,0,0,0,0,0,0,0,-0.006253932,0.040352414,0.991183466,0.579274272,-0.000856807,-0.00533701,0,0,0,0,0,0,0,0,0,0,0,0,0,0,-0.021321998,0.321566381,0.971989992,0.325535709,-0.039540377,6.47E-05,0,0,0,0,0,0,0,0,0,0,0,0,0,7.75E-05,-0.033706665,0.552656863,0.812639331,0.08565625,-0.013772166,2.66E-05,0,0,0,0,0,0,0,0,0,0,0,0,0,-0.002811801,-0.010552209,0.668280152,0.517602065,-0.032619033,0.000229435,0,0,0,0,0,0,0,0,0,0,0,0,0,0,-0.002207411,0.004210069,0.315169441,0.059159178,-0.005342286,0.000114141,0,0,0,0,0,0,0,0,0,0,0,0,0,0,0.000193633,-0.000308075,-0.028688811,-0.006526586,0.000446793,0,0,0,0,0,0,0,0,0,0,0,0,0
0,0,0,0,0,0,0,0,0,0,0,0,0,0,0,0,0,0,0,0,0,0,0,0,0,0,0,0,0,0,0,0,0,0,0,0,0,0,0,0,0,0,0,0,0,0,0,0,0,0,0,0,0,0,0,0,0,0,0,0,0,0,0,0,0,0,0,0,0,0,0,0,0,0,0,0,0,0,0,0,0,0,0,0,0,0,0,0,8.27E-06,1.93E-05,-0.001858456,-0.002783395,-0.000265073,4.60E-05,0.000110294,-1.53E-06,-0.012473958,-0.0213966,0.000389093,0,0,0,0,0,0,9.79E-32,9.59E-18,0.00060128,-0.004460155,-0.024081597,-0.028361264,-0.025175058,-0.020093147,0.000547215,-0.000238971,-0.004024203,0.072940666,0.144155711,-0.002454044,0,0,0,7.34E-05,-0.000692402,-0.000453431,0.000689338,-0.010668743,-0.028141773,0.035435185,0.27055193,0.534036475,0.588303717,0.241745428,-0.011012391,-0.009375,0.043661918,0.564024969,0.773987149,-0.015660233,0,0,0,0.00100805,-0.008098528,-0.032103869,-0.01206341,0.05754282,0.367267485,0.753841517,0.8220993,0.826520423,0.935731744,0.843970144,0.095100077,-0.015229064,0.004118955,0.52313058,0.779166299,-0.016137914,0,0,0,-0.015949207,0.138959082,0.310305266,0.011444138,0.590262408,0.766569596,0.420028595,0.037966435,-0.028933262,0.653155331,0.854828177,-0.02048863,-0.023361877,0.11582438,0.809614992,0.221670624,-0.019334321,0,0,0,-0.046429008,0.398946283,0.994921143,0.426819547,0.240453551,0.070227229,-0.031248536,-0.023668301,0.088230001,0.801216776,0.593566151,-0.022667773,-0.012633306,0.53206313,0.763935406,0.071882363,-0.012217116,0,0,0,-0.03502507,0.290425858,0.944969346,0.344780739,-0.035928275,-0.011549723,-0.001500851,-0.026200197,0.316471609,0.916808092,0.151455403,-0.065753353,0.267791445,0.896298798,0.32734215,-0.017890424,-0.001786833,0,0,0,-0.028178631,0.228367426,0.866708895,0.097249438,-0.009310458,-9.83E-05,-0.00254233,-0.006140268,0.578186632,0.835860056,0.049014869,0.265527727,0.87257758,0.594450674,-0.024069155,-0.003078961,0.000155229,0,0,0,-0.031603883,0.260621272,0.889911795,0.108585565,-0.009269445,0,-0.002502038,-0.007644341,0.570265158,0.935625229,0.624007741,0.926544763,0.662546981,0.079616013,-0.011121234,0.000371002,0,0,0,0,-0.049002079,0.424345027,1.013490605,0.098450963,-0.009454453,0,-0.000716656,-0.018287156,0.279804024,0.754301028,0.755991857,0.492236945,0.033324908,-0.016316125,0.000461857,0,0,0,0,0,-0.049601321,0.438284722,0.868841146,0.046419628,-0.006189032,0,6.77E-05,-0.002988545,0.008650837,0.06102594,0.056465595,0.007984579,-0.009585206,0.000616575,1.15E-05,0,0,0,0,0,-0.051370511,0.45937677,0.801995421,0.012285301,-0.004159824,0,0,0.000463235,-0.003448529,-0.012957721,-0.012372203,-0.005243566,0.000482537,0,0,0,0,0,0,0,-0.030778199,0.276401212,0.459223856,0.005643484,-0.002334865,0,0,0,0,0,0,0,0,0,0,0,0,0,0,0,-0.00067,0.006417696,0.002715085,-0.000699625,1.59E-05,0,0,0,0,0,0,0,0,0,0,0,0,0,0,0,0.000338347,-0.003070193,-0.004472529,2.38E-06,2.04E-05,0,0,0,0,0,0,0,0,0,0,0,0,0,0,0,0,0,0,0,0,0,0,0,0,0,0,0,0,0,0,0,0,0
0,0,0,0,0,0,0,0,0,0,0,0,0,0,0,0,0,0,0,0,0,0,0,0,0,0,0,0,0,0,0,5.11E-06,0.000176817,-0.00220401,-0.002502723,-0.000167484,2.14E-05,0,0,0,0,0,0,0,0,0,0,0,0,0,0,0.000315417,-0.002606317,-0.010445406,-0.02848722,-0.028225918,0.000394908,0.000126922,0,0,0,0,0,0,0,0,0,0,0,0,0,-0.00356907,0.004392758,0.352933824,0.531316057,0.242155144,-0.022695959,0.000134269,4.95E-05,0,0,0,0,0,0,1.96E-18,9.80E-05,-0.002877278,-0.004877451,-0.003718137,-9.56E-05,-0.002373775,0.000985488,0.226867681,0.838862115,0.919431747,0.245624251,-0.027229934,-0.000269267,0,0,0,0,5.11E-06,0.000228077,-0.002531829,-0.010204419,-0.016155171,-0.009846388,-0.014637817,-0.008925092,0.000816942,-0.001389161,-0.030238681,0.132263889,0.990596048,0.6466899,0.017080225,-0.007281454,0,0,0,0,0.000129187,-0.004475763,0.008891442,0.084209389,0.492859732,0.655632064,0.569750494,0.095773369,-0.009914335,0.000278016,-0.004741728,0.01195498,0.81071749,0.765108405,0.056407403,-0.011418845,0,0,0,0,-0.005543241,0.044509583,0.681552169,0.905113428,1.009031688,0.983218937,1.029354813,0.564340596,-0.006345016,-0.00293913,-0.002806704,-0.002589869,0.585830157,1.006078958,0.131477597,-0.019501006,0,0,0,4.16E-05,-0.010491319,0.10822406,0.984269148,0.996841759,0.553205808,0.227246,0.777888293,0.814276433,0.052391153,-0.010166728,-0.002592065,-0.005392565,0.561056407,1.055418045,0.147175513,-0.02119247,0,0,0,-0.000339163,-0.023440802,0.415036305,1.01280833,0.562118941,-0.007173084,-0.055722546,0.573987677,0.892604916,0.183150854,-0.023852676,-0.004122855,0.012150378,0.766648693,0.882696998,0.094357293,-0.01550126,0,0,2.55E-05,-0.00232247,-0.020500953,0.669492119,0.965828891,0.255891408,-0.039723666,-0.030434096,0.476084304,0.959583742,0.293271599,-0.035111084,-0.015550586,0.151290203,0.985736435,0.675159858,0.026433187,-0.008286697,0,0,-0.000202546,-0.028178122,0.247595146,0.916341469,0.769710699,0.048793607,-0.009778495,-0.016531046,0.238246375,0.928165407,0.28679376,-0.038854511,-0.006805385,0.520348329,0.992772586,0.353710512,-0.032052352,-0.000801505,0,0,-0.000794063,-0.043314179,0.45921764,1.066381449,0.512550158,-0.034735844,0.000247741,-0.015737179,0.214948093,1.000745095,0.456422299,-0.072434141,0.203774034,0.925756407,0.765121802,0.030395146,-0.009112167,0.000114651,0,0,-0.006825129,0.01374735,0.625782033,0.974346252,0.129244894,-0.011844686,7.75E-05,-0.011663143,0.140294322,0.952007115,0.723114396,0.210501423,0.6646242,1.025803326,0.316111758,-0.025533275,0.000395928,1.70E-06,0,0,-0.01425126,0.082756461,0.845494485,0.798682036,0.010805964,-0.00413557,0,-0.002068117,-0.009041786,0.482816245,0.996088184,0.946010881,1.046006944,0.671685049,0.016364805,-0.004341895,2.04E-05,0,0,0,-0.021543777,0.14917217,1.070460546,0.693790986,0.008304705,-0.003767055,0,0.000128779,-0.008167007,0.019391731,0.373813385,0.739290863,0.710657578,0.184481686,-0.023137987,-4.41E-05,0,0,0,0,-0.012330474,0.078305206,0.672122209,0.576495507,0.014424598,-0.003371221,0,7.97E-06,0.000394404,-0.003925977,-0.020446538,-0.022212048,-0.023229116,-0.010039982,0.000506179,3.11E-05,0,0,0,0,-6.62E-05,-0.001795513,0.02463485,0.015785842,-0.00181714,4.59E-07,0,0,0,4.08E-05,-0.0004158,-0.002211365,-0.002022747,-0.000331417,5.14E-05,0,0,0,0,0,0.000119145,-0.000579879,-0.008177083,-0.006477056,2.37E-05,3.01E-05,0,0,0,0,0,0,0,0,0,0,0,0,0,0,0,0,0,0,0,0,0,0,0,0,0,0,0,0,0,0,0,0,0
0,0,0,0,0,0,0,0,0,0,0,0,0,0,0,0,0,0,0,0,0,0,0,0,0,0,0,0,0,0,0,0,0,0,0,0,0,0,0,0,0,0,0,0.000535649,-0.006598997,-0.043465411,-0.021716196,-0.000761123,0.0001386,0,0,0,0,0,0,0,0,0,0,0,0,0,8.56E-06,-0.004093035,0.046476052,0.367047522,0.161040918,-0.027773243,-0.017396106,-0.012501736,-0.005458589,-0.004506127,-0.003528342,-0.000546364,5.62E-05,0,0,0,0,0,0,0,7.05E-05,-0.020312534,0.282325776,1.001657986,0.885239328,0.577624451,0.217893331,0.154356226,0.03473303,0.017752808,0.007231513,-0.006460035,0.000532748,0,0,0,0,0,0,0,-0.002244099,-0.015044935,0.60359855,0.979915305,0.910023335,0.965563709,1.02126411,0.988193525,0.790156897,0.776983762,0.654708685,0.157809436,-0.015245438,-4.81E-16,-3.06E-17,5.96E-18,0,0,0,0,-0.004385471,-0.002370609,0.776268978,0.839293607,0.230193883,0.295967008,0.469455661,0.631831597,0.984219363,1.026291224,1.009170641,0.367213371,-0.053106788,-0.021132898,-0.010256161,0.000135543,8.51E-05,0,0,0,-0.009291311,0.044441948,0.806081149,0.782045847,0.010995288,-0.041901363,-0.049262243,0.571054601,1.027084845,0.963737567,0.644053504,0.079370677,0.676472694,0.690673485,0.089618748,-0.011548339,-0.000137581,0,0,0,-0.027467286,0.217316432,0.913609835,0.592140012,-0.017975728,-0.023686407,0.141136829,0.864268978,0.856216146,0.308364668,-0.045854582,0.245925075,0.814870251,1.013966827,0.632428871,0.026086941,-0.007965346,0,0,0,-0.026995231,0.213228911,0.907394999,0.540044628,-0.036792143,-0.021927714,0.43299166,0.974541343,0.218310866,-0.026285114,-0.012252507,0.082248502,0.139282254,0.589900225,0.843895016,0.068497157,-0.013784041,0,0,0,-0.026853369,0.21176828,0.908143842,0.548798662,-0.037233098,-0.013472392,0.545285795,1.004163943,0.081104371,-0.0108269,0.001460193,-0.011192759,-0.048127128,0.2638205,0.956235686,0.289862996,-0.019872515,0,0,0,-0.029995108,0.240970946,0.938435423,0.522158752,-0.035914965,-0.013364671,0.549560968,0.868723397,0.054958776,-0.006685917,0,5.36E-05,-0.027350575,0.178177271,0.925326934,0.556643312,-0.020698189,0,0,0,-0.036580267,0.312236252,0.833096779,0.19172389,-0.017185483,-0.016000714,0.513891403,0.949352843,0.079002079,-0.008199982,0,-0.0001226,-0.02663273,0.210515368,0.939286481,0.530579569,-0.020584159,0,0,0,-0.002256329,0.018915441,0.058624387,-0.005658446,-0.000270033,-0.03407887,0.324746647,0.936600746,0.145943015,-0.015231975,0.000136664,-0.000890319,-0.025219124,0.371535437,1.037716231,0.321704,-0.020656658,0,0,0,0.00025478,-0.002120779,-0.006839767,-0.000391051,8.55E-05,-0.033855479,0.272020578,0.97213351,0.625856447,-0.026660063,-0.03030115,-0.030377536,-0.022218886,0.557228996,1.029378574,0.184124883,-0.020195227,0,0,0,0,0,0,0,0,-0.004606824,0.010737439,0.558669815,0.975940938,0.552196351,0.190031491,0.17620721,0.268861843,0.977566228,0.751317164,0.058870817,-0.011408122,0,0,0,0,0,0,0,0,0.000396233,-0.009326338,0.049168879,0.573283735,0.961178462,0.950130311,0.923493634,0.948960308,0.959384515,0.345578823,-0.018918307,-0.001846575,0,0,0,0,0,0,0,0,0,0.000310933,-0.009495231,0.017391464,0.26749521,0.750050134,0.872503618,0.841401747,0.37803942,0.006537137,-0.00631801,0.000260894,0,0,0,0,0,0,0,0,0,3.78E-05,5.17E-05,-0.007619996,-0.018069513,-0.020926583,-0.020585172,-0.020983967,-0.018662854,-0.004522569,0.000574783,0,0,0,0,0,0,0,0,0,0,0,0,0,0,0,0,0,0,0,0,0,0
0,0,0,0,0,0,0,0,0,0,0,0,0,0,0,0,0,0,0,0,0,0,0,0,0,0,0,0,0,0,0,0,0,0,0,0,0,0,0,0,0,0,0,0,0,0,0,0,0,0,0,0,0,0,0,0,0,0,0,0,0,0,0,0,0,0,0,0,0,0,2.80E-18,0.000626021,-0.008400697,-0.023078942,-0.00215431,0.000413501,3.06E-07,0,0,0,0,0,0,0,0,0,0,0,0.000129596,-0.001522978,-0.01356924,-0.012244213,0.141481697,0.359255583,0.011875119,-0.005989243,6.98E-05,0,0,0,0,0,0,0,0,0,1.50E-18,0.000326118,-0.002318764,-0.020103758,0.070015234,-0.014694717,0.219413208,0.885609886,0.279891221,-0.024714546,-0.000485039,0,0,0,0,0,0,0,0,2.18E-18,0.000406795,-0.008904549,-0.008911237,0.384285999,0.720819632,0.176193219,-0.047482148,0.522754545,0.647864685,0.001396667,-0.003063164,0,0,0,0,0,0,0,0,0.000988545,-0.015698844,-0.012939697,0.447235454,0.983047267,0.935994286,0.226738294,-0.071023664,0.327844547,0.812799315,0.033266717,-0.005073784,0,0,0,0,0,0,0,0,-0.007529531,0.065361435,0.541627906,0.941842967,0.610294935,0.832298696,0.156435066,-0.068093535,0.360863103,0.838717797,0.031694359,-0.005130872,0,0,0,0,0,0,0,0,-0.038679109,0.420157186,1.061257915,0.626945159,0.042048849,0.768724911,0.224370626,0.012984659,0.712516459,0.662009634,0.001761608,-0.003212214,0,0,0,0,0,0,0,0,-0.012790203,0.128468137,0.814931159,0.4801258,-0.056934913,0.483318338,0.788381383,0.765160902,0.818454946,0.164571027,-0.019347103,-0.000196742,0,0,0,0,0,0,0,0,-0.000730613,-0.005330116,0.788655647,0.389008204,-0.044959729,0.044111979,0.392846933,0.515308164,0.151238732,-0.023175739,0.00030816,2.59E-05,0,0,0,0,0,0,0,0,-0.00437117,0.040034378,0.821409713,0.277467269,-0.023614525,-0.006491378,-0.031145387,-0.027456404,-0.020650402,0.001145489,7.34E-05,0,0,0,0,0,0,0,0,0,-0.016186257,0.179349214,0.820738623,0.140987966,-0.012916922,-8.58E-05,-0.001103962,-0.002415481,3.06E-05,0,0,0,0,0,0,0,0,0,0,0,-0.024698734,0.28115945,0.735491606,0.001694751,-0.001015285,0,0,0,0,0,0,0,0,0,0,0,0,0,0,0,-0.036743004,0.418959099,0.633683316,-0.017229371,0.00022212,0,0,0,0,0,0,0,0,0,0,0,0,0,0,0,-0.044821453,0.510964563,0.476604144,-0.017928581,0,0,0,0,0,0,0,0,0,0,0,0,0,0,0,0,-0.046156309,0.526181923,0.312179193,-0.018462524,0,0,0,0,0,0,0,0,0,0,0,0,0,0,0,0,-0.020516323,0.23388608,0.122274537,-0.008206529,0,0,0,0,0,0,0,0,0,0,0,0,0,0,0,0,0.001882915,-0.021465227,-0.011505,0.000753166,0,0,0,0,0,0,0,0,0,0,0
0,0,0,0,0,0,0,0,0,0,0,0,0,0,0,0,0,0,0,0,0,0,0,0,0,0,0,0,0,0,0,0,0,0,0,0,0,0,0,0,0,0,0,0,0,0,0,0,0,0,0,0,0,0,0,0,0,0,0,0,0,0,0,0,0,0,2.91E-05,-6.34E-05,-0.002535284,-0.005740809,-0.000347222,0.000503881,-0.002527414,-0.030325827,-0.024783752,-0.000518995,0.00014614,0,0,0,0,0,0,0,0,0,0.000167994,-0.002259029,-0.000242528,0.043040288,-0.005573342,-0.008287599,0.015259739,0.481539675,0.37761312,-0.013390472,-0.003115043,0.000205454,0,0,0,0,0,0,0,0.000138293,-0.008357077,0.006021666,0.506913977,0.745639297,0.076376123,-0.023819785,0.283679936,0.921772978,0.97611906,0.194000936,-0.010229796,-0.000459419,1.61E-18,0,0,0,0,0,7.97E-05,-0.00136106,-0.01145144,0.333324212,0.944087418,1.002353656,0.575563981,0.076990792,0.681212955,1.032632983,1.007391544,0.738565376,0.112933228,-0.021065047,0.000318287,0,0,0,0,3.55E-05,0.000364233,-0.030811609,0.195728041,0.899347688,1.009842172,1.025494018,0.796081115,0.372459099,0.306058446,0.714241385,0.999030529,1.012789735,0.474017111,-0.014915982,-0.003732692,0,0,0,0,-0.000107486,-0.014506144,0.10946921,0.718174786,1.013574559,0.996398131,0.999672386,0.915963644,0.884902897,0.108595807,0.045488528,0.780678002,1.024811938,0.935818917,0.28325036,-0.017863562,0,0,0,0.000139415,-0.003336142,-0.0120633,0.480140574,1.025727141,0.974241844,0.915173526,1.007165033,0.997749694,1.016370421,0.275271663,0.243116183,0.76734038,1.009460393,1.018947729,0.53839944,-0.02092933,0,0,0,-0.00103787,-0.017555828,0.430866336,0.98427131,1.014695959,0.854790096,0.449292484,0.820419952,1.015824295,0.994862813,0.805093725,0.985571929,0.986920445,1.003340363,1.032617375,0.482676477,-0.020938181,0,0,0,-0.003957849,-0.003154701,0.688842865,1.019028067,1.010790407,0.708354463,-0.007041394,0.138712146,0.714986094,0.973264059,0.77703214,0.923348516,1.028107094,0.918543777,0.59991345,0.128516248,-0.011066517,0,0,0,-0.000533315,-0.013938231,0.275031389,0.975490892,1.016503251,0.692053154,-0.026047212,-0.03582197,0.197961763,0.896913463,0.180633016,0.253260449,0.357240957,0.345745808,-2.32E-05,-0.009962023,-2.96E-05,0,0,0,9.34E-05,-0.017787905,0.23326394,0.973093954,1.019680249,0.675288088,-0.020704146,-0.003734852,-0.000985924,0.247390812,0.05697884,-0.025346201,-0.02122498,-0.017325027,-0.006670411,-0.000498349,0.000105528,0,0,0,1.67E-05,-0.026474146,0.404908633,0.99020464,1.011185134,0.432309595,-0.020577512,0.000291054,-0.000836993,-0.023421756,-0.006049743,0.000693593,0,0,0,0,0,0,0,0,-0.002552688,-0.014171143,0.638801675,1.019343342,0.954378472,0.134223618,-0.018628983,0,0,0,0,0,0,0,0,0,0,0,0,0,-0.014659003,0.094077444,0.827492341,1.024230869,1.003532373,0.329641185,-0.020231822,0,0,0,0,0,0,0,0,0,0,0,0,0,-0.016767481,0.121158398,0.712194112,1.023936193,0.735714708,0.203454105,-0.011599439,0,0,0,0,0,0,0,0,0,0,0,0,0,0.000423953,-0.012238903,0.118068066,0.436436292,0.129603248,-0.019615911,-0.000199993,0,0,0,0,0,0,0,0,0,0,0,0,0,0,0.000801675,-0.011905552,-0.040129272,-0.013216571,0.000903194,5.53E-05,0,0,0,0,0,0,0,0,0,0,0
0,0,0,0,0,0,0,0,0,0,0,0,0,0,0,0,0,0,0,0,0,0,0,0,0,0,0,0,0,0,0,0,0,0,0,0,0,0,0,0,0,0,0,0,0,0,0,0,0,0,0,0.000680771,-0.004863294,-0.033129102,-0.007955648,0.001093311,0,0,0,0,0,0,0,0,0,0,0,0,0,0,9.36E-18,-0.005522706,0.02915673,0.26719938,0.052733677,-0.010080933,0.000106311,0,0,0,0,0,0,0,0,0,0,0.000139415,-0.001315564,-0.000925551,0.000104779,-0.019363426,0.309280536,0.96958815,0.38974806,-0.028373962,-0.000715584,0,0,0,0,0,0,0,0,2.69E-32,0.000446793,-0.003248084,-0.020752128,-0.013196334,-0.000269404,-0.021744111,0.409683105,1.06610112,0.897003711,0.138880651,-0.011517565,0,0,0,0,0,0,0,0,2.13E-05,-0.004905365,0.009572055,0.364452597,0.234523693,-0.023842797,-0.024683585,0.173364026,0.694036935,1.009634838,0.531543505,-0.035090601,0.000199747,0,0,0,0,0,0,0,0.000628032,-0.024949978,0.19127148,0.952679025,0.762351837,0.446942185,0.217893244,0.047247969,0.089407026,0.86597297,0.695206032,-0.024262719,-0.001707339,0,0,0,0,0,0,0.000553309,-0.011283088,0.045004323,0.71709665,1.0218061,1.003453568,0.726505242,0.709442879,0.237310648,0.399182411,0.913650684,0.755076083,0.024630566,-0.007074722,0,0,0,0,0,3.77E-05,-0.008253983,0.02675977,0.509760825,0.995611726,1.006402165,1.004225048,0.744656693,0.852831308,0.848322734,1.022593035,1.051082959,0.57750274,-0.031375426,-0.000472871,0,0,0,0,0,-0.000302237,-0.024423152,0.229084014,0.937173832,0.972541393,0.551238137,0.762767667,0.966140795,0.992217405,0.857141848,0.841973669,0.647523438,0.142589988,-0.011804585,0.000110065,0,0,0,0,0,-0.000822406,-0.023986588,0.339305947,1.011715278,0.785622766,0.027926556,0.111479899,0.471329623,0.664379323,0.16986478,0.113122243,-0.003116694,-0.015619077,0.000745558,0,0,0,0,0,0,-6.36E-05,-0.021109107,0.148658874,0.863540096,0.626050622,-0.02142393,-0.018903275,0.005889538,0.043565794,-0.009504271,-0.018726509,-0.003743019,0.000535649,0,0,0,0,0,0,0,1.23E-05,-0.020038705,0.122662837,0.835645731,0.879643173,0.07112643,-0.007875817,-0.004903833,-0.009632013,-0.001061922,0.000170207,0,0,0,0,0,0,0,0,0,4.60E-06,-0.028353554,0.197779973,0.939929636,0.908345563,0.106840788,-0.011185151,0,0,0,0,0,0,0,0,0,0,0,0,0,7.91E-06,-0.033810543,0.245260008,1.009641102,0.845372369,0.058676215,-0.006960189,0,0,0,0,0,0,0,0,0,0,0,0,0,-0.000610703,-0.027571249,0.323893876,1.038613017,0.766004019,-0.025961159,0.000426368,0,0,0,0,0,0,0,0,0,0,0,0,0,-0.000173964,-0.004695589,0.040810386,0.524682018,0.387089423,-0.015432684,0,0,0,0,0,0,0,0,0,0,0,0,0,0,1.94E-05,0.000486792,-0.007452342,-0.021272978,-0.015730946,0.000430624,0,0,0,0,0,0,0,0,0,0,0,0,0,0,0,0,0,0,0,0,0,0,0,0,0,0,0,0,0,0,0
0,0,0,0,0,0,0,0,0,0,0,0,0,0,0,0,0,0,0,0,0,0,0,0,0,0,0,0,0,0,0,0.000165101,-0.000492744,-0.013706597,-0.020811887,-0.007322985,0.000486111,0,0,0,0,0,0,0,0,0,0,0,0,0,4.84E-18,-0.00050905,-0.007894614,0.076894083,0.142268456,0.02971057,-0.007371897,0.000527213,0,0,0,0,0,0,0,1.38E-18,0.000218546,-0.001696782,-0.02221298,-0.042685611,-0.037881485,-0.022945449,0.12954053,0.830677866,1.028179756,0.531289284,0.004974112,-0.003908524,0,0,0,0,0,0,0,0.000635723,-0.009793028,-0.016279673,0.331854286,0.70096955,0.618460444,0.129264842,0.122892768,0.890562109,1.029706325,0.859489073,0.143179517,-0.019847947,0,0,0,0,4.97E-18,-3.03E-17,0.001018689,-0.012135332,0.004846473,0.493776072,0.949446793,1.043516068,1.01696681,0.308386132,-0.025345651,0.609166735,1.026125068,0.966041003,0.31062197,-0.037521911,0,0,0,0,0.000481024,-0.00363477,-0.029706053,0.045260076,0.51693636,0.984275441,1.007489158,0.994995728,0.55600703,0.094702921,-0.04507516,0.301445108,0.949441279,1.051458844,0.419486928,-0.049054666,0,0,0,0,-0.008893461,0.059045561,0.448609905,0.800038574,0.990257361,0.998842417,1.004074182,0.841384422,0.049486466,-0.0173534,-0.029393332,0.234626544,0.913600156,1.050904892,0.412655229,-0.048330684,0,0,0,0,-0.023533488,0.177757523,0.886653867,1.030951219,0.999442045,0.992467745,1.0144295,0.659464393,0.000990639,-0.003590482,-0.015176715,0.100151144,0.817060866,1.061809641,0.412655229,-0.048330684,0,0,0,0,-0.022587746,0.169737541,0.865422386,1.01052274,0.980892957,0.990044586,1.027032237,0.436848243,-0.01911649,-0.001466708,-0.004167788,-0.004078431,0.743731209,1.070111111,0.412655229,-0.048330684,0,0,0,0,-0.034189393,0.279213984,0.953316891,0.93041825,0.563202734,0.916740536,1.037495813,0.425983864,-0.020345792,-0.001367034,-0.006635685,0.019209355,0.760115094,1.068256332,0.412655229,-0.048330684,0,0,0,0,-0.049419102,0.422925858,1.059513072,0.889448087,0.323402284,0.826381704,1.041918062,0.458212657,-0.024830984,-0.001209321,-0.0118017,0.066969499,0.793647757,1.066733456,0.415924905,-0.048677184,0,0,0,0,-0.048526354,0.414501634,1.068777533,0.766670607,0.010112256,0.718703501,1.030702699,0.793241256,0.081310943,-0.013460468,-0.012930188,0.070876782,0.800395537,1.051873921,0.395385346,-0.046501304,0,0,0,0,-0.048526354,0.414436989,1.07190288,0.753439611,-0.022150565,0.380033291,1.000925415,1.018577563,0.559389604,-0.018169901,-0.0527079,0.375219227,0.997970537,0.906963082,0.21583444,-0.027487669,0,0,0,0,-0.0495096,0.424682496,1.068047352,0.629809538,-0.021084184,0.071418936,0.76086169,1.031145952,0.936230477,0.513189832,0.350687362,0.825677373,1.05150817,0.719856584,0.006803258,-0.005154702,0,0,0,0,-0.042368432,0.357090312,1.031674717,0.511280654,-0.015247668,-0.022799519,0.139010366,0.755380753,1.049286884,1.010930198,0.987451626,1.023997549,0.918542194,0.24084198,-0.024705627,0.000770454,0,0,0,0,-0.008379601,0.063328891,0.337726001,0.098521361,-0.007578278,0.00073346,-0.023349367,0.126991558,0.546177798,0.925941125,1.046683041,0.873733337,0.331077648,-0.019058296,-0.00078559,0,0,0,0,0,0.001113005,-0.008638865,-0.040690962,-0.013195956,0.000867066,0,0.001075731,-0.020955067,-0.006337338,0.112571899,0.152123407,0.094403765,-0.020517407,-0.003344238,0.000195671,0,0,0,0,0,0,0,0,0,0,0,1.48E-05,0.000273863,-0.004569887,-0.017484852,-0.021729818,-0.015573427,-0.001548543,0.000297181,0,0,0,0,0,0,0,0,0,0,0,0,0,0,0,0,0,0,0,0,0,0,0,0
0,0,0,0,0,0,0,0,0,0,0,0,0,0,0,0,0,0,0,0,0,0,0,0,0,0,0,0,0,0,0,0,0,0,0,0,0,0,0,0,0,0,0,0,0,0,0,0,0,0,0,0,0,0,0,0,0,0,0,0,0,0,0,0,0,0,0,0,0,0,0,0.000129698,0.000537789,-0.019169373,-0.028562092,-0.00277788,0.000275276,0,0,0,0,0,0,0,0,0,0,0,0,0,0.00011489,-0.003378608,-0.009414465,0.310608081,0.443184862,0.013580525,-0.00275337,7.34E-06,0,0,0,0,0,0,0,0,0,1.12E-18,3.57E-05,0.000233184,-0.00868396,-0.026607945,-0.00841629,0.574794067,1.031217899,0.426234545,-0.027159926,-3.42E-05,0,0,0,0,0,0,0,0,0,0.000375036,-0.003109001,-0.018826423,0.064465125,0.377090737,0.080259213,0.276760723,0.977788348,0.695473703,-0.03737437,-0.000440667,0,0,0,0,0,0,0,0,0.000383189,-0.005871344,-0.001743763,0.183873279,0.793904838,0.977804241,0.18205546,0.148813627,0.88778836,0.584326906,-0.034080857,-0.000103734,0,0,0,0,0,0,7.90E-05,-0.000425041,-0.006856584,-0.025302169,0.33629936,0.922697304,1.062996732,0.651937568,-0.01906078,0.27750914,0.95165482,0.335954963,-0.022087367,1.22E-05,0,0,0,0,0,1.84E-06,0.00024326,-0.003973209,-0.004683245,0.40274447,0.890657646,0.61305176,0.962161305,0.345186292,-0.074546696,0.505048373,0.921924751,0.085026025,-0.008449244,0,0,0,0,0,0,-1.62E-05,-0.018250102,0.120488392,0.722645493,0.947255904,0.386985481,0.307756706,0.848771497,0.137363732,0.128178427,0.937343529,0.411576406,-0.026246647,-0.00095721,0,0,0,0,0,0,-2.31E-05,-0.027162343,0.192454504,0.942963576,0.705863618,-0.054198427,0.548980835,0.769071691,0.10540225,0.717394283,0.741465686,0.071539114,-0.016024306,9.82E-05,0,0,0,0,0,0,2.45E-06,-0.020462782,0.12834242,0.848072847,0.543234506,-0.056125039,0.529590144,0.933165892,0.841741351,0.820550924,0.150277778,-0.02083544,0.000607191,0,0,0,0,0,0,0,8.73E-06,-0.025865349,0.174649203,0.915399578,0.411112776,-0.03204136,0.168723209,0.457248536,0.462501719,0.086706107,-0.018910846,0.000124251,9.19E-05,0,0,0,0,0,0,0,-6.68E-05,-0.034456597,0.266867698,1.03599326,0.215862276,-0.019799683,-0.016319972,-0.031244145,-0.030762374,-0.01037191,0.000634021,0,0,0,0,0,0,0,0,0,-0.001081087,-0.024352567,0.40872195,0.94558672,0.108357639,-0.016800926,4.87E-05,-0.00103125,-0.001022059,0.000110065,0,0,0,0,0,0,0,0,0,0,-0.00157787,-0.018282867,0.480963593,0.742842559,0.039868177,-0.009769199,0,0,0,0,0,0,0,0,0,0,0,0,0,0,-0.001334791,-0.020719311,0.458688173,0.63259437,0.007112084,-0.006097047,0,0,0,0,0,0,0,0,0,0,0,0,0,0,-7.02E-05,-0.013895101,0.136137834,0.206619434,-0.012571593,-0.000761676,0,0,0,0,0,0,0,0,0,0,0,0,0,0,8.94E-06,0.001253149,-0.012814883,-0.019368277,0.001063705,8.08E-05,0,0,0,0,0,0,0,0,0,0,0
0,0,0,0,0,0,0,0,0,0,0,0,0,0,0,0,0,0,0,0,0,0,0,0,0,0,0,0,0,0,0,0,0,0,0,0,0,0,0,0,0,0,0,0,0,0,0,0,0,0,0,0,0,0,0,0,0,0,0,0,0,0,0,0,0,0,0,0,0,1.56E-05,0.000755566,-0.00975143,-0.03707355,-0.024017719,-0.003494587,0.000445874,5.21E-06,0,0,0,0,0,0,0,0,0,0,0,0,-0.000257047,-0.013039539,0.167602192,0.638915726,0.366725473,0.024433194,-0.007549054,7.73E-05,0,0,0,0,0,0,0,0,0,0,1.01E-17,0.00010723,-0.002382251,-0.015998928,0.200883783,0.670993895,0.982169271,0.421354541,-0.021216384,-0.001229524,0,0,0,0,0,0,0,0,1.04E-19,0.000178717,-0.00073971,-0.015256161,1.15E-05,0.015502723,-0.023325266,0.020980868,0.724925841,0.878172062,0.078151331,-0.00803702,0,0,0,0,0,0,0,0,0.000132485,-0.002268049,-0.028263801,0.170634758,0.703696938,0.439997707,-0.03156946,-0.004482173,0.571301143,1.031512219,0.287756631,-0.019917655,0,0,0,0,0,0,1.04E-05,0.00033844,-0.004721524,-0.025359766,0.218984024,0.750036629,0.974799854,0.208274442,-0.024555862,0.035867525,0.69390385,1.011618311,0.228412633,-0.016645067,0,0,0,0,0,0,0.000481822,-0.0146266,0.013376277,0.440441823,0.640259807,0.544563879,0.5989271,0.000863426,-0.015560389,0.069679946,0.805632285,0.88338077,0.04455799,-0.006232639,0,0,0,0,0,0,-0.005898284,0.061083997,0.552238307,0.628281471,0.11787969,0.534974843,0.299171245,-0.028457397,-0.010299003,0.019404461,0.740610992,0.515540662,-0.017534586,-0.00172069,0,0,0,0,0,0,-0.014661969,0.211196402,0.835058841,0.212525412,0.067829906,0.503139246,0.044951882,-0.03128976,-0.026634498,0.367930663,0.692167688,0.108126838,-0.019124285,9.16E-05,0,0,0,0,0,0,-0.004900075,0.045940103,0.62674305,0.183637387,0.25757145,0.649017145,0.191035476,0.244696388,0.490727583,0.66690478,0.137345536,-0.017709123,0.000376666,3.67E-06,0,0,0,0,0,0,-0.006594158,0.080940598,0.648907254,0.059811002,0.12887863,0.555479405,0.65447338,0.626192879,0.373392446,0.027445715,-0.018424734,-0.000258885,0.000134804,0,0,0,0,0,0,0,-0.011037735,0.164755838,0.662184589,-0.013817947,-0.016571617,-0.01421315,0.011812194,0.002243515,-0.032568219,-0.003803521,0.000536152,0,0,0,0,0,0,0,0,0,-0.014712061,0.240567266,0.520697832,-0.030451985,0.000310831,-0.00357261,-0.006973039,-0.00575337,-1.62E-05,3.67E-05,0,0,0,0,0,0,0,0,0,0,-0.01878365,0.326064577,0.316820347,-0.018389553,8.56E-06,0,0,0,0,0,0,0,0,0,0,0,0,0,0,0,-0.018192542,0.321330578,0.205462391,-0.01219936,0,0,0,0,0,0,0,0,0,0,0,0,0,0,0,0,-0.010499643,0.18989311,0.037173203,-0.002600337,0,0,0,0,0,0,0,0,0,0,0,0,0,0,0,0,0.000958691,-0.01731941,-0.003745404,0.000256587,0,0,0,0,0,0,0,0,0,0,0,0,0
0,0,0,0,0,0,0,0,0,0,0,0,0,0,0,0,0,0,0,0,0,0,0,0,0,2.07E-19,9.19E-05,-0.000511258,-0.007272774,-0.017396344,-0.004592184,0.000316074,0,0,0,0,0,0,0,0,0,0,0,4.65E-05,-0.000154906,-0.007669479,-0.017229424,-0.030796486,0.017364916,0.113142198,0.032268762,-0.002162927,0,0,0,0,0,0,0,0,0,0,0,-0.000268791,0.000967661,0.041995779,0.108056066,0.306616407,0.639490622,0.908590074,0.201872192,-0.015540901,9.17E-05,0,0,0,0,0,0,0,0,0,0,-0.003307955,0.010455287,0.58417019,0.845800228,0.95324895,1.033633544,1.004211652,0.479376668,-0.025406914,-0.000514859,0,0,0,0,0,0,0,0,0,0,-0.001853911,-0.00363203,0.38429565,0.899415424,0.972959351,0.457958844,0.791585342,0.83769184,0.091784195,-0.014331254,0,0,0,0,0,0,0,0,0,0,0.000138327,-0.016757506,0.06746424,0.763800722,0.789863353,-0.049412394,0.65916779,0.875402352,0.136825759,-0.019053035,0,0.000386029,-0.00287803,-0.010910437,-0.001460907,0.000212759,0,0,0,0,-9.49E-05,-0.028823377,0.223081611,0.971424864,0.459644842,-0.053816956,0.455118388,0.961336251,0.300159203,-0.03614377,0,-0.002636052,0.020417584,0.065787116,0.006160935,-0.001147018,0,0,0,0,-0.001932292,-0.013108047,0.490202853,0.989859069,0.136171392,-0.034280501,0.214445381,0.95166008,0.319896361,-0.039796788,0.000145016,-0.019767463,0.142100507,0.618840482,0.085781528,-0.013324993,2.81E-05,0,0,0,-0.00382501,0.00933638,0.734112694,0.672308466,0.021016605,-0.01329005,0.028983967,0.970836891,0.442175534,-0.022606192,-0.002296092,-0.008303615,0.024229847,0.664157527,0.449943643,-0.018143723,-0.00013191,0,0,0,-0.00703079,0.063224929,0.869894812,0.437606618,-0.031683278,-0.00701331,0.031255991,0.921813725,0.557576474,-0.008918053,-0.004365298,-0.000318627,-0.035254374,0.436123111,0.827853838,0.03787037,-0.004657714,0,0,0,-0.0146731,0.204946232,0.921028833,0.276512221,-0.033472494,-0.003358354,0.004215312,0.677211261,0.655747872,0.014463859,-0.007306815,0.000423713,-0.037663773,0.379043556,0.860183102,0.052995643,-0.00583895,0,0,0,-0.022095359,0.345791397,0.879191516,0.205380097,-0.026126728,-0.001008877,-0.024673389,0.401744052,0.903515552,0.116851629,-0.015499436,-0.002659288,-0.016081149,0.482244711,0.873138973,0.048568733,-0.00564889,0,0,0,-0.027100286,0.448408633,0.785806509,0.058552628,-0.010500999,-0.000210631,-0.024282118,0.208037156,0.933338712,0.484004389,-0.02703959,-0.024683211,0.128938743,0.865209967,0.678100618,0.004150752,-0.002185032,0,0,0,-0.027149969,0.448655688,0.793671415,0.06396058,-0.011096979,2.43E-05,-0.006985107,0.00845515,0.628714478,0.872477545,0.030908224,-0.034763991,0.425747838,1.036184011,0.333805219,-0.023265165,0.000202121,0,0,0,-0.026160795,0.430937994,0.792725728,0.05622532,-0.010296767,0,0.00036152,-0.029992511,0.281698666,0.948154223,0.722263923,0.504002502,0.979271514,0.756654071,0.097317204,-0.011854745,0,0,0,0,-0.010967933,0.17793299,0.392456274,0.006698036,-0.002929355,0,2.39E-05,-0.000436189,-0.013536271,0.350409601,0.805990179,0.931007183,0.667751617,0.128991302,-0.019977325,-2.26E-05,0,0,0,0,0.000313532,-0.005393125,-0.003614865,-0.003325282,0.000361238,0,0,0.000193633,-0.00338755,-0.013449163,0.06481345,0.104482593,0.034955974,-0.018248441,0.000683424,7.75E-05,0,0,0,0,7.91E-05,-0.001262085,-0.003384566,0.00018893,0,0,0,6.74E-19,0.00023829,-0.002296244,-0.012411663,-0.016615945,-0.008930419,3.51E-05,5.30E-05,0,0,0,0,0,0,0,0,0,0,0,0,0,0,0,0,0,0,0,0,0,0
0,0,0,0,0,0,0,0,0,0,0,0,0,0,0,0,0,0,0,0,0,0,0,0,0,0,0,0,0,0,0,0,0,0,0,0,0,0,0,0,0,0,0,0,0,0,0,0,0,0,0,0.000330194,-0.001258232,-0.024838775,-0.03956504,-0.019357955,0.001218051,0,0,0,0,0,0,0,0,0,0,0,0,0,0,-0.002852328,0.011340447,0.210731754,0.328778254,0.147087725,-0.015673917,0.000643268,0,0,0,0,0,0,0,0,0,0,0,0,0,-0.006978656,0.018543832,0.592809453,1.018248196,0.70031284,0.043438896,-0.008760344,0,0,0,0,0,0,0,0,5.19E-19,9.97E-18,0.000497855,-0.007598039,-0.021863937,-0.006862575,-0.007883698,0.073139723,0.787377213,1.007862915,0.313204878,-0.037861481,0,0,0,0,0,0,0,5.19E-20,0.000236588,-0.001218526,-0.02128251,0.06471235,0.23361843,0.07463831,-0.009940789,-0.033883289,0.631267259,1.02449183,0.355919271,-0.042242876,0,0,0,0,0,0,0,0.000101912,-0.002904658,-0.026791642,0.235810845,0.788507416,0.857924157,0.176510402,-0.025636127,-0.018816192,0.725611862,1.029733687,0.351690939,-0.041873548,0,0,0,0,0,2.13E-05,-3.13E-05,-0.003717899,-0.023880447,0.248965764,0.885328142,1.04752594,0.597082125,-0.004784875,-0.006467939,-0.017680896,0.744736775,1.035609647,0.356337929,-0.042387184,0,0,0,0,0,0.000467167,-0.010237728,-0.009284637,0.265025106,0.864998217,0.972358218,0.956862405,0.150493941,-0.015150123,-0.028851249,0.177085852,0.896004493,0.985375204,0.288019506,-0.035225633,0,0,0,0,0,-0.007286509,0.075290714,0.672408548,0.983719856,0.567187725,0.617495166,0.80224743,-0.008308636,-0.044270731,0.016009182,0.672006553,1.018724843,0.521349741,0.052801913,-0.008725286,0,0,0,0,0,-0.025026654,0.3805024,1.041057666,0.635115026,0.050911058,0.723935645,0.677317487,0.225723584,0.332601733,0.631327487,0.931130174,0.47143413,-0.001644863,-0.008513429,0.000633484,0,0,0,0,0,-0.035282296,0.585422102,0.911828044,0.176884911,0.045914868,0.704651241,0.876111332,0.853845542,0.861826091,0.697527173,0.278581013,-0.014865222,-0.007878755,0.000324538,0,0,0,0,0,0.000516082,-0.047438879,0.733025242,0.736866353,-0.006415782,-0.005854531,-0.008162701,0.13775531,0.198094958,0.077759906,-0.021220089,-0.018419288,-0.00414437,0.000352158,9.70E-06,0,0,0,0,0,-0.007334801,0.028574023,0.766154922,0.461154973,-0.029651927,0.000246321,-0.000637,-0.013374013,-0.018098533,-0.007883136,0.000194482,4.68E-05,0,0,0,0,0,0,0,0,-0.026393951,0.210889519,0.861828602,0.184204572,-0.013427288,2.20E-05,0,0,0,0,0,0,0,0,0,0,0,0,0,0,-0.036859892,0.321132064,0.729669611,0.024857911,-0.004322661,0,0,0,0,0,0,0,0,0,0,0,0,0,0,0,-0.033918574,0.311603481,0.378937875,-0.008752072,-0.001374638,0,0,0,0,0,0,0,0,0,0,0,0,0,0,0,0.000872366,-0.007793777,-0.013750511,-0.000244928,7.30E-05,0,0,0,0,0,0,0,0,0,0,0,0,0,0,0,0,0,0,0,0,0,0,0,0,0,0,0,0,0,0,0,0,0
0,0,0,0,0,0,0,0,0,0,0,0,0,0,0,0,0,0,0,0,0,0,0,0,0,0,0,0,0,0,0,0,0,0,0,0,0,0,0,0,0,0,0,0,0,0,0,0,0,0,0,0,0,0,0,0,0,0,0,0,0,0,0,0,0,0,0,0,0,0,0,0,0,0,0,0,0,0,0,0,0,0,0,0,0,0,0,0,0,0,0,0,0,0,0,0,0,0,0,0,0,0,1.03E-17,5.87E-05,-0.001036986,-0.000666786,3.96E-05,-1.91E-16,7.00E-18,0,0,0,0,0,3.64E-18,-2.55E-17,-1.21E-16,-1.97E-17,2.64E-18,0,0,0,0.001031348,-0.009493634,-0.009983745,-0.013153339,-0.021209576,-0.020748407,-0.019995575,-0.011361826,-0.001895765,0.000160335,0,0,0.000625,-0.004448529,-0.020071487,-0.007518548,0.000428922,0,0,0,-0.018663169,0.140806564,0.712314741,0.758999565,0.617737251,0.401392358,0.148069585,0.055760823,-0.021366129,-0.005091619,0.000605318,0,-0.009413293,0.068206657,0.288551883,0.061457,-0.005977641,0,0,0,-0.050944112,0.446794475,0.908540152,0.62117933,0.618452563,0.642308049,0.8495657,0.783416105,0.381044764,0.007009736,-0.005601127,0.000184845,-0.022313113,0.145215397,0.871628455,0.46575087,-0.020753506,0,0,0,-0.047566345,0.42440002,0.763453312,-0.030106073,-0.045856533,-0.016209864,0.146485226,0.46985769,0.960004221,0.366243651,-0.039254719,-0.005722869,-0.001149816,-0.028036033,0.486267157,0.78455755,-0.016413739,0,0,0,-0.026763687,0.217568866,0.801048935,0.210029582,0.072251651,-0.013282479,-0.024671824,-0.022849435,0.566055862,0.905262255,0.283152813,-0.028356822,-0.032936377,-0.066309419,0.361888378,0.764981248,-0.013098618,0,0,0,-0.011248217,0.063809777,0.806201576,0.663478911,0.101747106,-0.014349191,2.04E-07,-0.013104388,0.059120115,0.551706733,0.913531722,0.536671943,0.327355801,0.431342525,0.802896055,0.357572289,-0.018801062,0,0,0,-0.001064189,-0.008904549,0.328786162,0.457100047,-0.035516387,0.000970218,1.35E-05,0.000869614,-0.012566345,-0.004029001,0.260098424,0.747303293,0.847121007,0.81789749,0.453623256,0.010972514,-0.005986813,0,0,0,0.000195671,-0.001211193,-0.012495234,-0.007135587,-7.49E-06,4.48E-05,0,2.76E-05,0.000245779,-0.005677083,-0.019001043,-0.00445704,0.010581087,0.001388548,-0.019103605,-0.004300171,0.000411901,0,0,0,0,2.04E-05,-0.000341265,-0.000588065,3.32E-05,0,0,0,0,1.28E-05,-2.68E-05,-0.001148897,-0.001955678,-0.001460376,-0.000111911,2.04E-05,0,0,0,0,0,0,0,0,0,0,0,0,0,0,0,0,0,0,0,0,0,0,0,0,0,0,0,0,0,0,0,0,0,0,0,0,0,0,0,0,0,0,0,0,0,0,0,0,0,0,0,0,0,0,0,0,0,0,0,0,0,0,0,0,0,0,0,0,0,0,0,0,0,0,0,0,0,0,0,0,0,0,0,0,0,0,0,0,0,0,0,0,0,0,0,0,0,0,0,0,0,0
0,0,0,0,0,0,0,0,0,0,0,0,0,0,0,0,0,0,0,0,0,0,0,0,0,0,0,0,0,0,0,0,0,0,0,0,0,0,0,0,0,0,0,0,0,0,0,0,0,0,0,0,0,0,0,0,0,0,0,0,0,0,0,0,0,0,0,0,0,0,0,0,0,0,0,0,0,0,0,0,0,0,0,0,0,0,0,0,0,0,0,0,0,0,0,0,0,0,0,0,0,0,0,0,0,0,0,0,0,0,0,0,0,0,1.26E-17,-9.77E-17,-3.13E-16,-3.38E-17,5.44E-18,0,0,0,8.15E-06,0.000213099,-0.004927662,-0.004542654,-0.009066415,-0.009730205,-0.009676777,-0.009505889,-0.003430522,-0.00041122,6.52E-05,0,0.000551471,-0.004101137,-0.015704146,-0.002125372,0.000308075,0,0,0.000334271,-0.001420545,-0.02591313,-0.001042304,-0.007434725,0.040175951,0.04825268,0.047727926,0.042637428,-0.016101005,-0.011260446,0.0012204,0,-0.018658738,0.144956229,0.460704721,0.048908746,-0.007945049,0,0,-0.002296943,0.005451928,0.186777318,0.571382881,0.583854048,0.672132676,0.674305674,0.673306117,0.695565751,0.512220044,0.139717797,-0.017553606,1.12E-05,-0.021481618,0.145655365,0.772441381,0.135124332,-0.01763957,0,0,-0.016265148,0.122853889,0.707902897,0.486137255,0.565392599,0.289922913,0.251237652,0.247261642,0.377984818,0.951598107,0.311100899,-0.047574396,0.000466844,-0.002563725,-0.036182104,0.625378659,0.191661826,-0.020967286,0,0,-0.021540033,0.193219192,0.677943661,-0.02581861,-0.014138259,-0.030680351,-0.032010517,-0.03641585,-0.006117256,0.722938147,0.534492613,0.008904549,-0.031328278,-0.031517906,0.078560713,0.615087452,0.124628124,-0.015427219,0,0,-0.015515727,0.111135808,0.750946793,0.203700368,-0.024209099,-0.000422794,3.30E-05,-0.000636897,-0.015875477,0.235243941,0.803825572,0.680728874,0.274686802,0.212108592,0.681945108,0.446828091,-0.005683421,-0.003598856,0,0,-0.001807917,-0.009586038,0.296394936,0.24164287,-0.011766082,-0.000652593,0,9.42E-05,-0.001886898,-0.015935007,0.133287422,0.586544006,0.648305698,0.627350733,0.452373986,0.01114408,-0.009054249,0.000420896,0,0,0.000231481,-0.001296319,-0.014587759,-0.005967967,0.000539556,8.17E-06,0,0,0.000272672,-0.001434164,-0.014237643,-0.020070523,-0.009902471,-0.007777097,-0.018454691,-0.006045411,0.00068179,3.40E-06,0,0,0,0,0,0,0,0,0,0,0,0,0,0,0,0,0,0,0,0,0,0,0,0,0,0,0,0,0,0,0,0,0,0,0,0,0,0,0,0,0,0,0,0,0,0,0,0,0,0,0,0,0,0,0,0,0,0,0,0,0,0,0,0,0,0,0,0,0,0,0,0,0,0,0,0,0,0,0,0,0,0,0,0,0,0,0,0,0,0,0,0,0,0,0,0,0,0,0,0,0,0,0,0,0,0,0,0,0,0,0,0,0,0,0,0,0,0,0,0,0
0,0,0,0,0,0,0,0,0,0,0,0,0,0,0,0,0,0,0,0,0,0,0,0,0,0,0,0,0,0,0,0,0,0,0,0,0,0,0,0,0,0,0,0,0,0,0,0,0,0,0,0,0,0,0,0,0,0,0,0,0,0,0,0,0.000102941,-0.000316993,-0.007288194,-0.030550018,-0.038891289,-0.039248621,-0.009869945,0.000726818,0.000891678,-0.009501379,-0.031150786,-0.008696844,-0.000234681,8.44E-05,0,0,0,0,0,0.000516544,-0.008507966,-0.023462146,0.071890387,0.482666881,0.633216725,0.637793913,0.127690411,-0.012971286,-0.014877298,0.13634952,0.490381604,0.096152522,-0.010463286,0.000346093,0,0,0,0,0.000183441,-0.004317708,0.019407884,0.243164709,0.713980018,0.986622794,1.02954085,1.048170718,0.646643995,-0.026877468,-0.021629876,0.491237558,1.046922335,0.755128472,0.124993022,-0.023668369,0.000514876,0,0,0,-0.002013778,-0.009210852,0.457719124,0.892946351,1.02458255,0.993103063,0.905031982,0.976067351,0.838182002,0.116507336,-0.032501987,0.369372549,0.955627417,1.01460849,0.537193015,0.004191244,-0.005467899,0,0,0,-0.005811951,0.01209986,0.741208573,1.040010905,0.941337084,0.54550267,0.125172792,0.79018711,1.01221908,0.343474243,-0.07493052,0.246185031,0.921225898,1.019954734,0.849518365,0.096431932,-0.014807455,0,0,0,-0.004702621,0.003911118,0.692197253,1.056068559,0.670614481,0.045187637,-0.032142259,0.629647518,1.023702665,0.362882489,-0.063513717,0.135042552,0.837678207,1.012515999,0.993096575,0.211139646,-0.020035063,0,0,0,-0.010182626,0.052598107,0.800680862,0.917595231,0.327768553,0.004241623,-0.037399544,0.485759191,1.030566721,0.536385621,-0.018953824,0.048811445,0.780226716,1.017440087,1.010763889,0.459123745,-0.020656318,0,0,0,-0.026292039,0.204872804,0.922591588,0.74034969,-0.029578755,-0.002128837,-0.01866556,0.266373009,1.006849094,0.752713763,0.053697906,0.048835359,0.78495081,1.016846916,1.008615026,0.551881888,-0.02058398,0,0,0,-0.040538502,0.339145135,1.019514144,0.738753319,-0.026382847,-0.002042416,-0.010449091,0.119463082,0.909606737,1.001563351,0.227064802,0.035375732,0.787210478,1.019146923,1.014935662,0.525438646,-0.020767804,0,0,0,-0.043918938,0.372717191,1.021863662,0.552229475,-0.027345451,-0.000699289,-0.000694682,-0.027442403,0.373639884,0.993008048,0.723745956,0.056386137,0.770374815,1.023331278,0.962869176,0.223909821,-0.01896444,0,0,0,-0.049547104,0.42678588,1.047763923,0.441846031,-0.028754255,4.08E-05,0.000105699,-0.015496324,0.061397229,0.765040765,0.975084213,0.522587537,0.861102754,1.043087554,0.740506468,0.04084986,-0.010680658,0,0,0,-0.049738698,0.428539692,1.049690666,0.44754473,-0.028676471,0,0,-0.0033606,-0.007600235,0.44702434,0.985447563,1.004980205,1.031054432,0.858256196,0.267427339,-0.002945049,-0.002429875,0,0,0,-0.038613999,0.323563862,0.975835989,0.455905637,-0.028676471,0,0,-8.52E-05,-0.001970963,0.019568661,0.487409044,0.586522603,0.536063045,0.243237098,-0.022656233,-0.000124282,6.96E-05,0,0,0,-0.025789409,0.202102635,0.898719124,0.467495881,-0.02880719,0,0,2.39E-05,0.000111877,-0.003615928,-0.013906367,-0.020499302,-0.024868481,-0.016740468,-0.000369332,-1.38E-06,1.17E-05,0,0,0,-0.008266175,0.039284545,0.735803066,0.484796176,-0.028894154,0,0,0,1.24E-18,4.08E-05,-0.001724832,-0.001585749,-0.000888671,-3.87E-05,6.11E-06,0,0,0,0,0,-7.13E-05,-0.010031488,0.184021906,0.222143587,-0.012703738,0,0,0,0,0,0,0,0,0,0,0,0,0,0,0,5.10E-05,0.000532748,-0.017753864,-0.020338882,0.001166769,0,0,0,0,0,0,0,0,0,0,0,0,0
0,0,0,0,0,0,0,0,0,0,0,0,0,0,0,0,0,0,0,0,0,0,0,0,0,0,0,0,0,0,0,0,0,0,0,0,0,0,0,0,0,0,0,0,0,0,0,0,0,0,0,0,0,3.18E-05,0.000348946,-0.010012229,-0.009114182,0.000986083,0,0,0,0,0,0,0,1.09E-19,7.30E-05,-0.000573764,-0.004025684,-0.004657833,-0.002383527,0.000149663,0,-0.000249643,-0.002600916,0.077616575,0.067152557,-0.008424595,9.34E-05,0,0,0,0,0,0,0.000651042,-0.007547318,-0.017456416,0.011929517,0.019082635,0.000482928,-0.003195415,0.000315519,-0.001076389,-0.01306216,0.347925245,0.34759678,-0.027433146,-0.000820057,0,0,0,0,1.09E-18,0.000735294,-0.009682224,0.0133718,0.226300361,0.720272212,0.793861366,0.470113494,-0.013286646,-0.001604908,-0.000922743,-0.023810372,0.384160267,0.747198563,0.054415128,-0.010908565,0,0,0,0,1.33E-05,-0.007859818,0.030121272,0.490257098,0.897497248,1.039933075,1.048534654,0.843623332,0.11360112,-0.016753496,-5.35E-05,-0.027056628,0.217720316,0.723089665,0.079722018,-0.013172658,0,0,0,0,-0.001245159,-0.01860965,0.383215438,1.012603525,0.866115012,0.176861437,0.402811171,0.877145771,0.200618707,-0.025517342,1.10E-05,-0.027605173,0.192321977,0.904984,0.225011265,-0.019649967,0,0,0,0,-0.001088797,-0.021125885,0.37963334,0.95433541,0.330174133,-0.059978554,0.288707584,0.894158429,0.231187092,-0.028675553,0,-0.01814951,0.108254357,0.821433143,0.49288949,-0.020826525,0,0,0,9.54E-05,-0.004175807,-0.001934504,0.715132676,1.001719448,0.194123218,-0.039243975,0.307920547,0.853214154,0.172742341,-0.022489911,0,-0.009574142,0.032904412,0.709214495,0.567159767,-0.020666871,0,0,0,-0.000598019,-0.013295803,0.28032358,0.9714439,0.451429109,0.018894834,-0.023240724,0.301501532,0.92087963,0.26498029,-0.033161255,7.23E-05,-0.010133272,0.037768076,0.71709329,0.764947057,-0.020696998,0,0,0,-0.003500876,-0.008436955,0.737011217,0.746289556,0.036985805,-0.013256594,-0.019993464,0.300460206,0.981716656,0.363890438,-0.052271836,-0.017737269,-0.029436104,0.036390506,0.73790288,0.784620684,-0.020766272,0,0,0,-0.007274804,0.026668195,0.785025546,0.557737013,-0.036178866,0.000323406,-0.015295086,0.203865381,1.00334879,0.727682813,0.138307412,0.09918372,0.09501065,0.382651169,0.953222046,0.509892468,-0.021017454,0,0,0,-0.02512209,0.197157952,0.876105664,0.348671722,-0.022903782,6.93E-05,-0.003801522,0.009781573,0.704511097,1.01011123,0.945738165,0.914213627,0.930446385,1.01794727,0.750121358,0.105536634,-0.011539182,0,0,0,-0.02975908,0.242004596,0.893409075,0.226336057,-0.015682496,0,-0.000305913,-0.004121681,0.078133408,0.362860583,0.695798564,0.920268246,0.788858524,0.531799547,0.125390251,-0.021031943,-1.53E-05,0,0,0,-0.048975582,0.428918062,0.925982435,0.083298032,-0.008363766,0,6.80E-05,0.000275123,-0.016496681,-0.022887817,0.008507755,0.034530586,0.019159705,-0.008964954,-0.013878489,0.000151135,0.00010723,0,0,0,-0.05086299,0.452720061,0.83268127,0.014173917,-0.004343903,0,0,0,9.57E-05,-0.000973499,-0.003736853,-0.005816023,-0.004592167,-0.002303666,-0.000236775,3.91E-05,0,0,0,0,-0.026385046,0.240560821,0.328055471,-0.002530489,-0.001402664,0,0,0,0,0,0,0,0,0,0,0,0,0,0,0,0.001035425,-0.009265046,-0.016057496,-0.000260927,8.43E-05,0,0,0,0,0,0,0,0,0,0,0,0,0,0,0,0,0,0,0,0,0,0,0,0,0,0,0,0,0,0,0,0,0
0,0,0,0,0,0,0,0,0,0,0,0,0,0,0,0,0,0,0,0,0,0,0,0,0,0,0,0,0,0,0,0,0,0,0,0,0,0,0,0,0,0,0,0,0,0,0,0,0,0,0,0,0,0.001120215,-0.017783213,-0.039819412,-0.011586564,0.001062968,2.85E-05,0,0,0,0,0,0,0,0,0.00011618,-0.000607026,-0.007874336,-0.027193321,-0.007413041,0.00088006,-0.010278748,0.165253285,0.342008085,0.079115724,-0.011513391,0.000114209,0,0,0,0,0,0,0,0.000104167,-0.001064164,-0.008350048,0.087598175,0.429063572,0.101077887,-0.014072245,-0.012569121,0.166110226,0.862904701,0.562906131,-0.003058494,-0.005752315,0,0,0,0,0,1.21E-18,0.000276586,-0.003030705,-0.043431254,0.173203465,0.755258953,0.955931849,0.407381059,-0.031035781,-0.001358847,-0.03319087,0.278247294,0.90424377,0.220873334,-0.018119043,0,0,0,0,0,7.35E-05,-0.002726035,0.009578738,0.292651798,0.704644812,0.505722358,0.557666599,0.559736962,-0.012916921,-0.003843852,-0.008147518,0.008476954,0.668756876,0.543304679,-0.020255481,0,0,0,0,0,-0.001627431,-0.020280767,0.400346381,0.916416777,0.548015623,0.031662335,0.356059612,0.545927109,-0.012003752,-0.00375817,-4.22E-05,-0.047347115,0.544535537,0.592212967,-0.019087923,0,0,0,0,1.38E-06,-0.00508318,-0.008032152,0.662929636,0.835308317,-0.007690802,-0.043972222,0.287420564,0.521945415,-0.013104592,-0.003429841,9.16E-05,-0.038169186,0.424753898,0.760914183,-0.014944002,0,0,0,0,6.48E-05,-0.018571232,0.098109579,0.811005157,0.897675526,0.070505259,-0.042158037,0.27935512,0.683632608,0.03752451,-0.008940121,0.000470282,-0.040441857,0.40777514,0.778305953,-0.01451508,0,0,0,0,-0.000824346,-0.023396174,0.33463734,1.003195857,0.887046747,0.051548798,-0.039081853,0.256582006,0.783668199,0.060548829,-0.012984069,-0.006074891,-0.015527454,0.636432785,0.489986412,-0.020108081,0,0,0,0,-0.001496732,-0.016171739,0.41738123,1.013422198,0.832715866,0.021877808,-0.02443687,0.134059606,0.817070227,0.336000435,-0.041106686,-0.034991388,0.301161697,0.803290152,0.178731775,-0.016235873,0,0,0,0,-0.000957105,-0.023085025,0.362673165,1.028736293,0.689289677,-0.016993889,-0.001963995,-0.026061378,0.467381969,0.913262043,0.391911765,0.379407756,0.823513327,0.356547702,7.46E-05,-0.003334726,0,0,0,0,-0.004559998,0.018995285,0.778517089,0.963027829,0.356715788,-0.018973992,0.000385519,-0.009192453,0.052962027,0.424402678,0.764703874,0.714705133,0.31721218,0.010962759,-0.00708865,0.000257013,0,0,0,0,-0.013929024,0.181467405,0.991365128,0.537691228,-0.027340525,-0.004527505,0,0.000648914,-0.008481839,-0.023773881,0.075823512,0.062491302,-0.009469465,-0.003974826,0.00042803,0,0,0,0,0,-0.016934692,0.243953057,0.945073138,0.282300586,-0.043224339,0.000743975,0,0,0.000245098,-0.001445518,-0.014380208,-0.012598346,-0.001930147,0.000162684,0,0,0,0,0,0,-0.016197508,0.235744094,0.889351682,0.34684501,0.007873252,-0.003968035,0,0,0,0,0,0,0,0,0,0,0,0,0,0,-0.005600872,0.050973139,0.673070027,0.597314537,0.064525695,-0.010616839,0,0,0,0,0,0,0,0,0,0,0,0,0,0,0.000321181,-0.004609205,-0.018239719,-0.00917739,-0.00065937,0.00013957,0,0,0,0,0,0,0,0,0,0,0,0,0,0,0,0,0,0,0,0,0,0,0,0,0,0,0,0,0,0,0
0,0,0,0,0,0,0,0,0,0,0,0,0,0,0,0,0,0,0,0,0,0,0,0,0,0,0,0,0,0,0,0,0,0,0,0,0,0,0,0,0,0,0,0,0,0,0,0,0,0,1.74E-18,0.000766377,-0.007415963,-0.03722066,-0.012503771,0.000847907,3.18E-05,0,0,0,0,0,0,0,0,0,0,0,0,0,-1.59E-17,-0.006686411,0.066319793,0.319206359,0.076131604,-0.018106941,0.000422845,0,0,0,0,0,0,0,0,0,0,0,0,0,-2.00E-17,-0.014994894,0.11637474,0.825403544,0.789086193,0.126481056,-0.014664216,0.000440259,0,0,0,0,0,0,0,0,0,1.61E-18,8.94E-06,-0.000110209,-0.000974009,-0.000491388,-0.010214745,0.114191449,0.824682394,0.635512987,-0.010132285,-0.0027985,0,0,0,0,0,0,0,0,8.51E-05,-6.42E-05,-0.008467031,-0.018719958,-0.007198308,-0.00407867,0.000994201,-0.052678581,0.52090002,0.85977291,0.127395884,-0.017958909,0,0,0,0,0,0,0,9.07E-18,0.000135543,-0.01752179,0.02512384,0.524877094,0.574668141,0.036003934,-0.023617077,0.049434916,0.724072636,0.765592057,0.056637078,-0.010299362,0,0,0,0,0,0,0.000287684,-0.000822968,-0.033571521,0.113671545,0.659218716,0.944510842,0.908630838,0.201305181,-0.002561181,0.604460444,0.920070415,0.258285403,-0.022158888,0.000436183,0,0,0,0,0,1.29E-05,-0.003386029,-0.000272297,0.332632251,0.826898329,0.887338082,0.401571827,0.91679473,0.291951168,0.40821892,1.0031787,0.440897144,-0.003623996,-0.002236315,0,0,0,0,0,0,-6.13E-05,-0.022069019,0.155489941,0.884972324,0.705767906,0.076192913,0.014487932,0.785582006,0.789424837,0.942158833,0.539493124,0.014619349,-0.011685355,0.000263787,0,0,0,0,0,0,-0.000728094,-0.027631689,0.352112149,1.033005991,0.306564415,-0.031201321,-0.012548305,0.397100422,0.84348909,0.420728415,0.034456529,-0.010585121,0.000486213,5.51E-06,0,0,0,0,0,0,-0.001415811,-0.019781212,0.434929205,1.01056111,0.125990119,-0.019290914,-0.003496545,0.014807743,0.074123405,-0.018875468,-0.010067364,0.000764339,0,0,0,0,0,0,0,0,-0.001399203,-0.019966503,0.441720316,0.910394046,0.096134398,-0.015828908,0.000367136,-0.004937534,-0.013530603,-0.002419897,0.000257013,0,0,0,0,0,0,0,0,0,-0.002290135,-0.008972222,0.547562943,0.80481987,0.0648694,-0.012325538,0,0,0,0,0,0,0,0,0,0,0,0,0,0,-0.003565564,0.00666922,0.703020476,0.619861928,0.006650667,-0.006065155,0,0,0,0,0,0,0,0,0,0,0,0,0,0,-0.004982945,0.023480835,0.875260246,0.48487854,-0.038163344,-0.00133238,0,0,0,0,0,0,0,0,0,0,0,0,0,0,-0.003708624,0.024043166,0.596330867,0.245164486,-0.030495353,0.000175288,0,0,0,0,0,0,0,0,0,0,0,0,0,0,0.000109783,-0.000578874,-0.018813317,-0.009073393,0.001031348,0,0,0,0,0,0,0,0,0,0,0,0,0,0,0,0,0,0,0,0,0,0,0,0,0,0,0,0,0,0,0,0
0,0,0,0,0,0,0,0,0,0,0,0,0,0,0,0,0,0,0,0,0,0,0,0,0,0,0,0,0,0,0,0,0,0,0,0,0,0,0,0,0,0,0,0,0,0,0,0,0,0,0,0,0,0,0,0,0,0,0,0,0,0,0,0,0,0,0,0,0,0,8.43E-05,-0.000500408,-0.025209633,-0.02231827,-0.007813368,0.000478043,2.18E-05,0,0,0,0,0,0,0,0,0,0,0,0,0,-0.001530586,0.009721797,0.44946768,0.361668999,0.08611043,-0.019242783,0.000416769,0,0,0,0,0,0,0,0,0,0,0,6.13E-05,-0.000587214,-0.008340567,-0.011415356,0.212046017,0.724547283,0.685470214,0.073905229,-0.007115349,0,0,0,0,0,0,0,0,0,0,5.30E-05,-0.000410199,-0.006518927,0.071446504,0.011269829,-0.032181831,0.223490383,0.884337759,0.342134174,-0.021920752,0,0,0,0,0,0,0,0,0.000693001,-0.007773837,-0.029331498,-0.031807764,0.216967154,0.868734713,0.35399255,-0.065689652,0.178140227,0.872271632,0.373061619,-0.023512698,0,0,0,0,0,0,0,0,-0.004768774,0.054030416,0.22718409,0.123658344,0.794165254,0.977774952,0.272538994,-0.062146672,0.213482418,0.886349758,0.247615451,-0.016770833,0,0,0,0,0,0,0,0,-0.033669492,0.368729235,0.906320914,0.841940155,1.046591844,0.624725031,-0.031943917,-0.04647599,0.434882625,0.923521752,0.077729967,-0.007978503,0,0,0,0,0,0,0,0,-0.04278365,0.467191159,1.02882302,0.879914148,0.904586584,0.627997872,0.035555998,0.137483286,0.797550875,0.572379987,-0.007329044,-0.002460784,0,0,0,0,0,0,0,7.66E-05,-0.042525786,0.468158956,0.940628117,0.188083197,0.198491422,0.739658599,0.7762644,0.844443901,0.887314798,0.160051113,-0.023864941,-6.28E-06,0,0,0,0,0,0,0,-0.000387978,-0.039405565,0.491036749,0.892964606,0.043181417,-0.034719233,0.053441173,0.30033033,0.445326635,0.197483507,-0.004932246,-0.001745139,1.83E-05,0,0,0,0,0,0,0,-0.00448315,-0.010905637,0.630715261,0.839405718,0.018343801,-0.00329359,-0.011559096,-0.021081155,-0.021243529,-0.015663637,-0.001997038,0.000343137,0,0,0,0,0,0,0,0,-0.014154718,0.073015965,0.770841861,0.70846519,-0.024323853,0.0003085,0,0,0,0,0,0,0,0,0,0,0,0,0,0,-0.017663603,0.103894097,0.816108456,0.429161367,-0.020853758,0,0,0,0,0,0,0,0,0,0,0,0,0,0,0,-0.025060355,0.171883051,0.878757693,0.218002358,-0.019793369,0,0,0,0,0,0,0,0,0,0,0,0,0,0,0,-0.030885716,0.230053962,0.875363757,0.12114864,-0.017107945,0,0,0,0,0,0,0,0,0,0,0,0,0,0,0,-0.016597733,0.131462759,0.381110005,0.033168151,-0.006060219,0,0,0,0,0,0,0,0,0,0,0,0,0,0,0,0.001508885,-0.011913637,-0.035074125,-0.003244619,0.000565938,0,0,0,0,0,0,0,0,0,0,0
0,0,0,0,0,0,0,0,0,0,0,0,0,0,0,0,0,0,0,0,0,0,0,0,0,0,0,0,0,0,0,0,0,0,0,0,0,0,0,0,0,0,0,0,0,0,0,0,0,0,0,0,0,0,0,0,0,0,0,0,0,0,0,0,0,0,0,0,0,0,0,0.000162377,-0.000237557,-0.01511152,-0.033642412,-0.027761029,-0.00176731,0.000348539,0,0,0,0,0,0,0,0,0,0,9.19E-06,0.000377451,-0.00429565,-0.020610396,-0.001695457,0.257939645,0.575539607,0.439066432,0.016666565,-0.004378134,0,0,0,0,0,0,0,0,0,1.12E-18,0.000366881,-0.008121221,-0.003261353,0.098864056,0.062708121,0.344850252,0.660172675,0.903731924,0.205227158,-0.026246382,0,0,0,0,0,0,0,0,0,0.000505483,-0.009123689,0.031890965,0.507644948,0.819861264,0.154328112,-0.055451151,0.172787599,0.840882353,0.163253983,-0.021407607,0,0,0,0,0,0,0,0,0.000476948,-0.007893547,-0.014637194,0.563697906,1.006620076,1.035157386,0.178342156,-0.049889562,0.524296689,0.78480968,0.059196612,-0.010586562,0,0,0,0,0,0,0,0.000668913,-0.011279105,-0.023789491,0.411241047,0.848801403,0.559958231,0.881770357,0.096830558,0.308710835,0.933733184,0.399324534,-0.02877531,0.000350577,0,0,0,0,0,0,0.000159926,-0.01010175,0.079137357,0.454666392,0.885946912,0.321009055,0.21014774,0.915124779,0.50092023,0.924523506,0.76339265,0.046618753,-0.006035795,0,0,0,0,0,0,0,-0.000769301,-0.037463423,0.501776212,0.934562289,0.356097443,-0.061868141,0.190089767,0.942251498,1.035129955,0.597774731,0.064485941,-0.01518493,0.000212878,0,0,0,0,0,0,0,-0.009210784,0.029672624,0.704570125,0.683620674,-0.01383764,-0.008259089,0.025224214,0.324194904,0.421926372,0.062823427,-0.016566228,0.000387817,2.77E-05,0,0,0,0,0,0,0,-0.012807264,0.06117022,0.753263388,0.544026189,-0.023921093,0.00092271,-0.004015531,-0.027170009,-0.032172945,-0.010471444,0.000978354,0,0,0,0,0,0,0,0,0,-0.009484988,0.031853911,0.711092967,0.476210237,-0.020772059,6.13E-06,2.25E-05,-0.000950095,-0.001383114,3.06E-05,0,0,0,0,0,0,0,0,0,9.19E-07,-0.024176471,0.161858984,0.890506774,0.29047209,-0.020599809,0,0,0,0,0,0,0,0,0,0,0,0,0,0,0.000119536,-0.036136046,0.246422964,0.968596967,0.134554119,-0.018690598,0,0,0,0,0,0,0,0,0,0,0,0,0,0,-0.001415748,-0.020094873,0.448962844,0.88593544,0.086657036,-0.014838474,0,0,0,0,0,0,0,0,0,0,0,0,0,0,-0.00332355,0.002981703,0.678792378,0.676369984,0.020771054,-0.007687382,0,0,0,0,0,0,0,0,0,0,0,0,0,0,-0.001404208,-0.000326968,0.308061513,0.222995728,-0.020263901,-0.000346371,0,0,0,0,0,0,0,0,0,0,0,0,0,0,0.000127655,4.17E-05,-0.028051811,-0.021101835,0.001636959,5.53E-05,0,0,0,0,0,0,0,0,0,0,0
0,0,0,0,0,0,0,0,0,0,0,0,0,0,0,0,0,0,0,0,0,0,0,0,0,0,0,0,0,0,0,0,0,0,0,0,0,0,0,0,0,0,0,0,0,0,0,0,0,0.000154091,-0.000321634,-0.012753659,-0.043991755,-0.046384167,-0.016729444,0.000646937,6.24E-05,0,0,0,0,0,0,0,0,0,0,0,0,-0.001454044,0.003035029,0.120625953,0.410647344,0.419417245,0.122428292,-0.024737847,-4.55E-05,6.24E-05,0,0,0,0,0,0,0,0,0,0,0,-0.001022978,0.002135263,0.079604167,0.373282683,0.641508425,0.730710069,0.272039897,-0.024173509,0.000639599,0,0,0,0,0,1.28E-18,3.21E-18,0.001404208,-0.015314372,-0.048499008,-0.019205729,0.001849792,-0.000241728,-0.010158258,-0.023871377,-0.020899391,0.444117119,0.795878847,0.106066925,-0.020692695,0.000434028,0,0,0,0,0.000506536,-0.007670377,-0.037162309,0.159202751,0.535111016,0.2066819,-0.019583589,9.19E-05,4.65E-05,-0.000745231,-0.011100388,0.070555045,0.956642667,0.523521072,-0.005941224,-0.004532612,0,0,0,0.000205027,-0.00614763,0.033787062,0.45706324,0.859323917,1.02945964,0.473430897,-0.038372196,-0.00048612,0,0,-0.002640231,-0.006748026,0.619833408,0.817252252,0.084383941,-0.012747816,0,0,0,-0.000633484,-0.024851716,0.497888259,0.980429602,0.502129442,0.799250506,0.626826372,-0.003040799,-0.005287377,0,0,-0.001189491,-0.022577461,0.408420701,1.033455661,0.249970666,-0.020102635,0,0,0,-0.022946884,0.176454231,0.857430981,0.455584423,-0.020687177,0.728237859,0.773279684,0.049061717,-0.030488664,-0.003571691,8.99E-05,-0.000618515,-0.027811496,0.341795803,1.026828874,0.282682286,-0.020707721,0,0,0,-0.030436183,0.247504528,0.909764417,0.312253234,-0.049903493,0.452063036,0.988484783,0.396743362,0.059128693,-0.015373145,-0.042102272,-0.045101409,-0.032820176,0.524789811,1.014061104,0.236544101,-0.019803922,0,0,0,-0.016784884,0.116974622,0.839787463,0.513378915,-0.045256451,0.103372909,0.767279633,1.023943151,0.781773863,0.576273369,0.466031008,0.457590431,0.541392957,1.005136166,0.638634617,0.009368146,-0.007104779,0,0,0,-0.00357089,-0.005070421,0.689987771,0.733287643,0.012422955,-0.022538905,0.095523759,0.393722127,0.725514893,0.894336486,0.900324228,0.935853733,0.960583598,0.745307026,0.122914883,-0.022357116,0.000430068,0,0,0,0.0002079,-0.037902369,0.607647059,0.807430385,0.051987507,-0.010163161,-0.011464631,-0.023489243,-0.003777914,0.080819717,0.090487716,0.209064542,0.210755123,0.041230256,-0.014286152,0.000711345,3.40E-05,0,0,0,0,-0.036065819,0.611600984,0.803519046,0.050067504,-0.009783539,0,0.000229779,-0.001497821,-0.008735873,-0.009386932,-0.019784858,-0.020054211,-0.005511302,0.000395731,0,0,0,0,0,0,-0.036456597,0.617824789,0.81673189,0.054318355,-0.010293099,0,0,0,0,0,0,0,0,0,0,0,0,0,0,0,-0.032582925,0.556112098,0.693678649,0.00132724,-0.004178387,0,0,0,0,0,0,0,0,0,0,0,0,0,0,0,-0.022918501,0.400474434,0.341698463,-0.024671385,0.00048816,0,0,0,0,0,0,0,0,0,0,0,0,0,0,0,0.000603043,-0.010350626,-0.012325027,0.000705167,0,0,0,0,0,0,0,0,0,0,0,0,0,0,0,0,0,0,0,0,0,0,0,0,0,0,0,0,0,0,0,0,0
0,0,0,0,0,0,0,0,0,0,0,0,0,0,0,0,0,0,0,0,0,0,0,0,0,0,0,0,0,0,0,0,0,0,0,0,0,0,0,0,0,0,0,0,0,0,0,0,0,0,0,0,0,0,0,0,0,0,0,0,0,0,0,0,0,0,0,0,0,0,3.70E-05,-0.000378115,-0.002048072,-0.001236724,0.000109783,0,0,0,0,0,0,0,0,0,0,0,0,0,0,0.000159926,8.39E-05,-0.018828925,-0.013898757,-0.023573359,-0.017533224,0.00076011,5.24E-05,0,0,0,0,0,0,0,0,0,0,0,0,-0.000976103,-0.011750681,0.23341922,0.563353461,0.438611043,0.077920854,-0.024638378,0.000735907,7.08E-18,0,0,0,0.000434028,-0.004796312,-0.020240673,-0.018434436,-0.020739549,-0.020848141,-0.021065692,-0.018655535,-0.026442368,0.009577053,0.462634532,0.546119451,0.92517836,0.79151108,0.174566125,-0.019950657,0.000693001,0,0,0,-0.002988565,0.020072019,0.1491738,0.142521198,0.15727238,0.154734469,0.147207534,0.123007368,0.128033407,0.131524143,0.062542548,-0.056953165,0.261808579,0.967843698,0.786032061,0.078153917,-0.01272511,0,0,0,-0.021267361,0.336581265,0.906927237,0.790933704,0.923983949,0.959829504,1.057116964,0.996958384,0.999143791,0.869798186,0.180226035,-0.033240492,0.005642804,0.708649254,0.976129596,0.270940496,-0.033333333,0,0,0,-0.020833333,0.675400887,0.783818134,0.211299377,0.169944836,0.205134242,0.251477569,0.411710682,0.931814883,0.53338414,0.007868362,-0.00313807,-0.041885927,0.512418352,1.037431628,0.38676348,-0.04542375,0,0,0,-0.020833333,0.521001131,0.747603009,0.037522467,-0.039253676,-0.029123162,-0.062468917,0.175444461,0.748547028,0.047162003,-0.011384821,-0.001905497,-0.033526008,0.735002213,0.950248757,0.226569053,-0.02865884,0,0,0,-0.020833333,0.318582966,0.84107598,0.121920343,-0.019698529,0,-0.029079124,0.247387408,0.685337214,0.01204102,-0.021529122,-0.038061076,0.271635042,0.957033241,0.751382966,0.024561836,-0.007061269,0,0,0,-0.021522258,0.245249716,0.94542251,0.179796431,-0.026445518,0,-0.017318288,0.121766116,0.848864294,0.441676858,0.069759335,0.231604222,0.802233195,0.999028321,0.229405701,-0.011452295,-0.000540637,0,0,0,-0.015243907,0.113843963,0.663836414,0.123271769,-0.018269608,0,0.000693001,-0.030283786,0.363938402,0.819729048,0.908567164,0.9851137,0.804108269,0.369284297,-0.013243413,-0.002344856,0.000118218,0,0,0,-0.001242341,0.009567741,0.053920769,0.009919526,-0.001474571,0,0,0.001358303,-0.036128115,0.103579521,0.287092814,0.250543649,0.088312074,-0.033182292,-0.001679483,0.000179994,0,0,0,0,0.00026348,-0.002027027,-0.011455882,-0.002117953,0.000314338,0,0,7.90E-05,0.000271446,-0.017671875,-0.036918811,-0.03391311,-0.016070466,-0.0001106,0.000159926,0,0,0,0,0,0,0,0,0,0,0,0,0,0,0,0,0,0,0,0,0,0,0,0,0,0,0,0,0,0,0,0,0,0,0,0,0,0,0,0,0,0,0,0,0,0,0,0,0,0,0,0,0,0,0,0,0,0,0,0,0,0,0,0,0,0,0,0,0,0,0,0,0,0,0,0,0,0,0,0,0,0,0,0
0,0,0,0,0,0,0,0,0,0,0,0,0,0,0,0,0,0,0,0,0,0,0,0,0,0,0,0,0,0,0,0,0,0,0,0,0,0,0,0,0,0,0,0,0,0,0,0,0,0,0,0,0,0.000675064,-0.009267458,-0.044098895,-0.014530186,0.001632895,8.15E-06,0,0,0,0,0,0,0,0,0,0,0,2.68E-05,-0.000285182,-0.002701021,-0.005993566,0.073503932,0.371381315,0.109637068,-0.016067934,0.000228418,0,0,0,0,0,0,0,0,0,2.21E-05,0.000329044,-0.006237183,-0.024292807,-0.001196089,-0.0192404,0.307850303,1.037182121,0.549741915,0.000369023,-0.005122209,0,0,0,0,0,0,0,0,7.08E-18,0.000240451,-0.007536186,0.009437738,0.222924632,0.566519625,0.097613443,0.141544016,0.975021923,0.647822917,0.018110197,-0.007369111,0,0,0,0,0,0,1.04E-19,0.000190632,-0.000858438,-0.01945818,0.027237473,0.507356754,0.953004613,0.790809673,0.049539539,0.006295054,0.759792807,0.551171569,-0.015065326,-0.003731958,0,0,0,0,0,0,0.000611471,-0.007704537,-0.025769863,0.130192613,0.627952642,1.010792433,0.692951707,0.103194354,-0.02133547,0.014738749,0.843341894,0.502416517,-0.029521524,-0.00217429,0,0,0,0,0,0.000784007,-0.01047932,0.016064917,0.224618697,0.857307581,1.018197678,1.003819615,0.37048126,-0.051098899,-0.013041275,0.05953576,0.903002298,0.595231005,-0.00196216,-0.005244247,0,0,0,0,0,-0.012697917,0.07168333,0.6045008,0.882448653,0.653573649,0.713861196,0.979421415,0.318953159,-0.061059408,0.005295888,0.562760383,0.94717213,0.36303702,-0.016718693,-0.002119587,0,0,0,0,1.87E-19,-0.025070772,0.168203704,0.910519148,0.991615609,0.336387493,0.616024748,1.009744758,0.600686223,0.415104273,0.655706342,0.911349163,0.321389025,-0.009668096,-0.003489972,0.00018893,0,0,0,0,4.65E-05,-0.01437854,0.064905944,0.760899391,0.735575106,0.137908871,0.293855596,0.812415509,1.057863613,1.047982332,0.881221558,0.379272689,-0.026288569,-0.00330433,0.000235722,3.06E-06,0,0,0,0,-0.000244741,-0.028994792,0.264782435,0.983411551,0.235442532,-0.041945481,-0.012159818,0.168092091,0.453089526,0.323705819,0.092108489,0.004843243,-0.00240777,4.43E-05,0,0,0,0,0,0,-0.00450046,0.023324295,0.679619996,0.934026399,0.119948501,-0.016679432,-0.002669016,-0.013435968,-0.021304296,-0.020573798,-0.014762561,-0.004094499,0.000237609,1.33E-05,0,0,0,0,0,0,-0.011125357,0.128802151,0.993881144,0.616369077,0.007412696,-0.006390421,0,0,0,0,0,0,0,0,0,0,0,0,0,0,-0.02192739,0.325936632,1.027273727,0.46018047,-0.03156822,-0.001744281,0,0,0,0,0,0,0,0,0,0,0,0,0,0,-0.017792994,0.25698732,0.973813862,0.328280739,-0.038192542,-6.83E-05,0,0,0,0,0,0,0,0,0,0,0,0,0,0,-0.007785404,0.097871673,0.668279728,0.163503237,-0.020698389,2.04E-05,0,0,0,0,0,0,0,0,0,0,0,0,0,0,0.000295139,-0.004041394,-0.019456699,-0.006272127,0.000750071,0,0,0,0,0,0,0,0,0,0,0,0,0,0,0,0,0,0,0,0,0,0,0,0,0,0,0,0,0,0,0,0
0,0,0,0,0,0,0,0,0,0,0,0,0,0,0,0,0,0,0,0,0,0,0,0,0,0,0,0,0,0,0,0,0,0,0,0,0,0,0,0,0,0,0,0,0,0,0,0,0,0,0,0,0,0.001511557,-0.026732298,-0.016447352,0.000979577,0,0,0,0,0,0,0,0,0,0,0,0,0,0,0,0.000258041,-0.01479662,0.217767157,0.120966656,-0.01006587,0.000286169,0,0,0,0,0,0,0,0,0,0,9.10E-05,-0.001379596,-0.005200061,0.000288603,-0.003370837,-0.009555079,0.739779786,0.672994519,0.006731362,-0.004677755,0,0,0,0,0,0,0,0,8.30E-19,0.00060128,-0.004530876,-0.02528719,0.007844533,-0.000340891,-0.017402878,0.120149374,0.873478571,0.80652982,0.025354745,-0.00739554,0,0,0,0,0,0,0,0,0.000379562,-0.009345828,0.021654803,0.423521208,0.489673424,-0.028174224,-0.01789287,0.125540952,0.866456274,0.749437398,0.011722631,-0.005684236,0,0,0,0,0,0,0,1.34E-17,-0.003435619,-0.019866636,0.4004069,0.994614247,0.672489027,-0.040565866,-0.01750623,0.122065278,0.863525964,0.709471791,-0.001139392,-0.004146512,0,0,0,0,0,0,6.62E-05,-0.000213082,-0.024766153,0.244366363,1.000298083,1.013835069,0.456557785,-0.02914951,-0.021643023,0.153440564,0.863490571,0.460397365,-0.02912677,9.38E-05,0,0,0,0,0,0,-0.000209559,-0.001410488,0.020854082,0.728365741,0.889673373,0.937672454,0.347146804,-0.025213167,-0.036159553,0.333162531,0.957608779,0.245982213,-0.017130004,0,0,0,0,0,0,0,-0.011736826,0.06015848,0.639271412,0.735060722,0.294603282,0.880844584,0.38741745,-0.05422149,0.043741949,0.791160386,0.791986128,0.028586227,-0.005102431,0,0,0,0,0,0,0,-0.016381434,0.092274237,0.803672028,0.442452866,0.014980579,0.657999643,0.851636472,0.34818767,0.57967519,0.926523012,0.290692351,-0.018084678,-0.000815359,0,0,0,0,0,0,0,-0.015560719,0.085788373,0.784350431,0.430913814,-0.037146026,0.084944033,0.715711039,0.898270929,0.853230386,0.369954326,-0.028039725,-0.003396009,0.000119848,0,0,0,0,0,0,5.21E-06,-0.022305964,0.143355443,0.878306577,0.345508965,-0.02050194,-0.013196657,-0.010210121,0.216648795,0.107072684,-0.023696725,-0.002539828,0.000407475,0,0,0,0,0,0,0,4.15E-05,-0.030780978,0.224559606,0.816949312,0.112744062,-0.01532101,0.000268076,-0.000899969,-0.020101443,-0.010919007,0.000587214,0,0,0,0,0,0,0,0,0,-0.001387766,-0.01938637,0.453523165,0.680017429,0.023614508,-0.008071555,0,0,0,0,0,0,0,0,0,0,0,0,0,0,-0.002591044,-0.006095571,0.603950419,0.628625017,0.003559119,-0.00583895,0,0,0,0,0,0,0,0,0,0,0,0,0,0,-0.000700593,-0.017040836,0.294408334,0.418669269,-0.001467836,-0.003523773,0,0,0,0,0,0,0,0,0,0,0,0,0,0,4.54E-05,0.000214631,-0.011494077,-0.01295207,-0.000105988,0.000122549,0,0,0,0,0,0,0,0,0,0,0,0,0,0,0,0,0,0,0,0,0,0,0,0,0,0,0,0,0,0,0
0,0,0,0,0,0,0,0,0,0,0,0,0,0,0,0,0,0,0,0,0,0,0,0,0,0,0,0,0,0,0,0,0,0,0,0,0,0,0,0,0,0,0,0,0,0,0,0,0,0,0,0,0,0,0,0,0,0,0,0,0,0,0,5.13E-05,-0.000879545,-0.001072049,6.13E-05,0,0,0,0,0,0,5.67E-06,-7.40E-06,-0.001169884,-0.000750715,8.32E-05,0,0,0,0,0.000454935,-0.003304483,-0.019222137,-0.023008459,-0.021735805,-0.009051302,-0.003639093,-0.005719669,-0.015015319,-0.017892463,-0.001932249,0.000381996,-0.000723941,-0.016604524,-0.016613732,-0.002240023,0.000330882,0,0,0,-0.003376544,0.014216452,0.319828806,0.383546415,0.126732043,0.028033322,-0.01539774,0.00092756,0.080488154,0.105090193,0.006858754,-0.003347495,0.00764934,0.367680675,0.260851733,-0.006831764,-0.00197389,0,0,0,-0.013031267,0.077850116,0.833286577,1.040922283,0.856346405,0.705518697,0.58707598,0.621146157,0.763901144,0.824231277,0.141122542,-0.020022501,0.014294935,0.770672726,0.873707227,0.094443391,-0.014585546,0,0,0,-0.007638483,0.030437915,0.757193483,0.835402484,0.465567343,0.687935389,0.87732872,0.991251936,1.053120779,0.789287874,0.096741761,-0.01374414,-0.009799234,0.129884041,0.77322901,0.591423758,-0.020544753,0,0,0,0.000788798,-0.045923866,0.657608405,0.746434113,-0.057007676,-0.035281769,0.075774782,0.826017906,0.717021684,0.092660029,-0.018341198,0.000359307,-0.000393655,-0.058613256,0.521830338,0.890082379,-0.018515114,0,0,0,-0.006573315,0.0208149,0.755498775,0.749680453,-0.040437466,-0.008635672,0.508564066,0.916047028,0.183244043,-0.021790526,0.000667472,1.28E-05,0.000278186,-0.048471065,0.521063998,0.886473714,-0.018405501,0,0,0,-0.037693123,0.31441139,0.978316806,0.452960495,-0.046534824,0.23215265,0.947400123,0.386905399,-0.019594227,-0.001698938,5.87E-05,3.96E-05,-0.003891255,-0.022704385,0.595323615,0.870185004,-0.019380957,0,0,0,-0.048324569,0.418501736,0.995657493,0.159253711,-0.033718954,0.592766822,0.721732588,0.024953738,-0.011937449,0.000147144,7.18E-05,-0.001313232,-0.030076542,0.164821981,0.861674734,0.570854514,-0.021127451,0,0,0,-0.007697062,0.066058966,0.17050161,0.007758432,-0.021848868,0.706516079,0.661696289,-0.002438021,-0.005087542,-0.005056357,-0.025377453,-0.042132353,0.128252432,0.732431957,0.939079617,0.184118292,-0.017046798,0,0,0,0.000917207,-0.007926879,-0.0192516,-0.002008783,-0.020662275,0.702991062,0.683202104,-0.019516442,-0.05309598,0.005799377,0.190411826,0.408030229,0.862570602,0.986504357,0.377011761,-0.005974328,-0.00359392,0,0,0,0,0,0,-3.28E-16,-0.020291224,0.517658031,0.920359477,0.70833495,0.680795632,0.742843733,0.884472266,0.989012204,0.765998723,0.257422709,-0.010967184,-0.004973554,0.000353179,0,0,0,0,0,0,-5.84E-18,-0.00498315,0.023534338,0.386154514,0.71154599,0.74446138,0.698411714,0.421786396,0.173022161,0.041149765,-0.028545003,-0.003419679,0.000476948,0,0,0,0,0,0,0,1.85E-18,0.000358456,-0.003671222,-0.024742647,-0.041083282,-0.042736928,-0.040531556,-0.026240471,-0.013376379,-0.005740656,-0.000216095,4.40E-05,0,0,0,0,0,0,0,0,0,0,0,0,0,0,0,0,0,0,0,0,0,0,0,0,0,0,0,0,0,0,0,0,0,0,0,0,0,0,0,0,0,0,0,0,0,0,0,0,0,0,0,0,0,0,0,0,0,0,0,0,0,0,0
0,0,0,0,0,0,0,0,0,0,0,0,0,0,0,0,0,0,0,0,0,0,0,0,0,0,0,0,0,0,0,0,0,0,0,0,0,0,0,0,0,0,0,0,0,0,0,0,0,0,0,0,0,0,0,0,0,0,0,0,0,0,0,0,0,0,0,0,0,0,2.80E-19,0.00016442,-0.001840528,-0.003361673,-0.023057802,-0.013419016,0.000660386,1.47E-05,0,0,0,0,0,0,0,0,0,0,0.000190257,-0.001959559,-0.019953431,-0.014926641,0.031211223,0.061747855,0.377140795,0.1920112,-0.011819547,1.71E-05,0,0,0,0,0,0,0,0,5.70E-19,2.04E-05,-0.000194274,-0.009492205,0.1223614,0.067812585,0.044538696,0.009791496,0.576151774,0.662926079,-0.007876889,-0.003074477,0,0,0,0,0,0,0,0,0.000183824,-0.000902939,-0.033950351,0.317384702,0.858822049,0.549969363,0.016463709,-0.0538734,0.598554722,0.786217048,0.009458078,-0.00553626,0,0,0,0,0,0,0,0,-0.001580483,-0.020235502,0.335383953,0.875196095,0.780352853,0.836842957,0.052919794,0.075317252,0.829546764,0.694608234,-0.01558032,-0.002571789,0,0,0,0,0,0,2.21E-05,1.71E-05,-0.01484889,0.060476183,0.753549326,0.42249857,0.240270067,0.933747498,0.18900123,0.609942538,0.943494009,0.302817623,-0.021423152,0.000110065,0,0,0,0,0,0,-0.000378676,0.00174503,0.01276188,0.178371839,0.378478094,-0.003757523,0.142431679,0.870371545,0.811909081,1.024166888,0.613066551,0.00429039,-0.003290748,0,0,0,0,0,0,0,-0.000163603,-0.022110635,0.268581733,0.723645863,0.038104916,-0.015865673,-0.000102039,0.423625664,0.863163293,0.650792177,0.106122889,-0.015898914,5.57E-06,0,0,0,0,0,0,0,-0.000898284,-0.040027778,0.558090652,0.75493639,-0.020391902,0.00032981,-0.002971746,-0.005116405,0.115448174,0.084610413,-0.019705916,0.000672998,2.42E-05,0,0,0,0,0,0,0,-0.004326464,-0.013341809,0.64210499,0.728410105,-0.020972103,3.06E-05,0.000234397,-0.002223717,-0.016891962,-0.012685989,0.001121031,0,0,0,0,0,0,0,0,0,-0.01309712,0.06396235,0.75415082,0.490709867,-0.020691551,0,0,0,0,0,0,0,0,0,0,0,0,0,0,4.60E-06,-0.020344669,0.126942487,0.844900344,0.348562907,-0.02070687,0,0,0,0,0,0,0,0,0,0,0,0,0,0,-6.13E-06,-0.031246732,0.225498094,0.98432387,0.191359827,-0.02074006,0,0,0,0,0,0,0,0,0,0,0,0,0,0,-0.000420496,-0.030056526,0.313789454,0.93421155,0.110993029,-0.017341878,0,0,0,0,0,0,0,0,0,0,0,0,0,0,-0.001554971,-0.020041172,0.489320639,0.786408949,0.04658902,-0.010642826,0,0,0,0,0,0,0,0,0,0,0,0,0,0,-0.000844822,-0.010634446,0.270243056,0.348410012,0.00101224,-0.003127553,0,0,0,0,0,0,0,0,0,0,0,0,0,0,7.53E-05,0.000985924,-0.024368532,-0.03220018,-0.000256054,0.000302117,0,0,0,0,0,0,0,0,0,0,0
0,0,0,0,0,0,0,0,0,0,0,0,0,0,0,0,0,0,0,0,0,0,0,0,0,0,0,0,0,0,0,0,0,0,0,0,0,0,0,0,0,0,0,0,0,0,0,0,0,0,0,0,0,0,0,0,0,0,0,0,0,0,0,0,0,0,0,0,0,0,1.05E-17,0.000791973,-0.017305501,-0.038968954,-0.024696129,-0.005561938,-0.000818832,0.000108078,1.53E-06,0,0,0,0,0,0,0,0,0,0,0,-1.84E-16,-0.014217729,0.307056463,0.694758953,0.394499506,0.034505327,-0.010289709,-0.0006423,0.00010672,0,0,0,0,0,0,0,0,0,3.06E-05,-2.55E-06,-0.00643127,-0.011815683,0.171170594,0.318800551,0.840601205,0.830882761,0.236316823,-0.020989564,-0.000663807,0,0,0,0,0,0,7.66E-05,-0.00083061,-0.003219566,-0.005258374,-0.01773029,0.052243498,0.059816091,-0.017291437,-0.017563623,0.231669118,0.821684555,0.683764348,0.023805661,-0.008122617,0,0,0,0,0,0,0.000909563,-0.01009539,-0.013357836,-0.009202743,0.340098549,0.810668083,0.815479071,0.173870306,-0.017659594,-0.041232488,0.508207166,0.978341299,0.142454975,-0.018369104,0,0,0,0,0,0.000276654,-0.017733047,0.164188743,0.45482145,0.470744451,0.960513412,1.049281812,1.031605409,0.468853712,-0.037754204,0.00951057,0.719252791,0.964055096,0.141542181,-0.018212146,0,0,0,0,0,-0.004492953,-0.006735771,0.566199874,1.02111726,0.986796296,0.674702631,0.538280348,1.04009072,0.466854049,0.101739039,0.602847018,1.032301607,0.580873502,0.004174786,-0.005606958,0,0,0,0,2.55E-06,-0.006470827,0.0043758,0.660174854,1.03359613,0.578348805,0.047741081,0.454075504,1.031548526,0.762451898,0.868893553,1.058619553,0.617777914,0.107986026,-0.016246535,8.36E-05,0,0,0,0,7.05E-05,-0.018442402,0.096386489,0.806514348,0.870653934,0.099113937,-0.041646259,0.428823461,1.049318287,1.041782659,0.904318168,0.481620524,0.039456053,-0.015511132,0.000760976,2.96E-05,0,0,0,0,-0.001297134,-0.020865164,0.418865245,1.042544196,0.589812678,-0.023196177,-0.012839214,0.059497659,0.403232033,0.434832671,0.155733494,-0.03140511,-0.012635543,0.0006983,0,0,0,0,0,1.22E-05,-0.006504289,0.048255038,0.849251515,0.97641059,0.195100485,-0.019823666,0.0008638,-0.005680658,-0.021567776,-0.021175078,-0.016384464,-0.002390217,0.000389093,0,0,0,0,0,0,0.000238066,-0.022160267,0.290140846,0.991799343,0.583054705,0.015607497,-0.007241796,0,0,0,0,0,0,0,0,0,0,0,0,0,-0.003412825,-0.008365417,0.708328312,0.879114668,0.139934726,-0.022397426,0.000244928,0,0,0,0,0,0,0,0,0,0,0,0,0,-0.020187925,0.148034195,0.873493583,0.629368958,0.001545479,-0.00432407,2.81E-05,0,0,0,0,0,0,0,0,0,0,0,0,0,-0.02375305,0.182960557,0.892028199,0.323088762,-0.026200114,0.000546739,0,0,0,0,0,0,0,0,0,0,0,0,0,0,-0.00154906,-0.006393399,0.388156573,0.112114056,-0.007324857,0,0,0,0,0,0,0,0,0,0,0,0,0,0,0,0.000183441,0.000187653,-0.035693679,-0.01076857,0.000699551,0,0,0,0,0,0,0,0,0,0,0,0,0
0,0,0,0,0,0,0,0,0,0,0,0,0,0,0,0,0,0,0,0,0,0,0,0,0,0,0,0,0,0,0,0,0,0,0,0,0,0,0,0,0,0,0,0,0,0,0,0,0,0,0,0,0,3.55E-05,-0.000608618,-0.000726835,4.16E-05,0,0,0,0,0,3.55E-05,-0.000119281,-0.00363751,-0.008200725,-0.003679739,-0.004126513,-0.00416922,-0.010213746,-0.024480035,-0.010985141,0.001584933,-0.008123826,-0.022412292,-0.024749677,-0.010871272,0.000852544,3.32E-05,0,0,0,0.000560515,-0.006634106,0.016158786,0.081362149,0.009246953,0.01496484,0.022665118,0.116164131,0.375822083,0.177940717,-0.027262443,0.142916548,0.480031727,0.502583742,0.14243236,-0.017611899,-3.61E-05,0,0,0,-0.011294688,0.076785114,0.557612047,0.8518878,0.677726818,0.722620409,0.658827989,0.897821657,0.977728996,0.37437066,-0.024726061,-0.004375817,0.559872089,1.054689083,0.565030399,-0.006951035,-0.004989447,0,0,0,-0.027583058,0.215951627,0.915034212,1.012555828,1.002288348,0.948246012,0.898499251,1.014601818,0.773513991,0.055799411,-0.011472626,-0.020265931,0.255003421,0.98776537,0.929371017,0.20333352,-0.01754085,0,0,0,-0.018940606,0.135322092,0.844741925,1.018112813,0.532340593,0.206241108,0.819037307,0.925112205,0.511193864,-0.026309007,-0.000568706,-0.012643441,0.156310909,0.965087321,1.029804346,0.551561413,-0.021085735,0,0,0,-0.031099425,0.250056168,0.939765829,0.89865305,0.164166428,0.095276691,0.988431321,0.419866507,0.031615894,-0.0056282,0.000154906,-0.013259804,0.16750817,0.967393791,1.017851307,0.785098566,-0.020669935,0,0,0,-0.047899393,0.408420003,1.053565564,0.891804381,0.187091469,0.093608699,0.963409229,0.85956313,0.109220231,-0.019521446,0.000997921,-0.013061275,0.163901552,0.966985703,1.017884395,0.762965737,-0.020669935,0,0,0,-0.048790918,0.418336976,1.032587674,0.884231737,0.194925279,-0.017455821,0.497586993,0.993931083,0.573462469,0.03892659,-0.007571644,-0.014109681,0.18294761,0.968172709,1.028745455,0.471917217,-0.021057156,0,0,0,-0.032306469,0.264615094,0.889222546,0.903070874,0.202212044,-0.048196975,0.273054926,0.937536169,0.897974911,0.187245864,-0.033735104,-0.030631944,0.384607026,1.003446129,0.895060202,0.157572833,-0.016432632,0,0,0,-0.032965442,0.279362134,0.748457904,0.672404084,0.261482648,-0.05064207,0.150061759,0.598071539,0.928237315,0.636486945,0.051372073,0.002257874,0.729649287,1.03645238,0.862796733,0.108670001,-0.015239051,0,0,0,-0.032879214,0.275250221,0.834073904,0.420096831,-0.030308704,-0.000227977,-0.022838576,0.449265148,0.956044628,0.806364498,0.357123673,0.401015591,0.937297164,1.021931219,0.607066534,0.024775386,-0.007529105,0,0,0,-0.01659166,0.125386949,0.628656931,0.809763072,0.117356226,-0.01660552,-0.00746972,0.059271497,0.664510723,0.773600711,0.815308368,0.941594312,1.014212044,0.835616711,0.228752383,-0.031366757,0.000228077,0,0,0,-0.002089601,0.000476954,0.325480137,0.613351392,0.130341656,-0.016832579,0.000381434,-0.017163297,0.047976392,0.633204674,1.050598308,0.967415237,0.823724877,0.196202989,-0.009926777,-0.00100373,4.60E-05,0,0,0,-0.006294485,0.042280433,0.330515574,0.37706056,0.061498468,-0.008497004,2.21E-05,-0.000747549,-0.009870234,0.123386914,0.717994137,0.518454708,0.107023029,0.010706665,-0.002857281,0.000168766,0,0,0,0,-0.000279472,-0.000237506,0.052187895,0.047264685,-0.012217042,0.000966557,0,0.000117402,-0.000245964,-0.011767916,0.051664816,0.026687304,-0.02346373,-0.002566141,0.000225021,0,0,0,0,0,7.75E-05,-0.000341265,-0.007231584,-0.007350218,0.000425347,0,0,0,5.53E-05,-0.000383817,-0.010768687,-0.007011676,0.000617,0,0,0,0,0,0,0,0,0,0,0,0,0,0,0,0,0,0,0,0,0,0,0,0,0
0,0,0,0,0,0,0,0,0,0,0,0,0,0,0,0,0,0,0,0,0,0,0,0,0,0,0,0,0,0,0,0,0,0,0,0,0,0,0,0,0,0,0,0,0,0,0,0,0,0,2.19E-17,0.001035425,-0.031687277,-0.051232318,-0.044113571,-0.00603196,0.000522196,0,0,0,0,0,0,0,0,0,0,0,0,0,-2.03E-16,-0.009635757,0.295120596,0.46871618,0.376220367,0.02660352,-0.00637883,0.00033264,0,0,0,0,0,0,0,0,0,0,3.68E-05,0.000197304,-0.009755515,-0.017272672,0.281956096,0.60959278,0.977545667,0.52656073,0.011794815,-0.004537932,0,0,0,0,0,0,0,0,0,1.24E-17,0.000724571,-0.017014246,0.033103605,0.044125255,-0.023516435,-0.030939764,0.610920854,0.881621851,0.14552342,-0.019966573,0,0,0,0,0,0,0,0,0.000163399,-0.00049733,-0.025811547,0.14985432,0.714201168,0.403316364,-0.024159023,-0.03144984,0.569818066,0.870077836,0.152567572,-0.020605764,0,0,0,0,0,0,2.94E-05,0.000454119,-0.00899841,-0.051027361,0.171560339,0.809814486,0.987948446,0.300943398,-0.0319459,-0.014328588,0.688054723,0.841039994,0.09130617,-0.01423149,0,0,0,0,0,4.79E-05,0.000389961,-0.018365417,0.025357077,0.366883773,0.817334661,1.03630833,0.507603622,-0.027910812,-0.010576108,0.044357179,0.807989992,0.763642991,0.027917313,-0.00738005,0,0,0,0,0,-0.000636234,-0.012532101,0.207378864,0.711778356,0.974714035,0.952109171,0.97261717,0.151465482,-0.02602948,-0.03259488,0.157767021,0.894906199,0.558906761,-0.037576151,0.000392972,0,0,0,0,0,-0.003556424,0.00646458,0.664922488,1.050983967,0.591667788,0.393006366,1.00536443,0.486646446,0.021356005,0.008447203,0.485430164,0.888793999,0.166519557,-0.012957108,2.94E-05,0,0,0,0,0,-0.000965737,-0.021522757,0.348919935,1.003280365,0.475574834,0.025196198,0.564562364,0.939790373,0.723178615,0.711158789,0.941223243,0.444024901,-0.014295786,-0.001623826,0,0,0,0,0,0,0.000118625,-0.033522176,0.218583969,0.992325068,0.509366256,-0.034358023,0.005310084,0.385265565,0.852022526,0.804747491,0.312440093,0.00646089,-0.005227671,7.77E-05,0,0,0,0,0,0,0,-0.032205882,0.232797692,0.993601409,0.3922077,-0.020221099,-0.006789386,-0.019208708,-0.020816483,-0.020922676,-0.01910352,-0.005650871,0.000408837,1.43E-05,0,0,0,0,0,0,4.50E-05,-0.032617953,0.226217899,0.996679739,0.216253907,-0.020836737,0,0,0,0,0,0,0,0,0,0,0,0,0,0,-0.000314849,-0.029328874,0.281503489,0.94164694,0.168675859,-0.018475116,0,0,0,0,0,0,0,0,0,0,0,0,0,0,-0.001511387,-0.019005396,0.462820959,0.856421807,0.075206983,-0.013783361,0,0,0,0,0,0,0,0,0,0,0,0,0,0,-0.000492795,-0.023123004,0.29560483,0.546648662,0.020729408,-0.006420108,0,0,0,0,0,0,0,0,0,0,0,0,0,0,3.32E-05,0.000365775,-0.009779582,-0.017342899,-0.001511863,0.000274033,0,0,0,0,0,0,0,0,0,0,0,0,0,0,0,0,0,0,0,0,0,0,0,0,0,0,0,0,0,0,0
0,0,0,0,0,0,0,0,0,0,0,0,0,0,0,0,0,0,0,0,0,0,0,0,0,0,0,0,0,0,0,0,0,0,0,0,0,0,0,0,0,0,0,0,0,0,0,0,0,0,0,0,0,0,0,0,0,0,0,0,0,0,0,0,0,0,0,0,0,0,0,0,0,0,0,0,0,0,0,0,0,0,0,0,0,0,0,0,0,0,0,0,0,0,0,0.000965074,-0.011001838,-0.018054299,0.000386029,0,0,0,0,0,0,0,0,0,0,5.69E-18,-2.70E-17,-3.37E-16,-3.76E-16,-2.36E-18,0.00067402,-0.011808534,0.058280824,0.12905385,-0.002341878,0,0,0,0,0,0,0,0,0,0.000236928,-0.003123809,-0.013624728,-0.021678071,-0.015042361,6.62E-05,-0.007142395,0.016867085,0.562665356,0.571538258,-0.016695772,0,0,0,0,0,0,0,6.93E-05,0.000508907,-0.012920794,-0.020305888,0.11178891,0.534042929,0.529887975,0.003271626,-0.029052474,0.222540289,0.968757457,0.33249858,-0.021085225,0,0,0,0,0,4.78E-05,-0.000151552,-0.00348492,-0.023500214,0.053201406,0.463748026,0.808752706,1.020374949,0.705258245,-0.011948853,-0.01852548,0.555855562,0.75747406,0.034921936,-0.010175994,0,0,0,0.000447597,-0.003051777,-0.022436887,-0.029513821,-0.007570125,0.26498135,0.79087146,0.823653476,0.329553258,0.748390897,0.587571984,-0.037094397,0.118068474,0.893634991,0.363404599,-0.036795483,-0.000437092,0,0,0,-0.001589417,0.006916343,0.134491898,0.24171972,0.690177543,0.982099384,0.510688419,0.039208095,-0.001364771,0.69995898,0.374659699,-0.048558704,0.583502468,0.679698649,0.026369026,-0.007477987,6.64E-05,0,0,0,-0.032573478,0.267183177,0.875599605,0.97095018,0.801151825,0.778807105,0.489514434,0.010636642,-0.022489345,0.587863954,0.672336992,0.479341605,0.835718103,0.188048186,-0.019107792,0.000529228,3.06E-06,0,0,0,-0.011530338,0.089221597,0.377576859,0.861394069,0.196663015,0.076094171,0.196718438,0.017666728,-0.025738334,0.188354344,0.753833475,0.844862334,0.40355027,-0.020707948,-0.00108317,0,0,0,0,0,0.000945742,-0.029364345,0.326641731,0.7266795,-0.016759719,-0.01719012,-0.014718307,-0.001068389,0.001153833,-0.010746017,-0.014599554,0.020844397,-0.004163092,-0.002933177,0.000146038,0,0,0,0,0,0,-0.024527267,0.407158854,0.729287343,-0.006131144,-0.003570584,0,0,0,5.11E-05,-0.000290449,-0.003186275,-0.001090176,0.000137868,0,0,0,0,0,0,0,-0.034594873,0.602270799,0.550444427,-0.030469295,-0.000147161,0,0,0,0,0,0,0,0,0,0,0,0,0,0,0,-0.017280178,0.29626108,0.359492307,-0.020778901,2.32E-05,0,0,0,0,0,0,0,0,0,0,0,0,0,0,0,-0.000196282,0.002485019,0.020217684,-0.001113489,0,0,0,0,0,0,0,0,0,0,0,0,0,0,0,0,0.000177696,-0.002977941,-0.004952342,0.00027982,0,0,0,0,0,0,0,0,0,0,0,0,0,0,0,0,0,0,0,0,0,0,0,0,0,0,0,0,0,0,0,0,0
0,0,0,0,0,0,0,0,0,0,0,0,0,0,0,0,0,0,0,0,0,0,0,0,0,0,0,0,0,0,0,0,0,0,0,0,0,0,0,0,0,0,0,0,0,0,0,0,0,0,0,0,0,0,0,0,0,0,0,0,0,0,0,0,0,0,0,4.04E-05,-0.000341146,-0.000940921,-0.000787275,-0.00014037,2.22E-05,-0.000520425,-0.000950163,-0.000419935,2.68E-05,0,0,0,0,0,0,0,0,3.73E-18,0.000465686,-0.007223921,-0.024336959,-0.026514485,-0.023480528,-0.005211176,-0.001479506,-0.021809368,-0.02648046,-0.011816211,0.00075577,0,0,0,0,0,8.69E-19,0.000652318,-0.009116285,-0.036371528,-0.040941245,0.00751882,0.237555879,0.387387544,0.32828896,0.060091793,0.009492836,0.275579691,0.388532373,0.151211533,-0.039400599,-0.001907026,0.000404242,0,0,0,0.000501406,-0.011267106,0.08575623,0.393651961,0.393400395,0.605569246,0.92583335,1.044615758,0.987936479,0.274999455,0.000971984,0.699676777,1.059743294,0.699145748,0.273002094,0.019134208,-0.004216878,0,0,4.48E-05,-0.00373239,-0.002308796,0.536420244,0.996291495,1.001751661,1.018385579,1.000177072,1.026146797,0.614824508,0.058256322,-0.021192905,0.14685663,0.800072816,1.028203905,0.754799437,0.059858276,-0.011738549,0,0,-0.000317947,-0.031016469,0.28568413,0.949160488,1.014896089,0.866778033,0.95107162,1.015554551,0.723811615,0.029566636,-0.012801641,0.000501916,-0.04291796,0.462495302,1.003871255,0.990908633,0.134049774,-0.019788263,0,0,-0.001046092,-0.039935694,0.455326848,1.052489805,0.843058347,0.381240502,0.888147242,0.976904939,0.245436496,-0.032914267,1.65E-05,0,-0.018551471,0.263941023,0.974181764,1.015454299,0.142611186,-0.020678785,0,0,-0.012996834,0.071135349,0.795838644,1.025460835,0.48770481,0.112838474,0.922796767,0.846355647,0.131644455,-0.021389008,2.64E-05,4.49E-18,-0.017964001,0.253161714,0.973844465,1.022738766,0.144674697,-0.020908905,0,0,-0.021390251,0.149000448,1.039764791,0.941882217,0.159099129,0.13448589,0.919465438,0.89754936,0.174612013,-0.024710648,0.000227567,-0.002003757,-0.046282271,0.44871538,1.006210223,0.927440172,0.114139915,-0.017621698,0,0,-0.02025872,0.137616767,1.031156292,0.679273708,-0.001280845,0.151406129,0.926719156,0.909533685,0.204152807,-0.057649624,-0.038540571,-0.025667654,0.175195297,0.782209144,1.047924225,0.730715319,0.044462474,-0.010280699,0,0,-0.00937466,0.059150157,0.52392133,0.272116762,-0.020953721,0.098794169,0.827918756,1.030727533,0.679725524,0.287470367,0.278856788,0.384067337,0.892847461,1.029208861,0.940475967,0.361664862,-0.014399382,-0.002316347,0,0,-0.000296501,0.003025254,0.006466571,-0.01341042,-0.001666701,-0.012320772,0.39008637,0.993870421,1.010771872,0.983312874,0.977939594,0.999068101,1.013780144,0.837639348,0.309575725,0.003831853,-0.003820931,0.000108762,0,0,0.000116422,-0.000853002,-0.005464461,-0.001219056,0.000331801,-0.007427832,0.014467782,0.41082501,0.737623043,0.777239788,0.773803105,0.754452886,0.43030336,0.080922947,-0.021421194,-0.005728758,0.000495292,1.23E-05,0,0,0,0,0,0,9.49E-19,0.000390114,-0.004355662,-0.015257234,0.015513327,0.024238511,0.024054977,0.017712996,-0.017800756,-0.009151467,-0.000717576,8.75E-05,0,0,0,0,0,0,0,0,0,0,0.000156211,-0.001165872,-0.006114712,-0.007190901,-0.007150137,-0.006411981,-0.001015042,0.000101912,0,0,0,0,0,0,0,0,0,0,0,0,0,0,0,0,0,0,0,0,0,0,0,0,0,0,0,0,0,0,0,0,0,0,0,0,0,0,0,0,0,0,0,0,0
0,0,0,0,0,0,0,0,0,0,0,0,0,0,0,0,0,0,0,0,0,0,0,0,0,0,0,0,0,0,0,0,0,0,0,0,0,0,0,0,0,0,0,0,0,0,0,0,0,0,0,0,0,0,0,0,0,0,0,0,0,0,0,0,0,0,0,0,0,0,0,1.48E-05,0.000104714,-0.002602175,-0.003474009,-3.34E-05,1.75E-05,0,0,0,0,0,0,0,0,2.71E-18,0.00026348,-0.004451816,-0.016590993,-0.018276961,-0.006225184,0.000499966,-0.00186565,0.008360958,0.005207329,-0.003977839,0.000178922,0,0,0,0,0,1.07E-17,0.000109783,-0.000695295,-0.016284978,-0.025953414,-0.001677316,0.093876838,0.108748281,0.029272978,-0.00565014,-0.007139487,0.460564134,0.655765285,0.008907527,-0.003329963,7.08E-18,0,0,0,0,0.000693001,-0.006879425,-0.011691687,0.164554994,0.245000936,0.50748434,0.794594958,0.809457397,0.360949397,-0.03045995,0.017067486,0.643597835,1.061101205,0.417290492,-0.033918182,0.000693001,0,0,0,0,-0.017874791,0.148127403,0.422085881,0.922279701,0.974715666,1.002315607,1.006798592,1.039367875,0.521501315,-0.03978658,0.013756907,0.629376554,1.068336815,0.81822602,0.072914425,-0.01245174,0,0,0,0.000911458,-0.032993712,0.148460376,0.871629664,0.863459593,0.821399612,0.473907233,0.497057955,0.966596048,0.405881127,-0.028592899,-0.021105183,0.459347682,1.026510434,0.963549275,0.294064849,-0.035808976,0,0,0,-0.015017361,0.114827701,0.739767072,0.354185049,0.111210682,0.110350286,-0.040630885,0.28383015,0.946462367,0.256724877,-0.017393484,-0.036642565,0.273866268,0.951884242,1.044959661,0.400395084,-0.047067792,0,0,0,-0.021614583,0.380662291,1.097782135,0.260958589,-0.059868566,-0.018443627,-0.026748502,0.172145782,0.869494111,0.364015302,-0.025884378,-0.024308834,0.188423917,0.883862592,1.07386826,0.431030025,-0.050314296,0,0,0,-0.020833333,0.383208423,1.07034181,0.283217984,-0.03795864,0,-0.006844401,0.023137238,0.762903629,0.715504476,-0.029555096,-0.02790758,0.105767259,0.827681475,1.079785641,0.430353009,-0.05024255,0,0,0,-0.020833333,0.39900312,0.954766367,0.201906058,-0.028753516,0,0.000839635,-0.034547409,0.410309608,0.993256865,0.551071977,0.022280282,0.107600587,0.837139028,1.064402796,0.40972866,-0.048056907,0,0,0,-0.020833333,0.560947373,0.77973686,0.078765829,-0.014813113,0,0,-0.005333129,0.039156437,0.663862166,1.013075146,0.66126865,0.625883085,0.963091605,0.9457019,0.230712878,-0.029213648,0,0,0,-0.020922181,0.656802345,0.70961683,0.027429994,-0.009026654,0,0,0.000275174,-0.022361383,0.111359205,0.640135281,0.980422017,1.016138651,0.968235924,0.420752502,0.028289335,-0.005656516,0,0,0,-0.020533599,0.732092947,0.587365554,-0.049815768,-0.000171875,0,0,2.67E-05,-5.73E-05,-0.006026484,0.002559572,0.099580735,0.158137221,0.084165833,-0.017533548,-0.007709406,0.000836493,0,0,0,-0.0146218,0.874122997,0.416063521,-0.037017276,5.24E-05,0,0,0,7.90E-05,-0.000481209,-0.003247345,-0.009501345,-0.012798152,-0.008719618,-0.001369026,0.000118107,0,0,0,0,-0.006316328,0.499919971,0.180015338,-0.015790819,0,0,0,0,0,0,0,0,0,0,0,0,0,0,0,0,0.000239992,-0.017083486,-0.006839767,0.00059998,0,0,0,0,0,0,0,0,0,0,0,0,0,0,0,0,0,0,0,0,0,0,0,0,0,0,0,0,0,0,0,0,0,0,0
0,0,0,0,0,0,0,0,0,0,0,0,0,0,0,0,0,0,0,0,0,0,0,0,0,0,0,0,0,0,0,0,0,0,0,0,0,0,0,0,0,0,0,0,0,0,0,0,0,0,0,0,0,0,0,0,0,0,0,0,0,0,0,0,0,0,0,0,0,0,0,0,0,0,0,0,0,0,0,0,0,0,0,0,0,0,0,0,0,0,0,0,0,0,0,0.000421262,-0.00480239,-0.006282867,0.000168505,0,0,0,1.63E-17,0.00097018,-0.014392276,-0.043411714,-0.044776774,-0.020689383,0.000910607,2.19E-17,0,0,0,0,8.68E-18,-0.002902029,0.033083129,0.034979974,-0.001160812,0,0,0,0.000921283,-0.018849231,0.143056151,0.47414088,0.489768263,0.214715139,-0.025507727,-0.001618158,0.000300245,0,0,0,0.000171569,-0.015066125,0.152322729,0.294289963,-0.005420241,0,0,0,-0.02544249,0.202428594,0.776872902,1.027776844,1.05159966,0.905735685,0.353307889,-0.032751892,-0.002089805,8.93E-05,0,0.000227467,-0.012891953,0.024119583,0.622603593,0.641185768,-0.017537504,0,0,0,-0.037259794,0.307709984,0.980167024,0.932992902,0.757399493,0.992004199,0.871067283,0.237170581,-0.015180641,-0.000706904,0.000129173,-0.002744281,-0.004875,0.251898403,0.816779446,0.68447315,-0.02060032,0,0,0,-0.042525784,0.360023863,1.005313385,0.507408207,0.053683824,0.336337169,0.763266033,0.579018672,-0.024832704,-0.001094805,-0.00437258,-0.023749506,0.20766716,0.918371255,0.613351035,0.056262518,-0.007129119,0,0,0,-0.034092781,0.283261625,0.921458521,0.120774101,-0.030310985,-0.037801387,0.523789352,0.876916513,0.161679449,-0.036539045,-0.010324199,0.281788875,0.859741847,1.044614243,0.368394506,-0.057469579,0.000437602,0,0,0,-0.009545473,0.058009208,0.642188862,0.126357707,-0.012426964,-0.019590212,0.52691505,1.078460018,0.749929926,0.150763089,0.284422448,0.913400157,1.036009583,0.983755855,0.312891102,-0.038112337,1.99E-05,0,0,0,0.001181347,-0.015107823,0.06336547,0.022543109,-0.001994245,-0.028480218,0.295272156,0.928603739,1.011994602,0.911826991,0.931260772,1.008766748,0.952633505,0.336728697,0.023523025,-0.004695692,0,0,0,0,6.60E-05,-6.18E-05,-0.010559317,-0.002524118,0.000240792,-0.011462537,0.083804245,0.312603758,0.629357554,1.033810662,1.047865609,0.904330116,0.389925143,-0.012021021,-0.008002536,0.000668542,0,0,0,0,0.000909869,-0.00855913,-0.006524663,0.000629034,4.44E-06,0.001039501,-0.008494894,-0.041099043,0.062142991,0.378893416,0.424822249,0.250932513,0.003555079,-0.007664607,0.000228503,0,0,0,0,0,-0.021930618,0.206107162,0.160787582,-0.01476297,-0.0001394,0,1.93E-05,0.000647672,-0.00882438,-0.023111503,-0.021463726,-0.02186809,-0.00505576,0.000705882,0,0,0,0,0,0,-0.02694672,0.253531829,0.192429892,-0.018720554,-0.000124183,0,0,2.30E-05,-0.000135315,-0.001041411,-0.001317517,-0.000496834,4.60E-05,0,0,0,0,0,0,0,0.000440564,-0.004076577,-0.004391128,0.000165199,1.35E-05,0,0,0,0,0,0,0,0,0,0,0,0,0,0,0,0.000199747,-0.001884872,-0.001326083,0.000150123,0,0,0,0,0,0,0,0,0,0,0,0,0,0,0,0,0,0,0,0,0,0,0,0,0,0,0,0,0,0,0,0,0,0
0,0,0,0,0,0,0,0,0,0,0,0,0,0,0,0,0,0,0,0,0,0,0,0,0,0,0,0,0,0,0,0,0,0,0,0,0,0,0,0,0,0,0,0,0,0,0,0,0,0,0,0,0,0,0,0,0,0,0,0,0,0,0,0,4.41E-05,-0.000379493,-0.000645833,-0.000975704,-0.000694444,6.13E-05,0,0,0,0,0,0,0,0,0,0,0,0,0,0.000234375,-0.002474265,-0.023662105,-0.027149612,-0.024501107,-0.02289842,-0.009952104,0.000418811,3.40E-05,0,0,0,0,0,0,0,0,0,0,0,-0.001202257,0.000246749,0.240459967,0.338895374,0.39972939,0.305151552,0.033926981,-0.004666701,-6.42E-05,0,6.64E-18,-9.46E-17,-3.84E-16,-1.79E-16,-5.45E-18,2.13E-18,0,0,0,0,-0.012019506,0.147457738,0.919347154,0.908694444,0.788366998,0.939651178,0.560123009,-0.008429449,-0.002275684,0,6.59E-05,-3.42E-05,-0.013087895,-0.02038688,-0.006628518,0.00038637,0,0,0,2.93E-05,-0.027793302,0.438133314,0.946055433,0.315669136,0.018165856,0.54105027,0.989096755,0.264892993,-0.024602646,0.000624845,-0.008064592,0.107777115,0.543364247,0.344557312,0.027655482,-0.004938989,0,0,0,0.000408463,-0.044936019,0.692471252,0.883803666,0.132527403,-0.047852445,0.083541956,0.857392293,0.75506684,-0.002140148,-0.004439689,-0.001957363,-0.009807921,0.46621841,0.982740383,0.527059724,-0.019874217,0,0,0,-0.011302026,0.063630498,0.817848788,0.744313215,0.018219261,-0.00615833,-0.037085597,0.591942913,0.936152012,0.23327982,-0.029075303,8.80E-05,-0.012471048,0.036260263,0.736432717,0.896188717,-0.020866524,0,0,0,-0.016887612,0.117163399,0.85147515,0.574018791,-0.037543216,0.000455342,-0.020024306,0.269829589,1.019217371,0.433372906,-0.03884206,-0.00122069,-0.001375919,-0.041327665,0.607602499,0.900783974,-0.020751634,0,0,0,-0.027263055,0.217024765,0.895628642,0.361951151,-0.023258885,2.08E-05,-0.007913399,0.074234001,0.899032373,0.775236486,0.08109399,-0.032092354,-0.03015322,0.030905518,0.741779752,0.642488909,-0.021105664,0,0,0,-0.043632551,0.371864002,1.004645041,0.21855421,-0.015884289,0,-0.000533661,-0.023880753,0.28545113,0.956288777,0.721904288,0.270815855,0.126152351,0.459824932,0.891376303,0.214648036,-0.017103189,0,0,0,-0.04089764,0.365310866,0.643959048,0.047998706,-0.005418913,0,0.00010723,-0.00402114,-0.01405399,0.32196955,0.761650921,0.91258301,0.936870541,0.765263548,0.253858507,-0.015381626,-0.001799088,0,0,0,-0.005902328,0.056534688,0.024142633,-0.009709372,0.000333384,0,0,0.000298713,-0.001120813,-0.024005225,0.061436872,0.185609392,0.244040407,0.088953499,-0.025800058,-0.00034864,0.000195738,0,0,0,0.000961233,-0.008965686,-0.008284926,0.000507047,1.75E-05,0,0,0,9.19E-05,-0.000591299,-0.012940565,-0.026737745,-0.032833333,-0.015730392,0.00020527,8.07E-05,0,0,0,0,0,0,0,0,0,0,0,0,0,0,0,0,0,0,0,0,0,0,0,0,0,0,0,0,0,0,0,0,0,0,0,0,0,0,0,0,0,0,0,0,0,0,0,0,0,0,0,0,0,0,0,0,0,0,0,0,0,0,0,0,0,0,0,0,0,0,0,0,0,0,0,0,0,0,0,0,0,0
0,0,0,0,0,0,0,0,0,0,0,0,0,0,0,0,0,0,0,0,0,0,0,0,0.000193015,-0.000628404,-0.014536186,-0.017517291,-0.004129221,0.000399986,0,0,0,0,0,0,0,0,0,0,0,0,0,8.93E-05,-0.001153337,-0.016692145,0.08533636,0.111753443,0.002084913,-0.0072228,0.000682402,0,0,0,0,0,0,0,0,0,0,0,1.22E-06,-0.000167382,-0.020911594,0.190040901,0.838486247,0.934637092,0.423084457,0.015698563,-0.005501838,5.11E-07,-3.52E-06,-2.52E-05,-2.35E-05,-9.70E-07,1.53E-07,0,0,0,0,0,0.000784721,-0.017792875,0.118249898,0.806675143,1.025445483,1.046069038,0.817269727,0.113437057,-0.018820772,0.000122379,0.000470782,-0.017269182,-0.035399935,-0.001625902,0.000229728,0,0,0,0,0,-0.005669561,0.020721507,0.558247617,1.031032612,0.901538365,0.819107897,1.03230033,0.253556577,-0.038498043,-0.001032731,-0.002923495,0.155499064,0.281908854,-0.01377822,-0.005586363,0.000529942,2.70E-18,0,0,0,-0.026430231,0.205436275,0.911224724,0.964179824,0.338129442,0.272352245,1.022554415,0.461970622,-0.022953959,-0.002937857,-0.010731829,0.249753302,0.853196061,0.323132642,0.020905893,-0.0074467,0.000262119,0,0,0,-0.046994346,0.400280784,1.046141158,0.836143298,0.116238671,0.061358046,0.798324671,0.770317218,0.056205278,-0.00932035,-0.000868925,-0.036164751,0.42816275,0.966000299,0.478246759,-0.00590582,-0.004516394,0,0,0,-0.050108842,0.430203533,1.071484443,0.671231788,0.004050517,-0.033904159,0.460646242,1.03592659,0.481397229,-0.0099479,-0.00200318,-0.012920309,0.126248775,1.00477354,0.876398284,0.141867569,-0.015493941,0,0,0,-0.04963434,0.425896242,1.070091656,0.620099724,-0.043179075,-0.020429966,0.200666462,0.922138719,0.799908888,0.06732307,-0.014475154,-0.003238171,0.002988307,0.704654088,1.024414658,0.391118058,-0.020463984,0,0,0,-0.049469651,0.425539794,1.05489951,0.474021957,-0.030070466,-0.000646835,-0.034532544,0.538024816,0.976936683,0.410690938,-0.009916127,-0.003615009,-0.026628285,0.298039794,1.000880532,0.606343232,-0.020645255,0,0,0,-0.049737067,0.433466299,0.974752894,0.165089733,-0.013000204,0.000127186,-0.007609069,0.050432309,0.817574738,0.787969312,0.045213607,-0.018132557,-0.031956087,0.225052441,0.98910575,0.870951245,-0.020636744,0,0,0,-0.049580373,0.440134846,0.832101423,0.031209473,-0.005246831,0,-0.001486079,-0.020455172,0.473349792,1.0234062,0.317353858,0.008566661,-0.038243192,0.221234917,0.986861539,0.854165009,-0.020604032,0,0,0,-0.051200114,0.462067572,0.722824517,0.002594176,-0.003389757,0,-0.00022595,-0.013262919,0.118291275,0.734717388,0.957573292,0.393354269,-0.06461523,0.295446147,0.998702989,0.852315472,-0.020583469,0,0,0,-0.02221801,0.195882183,0.397715635,0.011613528,-0.002295547,0,2.68E-05,0.000268638,-0.018389655,0.088041837,0.902748648,0.903923407,0.418853894,0.66465482,1.027627077,0.857840182,-0.02072355,0,0,0,0.0009062,-0.009195159,0.00568316,0.002004834,-0.000107333,0,0,8.82E-05,0.000675858,-0.03145064,0.286533315,0.82899086,1.03369361,1.023754306,1.029258391,0.655827745,-0.020831291,0,0,0,7.70E-05,-0.000631434,-0.002248009,-0.000138583,1.59E-05,0,0,0,1.31E-17,-0.001681475,-0.019215075,0.207841844,0.617321198,0.698302373,0.55241825,0.147357408,-0.009296024,0,0,0,0,0,0,0,0,0,0,0,0,0.000256818,-0.000831092,-0.023391831,0.013805389,0.037610116,0.001620857,-0.018468057,0.000431597,0,0,0,0,0,0,0,0,0,0,0,0,0,6.52E-05,-0.000229439,-0.006793301,-0.009433041,-0.005272161,-4.94E-05,5.28E-05,0,0,0,0,0,0,0,0,0,0,0,0,0,0,0,0,0,0,0,0,0
0,0,0,0,0,0,0,0,0,0,0,0,0,0,0,0,0,0,0,0,0,0,0,0,0,0,0,0,0,0,0,0,0,0,0,0,0,0,0,0,0,0,0,0,0,0,0,0,0,0,0,0,0,0,0,0,0,0,0,0,0,0,0,0,0,0,0,0,0,4.60E-06,0.000147059,-0.001853299,-0.012688894,-0.011388378,-0.000537429,-0.0276731,-0.043839359,-0.008237179,0.000848652,0,0,0,0,0,0,0,0,0,4.32E-05,0.000579657,-0.014911765,-0.014297777,0.157239751,0.163617613,0.008986383,0.458291616,0.721088048,0.130450977,-0.01393944,0,0,0,0,0,0,0,2.13E-18,4.49E-18,0.000813266,-0.024237439,0.052480477,0.488963508,0.987346504,0.655106958,0.030482894,0.667041684,1.048172913,0.244897697,-0.020512493,0,0,0,0,0,0,5.53E-05,-0.000220418,-0.011545086,-0.034656965,0.177662258,0.682596456,1.036500306,0.69653712,0.181225933,-0.032889621,0.466373179,1.044717627,0.32801119,-0.020632149,0,0,0,0,0,0.000623701,-0.004116985,-0.02886815,0.053291508,0.43136353,0.899223228,1.039340647,0.739989129,0.065947665,-0.034257436,-0.028816582,0.50898044,1.031565502,0.215801806,-0.020098888,0,0,0,0,8.27E-06,-0.004687806,0.022316057,0.233675092,0.756169761,1.029689611,1.022097478,0.948242919,0.267776586,-0.063330853,-0.036289216,0.278523506,0.942056866,0.750591503,0.054255992,-0.011517395,0,0,0,0,-0.000150276,-0.024807751,0.201977107,0.89044744,0.85193957,0.441928615,0.825339597,0.889452682,0.350904837,0.266962092,0.374434947,0.887014468,0.721962163,0.132368907,-0.01507037,-0.00023029,0,0,0,0,-1.70E-05,-0.019766085,0.12545658,0.852736537,0.628000897,0.023593852,0.703906982,1.038069257,1.003257881,1.007772173,0.993401382,0.844461976,0.035227856,-0.019418335,-0.000161225,0.000128676,0,0,0,0,1.38E-06,-0.001770987,-0.031321129,0.550929858,0.893247167,0.052028901,0.155887612,0.654593818,0.761950027,0.653861627,0.345260655,0.160583487,-0.007558415,-0.000944904,4.89E-05,0,0,0,0,0,0,0.00061086,-0.05193568,0.519041757,0.921971868,0.091769428,-0.028683978,0.027397069,0.058058834,0.028030958,-0.041376727,-0.02164873,0.000231136,9.91E-05,0,0,0,0,0,0,8.49E-05,-0.011592933,0.031846286,0.724859818,0.814752609,0.023995949,-0.00408718,-0.008245166,-0.011627008,-0.008252144,3.91E-05,1.70E-05,0,0,0,0,0,0,0,0,-0.00056107,-0.028719533,0.35649423,0.989683211,0.510601891,-0.034040033,0.001165918,0,0,0,0,0,0,0,0,0,0,0,0,0.000387265,-0.012173696,0.085922147,0.822566125,1.033299326,0.657423328,0.050626532,-0.006263617,0,0,0,0,0,0,0,0,0,0,0,0,-0.00375851,0.004984188,0.503565087,1.023425092,1.031906165,0.885028773,0.203107384,-0.019678054,0,0,0,0,0,0,0,0,0,0,0,0,-0.027760843,0.217346843,0.93656095,0.900499674,0.413041611,0.11489782,0.017713896,-0.002049702,0,0,0,0,0,0,0,0,0,0,0,0,-0.018549998,0.151732452,0.535035318,0.239151944,-0.015680913,-0.018670764,-0.003399884,0.000336159,0,0,0,0,0,0,0,0,0,0,0,0,0.001640781,-0.013372736,-0.048076236,-0.022820074,-0.000470197,0.000193633,0,0,0,0,0,0,0,0,0,0,0,0
0,0,0,0,0,0,0,0,0,0,0,0,0,0,0,0,0,0,0,0,0,0,0,0,0,0,0,0,0,0,0,0,0,0,0,0,0,0,0,0,0,0,0,0,0,0,0,0,0,0,0,0,0,0,0,0,0,0,0,0,0,0,0,0,0,0,0,0,0,0,0,0,0,0,4.69E-05,-0.000317045,-0.001694547,-0.000297786,3.88E-05,0,0,0,0,0,0,0,0,0,0,0,0,0,0,2.02E-05,0.000319547,-0.006519012,-0.015122958,-0.011843382,0.000284246,0,0,0,0,0.000125102,-0.000118294,-0.024241728,-0.038901654,-0.039182565,-0.028400735,-0.002689696,0.000528493,5.91E-19,0,-0.000178615,-0.01256393,0.125168709,0.466380123,0.128591765,-0.009896344,0,0,0,0,-0.001272467,1.06E-05,0.257757183,0.423037173,0.426611396,0.302996664,0.011668454,-0.0067516,0.000121528,0,-0.000253881,-0.015912922,0.14304422,0.840096916,0.641569222,-0.021140727,0,0,0,0,-0.004747513,0.018931777,0.839441013,1.013021024,1.027374231,0.90068427,0.347914425,-0.018866095,-0.000926175,0,0.00017855,-0.010587216,0.004243712,0.69265297,0.908565199,-0.020633077,0,0,0,0,-0.013179126,0.16759101,0.950802168,0.855294901,0.723552512,0.970255055,0.950168352,0.098778033,-0.019724724,0.000180078,-0.00095624,-0.020719295,0.289478588,0.920489294,0.701062024,-0.020637936,0,0,0,0.00037422,-0.033972733,0.477243617,1.041765557,0.5526963,0.11670806,0.834574806,1.027199704,0.667762374,0.076057036,-0.018429232,-0.012210937,0.150091316,0.874527539,0.855505753,0.154723921,-0.015234205,0,0,0,-0.00207248,-0.022201917,0.705800347,1.01161409,0.38195687,-0.049920611,0.297994758,0.913330321,1.040974911,0.809184419,0.10324433,-0.021550381,0.685901671,1.042081853,0.474814151,-0.023891199,-0.003427288,0,0,0,-0.017867596,0.125711669,0.840583504,0.923590465,0.219155467,-0.030809894,-0.022870081,0.299056526,0.93097675,1.038231005,0.712037762,0.539211959,0.929623672,0.851578227,0.142001089,-0.022743467,0.000257353,0,0,0,-0.043656959,0.368676352,1.032981788,0.779478211,0.04654478,-0.009298227,-0.002178009,-0.014199635,0.163986283,0.449542467,0.946718222,1.050154855,1.004385539,0.459355509,-0.023696649,-0.000582131,0,0,0,0,-0.03570258,0.293703074,0.990718427,0.610604575,-0.009025633,-0.0028678,0.000173611,-0.001759259,-0.017489958,-0.031723856,0.320837478,0.606242766,0.48749103,0.018381519,-0.005627485,0.000240512,0,0,0,0,-0.010686478,0.080752672,0.425436598,0.22677885,-0.016799411,0.000295544,0,0,2.15E-17,0.000308245,-0.028748132,0.007874285,0.002686326,-0.004687602,0.000214308,0,0,0,0,0,0.000314704,-0.0024247,-0.011692827,-0.006311666,0.000386897,0,0,0,0,6.43E-05,-0.000112816,-0.006309743,-0.004757353,0.000171262,1.56E-05,0,0,0,0,0,4.65E-05,-0.000358252,-0.001722069,-0.000949193,5.81E-05,0,0,0,0,0,0,0,0,0,0,0,0,0,0,0,0,0,0,0,0,0,0,0,0,0,0,0,0,0,0,0,0,0,0,0,0,0,0,0,0,0,0,0,0,0,0,0,0,0,0,0,0,0,0,0,0,0,0,0,0,0,0,0,0,0,0,0,0,0,0,0,0,0
0,0,0,0,0,0,0,0,0,0,0,0,0,0,0,0,0,0,0,0,0,0,0,0,0,0,0,0,0,0,0,0,0,0,0,0,0,0,0,0,0,0,0,0,0,0,0,0,0,0,0,0,0,0,0,0,0,0,0,0,0,0,0,0,0,0,0,0,0,0,0,0.000736826,-0.004655283,-0.039789216,-0.044534926,-0.020115502,0.001285386,0,0,0,0,0,0,0,0,0,0,0,0,0,0,-0.012194138,0.077202978,0.65729233,0.731606158,0.310707312,-0.022123468,0.000212792,0,0,0,0,0,0,0,0,1.50E-18,1.41E-17,0.000731464,-0.012863817,-0.009285216,-0.01870915,0.125499878,1.005656046,1.089076644,0.724285182,-0.042709695,-0.000147161,0,0,0,0,0,0,0,0.0001234,-0.000972733,-0.010088256,-0.029642991,0.126097239,0.100240247,-0.010376328,0.007593555,0.411638991,0.961619638,0.880979201,0.164404922,-0.022071664,0,0,0,0,0,0,0.000418246,-0.002240991,-0.026499514,0.02565906,0.463611875,0.918282785,0.424294006,-0.026243121,-0.00631801,-0.044047379,0.618468163,0.957931495,0.26201366,-0.032282832,0,0,0,0,0,0,-0.003316176,0.003532067,0.313651859,0.739264553,1.035974486,0.99604182,0.299501804,-0.020477839,-0.006933319,0.007553445,0.738048764,0.872457823,0.118673713,-0.017221475,0,0,0,0,0,0,-0.012227635,0.053301147,0.761936717,1.02818743,0.602348635,0.853140302,0.417816432,-0.057942402,-0.058232967,0.327759651,1.009551879,0.644096184,0.00696412,-0.004697729,0,0,0,0,0,1.34E-18,-0.025383885,0.173198819,0.90011009,0.3431583,0.013697168,0.776869196,0.754265421,0.16066202,0.390830021,0.945251396,0.699918607,0.119961295,-0.016056832,0.000631038,0,0,0,0,0,4.39E-05,-0.034718988,0.257408258,0.882108609,0.088164465,-0.040959031,0.249022059,0.902852635,0.966907884,1.049598671,0.693636302,0.051837367,-0.025777114,0.000717371,0,0,0,0,0,0,-0.001702743,-0.016917744,0.496428652,0.740777995,0.039068357,-0.008819555,-0.033483551,0.175595641,0.415012212,0.23838873,0.03046071,-0.019868839,0.00165831,0,0,0,0,0,0,0,-0.0029399,-0.001319359,0.639894301,0.596616626,-0.003615629,-0.004896855,-0.000465686,-0.016836193,-0.021235192,-0.020972443,-0.009170752,0.000842525,0,0,0,0,0,0,0,0,-0.005775633,0.034227601,0.955376157,0.441905212,-0.04535022,-0.000418879,0,0,0,0,0,0,0,0,0,0,0,0,0,0,-0.006328125,0.052329963,0.917153799,0.282389195,-0.035042497,8.88E-05,0,0,0,0,0,0,0,0,0,0,0,0,0,0,-0.006308211,0.055671977,0.883193764,0.238589495,-0.02990247,4.94E-05,0,0,0,0,0,0,0,0,0,0,0,0,0,0,-0.006021616,0.046426919,0.901127961,0.326468533,-0.032790976,-0.000458094,0,0,0,0,0,0,0,0,0,0,0,0,0,0,-0.001921722,0.001867596,0.398814594,0.302695823,-0.015995322,-0.001406761,0,0,0,0,0,0,0,0,0,0,0,0,0,0,0.000179994,-0.000266799,-0.036563436,-0.026959508,0.001453518,0.0001234,0,0,0,0,0,0,0,0,0,0,0
0,0,0,0,0,0,0,0,0,0,0,0,0,0,0,0,0,0,0,0,0,0,0,0,0,0,0,0,0,0,0,0,0,0,0,0,0,0,0,0,0,0,0,0,0,0,0,0,0,0,0,0,0,0,0,0,0,0,0,0,0,0,0,7.20E-06,-7.59E-05,-0.000898438,-0.000118362,1.71E-05,0,0,0,0,6.97E-05,-0.000196385,-0.008496783,-0.005468801,-0.003466146,-0.000253302,5.26E-05,0,0,0,0,0.00090385,-0.014756553,-0.02324954,-0.016886097,-0.00647813,-0.020628676,-0.012770527,-0.002211703,0.000188419,-0.000441482,-0.001502553,0.104330423,0.0329896,0.00629662,-0.001616067,6.21E-05,0,0,0,0,-0.008487234,0.131355477,0.350023846,0.123082874,0.001817174,0.130457057,0.060280025,-0.008111281,6.79E-05,-0.01129265,0.069059641,0.697143416,0.843055607,0.65014214,0.061798982,-0.011015625,0,0,0,0,-0.02396441,0.364262085,0.987995541,0.80027662,0.647211199,0.827856362,0.747402522,0.342946266,-0.022052951,-0.004833068,0.028097631,0.287023489,0.782145135,1.002588133,0.132409689,-0.019529208,0,0,0,0,-0.020838378,0.304637924,0.986917523,1.021153489,1.032356429,1.029287891,0.983209188,0.346057455,-0.023117025,0.000556502,-0.005306041,-0.04912845,0.447118935,1.040888332,0.434760074,-0.02045541,0,0,0,0.000379112,-0.037754187,0.544982996,1.010674717,0.99369521,0.999896865,0.953816279,0.384213269,-0.02041893,-0.001073478,0,-0.001444802,-0.019472443,0.435952393,1.048400735,0.735406119,-0.020702274,0,0,0,-0.005179569,0.007054194,0.720079248,1.027894778,1.00570384,1.020671701,0.772568355,0.079323036,-0.017880957,0.000127553,0,-0.001497855,-0.023207414,0.522186955,1.043906556,0.878188381,-0.020709763,0,0,0,-0.02187314,0.163048237,0.864030178,0.974697151,0.903606822,1.036296421,0.584191313,-0.041648182,-0.001203125,1.98E-05,0.001238229,-0.027179568,0.167849537,0.879817215,1.025102907,0.641518962,-0.020752145,0,0,0,-0.031915943,0.257748196,0.952128625,0.800394455,0.516940172,1.029804312,0.579573291,-0.054984001,-0.009395425,-0.016037411,-0.034402559,0.095776808,0.721314832,1.040455797,0.878384038,0.120619301,-0.015652574,0,0,0,-0.036373205,0.299740346,0.985987747,0.802406581,0.157587848,0.855048494,0.857408126,0.155101436,0.011692247,0.086574623,0.207185426,0.806484465,1.028221587,0.858904363,0.256252191,-0.01997159,-0.001406893,0,0,0,-0.042393298,0.356231771,1.038402012,0.715927645,0.009808296,0.242145924,0.907734903,0.814707704,0.672701491,0.897933841,1.044411272,1.001470792,0.648610635,0.17835158,-0.025612286,-0.001822694,0.000257013,0,0,0,-0.022096531,0.183469227,0.590990485,0.229883187,-0.017827717,-0.017259267,0.212383068,0.695890659,0.841751787,0.665996289,0.440650334,0.324308875,0.04246938,-0.022731873,0.000458163,4.08E-05,0,0,0,0,0.001041539,-0.009783939,-0.007091827,-0.010401212,0.000358967,-0.002094187,-0.019743685,0.005800637,0.023159365,0.005446266,-0.019953732,-0.023660846,-0.011195619,0.000460784,3.77E-05,0,0,0,0,0,6.73E-05,-0.000511234,-0.002655586,-0.000825776,5.45E-05,6.48E-05,-0.000419679,-0.003571027,-0.004895374,-0.003458282,-0.001445824,-0.000768382,4.46E-05,2.76E-06,0,0,0,0,0,0,0,0,0,0,0,0,0,0,0,0,0,0,0,0,0,0,0,0,0,0,0,0,0,0,0,0,0,0,0,0,0,0,0,0,0,0,0,0,0,0,0,0,0,0,0,0,0,0,0,0,0,0,0,0,0,0,0,0
0,0,0,0,0,0,0,0,0,0,0,0,0,0,0,0,0,0,0,0,0,0,0,0,0,0,0,0,0,0,0,0,0,0,0,0,0,0,0,0,0,0,0,0,0,0,0,0,0,0,2.11E-18,0.000191594,-0.004150173,-0.005460438,0.000478986,0,0,0,0,0,0,0,0,0,7.81E-05,-0.000492239,-0.003201848,-0.004203712,-0.000910437,8.68E-05,0.000245098,-0.003731958,0.013529701,0.018164165,-0.014593886,-0.000366473,7.69E-05,0,0,0,0,0,0,0.000125,-0.001126532,-0.01779456,0.001497124,0.014100883,-0.008223175,-0.000446827,-0.004336806,0.034286663,0.489301224,0.594891272,0.116602141,-0.004718886,-0.000508017,0,0,0,0,1.28E-05,0.000126116,-0.003133885,-0.0167364,0.215196981,0.662816551,0.754672625,0.235042279,-0.016069223,-0.001097869,-0.006683517,0.136606895,0.765661986,0.812814679,0.103965278,-0.009701576,5.10E-05,0,0,0,0.000143825,-0.003095828,0.004218444,0.09602902,0.854697746,0.706573257,0.864962276,0.630954197,0.000798935,-0.005780195,-0.000168335,-0.044259865,0.299520425,0.925479337,0.415872055,-0.026992307,7.13E-05,0,0,0,-0.007352601,0.025093456,0.588707248,0.734213546,0.678307516,0.070523844,0.408372876,0.863682297,0.139861553,-0.021550742,3.86E-05,-0.011813878,0.06645058,0.753326098,0.817368262,0.085944485,-0.014037446,3.67E-05,0,0,-0.017422556,0.111455658,0.944845639,0.753914879,0.087703619,-0.029053666,0.163897178,0.893730699,0.265261132,-0.029719193,-0.000197202,0.00056663,-0.02533764,0.297031693,0.940196657,0.283956495,-0.034154794,-1.38E-05,0,0,-0.015140931,0.091193796,0.883568287,0.533219124,-0.017608235,-0.016979899,0.08013201,0.881767395,0.468603809,-0.026501243,-0.003862388,0.000278831,-0.00694664,0.061239719,0.860869179,0.547626225,-0.000918888,-0.004911663,0,0,-0.01357758,0.07656664,0.827316636,0.770194938,0.016689117,-0.009533718,-0.000555674,0.571194938,0.911218001,0.281494332,-0.028920292,-0.003255371,-0.00347675,0.008523131,0.726270561,0.941748111,0.111425339,-0.017379493,0,0,-0.014986043,0.089778749,0.867760927,0.73612466,0.013443832,-0.004747617,-0.013287167,0.161225609,0.796332448,0.882912939,0.349020935,-0.015407749,-0.023386234,-0.022494877,0.492535403,1.047103656,0.14405971,-0.020834865,0,0,-0.02064089,0.142017835,1.043856957,0.493736684,-0.012745862,-0.001883688,8.05E-05,-0.023782357,0.128576818,0.856633494,0.99075622,0.699185307,0.199130794,0.020237319,0.421883178,1.037792963,0.151257787,-0.021317924,0,0,-0.020824142,0.145394705,1.037398591,0.407018587,-0.01998732,-0.001296313,0.000101912,-0.001310423,-0.017727397,0.22312049,0.633344737,0.963310097,0.93146938,0.748347852,0.944410692,0.852999319,0.085133606,-0.014603418,0,0,-0.021132557,0.158876625,0.952726171,0.213165492,-0.02587597,-0.000171722,0,9.70E-05,0.00041956,-0.027920752,0.010095401,0.198815122,0.315339767,0.580425211,0.68066316,0.192333997,-0.012660053,-0.000903288,0,0,-0.012790203,0.114251712,0.406687585,-0.005639519,-0.003707108,2.94E-05,0,0,0,0.000651042,-0.006717218,-0.02994242,-0.029582482,-0.005313674,0.005461891,-0.015641119,-0.001152725,0.000223652,0,0,-5.06E-05,0.000878837,-0.002425194,-0.002846201,0.000307904,0,0,0,0,0,0,6.11E-05,-0.000446487,-0.002568168,-0.00354376,-0.000492085,7.09E-05,0,0,0,8.56E-05,-0.00079448,-0.00243977,0.000214015,0,0,0,0,0,0,0,0,0,0,0,0,0,0,0,0,0,0,0,0,0,0,0,0,0,0,0,0,0,0,0,0,0,0,0,0,0,0,0,0,0,0,0,0,0,0,0,0,0,0,0,0,0,0,0
0,0,0,0,0,0,0,0,0,0,0,0,0,0,0,0,0,0,0,0,0,0,0,0,0,0,0,0,0,6.13E-06,0.000405433,-0.005062296,-0.014103074,-0.007848754,1.00E-05,5.80E-05,5.11E-07,0,0,0,0,0,0,0,0,0,0,0,0,0.000199951,-0.003809567,0.019465268,0.080688417,0.020996239,-0.017167105,0.000963118,2.46E-05,0,0,0,0,0,0,0,0,0,0,0,0,-0.002598039,-0.011112473,0.404448529,0.863153765,0.679035743,0.126959882,-0.028088133,0.000446027,8.56E-06,0,0,0,0,0,0,0,0,0,0.000168766,-0.001542892,-0.003711703,0.001349622,0.160653697,0.525552515,0.918711346,0.659359579,0.158660965,-0.01718207,0.000540133,0,0,0,0,0,0,0,1.22E-17,0.000689338,-0.012410199,-0.026467627,-0.022158565,-0.007002298,-0.023412871,-0.027476662,0.381651178,1.000352771,0.664679194,0.003304109,-0.004644531,1.70E-05,0,0,0,0,0,2.14E-05,0.000576491,-0.016427015,0.101772978,0.455559743,0.462715822,0.065440223,-0.005400531,-0.009657219,0.017143093,0.617768382,0.949471933,0.260246919,-0.02982838,-0.000183824,0,0,0,0,2.20E-05,0.000923627,-0.024321607,0.093925153,0.762776023,1.028682738,0.991805929,0.296391284,-0.020415597,0.000859162,-0.030255187,0.322985899,1.040656346,0.442689947,-0.045211138,-0.000483062,0,0,0,0,-0.000138327,-0.010433977,0.078060628,0.638465891,0.986559761,0.915116524,1.018894761,0.467918437,-0.029836806,0,-0.021552083,0.317646752,1.040689372,0.445898046,-0.045385838,-0.000495643,0,0,0,0,-0.001128523,-0.023016902,0.40020161,1.029615315,0.632266129,0.529592269,1.030957448,0.481219005,-0.031673713,0.000975908,-0.033520527,0.383559589,1.04901857,0.444277216,-0.045434348,-0.000483388,0,0,0,1.37E-18,-0.002801164,0.002058977,0.585608184,0.555946181,-0.008546941,0.236775327,0.944910114,0.565307207,-0.044841044,-0.025106464,-0.008719754,0.714735056,0.924272808,0.208329044,-0.025061759,-0.000130719,0,0,0,5.30E-05,-0.010505174,0.132424037,0.743421739,0.188779548,-0.042249195,0.058302492,0.790729609,0.787935117,0.189739873,0.154405106,0.486397008,1.003662343,0.705551351,-0.013257149,-0.003093739,9.19E-06,0,0,0,-0.000825804,-0.030297039,0.639831115,0.938417648,0.21495521,-0.028032586,-0.019768966,0.40516824,0.951327827,0.960311748,0.961290831,0.991563634,0.901190976,0.302447193,-0.021186101,7.81E-05,0,0,0,0,-0.011669316,0.065926113,0.818793045,0.970516442,0.270767463,-0.033172313,-0.002943423,-0.009288586,0.341787531,0.784983064,0.68501104,0.48864905,0.101942334,-0.012946827,-0.000307479,3.26E-05,0,0,0,9.19E-06,-0.026844911,0.208862149,0.920881927,0.800916156,0.080535675,-0.013031267,0.000118413,-0.003180862,0.000964035,0.075796313,0.006653588,-0.018913892,-0.011191551,-0.000245064,7.02E-05,0,0,0,0,-5.14E-05,-0.028794892,0.234565496,0.943807632,0.684230069,-0.040498043,-3.83E-05,8.27E-06,0.000267463,-0.003276961,-0.014626225,-0.006776324,-0.002541054,3.49E-05,2.21E-05,0,0,0,0,0,-0.000454963,-0.041919255,0.406186938,1.048462895,0.475759787,-0.030838082,7.09E-05,0,0,0,0,0,0,0,0,0,0,0,0,0,-9.83E-05,-0.00686002,0.070529993,0.152073346,0.030491572,-0.002288278,0,0,0,0,0,0,0,0,0,0,0,0,0,0,1.19E-05,0.000928927,-0.009312194,-0.021744111,-0.006835682,0.000461091,0,0,0,0,0,0,0,0,0,0,0,0,0,0,0,0,0,0,0,0,0,0,0,0,0,0,0,0,0,0,0,0,0
0,0,0,0,0,0,0,0,0,0,0,0,0,0,0,0,0,0,0,0,0,0,0,0,0,0,0,0,0,0,0,0,0,0,0,0,0,0,0,0,0,0,0,0,0,0,0,0,0,0,0,0,0,0,0,0,0,0,0,0,0,0,0,0,0,0,0,4.89E-06,0.000150225,-0.003428973,-0.003060049,-0.000541667,4.23E-05,2.55E-06,0,0,0,0,0,0,0,0,0,0,0,0,0,0.000915576,-0.009556202,0.011143604,0.000459967,-0.020650633,-0.002362164,0.000366796,5.51E-05,-0.000425858,-0.001390931,-0.000154091,2.45E-05,0,0,0,0,1.56E-19,4.80E-18,-7.40E-17,-1.10E-16,-0.008735885,0.04809729,0.641788909,0.638977175,0.250622906,-0.00267094,-0.002826287,1.84E-05,0.001296296,-0.016859681,-0.008886103,0.000583469,0,0,0,0,0.00010672,-0.00079793,-0.014971065,-0.008144914,-0.016320574,0.138399884,0.451570925,0.721892106,0.895369179,0.167841897,-0.016764536,-0.006090856,0.032175075,0.334121902,0.104063804,-0.009287854,2.55E-05,0,0,0,5.41E-05,-0.016867263,0.173507705,0.182811188,-0.004799528,0.001783967,-0.031290357,0.137660138,0.860477083,0.663592835,-0.025756865,-0.014318481,0.075230762,0.771373364,0.500104793,-0.020005469,-6.37E-05,0,0,0,-0.013339971,0.181391459,0.845810475,0.378056458,-0.036111655,-0.002012187,-0.006245915,-0.021366081,0.491469993,0.954610017,0.236333708,-0.034074483,0.035524901,0.691601001,0.793343694,0.003352822,-0.002049717,0,0,0,-0.026811683,0.427428496,0.93187403,0.244002366,-0.030860748,5.11E-05,0.000298713,-0.015536067,0.122326048,0.899398686,0.685173407,-0.015153629,-0.035432496,0.588387221,0.913821168,0.047305964,-0.005783633,0,0,0,-0.037723652,0.63705239,0.847482877,0.109314849,-0.016084138,0,0,0.000480835,-0.026707346,0.530701867,0.973376787,0.459856039,0.403508749,0.893845061,0.896781402,0.18456444,-0.0180513,0,0,0,-0.043946078,0.750177696,0.859526484,0.107216095,-0.015971628,0,0,5.11E-05,-0.015212589,0.177147878,0.795689049,0.918484988,0.923801011,0.774373877,0.292720877,-0.017271923,0.000309777,0,0,0,-0.044374822,0.757911384,0.860894922,0.10783704,-0.016045004,0,0,9.94E-18,-0.000908035,-0.00760482,0.067558395,0.100403571,0.101263452,0.057784283,-0.017672102,-0.001377339,7.13E-05,0,0,0,-0.037064032,0.625846865,0.839258425,0.099661918,-0.015049529,0,0,0,0.000207653,-0.001136317,-0.012687228,-0.016156046,-0.016245404,-0.011668539,-0.00144545,0.000171909,0,0,0,0,-0.024488664,0.38433798,0.928740349,0.265687823,-0.032421834,0,0,0,0,0,0,0,0,0,0,0,0,0,0,0,-0.009711754,0.109048883,0.969908939,0.338206614,-0.039969834,0,0,0,0,0,0,0,0,0,0,0,0,0,0,0,-0.005491166,0.046851682,0.701774101,0.344898029,-0.039136603,0,0,0,0,0,0,0,0,0,0,0,0,0,0,0,-0.000951755,-0.01820895,0.368327779,0.364120993,-0.04219492,0.000244588,0,0,0,0,0,0,0,0,0,0,0,0,0,0,-0.000494179,-0.019084559,0.271362711,0.377743566,-0.011964045,-0.002308007,0,0,0,0,0,0,0,0,0,0,0,0,0,0,2.16E-05,-0.004531403,0.031260519,0.099956767,0.009394847,-0.001623775,0,0,0,0,0,0,0,0,0,0,0
0,0,0,0,0,0,0,0,0,0,0,0,0,0,0,0,0,0,0,0,0,0,0,0,0,0,0,0,0,0,0,0,0,0,0,0,0,0,0,0,0,0,0,0,0,0,0,0,0,0,3.48E-18,0.000130447,-0.004805121,-0.006460397,-0.005480413,-0.000187518,3.42E-05,0,0,0,0,0,0,0,0,0,0,0,0,0,-1.94E-17,-0.000396072,0.024680319,0.018818917,0.010815274,-0.010585103,-0.000276603,8.19E-05,0,0,0,0,0,0,0,0,0,0,0,0,-2.65E-16,-0.015648489,0.40466505,0.783665696,0.718772603,0.161393467,-0.015531131,0.000368921,0,0,0,0,0.000122294,-0.00029616,-0.014945874,-0.021272467,-0.008374183,0.000978354,-4.55E-16,-1.19E-16,-2.65E-17,-0.008662514,0.089000313,0.527852754,0.935390574,0.803750238,0.122598737,-0.022289807,0.000404242,0,0,0,-0.000619624,-0.003035301,0.150217184,0.223623026,0.081733218,-0.030765494,-0.021246766,-0.010956563,0.000177015,0.000571385,-0.009622467,-0.031929585,0.497282833,1.017098124,0.504258783,-0.006395021,-0.004181134,0,0,9.78E-05,-0.027618057,0.209184875,0.839887268,0.953226513,0.419568675,0.483391569,0.657638345,0.209580055,-0.014362236,-0.000540235,0.000351475,-0.016018049,0.154251899,1.002620647,0.747014577,0.053062174,-0.011083935,0,0,-0.000763889,-0.031957115,0.346609239,0.984144897,0.940971218,0.796087554,0.98667093,1.038350865,0.53420304,-0.008972307,-0.002327563,0,-0.007453533,0.06978159,0.815842456,1.026232707,0.143950614,-0.020801675,0,0,-0.002963644,-0.014080347,0.433755208,0.97854793,0.99615979,0.99820401,0.963334505,1.014259566,0.542983473,-0.00659421,-0.002460018,8.81E-05,-0.006770323,0.044162411,0.767644676,1.024258919,0.142244915,-0.020622277,0,0,-0.007685866,0.022200685,0.639293913,1.025287905,0.993231447,0.529490622,0.273376935,1.014458418,0.933576014,0.037295326,-0.006033037,0.000200563,-0.017276859,0.204873655,0.9883614,0.817616268,0.077742652,-0.013697576,0,0,-0.007873775,0.02392748,0.648124592,1.011117868,0.400574585,0.035374268,0.099206276,0.833793471,0.96278222,0.020545564,-0.01592482,-0.022331404,0.060365605,0.692952393,1.041519744,0.642016816,0.019203508,-0.007456257,0,0,-0.007194978,0.017563182,0.646502368,0.726372056,-0.003685405,-0.023843317,0.032448196,0.695496243,1.021805623,0.488664632,0.038516843,0.019550908,0.273234666,0.942898357,0.955204265,0.289142157,-0.013272764,-0.001800783,0,0,-0.013539624,0.07685928,0.830658837,0.57518013,-0.006121698,-0.004634429,-0.012106009,0.315218631,0.938606584,1.005157748,0.708969261,0.721631677,0.912177679,0.925475541,0.429332023,-0.006744775,-0.004063226,0.000159995,0,0,-0.020028595,0.145279442,0.951037684,0.271838286,-0.024586142,-0.000276297,-0.005812238,-0.000831206,0.54258592,0.888697338,0.893128387,0.898950597,0.833140727,0.321997804,-0.048171705,-0.002312568,0.000315927,0,0,0,-0.006353996,0.048937925,0.276183602,0.042796892,-0.008434743,7.26E-05,0.000228283,-0.00276714,0.007453568,0.029198393,0.029408548,0.030201955,0.022749864,-0.010661067,-0.001871051,0.000117749,0,0,0,0,-4.85E-05,0.000412692,0.0017364,0.000127706,-2.82E-05,0,1.96E-05,-2.81E-06,-0.003033497,-0.005484886,-0.005400276,-0.00546431,-0.004932496,-0.001293454,0.000117749,2.45E-06,0,0,0,0,4.89E-05,-0.000375883,-0.002131181,-0.000396233,5.87E-05,0,0,0,0,0,0,0,0,0,0,0,0,0,0,0,0,0,0,0,0,0,0,0,0,0,0,0,0,0,0,0,0,0,0,0,0,0,0,0,0,0,0,0,0,0,0,0,0,0,0,0,0,0,0
0,0,0,0,0,0,0,0,0,0,0,0,0,0,0,0,0,0,0,0,0,0,0,0,0,0,0,0,0,0,0,0,0,0,0,0,0,0,0,0,0,0,0,0,0,0,0,0,0,0,0,0,0,0,0,0,0,0,0,0,0,0,0,0,0,0,0,0,0,0,0,0,0,0,0,0,0,0,0,0,0,0,0,0,0,9.33E-19,0.000254289,-0.003005075,-0.011038909,-0.002344056,0.000269301,2.76E-06,0,0,4.41E-05,-0.000320772,-0.001339767,-0.000197199,2.76E-05,0,0,0,0,0,2.43E-18,0.000212759,-0.003595112,-0.016030974,0.043719431,-0.01434489,-0.003049445,0.000179892,0,6.26E-05,0.000608132,-0.01708158,-0.038867494,-0.014187321,0.000769165,0,0,0,0,1.02E-05,0.000480664,-0.007914114,-0.006538671,0.512741514,0.749259106,0.411745915,-0.00964825,-0.002142974,6.11E-05,-0.000707465,-0.011756519,0.229360056,0.57983861,0.165750054,-0.011470929,0,0,0,0,0.000195059,-0.009162488,-0.000734462,0.538805134,0.966201957,0.888534151,0.95436745,0.305618265,-0.025832824,0.000525992,-0.003867301,0.012754491,0.676819059,1.023966682,0.766247095,-0.021349177,0,0,0,1.10E-05,-0.002014859,-0.012332823,0.504095963,0.910424411,0.317589699,0.032908003,0.737241013,0.767417909,0.047174905,-0.011883026,7.35E-05,-0.006988017,0.038357503,0.683602516,0.898288458,-0.020254119,0,0,0,0.000275162,-0.021739839,0.273727618,0.993473907,0.659319989,0.008943599,-0.035281148,0.289446538,0.982686785,0.425717082,-0.036209524,-0.001967456,-0.019953329,0.072607247,0.788536816,0.60005437,-0.020794356,0,0,0,-0.003270148,-0.008790696,0.689598958,0.892724367,0.149599009,-0.020947984,-0.002748451,-0.009965839,0.60874857,0.958065342,0.216589604,-0.069670973,-0.023163569,0.575756179,0.99122566,0.216660518,-0.01911169,0,0,0,-0.021833191,0.163121375,0.891504221,0.659470231,-0.02040945,-0.002415719,-0.000103248,-0.013910914,0.106265199,0.764124881,0.876992632,0.515570942,0.606126277,1.022898761,0.57030016,0.003548826,-0.006131536,0,0,0,-0.045161305,0.384698511,1.028539416,0.500754623,-0.034308375,0.000294116,3.91E-05,0.001014227,-0.028705176,0.089157732,0.659550515,0.973743172,0.927536552,0.384999949,0.032915308,-0.012665564,0.00055491,0,0,0,-0.050112103,0.434106907,1.026633374,0.230605324,-0.01678719,4.08E-06,0,2.45E-05,0.000783463,-0.015843376,0.019863472,0.208473924,0.144682479,-0.017367324,-0.008788041,0.000738351,1.53E-05,0,0,0,-0.049700379,0.432302288,0.994730716,0.068449227,-0.007772008,0,0,0,7.78E-19,0.000399986,-0.003628062,-0.019941449,-0.01440419,-0.000303394,8.30E-05,0,0,0,0,0,-0.049700379,0.438152982,0.890363715,0.021211516,-0.004876277,0,0,0,0,0,0,0,0,0,0,0,0,0,0,0,-0.050711345,0.459766885,0.677465686,0.000449074,-0.003126634,0,0,0,0,0,0,0,0,0,0,0,0,0,0,0,-0.037914164,0.333451551,0.693468774,0.021490682,-0.004052882,0,0,0,0,0,0,0,0,0,0,0,0,0,0,0,0.000338347,-0.003352056,0.000647978,0.000581767,-2.66E-05,0,0,0,0,0,0,0,0,0,0,0,0,0,0,0,6.11E-05,-0.000531046,-0.001240809,-4.85E-05,7.66E-06,0,0,0,0,0,0,0,0,0,0,0,0,0
0,0,0,0,0,0,0,0,0,0,0,0,0,0,0,0,0,0,0,0,0,0,0,0,0,0,0,0,0,0,0,0,0,0,0,0,0,0,0,0,0,0,0,0,0,0,0,0,0,0,0,0,0,0,0,0,0,0,0,0,0,0,0,0,1.93E-05,-2.24E-05,-0.00102308,-0.026993804,-0.045984018,-0.01802017,0.000673356,7.00E-05,0.000112511,-0.000969312,-0.00240625,-0.000449346,3.42E-05,0,0,0,0,0,0,0,0.000296875,-0.00251091,-0.019953602,0.418812251,0.760836789,0.262590005,-0.020871664,-0.000516442,-0.000690555,0.006921143,-0.000758578,-0.028011676,-0.01473075,0.000576923,8.88E-05,0,0,0,0,7.40E-05,-0.005911629,0.005516153,0.390095997,0.953054367,1.057295479,0.82778862,0.075218886,-0.007840788,-0.018421181,0.150757608,0.522827325,0.304263191,0.075068355,-0.014360792,8.32E-05,0,0,0,0,-0.000396242,-0.023665611,0.259929977,0.916838218,1.012948633,0.972913177,1.000044526,0.321096763,-0.024476648,-0.007799927,0.050108694,0.462893433,0.883427015,0.703442657,0.080366815,-0.010580746,0,0,0,0.000595555,-0.012460203,0.057828207,0.747549852,1.038260891,0.554844831,0.527853464,1.039855421,0.596607473,-0.01111816,-0.001693101,-0.010010905,-0.027294902,0.425017053,1.023980525,0.529250604,-0.020809044,0,0,0,-0.004010436,0.00719533,0.509103707,1.024475116,0.896909518,0.130602894,0.147914931,0.882039897,0.864371817,0.132682343,-0.01918552,0.000304739,-0.030237983,0.166704146,0.919004562,0.879548208,-0.020753336,0,0,0,-0.029515307,0.234386778,0.927395731,1.019505481,0.540476035,-0.001602462,-0.027909995,0.665676113,0.993290935,0.307571998,-0.03847336,0.000235669,-0.028966571,0.183604065,0.923890012,0.867662329,-0.020669935,0,0,0,-0.049955159,0.427999966,1.073217031,0.804561972,0.089335648,-0.015606783,-0.024745268,0.308456444,1.018725831,0.673128013,0.021230858,-0.010848856,-0.008104337,0.435416071,1.03322612,0.664140526,-0.020733762,0,0,0,-0.049794546,0.427766646,1.06446138,0.595549071,-0.005003268,-0.003533386,-0.007805096,0.080922488,0.734094771,0.989316602,0.241656713,-0.051088729,0.16287483,0.8227524,1.01439008,0.316338188,-0.020214631,0,0,0,-0.049839912,0.428827963,1.059774622,0.501507039,-0.035965258,0.000439344,-0.000144001,-0.031345848,0.28167093,0.982909923,0.709017272,0.204443833,0.662207224,1.031063977,0.913889534,0.106326985,-0.016839577,0,0,0,-0.049699156,0.42743127,1.059354626,0.511994383,-0.032230392,0,5.41E-05,-0.00923526,0.030980052,0.531261659,0.996605554,0.961798288,1.038511472,0.999738205,0.463863903,-0.005180401,-0.004106243,0,0,0,-0.049715462,0.427585138,1.059462878,0.511982128,-0.032230392,0,0,0.000819547,-0.011477907,0.023685406,0.488865857,0.697595282,0.690620013,0.477861962,0.031248723,-0.010971169,0.000395731,0,0,0,-0.050057886,0.430816347,1.061736162,0.511724775,-0.032230392,0,0,0,0.000719124,-0.008367545,-0.008202139,0.008656778,0.008422232,-0.007544373,-0.009383204,0.00099629,0,0,0,0,-0.048172516,0.41252965,1.057943866,0.519348686,-0.032595997,0,0,0,2.55E-06,4.75E-05,-0.002144837,-0.003757098,-0.003748315,-0.002131587,8.44E-05,4.89E-06,0,0,0,0,-0.012436689,0.079599011,0.744542874,0.507218434,-0.030235773,0,0,0,0,0,0,0,0,0,0,0,0,0,0,0,0.000945742,-0.018594941,0.162971048,0.138542773,-0.008045598,0,0,0,0,0,0,0,0,0,0,0,0,0,0,0,0,0.000924224,-0.016179449,-0.013094448,0.000764655,0,0,0,0,0,0,0,0,0,0,0,0,0
0,0,0,0,0,0,0,0,0,0,0,0,0,0,0,0,0,0,0,0,0,0,0,0,0,0,0,0,0,0,0,0,0,0,0,0,0,0,0,0,0,0,0,0,0,0,0,0,0,0,0,0,0,0,0,0,0,0,0,0,0,0,0,0,0,0.000256587,-0.002795394,-0.006284956,-0.006252553,-0.006224571,-0.006233609,-0.0063269,-0.005630936,-0.001005413,9.96E-05,0,0,0,0,0,0,0,0,0.000106618,-0.000267157,-0.020285284,-0.001797062,0.040159985,0.039902812,0.039569342,0.039626583,0.040729065,0.030766547,-0.009237779,-0.000138583,8.82E-05,0,0,0,0,0,0,0,0.000239022,-0.015269727,0.071872243,0.573259855,0.963349826,0.958559538,0.955414318,0.956803156,0.967368192,0.901400558,0.269437874,-0.018820704,-0.012902403,-0.012006825,0.000309557,8.08E-05,0,0,0,0.00015083,-0.015355613,0.189098873,0.78097149,1.010829538,1.000272461,0.998065768,0.998062806,0.999517923,0.999875715,1.047134697,0.604456121,-0.03922532,0.118041803,0.117041037,-0.006035985,-0.000540407,0,0,0,-0.000345373,-0.03163431,0.561370834,1.035102744,1.00520897,1.028235901,1.004535995,0.990963781,0.993448545,0.99396658,1.025786202,0.705871635,0.257849643,0.844473778,0.805750394,0.076759594,-0.014075727,0,0,0,-0.012954629,0.079452512,0.789995762,1.042533922,0.719973363,0.63048471,0.918309998,1.01653765,0.997385212,0.99493893,1.005225633,0.91329502,0.304261336,0.766130515,0.998630651,0.188333231,-0.019430658,0,0,0,-0.029313114,0.232975763,0.913808211,1.052666599,0.504032135,-0.020648278,0.330806798,0.805644472,0.984388651,0.997717014,1.000583344,0.757953397,0.094630242,0.414723312,1.041915543,0.394849527,-0.020630957,0,0,0,-0.016117158,0.109633885,0.804691738,1.058637289,0.535511251,-0.023184593,-0.01868127,0.03032421,0.275892702,0.78042659,1.009737373,0.388144948,-0.074332789,0.267198785,1.040287071,0.586516924,-0.020688317,0,0,0,0.000305328,-0.042181407,0.645290594,1.012238188,0.351611996,-0.03652399,-0.001561394,-0.007810253,-0.043606192,0.496621324,1.032353196,0.555016527,-0.062216793,0.245610141,1.040092422,0.594687674,-0.020669935,0,0,0,-0.011103605,0.061867603,0.803028906,0.868081237,0.129590178,-0.019137498,6.52E-05,0.000256818,-0.028365639,0.273280917,0.97160921,0.971647643,0.41083476,0.517071987,1.044260256,0.563816414,-0.020834183,0,0,0,-0.013183319,0.080908905,0.829397467,0.849254664,0.108099469,-0.016057234,0,0,-0.005878098,0.045956904,0.791516211,1.03115048,0.991891816,0.979555556,1.007122958,0.275931271,-0.020364243,0,0,0,-0.012914272,0.078455882,0.825767974,0.851797386,0.111691176,-0.016436346,0,0,-9.83E-05,-0.014093733,0.217887605,0.854010468,1.001842456,1.016770714,0.671073887,0.036230518,-0.008870336,0,0,0,-0.012914272,0.078450776,0.82561649,0.854248366,0.114353214,-0.016721699,0,0,6.89E-05,-0.001408973,-0.027212897,0.154802356,0.351354473,0.338385808,0.115290509,-0.016593341,0.000100252,0,0,0,-0.012914272,0.078503881,0.827363494,0.827242647,0.084513889,-0.013525743,0,0,6.22E-20,0.000104677,4.58E-05,-0.012250511,-0.023414216,-0.022752706,-0.009480137,0.000569585,4.39E-05,0,0,0,-0.012914272,0.078617209,0.835155314,0.733715673,-0.030185836,-0.001298505,0,0,0,0,0,0,0,0,0,0,0,0,0,0,-0.013479271,0.083377502,0.856593784,0.611336397,-0.038525003,0.000228283,0,0,0,0,0,0,0,0,0,0,0,0,0,0,-0.003605234,0.022721099,0.223876498,0.118078772,-0.007204759,0,0,0,0,0,0,0,0,0,0,0,0,0
0,0,0,0,0,0,0,0,0,0,0,0,0,0,0,0,0,0,0,0,0,0,0,0,0,0,0,0,0,0,0,0,0,0,0,0,0,0,0,0,0,0,0,0,0,0,0,0,0,0,0,0,0,0,0,0,0,0,0,0,0,0,0,0,0,0,7.66E-06,3.29E-05,-0.001108047,-0.002237949,-0.0016154,-7.04E-05,1.71E-05,0,0,0,0,0,0,0,0,0,0,0,0,4.60E-05,0.000107741,-0.017000989,-0.02283684,-0.009660573,-0.017466742,-0.023193747,-0.00152185,0.000327819,0,6.89E-05,-0.000785846,-0.000255901,2.76E-05,0,0,0,0,0,4.60E-05,0.000836993,-0.020918692,0.092255106,0.3957564,0.54071841,0.45605113,0.1691178,-0.003275855,-0.001878745,0.000436581,-0.002295241,-0.023279463,-0.01730365,0.000624489,4.54E-18,0,0,0,0,-7.97E-05,-0.017594039,0.188432309,0.767361468,0.987982452,0.824367834,1.026628421,0.863431662,0.145217361,-0.020128166,-0.004551505,0.019350065,0.343292313,0.2058964,-0.015763548,0.000519131,0,0,0,0,-0.00976917,0.036107833,0.677651713,1.048501845,0.545767515,0.068222164,0.649932534,1.047755085,0.651711751,0.01206594,-0.009769832,0.010292827,0.657116862,0.834110618,0.063624682,-0.007347421,0,0,0,8.73E-06,-0.025419884,0.170634685,0.903540765,0.933112185,0.176256042,-0.056125017,0.225163246,0.942600575,0.997494853,0.336183892,-0.0384351,-0.048707176,0.525675143,1.030110184,0.401234001,-0.03686683,0,0,0,0.000134038,-0.025641799,0.151330695,0.873648369,0.944458933,0.182969941,-0.023806781,0.007906931,0.472830065,1.016668943,0.696873332,0.023215397,-0.071413909,0.513069921,1.075862769,0.580214291,-0.052555658,0,0,0,-0.001959814,-0.010832482,0.467227379,1.018979882,0.781043136,0.046281914,-0.005248757,-0.015321181,0.083665833,0.828975956,1.009772484,0.420661186,0.036249217,0.62392322,1.019787055,0.40137357,-0.036934913,0,0,0,-0.015226052,0.208464597,0.875696742,1.012298611,0.323543747,-0.024741115,0.00040145,0.000639246,-0.028271752,0.471432745,1.01221395,0.930782714,0.765856447,0.947065802,0.89133744,0.168882336,-0.01666539,0,0,0,-0.027252813,0.421256471,1.01347584,0.924595104,0.151483765,-0.017552111,0,-1.06E-17,-0.005026123,0.024813578,0.422779035,0.845695786,0.911888733,0.801969905,0.221507972,-0.016174687,0.000115925,0,0,0,-0.035364532,0.56931187,1.021483422,0.875065138,0.095417142,-0.01582261,0,3.68E-18,0.00039488,-0.007466913,-0.015642276,0.019102499,0.030638276,0.015055828,-0.014114029,-0.00180079,0.000148931,0,0,0,-0.044138531,0.729420462,1.052947287,0.641034382,0.025679548,-0.007984069,0,0,0,6.11E-05,-0.000389348,-0.003497753,-0.004510485,-0.00316585,-0.000220384,4.68E-05,0,0,0,0,-0.043905178,0.728039063,1.048412463,0.371817504,-0.046016877,0.000163399,0,0,0,0,0,0,0,0,0,0,0,0,0,0,-0.039651961,0.668894353,0.885421841,0.139908207,-0.019838674,3.37E-05,0,0,0,0,0,0,0,0,0,0,0,0,0,0,-0.011322918,0.191553086,0.27869636,-0.010422204,-0.000550807,0,0,0,0,0,0,0,0,0,0,0,0,0,0,0,0.000741422,-0.012605188,-0.016286594,-0.000549088,0.00015083,0,0,0,0,0,0,0,0,0,0,0,0,0,0,0,0,0,0,0,0,0,0,0,0,0,0,0,0,0,0,0,0
0,0,0,0,0,0,0,0,0,0,0,0,0,0,0,0,0,0,0,0,0,0,0,0,0,0,0,0,0,0,0,0,0,0,0,0,0,0,0,0,0,0,0,0,0,0,0,0,0,0,0,0,0,0,0,0,0,0,0,0,0,0,0,0,0,0,0,0,0,0,0,0,0,0,1.10E-05,0.000154054,-0.003005362,-0.000918888,0.000100592,0,0,0,0,0,0,5.60E-19,0.000358456,-0.002818576,-0.02004473,-0.022783701,-0.00621201,0.000434743,0,0,0.000597426,-0.006887851,0.01085963,0.006773827,-0.000644233,0,0,0,0,0,3.92E-18,0.00025531,-0.00500034,-0.00312579,0.124338474,0.148763344,0.023867426,-0.0046202,0.000275162,1.71E-18,-0.005827512,0.01783027,0.456733064,0.117149372,-0.013458435,0,0,0,0,9.19E-06,0.000566789,-0.008843784,-0.003935185,0.33404033,0.833985328,0.86482581,0.410155927,-0.011846218,-0.004206412,0.000265693,-0.029992273,0.203489124,0.973475235,0.157019231,-0.021149408,0,0,0,0,0.000117708,-0.010525967,0.028663986,0.553946622,0.968896905,1.041798048,1.031288981,0.97015528,0.426009182,-0.01117927,-0.003188262,-0.038310556,0.282992268,1.050281464,0.144240437,-0.020779999,0,0,0,5.26E-05,-0.00158175,-0.025003455,0.427897433,1.020383612,0.985529755,0.612476511,0.77640899,1.035366915,0.799074976,0.070303663,-0.018027846,0.014372855,0.626978911,1.018432836,0.137549631,-0.020122549,0,0,1.53E-05,0.000882251,-0.028196317,0.251766612,0.913814321,1.02466905,0.5777141,-0.00131267,0.231412939,0.942403118,0.98644647,0.301612823,-0.044660726,0.332339784,0.989728877,0.78510289,0.065552209,-0.012427662,0,0,0.000319989,-0.020901309,0.119345061,0.786741336,1.04973623,0.653564287,0.069211899,-0.020235464,-0.017092099,0.51964357,1.040393399,0.811737139,0.18722389,0.810001447,1.062647008,0.479884157,-0.028703783,-0.002176266,0,0,-0.004948768,-0.003123955,0.560759327,1.051875289,0.754081938,0.135091861,-0.019767641,-0.000636676,-0.027540731,0.279259685,0.983496953,0.974518212,0.76924246,0.969621511,0.924772655,0.230698325,-0.029342006,1.92E-05,0,0,-0.018291142,0.120005177,0.955862956,0.913935174,0.120348861,-0.024143023,0.000399071,0.000141454,-0.011999001,0.04827453,0.628996423,0.99430497,1.047561928,1.033681481,0.609241436,-0.01256733,-0.002761358,1.63E-05,0,0,-0.021717388,0.151759712,1.058401552,0.826671654,0.058555419,-0.007652029,7.75E-05,0,0.000609681,-0.01267676,0.06148412,0.366006872,0.77589008,0.625492085,0.135189577,-0.014107435,0.000391342,0,0,0,-0.010887119,0.053223065,0.725794867,0.930884174,0.181970724,-0.013833129,0,0,0,0.000734018,-0.009295088,-0.024826155,0.0968734,0.042185611,-0.018452274,0.000718954,0,0,0,0,0.000152505,-0.005774326,0.033480001,0.088928309,0.011814832,-0.001003472,0,0,0,0,0.000220588,-0.000917207,-0.016784314,-0.009955882,0.000509191,2.76E-05,0,0,0,0,4.95E-05,-1.82E-05,-0.005249285,-0.008716299,-0.00134232,0.000109222,0,0,0,0,0,0,0,0,0,0,0,0,0,0,0,0,0,0,0,0,0,0,0,0,0,0,0,0,0,0,0,0,0,0,0,0,0,0,0,0,0,0,0,0,0,0,0,0,0,0,0,0,0,0,0,0,0,0,0,0,0,0,0,0,0,0,0,0,0,0,0,0,0
0,0,0,0,0,0,0,0,0,0,0,0,0,0,0,0,0,0,0,0,0,0,0,0,0,0,0,0,0,0,0,0,0,0,0,0,0,0,0,0,0,0,0,0,0,0,0,0,0,0,0,0,0,0,0,0,0,0,0,0,0,0,0,0,0,0,0,0,0,0,1.66E-05,0.000559385,-0.021627736,-0.037219873,-0.028543301,-0.002890114,0.000287071,0,0,0,0,0,0,0,0,0,0,0,0,0,-0.000120421,-0.010691466,0.332140353,0.600874557,0.444143621,0.015364924,-0.00438123,0.000154091,0,0,0,0,0,0,0,1.17E-18,5.96E-05,-0.000552872,-0.001697815,0.000148931,-0.002468001,0.00693287,0.828792361,1.041785914,1.003895153,0.390811887,-0.021766374,-0.000392972,0,0,0,0,0,0,0.000122549,-0.000184675,-0.012020867,-0.014825459,-0.000646616,-0.006273148,-0.001288126,0.001206087,0.80039834,1.017325368,1.031985975,0.801724792,0.07058381,-0.012119767,0,0,0,0,0,4.65E-05,-0.000147568,-0.016531837,0.06911143,0.479860342,0.605556201,0.11959913,-0.017616383,-0.018428043,0.644684552,1.018859946,0.929194183,0.923627621,0.259084831,-0.032008649,0,0,0,0,0,-8.62E-05,-0.016974026,0.134883715,0.690076746,0.899235729,0.978406573,0.2204976,-0.031403152,-0.021120404,0.434359297,1.019158616,0.794054534,0.914109766,0.269440223,-0.032969712,0,0,0,0,0.00071909,-0.010786714,0.019524697,0.589821725,0.479872719,0.326423301,1.002447729,0.268454538,-0.03097983,-0.020963797,0.335350373,0.935445755,0.692388685,0.831858422,0.150087095,-0.0202772,0,0,0,0,-0.005312462,0.017445823,0.570007285,0.930513242,0.212215754,0.087566973,0.890914437,0.383131842,-0.056731277,-0.027681764,0.497280923,0.881150106,0.870345316,0.790584235,0.048949091,-0.009767641,0,0,0,0,-0.020878888,0.153206784,0.86620721,1.023857605,0.350477907,-0.030487444,0.581104916,0.863328108,0.41442019,0.020723243,0.680052366,0.830978571,0.85640465,0.471923747,-0.035291616,0.000623701,0,0,0,0,-0.002902111,-0.014442644,0.710447121,1.03556398,0.363216746,-0.049677802,0.037935962,0.396899841,0.929093001,0.761177541,0.877630604,0.767514794,0.754887133,0.05075357,-0.006068342,0,0,0,0,0,0.0004904,-0.044432394,0.654633885,1.003399067,0.320172743,-0.038195752,-0.010231992,-0.023300688,0.261973312,0.695129596,0.775212147,0.618776467,0.260898182,-0.013667109,-0.000720486,0,0,0,0,0,-0.000479801,-0.035860635,0.681444751,0.917543709,0.197312926,-0.025471852,0.00011489,-0.000444547,-0.025717695,0.040477873,0.091075493,0.013502264,-0.011720707,-0.001270935,9.96E-05,0,0,0,0,0,-0.010695447,0.057257949,0.818505736,0.834230137,0.071013736,-0.012179283,0,7.72E-05,0.000145221,-0.010227941,-0.01615354,-0.00698223,-0.001276042,0.000193015,0,0,0,0,0,0,-0.019543435,0.14130033,0.87814825,0.697070993,-0.018491473,-0.00231503,0,0,0,0,0,0,0,0,0,0,0,0,0,0,-0.028969446,0.230628575,0.944670349,0.507829056,-0.033346888,0.000217231,0,0,0,0,0,0,0,0,0,0,0,0,0,0,-0.017710244,0.146423186,0.486456631,0.15928045,-0.010622787,8.15E-06,0,0,0,0,0,0,0,0,0,0,0,0,0,0,0.001600016,-0.013205082,-0.044336363,-0.015112251,0.000993158,0,0,0,0,0,0,0,0,0,0,0,0,0
0,0,0,0,0,0,0,0,0,0,0,0,0,0,0,0,0,0,0,0,0,0,0,0,0,0,0,0,0,0,0,0,0,0,0,0,0,0,0,0,0,0,0,0,0,0,0,0,0,0,0,0,0,0,0,0,0,0,0,0,0,0,0,0,0,0,0,0,0,0,0,0,0,0,0,0,0,0,0,0,0,0,0,0,0,0,0,0,0.000171875,-0.003117034,-0.000451593,3.40E-05,0,0,0,0,0,0,0,0,0,0,0,0,0,0,5.60E-18,0.001090457,-0.009824329,-0.015386438,-0.005822083,0.000387663,0,7.08E-18,-9.03E-17,-5.10E-16,-4.35E-16,-4.40E-17,7.21E-18,0,0,0,0,2.20E-05,-0.000230971,-0.002702546,-0.0004279,-0.022266214,0.071144029,0.513655773,0.117281437,-0.008188674,0.000110065,-0.000393689,-0.011377145,-0.014617885,-0.0184952,-0.009000177,0.000432326,0,0,0,0,2.74E-05,0.00027613,-0.007279259,-0.029762443,0.067582339,0.666517739,0.945895466,0.151330442,-0.012153245,-0.001021475,-0.004298744,0.207074654,0.710505211,0.63234326,0.10007969,-0.011132003,0,0,0,0,-0.002508732,0.021744945,0.344606584,0.233233558,0.673657022,1.009618532,0.637292654,-0.000557802,-0.003089461,-0.003136847,0.011220129,0.32384758,0.398812143,0.775425926,0.534666748,-0.020857333,0,0,0,0,-0.005647263,0.038509617,0.825159433,0.846113358,0.525667676,0.714439066,0.556105903,-0.013136846,-0.00207935,0.000289837,-0.000819393,-0.033057138,-0.099353809,0.458926896,0.753996729,-0.016621051,0,0,0,1.86E-18,-0.014538705,0.196391527,0.966568253,0.412516868,-0.047764478,0.522020697,0.701465993,-0.004492953,-0.032233711,-0.013329342,-0.028269965,-0.030456904,0.251191347,0.831404667,0.425560872,-0.020524918,0,0,0,0.000370959,-0.027047045,0.375687347,0.836307938,0.116371953,-0.043322887,0.152867153,0.800437534,0.58841539,0.294569223,0.142474947,0.295335767,0.609809113,0.915950402,0.587025565,0.021711593,-0.007951048,0,0,0,-0.00387599,-0.00225638,0.693804064,0.723114189,0.011517315,-0.005041472,-0.019840967,0.233518235,0.720912604,0.866921922,0.831733584,0.893631782,0.826445093,0.328723826,-0.007111206,-0.012277274,0.000830072,0,0,0,-0.024751947,0.194010859,0.870692283,0.288464052,-0.021183415,0.000399495,-0.000718273,-0.020458878,0.018455542,0.124416616,0.217518565,0.225086295,0.024297641,-0.022633272,-0.005954861,0.000605866,8.51E-06,0,0,0,-0.037018059,0.332330508,0.553612711,0.019133493,-0.00348749,0,0,0.000436581,-0.003250102,-0.011849384,-0.019543724,-0.020685253,-0.003886251,0.000279139,1.28E-05,0,0,0,0,0,-0.001799356,0.017439713,0.00376251,-0.00564088,0.000259038,0,0,0,0,0,0,0,0,0,0,0,0,0,0,0,0.000247034,-0.002262153,-0.00289231,4.40E-05,1.15E-05,0,0,0,0,0,0,0,0,0,0,0,0,0,0,0,0,0,0,0,0,0,0,0,0,0,0,0,0,0,0,0,0,0,0,0,0,0,0,0,0,0,0,0,0,0,0,0,0,0,0,0,0,0,0,0,0,0,0,0,0,0,0,0,0,0,0,0,0,0,0,0,0,0
0,0,0,0,0,0,0,0,0,0,0,0,0,0,0,0,0,0,0,0,0,0,0,0,0,0,0,0,0,0,0,0,0,0,0,0,0,0,0,0,0,0,0,0,0,0,0,0,0,0,0.000112103,-0.000519751,-0.01982621,-0.039985732,-0.043180058,-0.019848763,0.000596388,6.83E-05,0,0,0,0,0,0,0,0,0,0,0,0,-0.000881672,0.003632557,0.163878902,0.339406216,0.36369247,0.14923766,-0.012987779,0.000337124,0,0,0,0,0,0,0,0,0,0,0,0,-0.003944547,0.026635178,0.553841313,0.942475746,1.018389451,0.757421347,0.117425637,-0.016646284,0,0,0,0,0,0,0,0,2.07E-18,0.00017325,-0.000600831,-0.019085733,-0.017836414,0.001825385,0.027013745,0.226009259,0.878544033,0.915713031,0.188759702,-0.024696099,0,0,0,0,0,0,0,1.66E-18,0.000371051,-0.006247537,-0.012671398,0.196920871,0.194310577,-0.011249064,-0.02610768,0.136793845,0.88102628,0.822353962,0.067593001,-0.011803025,0,0,0,0,0,0,0,0.000142677,-0.006365075,-0.007580412,0.435670733,0.95040493,0.609273249,-0.037783926,-0.036713595,0.397208532,1.038148312,0.68150782,-0.014459697,-0.002742645,0,0,0,0,0,7.97E-06,4.33E-05,-0.001742834,-0.025450351,0.453140295,1.002887987,0.861172692,0.17256376,-0.019015029,0.002688741,0.596635961,1.044133664,0.449231618,-0.029962197,0.000118218,0,0,0,0,0,0.000114992,-0.001956223,-0.034365128,0.307854745,0.983529616,1.007778612,0.324766425,-0.047809521,-0.027170854,0.004397514,0.660374694,1.023491251,0.222409995,-0.016343342,0,0,0,0,0,9.94E-18,-0.001722937,-0.007011983,0.407837691,0.888623502,0.984795837,0.966134991,0.407739668,0.089565019,0.091716061,0.4276919,0.977229235,0.781469907,0.019751038,-0.004628421,0,0,0,0,0,0.000493253,-0.01811169,0.169339188,0.933521157,0.995955865,0.409056687,0.682284978,0.943800126,0.826719056,0.817663331,0.960073258,0.746855171,0.176677509,-0.017742902,-0.000280484,0,0,0,0,0,-0.015740311,0.107931019,0.767963937,1.054910759,0.653574389,0.003036202,0.02693055,0.285130923,0.590872501,0.588009746,0.175211932,0.056667278,-0.010394212,-0.000984774,6.24E-05,0,0,0,0,0,-0.014057723,0.096711193,0.672492902,1.045680402,0.590262663,0.001927799,-0.015094124,-0.020852567,-0.005595384,0.001046773,-0.020780339,-0.01090499,-0.001105664,0.000211397,0,0,0,0,0,0,0.001233134,-0.032099282,0.290416922,1.02241025,0.564901859,-0.002121958,-0.005037275,0.000153186,-0.001353145,-0.001923339,0.000203824,0,0,0,0,0,0,0,0,0,0.000112103,-0.031849554,0.499862251,0.930232656,0.240836159,-0.027936947,-0.000163569,0,0,0,0,0,0,0,0,0,0,0,0,0,-0.001277975,-0.02429999,0.627385604,0.759858745,0.061506808,-0.011094177,3.11E-05,0,0,0,0,0,0,0,0,0,0,0,0,0,-0.000416156,-0.018589693,0.401603481,0.235657433,-0.017483388,0.000345373,0,0,0,0,0,0,0,0,0,0,0,0,0,0,4.48E-05,0.000337691,-0.01342967,-0.013621324,2.74E-05,7.75E-05,0,0,0,0,0,0,0,0,0,0,0,0,0,0,0,0,0,0,0,0,0,0,0,0,0,0,0,0,0,0,0,0
0,0,0,0,0,0,0,0,0,0,0,0,0,0,0,0,0,0,0,0,0,0,0,0,0,0,0,0,0,0,0,0,0,0,0,0,0,0,0,0,0,0,0,0,0,0,0,0,0,0,0,0,0,0,0,0,0,0,0,0,0,0,0,0,0,0,0,0,0,0,0,0,0,0,0,1.91E-05,-0.000184589,-0.002341374,-0.000952819,8.43E-05,0,0,0,0,0,0,0,0,6.80E-05,-0.00112837,-0.002105699,0.000118566,0,0,0,0.001219107,-0.013568985,-0.010071016,-0.008884293,0.0008221,0,0,0,1.87E-19,4.79E-18,-7.98E-17,4.26E-06,0.000745231,-0.006251668,-0.026919135,-0.021743821,-0.007699449,0.000917207,0,0.000804228,-0.019429126,0.121239873,0.543871224,0.256383017,-0.022922198,0,0,0,3.73E-05,0.000318457,-0.010209355,-0.017505787,-0.015259349,0.043921024,0.415514161,0.467326865,0.069118719,-0.009807998,0,-0.009168199,0.033315036,0.637333197,1.088058885,0.58583878,-0.053062023,0,0,0,-0.000509203,-0.007048072,0.165002225,0.252854891,0.00794999,0.539691326,1.048630152,0.939053375,0.234895591,-0.029643514,0,-0.016252293,0.11862154,0.470154566,0.925186045,0.50936086,-0.045555878,0,0,0,-0.001424734,-0.020559402,0.453265744,0.893128728,0.575171433,0.952701576,0.673427373,0.902480545,0.279338644,-0.036429059,0.000220078,0.00065482,-0.03446361,0.258401433,0.867380169,0.214822134,-0.019698053,0,0,0,-0.00149469,-0.018918437,0.442951712,1.011923492,1.006758319,0.544683449,0.04364808,0.895338831,0.480348533,-0.052296975,-0.025567742,-0.035338167,0.100057615,0.787224571,0.740094506,-0.008867017,-0.000992732,0,0,0,-0.001643025,-0.017088967,0.45683992,1.053432972,0.59936604,-0.01270721,-0.020032952,0.565197815,0.954735243,0.32333651,0.13098189,0.12408764,0.718784909,1.00547709,0.29250197,-0.022395663,0.000283395,0,0,0,-0.000842627,-0.026960546,0.369386302,1.061535335,0.237813294,-0.024540782,-0.01542899,0.1384463,0.672439628,0.97699185,0.87712277,0.856052849,0.925496528,0.402006519,0.010477916,-0.004969193,0,0,0,0,-0.002221271,-0.009957265,0.53024999,0.932401995,0.119887628,-0.016692348,-0.000201684,-0.009243508,0.026001403,0.270305899,0.513900184,0.572189169,0.22319103,-0.020338093,-0.00707298,0.000560006,0,0,0,0,-0.003988613,0.011615843,0.746296075,0.699148795,0.03191844,-0.008911186,0.000150123,-0.000692062,-0.008680385,-0.019928696,-0.020933926,-0.02120081,-0.017072951,-0.002836499,0.000331723,5.11E-06,0,0,0,0,-0.005541258,0.031214682,0.916462078,0.581948104,-0.002541172,-0.005090891,0,0,0,0,0,0,0,0,0,0,0,0,0,0,-0.011960121,0.148891119,0.960884446,0.38546909,-0.04332569,-0.000117443,0,0,0,0,0,0,0,0,0,0,0,0,0,0,-0.021487132,0.336233864,0.871812721,0.176230937,-0.023331499,3.06E-05,0,0,0,0,0,0,0,0,0,0,0,0,0,0,-0.038192185,0.658090426,0.699672353,0.006361016,-0.004756712,0,0,0,0,0,0,0,0,0,0,0,0,0,0,0,-0.028212776,0.50239614,0.246263583,-0.018326644,0.000342424,0,0,0,0,0,0,0,0,0,0,0,0,0,0,0,-0.00116733,0.021758442,-0.007719363,0.000357384,0,0,0,0,0,0,0,0,0,0,0,0,0
0,0,0,0,0,0,0,0,0,0,0,0,0,0,0,0,0,0,0,0,0,0,0,0,0,0,0,0,0,0,0,0,0,0,0,0,0,0,0,0,0,0,0,0,0,0,0,0,0,0,0,0,0,0,0,0,0,0,0,0,0,0,0,0,0,0,0,0,0,0,8.87E-19,0.000108762,-0.001745139,-0.005369638,-0.004844414,-0.000747906,6.17E-05,0,0,0,0,0,0,0,0,0,0,0,0,0,5.12E-18,-0.000569342,-0.001829929,0.028260468,0.022954265,-0.002862217,5.48E-05,0,0,0,0,0,0,1.71E-19,1.08E-17,9.57E-05,-0.000874438,-0.010234499,-0.006146599,0.000542535,-1.96E-16,-0.017772842,0.361400745,0.874534144,0.801281948,0.155555453,-0.014531744,0.000264971,0,0,0,0,0,0.000107741,-0.000717593,-0.015633936,-0.011034773,0.096085056,0.048842678,-0.016663348,0.000236758,-0.019281556,0.68312917,0.969484801,1.006738834,0.501321129,-0.007291871,-0.002482573,0,0,0,0,0,-0.00023827,-0.019123065,0.207622498,0.623594194,0.874523313,0.798590848,0.17843567,-0.022485172,-0.00364819,0.223646723,0.237336397,0.851287147,0.864915515,0.146845556,-0.020121547,0,0,0,2.60E-05,0.000418705,-0.017252298,0.11583941,0.828947372,1.033255208,1.026774523,1.038639757,0.641338916,-0.001496545,-0.003780195,-0.022045303,0.013971933,0.770746511,0.987938011,0.299774629,-0.0363646,0,0,0,0.000429432,-0.024481014,0.031866779,0.626737388,1.046073802,0.84402805,0.488946282,0.906433228,0.973862677,0.217148778,-0.023600899,-0.009013085,0.028101154,0.763339069,1.079549803,0.433970299,-0.050572745,0,0,0,-0.00839665,0.110269132,0.634494928,1.022904293,0.892944325,0.341993753,-0.047479227,0.333681611,0.993091912,0.885808058,0.197578619,-0.067240363,0.19440111,0.890961329,0.965838286,0.285596865,-0.034869757,0,0,0,-0.021453227,0.616267138,1.040129272,0.993601597,0.403952665,-0.047961976,-0.001319861,-0.047900259,0.573254902,1.050546705,0.778543845,0.265301863,0.572211908,1.03907838,0.779713235,0.057594397,-0.010655089,0,0,0,-0.014938921,0.21326795,0.854539511,1.026349942,0.711813675,0.076516686,-0.012127927,-0.008392799,0.067337892,0.739118055,1.003936193,0.964424173,0.979165648,0.978575544,0.504744609,-0.038691961,0.000707832,0,0,0,-0.000686785,-0.040663871,0.315139723,0.980508868,0.881701559,0.158412786,-0.021469977,0.000278544,-0.014411169,0.05579325,0.512183245,0.939046071,0.952493362,0.465249626,0.012171364,-0.003629187,4.89E-05,0,0,0,9.79E-05,-0.005608872,0.015326576,0.469656897,0.68212694,0.062648114,-0.010356692,2.94E-05,0.000419135,-0.01415739,0.032319751,0.193680038,0.204379936,0.051758561,-0.009333844,0.000134498,0,0,0,0,0,0.000799804,-0.007617443,-0.005289488,0.02120224,0.002403425,-0.00036036,0,0,0.000750613,-0.007950368,-0.027881252,-0.02911152,-0.00951011,0.000704044,2.21E-05,0,0,0,0,0,0,0.000133578,-0.002185764,-0.004202308,-0.000434538,6.85E-05,0,0,0,0,0,0,0,0,0,0,0,0,0,0,0,0,0,0,0,0,0,0,0,0,0,0,0,0,0,0,0,0,0,0,0,0,0,0,0,0,0,0,0,0,0,0,0,0,0,0,0,0,0,0,0,0,0,0,0,0,0,0,0,0,0,0,0,0,0,0,0,0
0,0,0,0,0,0,0,0,0,0,0,0,0,0,0,0,0,0,0,0,0,0,0,0,0,0,0,0,0,0,0.000531897,-0.005651722,-0.017104378,-0.013680556,-0.000485771,0.000171569,0,0,0,0,0,0,0,0,0,0,0,0,0,0,-0.00290831,0.030367443,0.112994132,0.07862419,-0.008106783,-0.000172843,1.22E-05,0,0,0,0,0,0,0,0,0,0,0,0,0,-0.034296279,0.370237864,0.913125348,0.804124285,0.110605511,-0.017754885,-2.58E-05,0,0,0,0,0,0,0,0,0,0,0,0,0,-0.012134055,0.118902165,0.36999042,1.006406488,0.425012663,-0.024821385,-0.001106618,0,0,0,0,0,0,0,0,4.74E-33,4.68E-05,0.000482807,-0.009989022,-0.005972137,0.002213542,-0.025056339,-0.004240281,0.654519982,0.791916922,0.048510059,-0.006117187,0,0,0,0,0,0,0,0,7.21E-18,-0.000101273,-0.016578938,0.09238043,0.051435951,-0.008308313,-0.000195908,-0.034985019,0.324337503,0.940200878,0.173899476,-0.013920428,8.15E-05,0,0,0,0,0,0,0.000110065,0.000525865,-0.029592488,0.098178324,0.732623789,0.599281538,0.000761723,-0.00280808,-0.013592407,0.077542276,0.812293187,0.48669172,-0.025257633,-0.000414936,0,0,0,0,0,1.82E-05,-0.00014854,-0.014712776,0.115034161,0.726798829,1.062758919,0.824730001,0.026405859,-0.005159365,-0.008911174,0.040927373,0.805416922,0.738086703,0.008567538,-0.005260691,0,0,0,0,0,-0.000315972,-0.016470963,0.167353537,0.773650633,0.968259277,0.738862592,0.860084644,0.175829691,-0.012988,-0.008854714,0.030655995,0.805018978,0.804620507,0.023038331,-0.007107334,0,0,0,0,0,5.42E-05,-0.013798713,0.102887221,0.348276008,0.191417968,0.037592218,0.774967814,0.470813674,-0.03714391,-0.027022475,0.129946504,0.869211261,0.668815751,-0.004273199,-0.003603604,0,0,0,0,8.56E-05,-0.004206138,0.034627468,0.344680266,0.248926283,-0.000290245,-0.016998894,0.528199806,0.709838542,0.03017213,0.109307475,0.69906187,0.988299292,0.374862677,-0.026794169,0.000226244,0,0,0,0,-0.000443005,-0.018977722,0.350681111,1.017880981,0.524289403,-0.018028612,-0.012365052,0.058615273,0.780399766,0.911242442,0.922990529,0.986033998,0.673092584,0.041200573,-0.005376513,0,0,0,0,0,-0.005448208,0.01004136,0.716395272,1.054777029,0.439930811,-0.030866811,-0.002175671,-0.022936666,0.286750664,0.823744553,0.848592546,0.417977345,0.008646769,-0.012792586,0.000409007,0,0,0,0,0,-0.007424483,0.025829146,0.800602482,0.89111877,0.160024561,-0.019777068,-5.91E-05,-0.00282501,-0.001080389,0.100314628,0.122047324,-0.010439815,-0.005259395,0.000597426,0,0,0,0,0,0,-0.005401737,0.009910437,0.737994945,0.819318661,0.04054919,-0.009323509,3.06E-05,0.000413603,-0.002573529,-0.017391238,-0.01982145,-0.002798713,0.000283395,0,0,0,0,0,0,0,-0.00015246,-0.027391714,0.492570653,0.618284569,0.007339648,-0.004352044,0,0,0,0,0,0,0,0,0,0,0,0,0,0,4.88E-05,-0.003735681,0.056847917,0.051581417,-0.006003577,0.000307541,0,0,0,0,0,0,0,0,0,0,0,0,0,0,0,0.000531046,-0.009164454,-0.009827921,0.000405263,1.63E-05,0,0,0,0,0,0,0,0,0,0,0,0,0,0,0,0,0,0,0,0,0,0,0,0,0,0,0,0,0,0,0,0
0,0,0,0,0,0,0,0,0,0,0,0,0,0,0,0,0,0,0,0,0,0,0,0,0,0,0,0,0,0,0,0,0,0,0,0,0,0,0,0,0,0,0,0,0,0,0,0,0,0,0,0,0,0,0,0,0,0,0,0,0,0,0,0,0,0,0,0,0,0,0.000168505,-0.001010519,-0.015355469,-0.040029361,-0.025929585,-0.001113664,0.000179228,0,0,0,0,0,0,0,0,0,0,0,0,0,-0.001465482,0.001193151,0.224507732,0.668052117,0.399567215,0.001001889,-0.001907629,0,0,0,0,0,0,0,0,0,0,0,1.16E-17,-1.89E-16,-0.023779616,0.252991728,0.819557567,0.944851171,0.95782741,0.161424564,-0.018490077,0.000570706,0,0,0,0,0,0,0,0,1.87E-05,7.90E-05,-0.002029548,-0.01641476,-0.027548169,0.066868702,0.230712874,0.352771038,0.961043947,0.652295394,0.02187626,-0.006245159,0,0,0,0,0,0,0,0,0.000466247,-0.0042026,-0.033560953,0.31368194,0.555844017,0.097672758,-0.052984882,0.01232337,0.791656713,0.847166714,0.076991273,-0.012845116,0,0,0,0,0,0,0.00026011,-0.000380259,-0.030801232,-0.003834994,0.386502723,0.909894148,1.038687943,0.36940031,-0.048919989,0.000180215,0.773948002,0.835638838,0.075160982,-0.01258367,0,0,0,0,0,0,-0.00375674,0.001614549,0.387971678,0.572121177,0.985159739,0.937794169,1.032273472,0.413691347,-0.071465238,-0.015074244,0.773577019,0.838358201,0.075629255,-0.012645632,0,0,0,0,0,0,-0.015253676,0.085257387,0.735615775,1.038110367,0.798054228,0.214210665,0.95461249,0.686003728,0.109683394,0.211787054,0.861732639,0.730674854,0.01542853,-0.005961029,0,0,0,0,0,0,-0.002983762,-0.001758647,0.34299103,0.951217405,0.402814866,-0.030596626,0.773806509,1.020665731,0.826830269,0.898590397,0.997523829,0.385503081,-0.0289255,0.000379112,0,0,0,0,0,0,-0.002486853,-0.020867202,0.513531926,0.922241593,0.152831791,-0.01583955,0.066132258,0.361083136,0.826923056,0.791419564,0.522293968,0.013036838,-0.003285333,0,0,0,0,0,0,5.01E-05,-0.023939491,0.148302373,0.888471031,0.669890292,-0.013716725,-0.000786271,-0.015052254,-0.007193457,0.041637197,0.012701185,0.003595707,-0.007856924,0.000367647,0,0,0,0,0,0,-0.000637714,-0.02706347,0.325704504,1.031472886,0.453979709,-0.022270987,0.000117017,0.000106379,-0.001212725,-0.005467996,-0.002938623,-0.002097375,0.000237439,0,0,0,0,0,0,0,-0.003443576,0.005229048,0.656126021,0.996322508,0.188711341,-0.019276961,0,0,0,0,0,0,0,0,0,0,0,0,0,0,-0.004155893,0.013838116,0.751078533,0.814665628,0.068739996,-0.012975388,0,0,0,0,0,0,0,0,0,0,0,0,0,0,-0.003338938,0.002361604,0.688444196,0.677093864,0.016368868,-0.007359226,0,0,0,0,0,0,0,0,0,0,0,0,0,0,-0.000497855,-0.01403748,0.223530518,0.352636251,0.006458919,-0.003588814,0,0,0,0,0,0,0,0,0,0,0,0,0,0,5.11E-05,0.001208469,-0.020963116,-0.032354218,-0.000673892,0.000336159,0,0,0,0,0,0,0,0,0,0,0
0,0,0,0,0,0,0,0,0,0,0,0,0,0,0,0,0,0,0,0,0,0,0,0,0,0,0,0,0,0,0,0,0,0,0,0,0,0,0,0,0,0,0,0,0,0,0,0,0,0,0,0,0,0,0,0,0,0,0,0,0,0,0,0,0,0,0,0,0,0,0,0,0,0,0,0,0,0,0,0,0,0,0,0,0,0,0,0,0,0,0,0,0,0.000181985,-0.001152574,-0.029259498,-0.015149816,0.000628287,8.88E-05,0,0,0,0,8.48E-18,-1.43E-16,-1.15E-16,-3.35E-16,0.000295544,-0.002788841,-0.001962061,0.00022212,6.67E-18,0,-0.001570517,0.011677611,0.238979558,0.088906607,-0.009664557,-6.14E-05,0,0,0,0,0.000911458,-0.015017361,-0.021614583,-0.020978009,-0.022978069,0.016082857,0.002599316,-0.005059743,0.000219056,0,-0.002706955,-0.00258941,0.590518757,0.689895731,0.029980603,-0.008928036,0,0,0,0,-0.015871143,0.263881602,0.295353176,0.567422275,0.873555333,0.852324015,0.846839798,0.105851779,-0.009358567,0,0.000104714,-0.019044016,0.093789491,0.811883433,0.2485809,-0.020644287,0,0,0,0.000317965,-0.047095231,0.73882021,0.913225235,0.631544339,0.537912437,0.655596014,0.874471473,0.075504391,-0.007817862,0,1.48E-05,0.000651008,-0.055941398,0.525006025,0.515406764,-0.018785403,0,0,0,-0.004531817,0.000951372,0.763695398,0.553688113,-0.061166411,-0.020179671,0.70695624,0.505882421,-0.020055147,-0.001548866,0,0,0.000445772,-0.052164522,0.544189389,0.78579211,-0.019290748,0,0,0,-0.016598997,0.115120149,0.84125194,0.499217371,-0.04841122,0.091109565,0.785660897,0.227242222,-0.031180794,5.89E-05,3.55E-18,0.000288501,-0.01696075,0.032922947,0.785834201,0.590258313,-0.021607945,0,0,0,-0.016554971,0.115846405,0.827583078,0.358906148,-0.036650463,0.088635859,0.809496613,0.280582635,-0.048898386,-0.02124663,-0.017512535,-0.024208538,-0.01564791,0.631815053,0.839588388,0.139721322,-0.014427594,0,0,0,-0.018638761,0.138313393,0.804839489,0.088357181,-0.011314595,-0.011554187,0.501988912,0.898384952,0.362649114,0.132023987,0.108065445,0.360727498,0.784550229,0.869061052,0.239404172,-0.028276361,-0.000761282,0,0,0,-0.040220945,0.359126157,0.638059096,0.00702931,-0.002856175,-0.00826811,0.017888225,0.458569836,0.779913977,1.032813045,0.975341609,0.954850541,0.686023914,0.135289607,-0.02620144,-0.000761282,0.000194036,0,0,0,-0.012915902,0.120618022,0.108638123,-0.007116881,-0.000210018,0.000580898,-0.003665645,-0.04533752,0.064789522,0.256804585,0.291268497,0.199938062,0.01966985,-0.017992749,0.000748775,0,0,0,0,0,0.00165831,-0.015333946,-0.016719669,0.000600184,5.24E-05,0,5.24E-05,0.000445772,-0.013402574,-0.034968444,-0.03793017,-0.028555147,-0.008042892,0.000448836,2.67E-05,0,0,0,0,0,0,0,0,0,0,0,0,0,0,0,0,0,0,0,0,0,0,0,0,0,0,0,0,0,0,0,0,0,0,0,0,0,0,0,0,0,0,0,0,0,0,0,0,0,0,0,0,0,0,0,0,0,0,0,0,0,0,0,0,0,0,0,0,0,0,0,0,0,0,0,0,0,0,0,0,0,0,0
0,0,0,0,0,0,0,0,0,0,0,0,0,0,0,0,0,0,0,0,0,0,0,0,0,0,0,0,0,0,0,0,0,0,0,0,0,0,0,0,0,0,0,0,0,0,0,0,0,0,0,0,0,0,0,0,0,0,0,0,0,0,0,0,0,5.29E-19,4.54E-05,-0.000819117,-0.00293607,-0.004514655,-0.007983558,-0.00726588,-0.00169668,-0.000520067,5.49E-05,0,0,0,0,0,0,0,0,0,0.000386029,-0.002322304,-0.017034144,-0.023276551,-0.001344993,0.020362524,0.075785829,0.064345367,-0.017223513,-0.021705525,-0.01161266,-0.010604167,-0.004396446,0.000513636,0,0,0,1.14E-18,3.82E-18,0.000511897,-0.009304619,-0.021869553,0.08829742,0.332671059,0.60098172,0.749434709,0.914878183,0.863939151,0.471671864,0.254266902,0.039155195,0.039518791,0.016853043,-0.001968937,0,0,0,0.000200844,-0.001589995,-0.020392582,0.040558534,0.496549394,0.801779344,1.001041641,1.048908327,0.863579997,0.637218682,0.859099043,1.039595138,0.916777318,0.704143161,0.747088133,0.306067368,-0.035726224,0,0,0,-0.002118408,-0.018793497,0.244563545,0.725214151,1.00725925,0.779962344,0.499150814,0.233681108,0.073890418,0.069048483,0.550055151,1.000072563,1.026420533,1.022715425,0.893697108,0.306931111,-0.036756818,0,0,0,-0.014533803,0.291456422,0.847804943,1.039055453,0.591419884,0.002002332,-0.028860625,-0.045425177,0.328257506,0.730868226,1.004470827,0.861180105,0.861767957,0.986521616,0.230951797,-0.02681633,0.001027272,0,0,0,-0.021612371,0.726517247,1.070477414,0.614269114,0.06197549,-0.013364668,-0.022321722,0.290433211,0.953452206,1.039288126,0.69146315,0.153785397,0.501443423,1.018006587,0.291084593,-0.020027216,0,0,0,0,-0.013978248,0.185067822,0.807577563,0.442139195,-0.023344278,-0.02222806,0.205468778,0.839245711,1.025759174,0.530384361,0.059532884,-0.061420855,0.410028544,1.008511506,0.42767819,-0.027360856,0,0,0,0,-0.000585172,-0.012688843,0.113554262,0.101982996,-0.010428581,0.045712997,0.730508931,1.048931458,0.731319989,0.04682501,-0.016804977,-0.030631735,0.482239498,1.041390812,0.38203782,-0.025066738,0,0,0,0,0.000146753,-2.44E-05,-0.016547226,-0.013485692,-0.028944686,0.349339611,1.006560819,0.863326488,0.167232532,-0.026539786,-0.009979516,0.053038071,0.726736629,0.849990709,0.085412301,-0.008341435,0,0,0,0,0,0,0,-0.003003676,-0.022919884,0.583478333,1.049295262,0.511162326,-0.038303734,-0.001996545,-0.018835376,0.21786194,0.939985907,0.482824312,-0.019774544,-0.001533599,0,0,0,0,0,0,0,-0.003568015,-0.020294815,0.622390744,1.0141036,0.348779361,-0.034490894,-0.002122872,-0.020630991,0.685553483,0.841175381,0.147179041,-0.016904786,-0.000229575,0,0,0,0,0,0,0,-0.001241728,-0.028648778,0.454030467,0.988635519,0.365254051,-0.045086584,-0.024215346,0.379381332,0.7113877,0.177806117,-0.022436904,-0.000359069,4.04E-05,0,0,0,0,0,0,0,8.27E-05,-0.01389408,0.131148131,0.734513218,0.813144608,0.306672283,0.266731992,0.306454861,0.105810046,-0.021677066,0.00030673,9.37E-05,0,0,0,0,0,0,0,0,0,0.000913385,-0.015637781,0.06937587,0.348335609,0.406462622,0.272586744,-0.009615571,-0.019314456,0.000839754,0,0,0,0,0,0,0,0,0,0,0,5.53E-05,-0.00022212,-0.011824664,-0.021026688,-0.01043573,-0.008925313,-0.001452546,0.000203824,0,0,0,0,0,0,0,0,0,0,0,0,0,0,0,0,0,0,0,0,0,0,0,0,0,0,0
0,0,0,0,0,0,0,0,0,0,0,0,0,0,0,0,0,0,0,0,0,0,0,0,0,0,0,0,0,0,0,0,0,0,0,0,0,0,0,0,0,0,0,0,0,0,0,0,0,0,0,0,0,0,0,0,0,0,0,0,0,0,0,0,0,0,0,0,0,6.89E-05,-0.000465942,-0.002438215,-0.002797685,-0.002795956,-0.000717627,9.74E-05,0,0,0,0,0,0,0,0,0,0,0,0,0.000598346,-0.0093125,-0.024745115,-0.007201661,-0.002796496,-0.003600797,-0.006003745,-0.000389093,4.41E-05,0,0,0,0,0,0,0,0,4.11E-32,0.000110635,0.000960519,-0.024983864,0.018045156,0.268122362,0.543326287,0.582767349,0.58910335,0.161416173,-0.026253302,0.000279208,0,0,0,0,0,0,0,0,0.00011489,-0.002140353,-0.025993471,0.19598783,0.646518178,0.956027454,1.028487864,1.020233123,1.034149118,0.708878302,0.078068355,-0.007615298,0,0,0,0,0,0,0,0.00081448,-0.00599838,-0.03889057,0.210145066,0.860461678,1.06737295,0.994634493,0.930492897,0.989500357,0.995118167,1.016164207,0.43266863,-0.027913253,0,0,0,0,0,0,0.000240809,-0.00965625,0.016028544,0.311118124,0.870561959,0.987303445,0.699114226,0.638619128,0.805708963,0.997849099,1.005253166,1.007600831,0.521692691,-0.032758987,0,0,0,0,0,0.000799804,-0.009517616,-0.01320481,0.453162888,0.973594448,0.938924677,0.463558517,0.077552049,0.64834552,1.034208691,0.844957452,0.857016799,1.040965261,0.713276246,-0.043302083,0,0,0,2.98E-18,0.000753166,-0.019101154,-0.005835052,0.451838848,1.003427424,0.899300875,0.251884282,-0.047298424,0.452009072,1.014221405,0.903097171,0.154297097,0.523088967,1.069754613,0.70540625,-0.042868873,0,0,0,0.000897842,-0.018390863,0.106133039,0.545346575,0.97141733,0.967105886,0.408404633,-0.032779697,0.02404022,0.712649969,1.03845224,0.53068476,0.039197937,0.740304415,1.032702291,0.524425041,-0.032910539,0,0,0,-0.009093936,0.083113034,0.799139974,1.030823686,0.959270294,0.411659397,0.004162794,-0.02349641,0.135426178,0.857957397,0.983670984,0.279369233,0.175283207,0.935073495,1.02010288,0.417910314,-0.027099843,0,0,0,-0.047936666,0.525499813,1.052793761,0.983002111,0.39655256,-0.014847631,-0.008357962,-0.037865864,0.317915884,0.978052696,0.96591265,0.65024566,0.812967028,1.028048764,0.681540492,0.065358081,-0.00681153,0,0,0,-0.05192036,0.583105511,0.934751454,0.307809606,0.026514229,-0.008416854,0.000140114,-0.025215849,0.194385723,0.88282884,1.037716333,1.053006281,1.021872648,0.679494349,0.075990264,-0.018481277,0.00026537,0,0,0,-0.016524544,0.188727873,0.191442223,-0.028043386,-0.008166582,0.000818934,8.27E-06,-0.003456443,0.013124506,0.320585903,0.780718954,0.675102243,0.338850196,0.064566364,-0.018743821,0.000305147,3.86E-05,0,0,0,0.001120813,-0.012746119,-0.014534569,-0.000439389,7.79E-05,0,0,0.000309404,-0.002592984,-0.012626957,0.077036356,-0.013331223,-0.026287147,-0.006763276,0.000279412,3.86E-05,0,0,0,0,0,0,0,0,0,0,0,0,9.42E-05,-0.000889894,-0.012662346,-0.002843749,0.000361238,0,0,0,0,0,0,0,0,0,0,0,0,0,0,0,0,0,0,0,0,0,0,0,0,0,0,0,0,0,0,0,0,0,0,0,0,0,0,0,0,0,0,0,0,0,0,0
0,0,0,0,0,0,0,0,0,0,0,0,0,0,0,0,0,0,0,0,0,0,0,0,0,0,0,0,0,0,0,0,0,0,0,0,0,0,0,0,0,0,0,0,0,0,0,0,0,0,0,0,0,0,0,0,0,0,0,0,0,0,0,0,0,0,0,0,0,0,0,0,0,0,0,0,0,0,0,0,0,0,0,0,0,0,0,0,0,0,0,0,0,0,0,0,0,0,0,0,0,0,0,0,0,0,0,0,8.87E-19,-5.62E-18,-1.36E-16,-1.43E-16,-3.19E-16,-1.45E-16,-1.04E-16,-1.97E-18,5.91E-19,0,0,0,0,0,0,0,0,0,3.23E-05,4.64E-05,-0.00349537,-0.013337418,-0.020733592,-0.020617681,-0.020604032,-0.020790441,-0.019138753,-0.003985396,0.000300245,0,0,0,0,0,0,0,0.000653051,-0.004107456,-0.026495149,-0.043541377,-0.015787728,0.080551496,0.294794087,0.316096877,0.544366969,0.333541692,0.243772981,0.004985512,-0.001381415,0,0,0,0,4.85E-05,-0.000330093,-0.003426726,-0.027875408,0.000341435,0.207085308,0.375857605,0.527317334,0.810322168,1.033786135,0.917050024,0.64304015,0.786428632,0.981790884,0.405057292,-0.026207721,0,0,0,0.000459559,-0.005065189,-0.025703532,0.005458214,0.342194478,0.697962095,0.872715363,0.824422211,0.595893144,0.905283156,0.918237303,0.311482758,-0.054476173,0.283492817,0.988888038,0.747825266,-0.044608609,0,0,0,-0.001495694,0.005696742,0.251218,0.680949993,0.796302696,0.581001208,0.302704759,0.01917234,0.377903731,0.918950997,0.301369536,-0.029884906,-0.055380641,0.252643655,0.962443696,0.609513957,-0.036929279,0,0,0,-0.034996681,0.380973499,0.969173834,0.68499297,0.121611724,-0.043254919,-0.032134872,0.052765328,0.781471286,0.748885689,-0.024802934,-0.036943525,0.126698327,0.710669424,0.986697372,0.254730699,-0.017937653,0,0,0,-0.027257603,0.307511499,0.63856223,0.067020708,-0.024831149,0.000389609,-0.01557621,0.121258748,0.883701813,0.843529802,0.307464925,0.514299339,0.871322272,0.97031501,0.46075053,-0.001405399,-0.002331744,0,0,0,0.001025497,-0.0113894,-0.021223146,-0.008752894,0.000347222,4.60E-05,-0.003690087,0.012502548,0.280212776,0.61618527,0.905556968,0.812069615,0.584704574,0.290329521,0.007696844,-0.00871681,0.000251225,0,0,0,0,0,0,0,0,0,0.000348924,-0.001240777,-0.030385536,0.004215227,0.168613103,0.104106175,-0.009129707,-0.029657714,-0.002440342,0.000497855,0,0,0,0,0,0,0,0,0,0,0,0,0.000430147,-0.005987132,-0.02496875,-0.017645221,-0.004292834,0.000245098,0,0,0,0,0,0,0,0,0,0,0,0,0,0,0,0,0,0,0,0,0,0,0,0,0,0,0,0,0,0,0,0,0,0,0,0,0,0,0,0,0,0,0,0,0,0,0,0,0,0,0,0,0,0,0,0,0,0,0,0,0,0,0,0,0,0,0,0,0,0,0,0,0,0,0,0,0,0,0,0,0,0,0,0,0,0
0,0,0,0,0,0,0,0,0,0,0,0,0,0,0,0,0,0,0,0,0,0,0,0,0,0,0,0,0,0,0,0,0,0,0,0,0,0,0,0,0,0,0,0,0,0,0,0,0,0,0,0,0,0,0,0,0,0,0,0,0,0,0,0,0,0,0,0,5.67E-06,7.81E-05,-0.001693883,-0.004365043,-0.004630569,-0.00308701,-0.000141136,4.23E-05,0,0,0,0,0,0,0,0,0,0,3.06E-06,0.000125657,-0.00058461,-0.017882949,-0.016317419,0.016686019,0.019795633,0.001678207,-0.011194683,0.000232537,3.77E-05,0,0,0,0,0,0,0,0,1.15E-31,0.000283565,-0.001424626,-0.026905076,0.087559743,0.461699806,0.752485005,0.782835392,0.605775531,0.085371851,-0.012723482,-5.84E-05,0,0,0,0,0,0,0,0.000143995,-0.00050177,-0.013738766,-0.018351287,0.337163977,0.802169186,1.037722886,1.027532271,1.027460611,1.020257778,0.645173679,-0.000582227,-0.003081138,0,0,0,0,0,0,0.000152868,-0.001600118,-0.023761975,0.033210479,0.363060546,0.919384962,1.057113601,0.818650721,0.457417163,0.312958316,0.900422612,0.984969766,0.248416408,-0.01771483,0,0,0,0,7.97E-05,-0.000466553,-0.00484038,-0.026292909,0.238484477,0.69966105,1.017270308,0.88453559,0.635844363,0.196216827,-0.042100882,-0.035471342,0.487102141,1.025722801,0.547532033,-0.034010621,0,0,0,0.000758272,-0.008915952,-0.020832008,-0.001371868,0.377603094,0.921114583,1.020693355,0.832204065,0.317147416,0.010754766,-0.027066262,-0.008668862,0.069430941,0.687385212,1.011978179,0.467283548,-0.029664369,0,0,0,-0.004006672,0.031697815,0.231388753,0.768647655,1.007560934,0.993219346,0.519031029,0.074101919,-0.013034024,-0.019752434,0.030731975,0.533849231,0.887246902,1.00588911,1.023042586,0.656527591,-0.040182802,0,0,0,-0.040202461,0.438656131,0.954192314,0.838620455,0.66308267,0.347100133,0.037826389,-0.017204303,-0.003956716,-0.037376243,0.314563283,0.983506059,1.014886402,0.996469022,0.959851052,0.374394404,-0.024553615,0,0,0,-0.030101368,0.338063742,0.555530204,0.147392976,0.018563671,-0.026899688,-0.008412927,1.22E-06,-0.006287504,0.230114141,0.770345719,0.794880321,0.791147778,1.024967032,0.859975847,0.020492863,-0.004917197,0,0,0,0.001076559,-0.011879596,-0.021886592,-0.014590822,-0.008045343,-0.00118413,0.000101103,-0.023802536,0.181672556,0.867311904,1.022150854,0.618031982,0.780518629,0.875518127,0.392400582,-0.000868107,-0.001967678,0,0,0,0,0,0,0,0,0,0,-0.035431902,0.290776893,0.953417535,1.006362932,0.973828602,0.901191893,0.253121664,-0.028336891,-0.004098192,0.000195312,0,0,0,0,0,0,0,0,0,0,-0.004201215,0.021083912,0.326213406,0.506042994,0.501002366,0.068170427,-0.022441074,-0.002619519,0.000391544,0,0,0,0,0,0,0,0,0,0,0,0.000375443,-0.002345027,-0.023260008,-0.019195415,-0.013200844,-0.009462109,-0.000390625,7.91E-05,0,0,0,0,0,0,0,0,0,0,0,0,0,0,0.000146753,-0.001296319,-0.001842567,0.000195264,0,0,0,0,0,0,0,0,0,0,0,0,0,0,0,0,0,0,0,0,0,0,0,0,0,0,0,0,0,0,0,0,0,0,0,0,0,0,0,0,0,0,0,0,0,0,0
0,0,0,0,0,0,0,0,0,0,0,0,0,0,0,0,0,0,0,0,0,0,0,0,0,0,0,0,0,0,0,0,0,0,0,0,0,0,0,0,0,0,0,0,0,0,0,0,0,0,0,0,0,0,0,0,0,0,0,0,0,0,0,0,0,0,0,0,0,0,0,0,0,0,0,0,0,0,0,0,0,0,0,0,0,0,9.19E-06,0.000560413,-0.00539185,-0.019761336,-0.02729565,-0.025687806,-0.015155619,-0.003429841,0.000344669,0,0,0,0,0,0,0,0,4.67E-20,8.76E-18,0.000595724,-0.006025667,-0.02961851,0.001576389,0.122094295,0.189232486,0.174953278,0.080973887,-0.00525931,-0.007330389,0.000517429,1.02E-05,0,0,0,0,0,0,0.000136846,-0.001249149,-0.021275361,0.046306849,0.255120511,0.58212757,0.844461312,0.934725422,0.911613562,0.776144063,0.427338644,0.023120575,-0.019799666,0.000733252,0,0,0,0,0,0.000566266,-0.004880406,-0.030789205,0.144303619,0.697861617,0.984841396,0.977337451,0.748223608,0.55205456,0.553839716,0.919577291,0.996713716,0.793292789,0.262662329,-0.017870806,0,0,0,2.04E-05,0.000365605,-0.014175023,-0.005246153,0.300544815,0.870404667,0.971207465,0.62528182,0.276600916,0.024853996,-0.03807084,0.339822934,0.925240053,1.034192453,1.001834048,0.649769761,-0.039772059,0,0,0,0.001073155,-0.021635349,0.093104269,0.594610175,0.951366864,0.761294339,0.259900752,0.008296645,-0.031114685,-0.026379919,0.26892853,0.934802662,0.763010527,0.698142191,0.887570347,0.169220895,-0.013025276,0,0,0,-0.011388548,0.108627451,0.78637739,0.985234477,0.532140744,0.059992426,-0.028140114,-0.008234683,-0.005437551,0.041885332,0.825082653,0.783554858,0.071183587,0.389369638,0.998734886,0.033434334,-0.0058197,0,0,0,-0.045498451,0.508247464,0.914802376,0.338288824,-0.004559675,-0.013221763,-0.000226716,0.00026864,-0.021016629,0.27678142,1.010454504,0.424462725,-0.086190857,0.42660803,0.901300994,0.036459048,-0.005703585,0,0,0,-0.019181512,0.218860829,0.239973012,-0.021424592,-0.005354449,0.000660389,0,-0.004947094,0.008105594,0.660641314,1.062527941,0.447467218,-0.035342273,0.677693548,0.633334964,-0.002219793,-0.002903877,0,0,0,0.001016987,-0.011511949,-0.016535031,-0.001921637,0.000204248,0,0,-0.009651054,0.046644846,0.797099877,1.059937381,0.686441398,0.442561623,0.92626794,0.242820415,-0.028950146,-0.000160897,0,0,0,0,0,0,0,0,0,0,-0.005100077,0.009790509,0.657294611,1.010170105,0.993633408,0.947451269,0.449507234,0.016696232,-0.006146684,1.36E-05,0,0,0,0,0,0,0,0,0,0,5.83E-05,-0.008767089,0.12621424,0.30718447,0.316641476,0.229479876,-0.009617987,-0.00603462,0.000613664,9.19E-07,0,0,0,0,0,0,0,0,0,0,2.32E-05,0.000397774,-0.009815666,-0.021084814,-0.021342167,-0.016303606,-0.001841656,9.02E-05,1.10E-05,0,0,0,0,0,0,0,0,0,0,0,0,0,0,0,0,0,0,0,0,0,0,0,0,0,0,0,0,0,0,0,0,0,0,0,0,0,0,0,0,0,0,0,0,0,0,0,0,0,0,0,0,0,0,0,0,0,0,0,0,0,0,0,0
0,0,0,0,0,0,0,0,0,0,0,0,0,0,0,0,0,0,0,0,0,0,0,0,0,0,0,0,0,0,0,0,0,0,0,0,0,0,0,0,0,0,0,0,0,0,0,0,0,0,0,0,0,0,0,0,0,0,0,0,0,0,0,0,0,0,0,0,0,0,0,0,0,0,0,0,0,0,0,0,0,0,0,0,0,0,0,0,0,0,0,0,0,0,0,0,0,0,0,0,0,0,0,0,0,1.31E-31,9.85E-18,0.000356692,-0.002972665,-0.008846082,-0.009055862,-0.009174156,-0.003328272,0.000187228,1.13E-17,1.87E-19,0,0,0,0,0,0,0,5.11E-06,0.00050994,-0.004647161,-0.017790373,-0.024563817,0.01309249,0.080093699,0.082485192,0.083833742,0.016973421,-0.022168096,-0.007019676,0.000400497,2.09E-05,0,0,0,0,0,8.79E-05,0.000325608,-0.023843096,0.000299264,0.10317092,0.385486682,0.787411914,0.91402844,0.918891199,0.927546438,0.756418367,0.289222107,0.007739323,-0.00856768,0.000253302,0,0,0,3.32E-05,2.71E-05,-0.009397089,-0.030511642,0.12337197,0.498872634,0.963475967,0.940514825,0.765027267,0.766666071,0.756804585,0.73266665,0.824989962,1.013902676,0.58134838,0.019414318,-0.00395144,0,0,0,0.001245064,-0.020097869,0.089277496,0.420424241,0.860644914,0.948257932,0.720980392,0.251323427,0.061703857,0.049702376,0.188257472,0.532352805,0.55152343,0.762020476,0.963636217,0.217687704,-0.0158197,0,0,0,-0.016359443,0.165696998,0.827964378,0.977545105,0.735760655,0.230481686,0.007282305,-0.02347725,-0.037144387,0.234786612,0.87660655,0.872217763,0.776556075,0.365254017,0.724364873,0.637049734,-0.037265165,0,0,0,-0.041916871,0.468373843,0.803920176,0.339533803,0.006393144,-0.025012766,-0.003628472,-0.023166758,0.155225541,0.88847098,0.781445959,0.204928666,0.125995764,0.149543947,0.671112388,0.703365656,-0.040579504,0,0,0,-0.00518604,0.059584556,0.074456276,-0.026345237,-0.006618666,0.000880519,-0.003811674,-0.013316241,0.534662451,0.915002123,0.15237312,-0.036702183,-0.048755383,0.335251756,0.948186546,0.316780842,-0.020923271,0,0,0,0.000748911,-0.00848652,-0.012284287,-0.001155705,0.000127655,0,-0.008612983,0.029195151,0.703483115,0.693951014,-0.006773812,0.007916922,0.482581513,0.880957857,0.613812364,0.037765131,-0.005009702,0,0,0,0,0,0,0,0,0,-0.003123979,-0.010928315,0.427284943,0.902671415,0.730992085,0.750656795,0.819417472,0.378365656,0.024452802,-0.013487064,0.000370966,0,0,0,0,0,0,0,0,0,0.000354882,-0.008324722,0.025537173,0.218949432,0.370756042,0.409369826,0.098202648,-0.026907561,-0.0092981,0.00079902,1.38E-05,0,0,0,0,0,0,0,0,0,1.53E-06,0.000440718,-0.003543964,-0.015601971,-0.02256347,-0.024762663,-0.008773134,-0.00076108,5.51E-05,4.60E-06,0,0,0,0,0,0,0,0,0,0,0,0,0,0,0,0,0,0,0,0,0,0,0,0,0,0,0,0,0,0,0,0,0,0,0,0,0,0,0,0,0,0,0,0,0,0,0,0,0,0,0,0,0,0,0,0,0,0,0,0,0,0,0,0
0,0,0,0,0,0,0,0,0,0,0,0,0,0,0,0,0,0,0,0,0,0,0,0,0,0,0,0,0,0,0,0,0,0,0,0,0,0,0,0,0,0,0,0,0,0,0,0,0.000156537,-5.95E-05,-0.032286087,-0.037424483,-0.020213077,0.000521789,0,0,0,0,0,0,0,0,0,0,0,1.99E-18,9.75E-05,-0.001891229,-0.01414808,-0.039153356,0.261079316,0.312711857,0.146500992,-0.041683602,-0.009216146,0.000579402,2.93E-05,0,0,0,0,0,0,0,0,0.001462929,-0.017098992,-0.019704982,0.158381179,0.667387425,0.975361026,0.966757234,0.891855051,0.588534382,0.101178513,-0.025571504,0.000579402,0,0,0,0,0,0,8.17E-05,0.0009455,-0.036367698,0.07564117,0.587441859,0.918855443,0.913698002,0.63575674,0.362669271,0.777074739,1.047774186,0.823524254,0.101178513,-0.009216146,0,0,0,0,0,0.000260894,-0.002481788,-0.027528084,0.227216095,0.799250153,1.03236675,0.847939542,0.243649901,-0.067754732,-0.068333435,0.387454004,1.023860141,1.034497532,0.591979882,-0.036695006,0,0,0,0,0.000260894,-0.002352931,-0.025828034,0.249313573,0.944690205,1.066363411,0.803815275,0.164576811,-0.020227077,0.025302848,0.343890842,0.915669808,1.017589445,1.039728609,0.746293771,-0.045151492,0,0,0,0,-0.001939508,-0.012982502,0.281622243,0.933082635,1.018468086,0.587276059,0.024229088,-0.029432173,0.058856992,0.603340499,1.06477662,0.945323112,0.948011234,1.034600286,0.655173969,-0.040135723,0,0,0,0.000490196,-0.015269097,0.036563515,0.729091997,1.040710069,0.384961669,0.00741682,-0.013240441,-0.021861537,0.339213474,0.98753445,0.797370524,0.23442165,0.646616013,1.035351716,0.419625102,-0.02716973,0,0,0,-0.001617392,-0.002180436,0.593241918,1.007265131,0.691287616,-0.005164522,-0.012138174,0.001591456,-0.043165407,0.595874847,1.063502553,0.391779599,-0.025216359,0.711280501,1.025825027,0.375232537,-0.024726103,0,0,0,-0.037079163,0.401370251,1.051069208,0.875775957,0.204711959,-0.017367324,-0.000465125,-0.006913701,0.021019982,0.790003625,0.955319138,0.229699534,0.015573662,0.72614328,1.025638446,0.385106209,-0.025269608,0,0,0,-0.028061008,0.309449693,0.681313499,0.315049546,-0.014876873,-0.003203294,7.83E-05,-0.014944204,0.097112446,0.850510986,0.843084872,0.056748994,0.03967993,0.741989574,1.022045422,0.365548031,-0.024193011,0,0,0,0.001085069,-0.011935764,-0.022390547,-0.016859511,-0.002378983,0.000392157,0,-0.025385023,0.197255889,0.909646684,0.571967014,-0.064665033,0.100649841,0.943792892,0.994750664,0.135720435,-0.011592065,0,0,0,0,0,0,0,0,0,0,-0.025019771,0.193374779,0.904908344,0.687745183,0.02163671,0.393074154,1.052706767,0.716696759,0.002636812,-0.003512766,0,0,0,0,0,0,0,0,0,0,-0.009522645,0.045501464,0.810997038,0.930410097,0.414959321,0.79545186,0.877680351,0.274887663,-0.010465448,-0.001076083,0,0,0,0,0,0,0,0,0,0,0.000626147,-0.04498172,0.633729677,1.021057972,0.927348941,1.065039338,0.626540271,-0.033948172,-0.004111009,7.84E-05,0,0,0,0,0,0,0,0,0,0,0,-0.013404926,0.199364002,0.546021429,0.81370115,0.679741574,0.167437783,-0.020941173,0.00046961,0,0,0,0,0,0,0,0,0,0,0,0,0.00071538,-0.01145527,-0.021211533,-0.020866013,-0.021872834,-0.011935764,0.001085069,0,0,0,0,0,0,0,0,0,0,0,0,0,0,0,0,0,0,0,0,0,0,0,0,0
0,0,0,0,0,0,0,0,0,0,0,0,0,0,0,0,0,0,0,0,0,0,0,0,0,0,0,0,0,0,0,0,0,0,0,0,0,0,0,0,0,0,0,0,0,0,0,0,0,0,0,0,0,0,0,0,0,0,0,0,0,0,0,0,0,0,0,0,0,0,0,0,0,0,0,0,0,0,0,0,0,0,0,0,0,0,0,0,0,0,0,0,0,0,0,0,0,0,0,0,0,0,0,0,0,0,0,0,0,1.19E-17,-8.89E-17,-3.26E-16,-5.89E-16,-6.43E-16,-6.34E-16,-2.42E-16,1.59E-17,0,0,0,0,0,0,0,0,0,0,0,0.000522365,-0.007948836,-0.020814781,-0.020898182,-0.020833333,-0.020833333,-0.020833333,-0.021918403,-0.008897569,0.001039501,0,0,0,0,0,0,0,0,0.000778607,-0.004736372,-0.048347958,0.009799183,0.243205859,0.510261285,0.805602093,0.866167519,0.855913827,0.423000795,0.043385716,-0.007157645,0,0,0,0,0,0,0.000175551,-0.000244792,-0.02352725,0.009316936,0.351452461,0.659310168,1.023155076,1.042989481,1.045482043,1.040196691,1.025112439,1.081558262,0.447717116,-0.052179283,0,0,0,0,0,0.000175551,-0.00292402,-0.032303717,0.216740894,0.601527557,1.023584304,1.042496272,0.962847086,0.701028271,0.596447505,0.64663271,0.920214971,0.945716912,0.248344567,-0.030991806,0,0,0,0,0.000652236,-0.005916939,-0.045399867,0.340491915,0.937424428,1.036298102,0.999381723,1.03559038,0.825236537,0.052012408,0.253269672,0.980727533,1.033249404,0.702520238,-0.042105562,-5.95E-05,0,0,0,0.000434028,-0.014152671,0.025977277,0.369972869,0.963024067,1.051376191,0.688008693,0.458900888,0.976634429,0.893323921,0.540008902,0.904031311,1.043365639,0.903704436,0.238212367,-0.018510212,0.000156537,0,0,0,-0.002988565,-0.010095301,0.474175482,1.021181057,0.842593589,0.472385995,0.052579964,-0.044785136,0.63517539,1.00986461,1.031839407,0.910826142,0.636151876,0.123977926,-0.030234244,0.000808212,0,0,0,0,-0.021300041,0.478856328,1.029798883,0.546916973,-0.021871715,-0.024079606,-0.009924008,-0.005441006,-0.012184947,0.313610856,0.354344873,0.014601423,-0.02736877,-0.016446589,-0.000421603,9.75E-05,0,0,0,0,-0.021211533,0.873121781,0.778792075,0.041966622,-0.016769999,0.000243821,0,0.000163399,-0.000552322,-0.029371341,-0.032910369,-0.003108312,0.000544662,0,0,0,0,0,0,0,-0.01145527,0.505559089,0.322359239,-0.031533905,0.000327819,0,0,0,0,0,0,0,0,0,0,0,0,0,0,0,0.00071538,-0.03104745,-0.021126889,0.001268842,5.88E-05,0,0,0,0,0,0,0,0,0,0,0,0,0,0,0,0,0,0,0,0,0,0,0,0,0,0,0,0,0,0,0,0,0,0,0,0,0,0,0,0,0,0,0,0,0,0,0,0,0,0,0,0,0,0,0,0,0,0,0,0,0,0,0,0,0,0,0,0,0,0,0,0,0,0
0,0,0,0,0,0,0,0,0,0,0,0,0,0,0,0,0,0,0,0,0,0,0,0,0,0,0,0,0,0,0,0,0,0,0,0,0,0,0,0,0,0,0,0,0,0,0,0.00070295,-0.004906445,-0.032368432,-0.050672618,-0.043631324,-0.020459191,0.00078676,0,0,0,0,0,0,0,0,0,0,0,5.23E-05,-4.26E-05,-0.015904875,0.012900582,0.271381774,0.456100286,0.387767838,0.156846915,-0.021388548,0.000997243,2.76E-05,0,0,0,0,0,0,0,0,0.000226103,-0.000781539,-0.025915424,0.102788631,0.607745064,0.829863681,0.737839205,0.725970895,0.774835175,0.205261387,-0.020910386,0.000161765,0,0,0,0,0,0,0,0.000104677,-0.001342797,-0.031268365,0.217663807,0.824927184,0.609869724,0.117281965,-0.004826321,-0.000343682,0.360010191,0.583726069,0.009563266,-0.006121017,0,0,0,0,0,0,0.000252741,-0.002834797,-0.024971371,0.296412616,0.807056373,0.425470102,0.003620455,-0.014574585,-0.003017361,-0.017072372,0.079881273,0.626397161,0.147516578,-0.020378676,0,0,0,0,0,0.000501406,-0.0048218,-0.031390027,0.289650086,0.794014105,0.290696092,-0.040461647,-0.00811796,0.000509559,0,-0.012368364,0.072085259,0.755440803,0.252565139,-0.03209276,0,0,0,0,0,-0.004354575,0.013854307,0.340163058,0.777694989,0.345174496,-0.040250749,-0.001681546,0.000292756,0.000284007,-0.001795139,-0.024050024,0.055654121,0.795090142,0.280691449,-0.035271446,0,0,0,0,0,-0.010174632,0.059010538,0.612334831,0.424739822,0.000297471,-0.002114226,0,0.000121324,-0.004279412,0.001222154,0.137335614,0.270545228,0.705490996,0.18566088,-0.024953125,0,0,0,0,0,-0.000397774,0.002884463,0.019574602,-0.006768076,-0.004833248,0.000264451,3.85E-18,0.000193372,-0.03778091,0.299466503,0.855723652,0.857772954,0.798584865,0.107510076,-0.018029412,0,0,0,0,0,6.28E-05,-0.000384768,-0.003621783,-0.001842831,7.14E-05,6.28E-06,0.00070523,-0.021796552,0.212372277,0.821641442,0.403177254,0.502191581,0.587949585,-0.018482588,-0.003363664,0,0,0,0,0,0,0,0,0,0,8.56E-05,-0.009185136,0.037726873,0.732380848,0.622724376,0.070170482,0.728538704,0.267104208,-0.02445681,8.25E-05,0,0,0,0,0,0,0,0,0,0,-0.000391136,-0.038034018,0.373027812,0.839385042,0.073843444,0.433087299,0.655641756,-0.02621732,0.000635723,3.06E-05,0,0,0,0,0,0,0,0,0,3.83E-18,-0.006785641,0.011509671,0.63153685,0.404822729,0.079975609,0.745670769,0.25707851,-0.018425586,0,0,0,0,0,0,0,0,0,0,0,-2.72E-17,-0.017431917,0.176805878,0.637809028,0.106774918,0.661238324,0.450781982,-0.026723058,-0.00284518,0,0,0,0,0,0,0,0,0,0,0,-1.23E-16,-0.020943117,0.319099643,0.698554415,0.554253302,0.496952376,0.025403084,-0.0086114,0.000234375,0,0,0,0,0,0,0,0,0,0,0,-1.83E-16,-0.017687314,0.332875294,0.831602853,0.521527914,0.014271942,-0.011857344,0.000878688,0,0,0,0,0,0,0,0,0,0,0,0,2.64E-18,0.000430624,-0.006507073,-0.0158638,-0.015466197,-0.005685083,0.0003702,0,0,0,0,0,0,0,0,0,0,0,0,0,0,0,0,0,0,0,0,0,0,0,0,0,0,0,0
0,0,0,0,0,0,0,0,0,0,0,0,0,0,0,0,0,0,0,0,0,0,0,0,0,0,0,0,0,0,0,0,0,0,0,0,0,0,0,0,0,0,0,0,0,0,0,0,0,0,0,0,0,0,0,0,0,0,0,0,0,0,0,0,0,0,0,0,0,0,0,1.02E-06,5.41E-05,-0.000575419,-0.001361571,-0.000701644,4.38E-05,0,0,0,0,0,0,0,0,0,0,0,0,0,0.000375306,-0.003586431,-0.020579063,-0.028806049,-0.021929415,-0.016368141,0.000989073,0,0,0,0,0,0,0,0,0,0,6.21E-19,2.04E-05,0.00079742,-0.012289369,-0.009370404,0.117196422,0.344638838,0.451446436,0.259627264,-0.016065308,0,0,0,0,0,0,0,0,0,3.91E-05,0.000329685,-0.007002996,-0.028712725,0.08194921,0.506968529,0.84861991,0.832341963,0.901012544,0.728800092,-0.043449295,0,0,0,0,0,0,0,0,1.24E-17,0.000582426,-0.024007859,0.004215822,0.386815339,0.867182392,0.810908137,0.347732001,0.267030356,0.849816151,0.746990458,-0.043864243,0,0,0,0,0,0,7.35E-06,0.000179534,-0.001638685,-0.03035352,0.140718801,0.633080202,0.89670915,0.466075095,0.085444359,0.424168263,0.892997992,1.032449159,0.447689577,-0.028766033,0,0,0,0,0,0,0.000675858,-0.013924734,-0.019400871,0.30126457,0.853602024,0.738879017,0.210769591,-0.020973839,0.499661714,0.986579243,1.026015591,0.771873792,0.039823155,-0.005712725,0,0,0,0,4.68E-05,0.001196191,-0.022065734,0.039110498,0.520368175,0.919095384,0.528468468,0.022979337,-0.048021191,0.444423866,0.91277051,0.727310427,0.910968103,0.234379,-0.027669237,-0.000108098,0,0,0,0.000412752,-0.004806645,-0.031974593,0.137267157,0.696798083,0.881176164,0.33026217,-0.012784062,-0.032248196,0.258075861,0.91826971,0.594611435,0.820914676,0.515877723,-0.01360752,-0.004305402,4.49E-05,0,0,0,-0.001364345,-0.00069937,0.283246257,0.885000747,0.764048381,0.135144256,-0.026868401,-0.015588982,0.060443843,0.779259746,0.862490658,0.761358332,0.738773181,0.054608285,-0.011874431,0.000550324,0,0,0,0,-0.035035829,0.383874677,0.938192423,0.602386166,0.095412377,-0.026626855,-0.001653816,-0.018387754,0.137863051,0.750411986,0.894225388,0.580250374,0.082010076,-0.016949891,0.000689338,0,0,0,0,0,-0.01534118,0.173696981,0.246180496,0.013527165,-0.015514161,0.000883391,2.17E-05,-0.001427989,0.006903169,0.119352192,0.159496868,0.014999915,-0.013689294,0.000539386,0,0,0,0,0,0,0.001853554,-0.020873162,-0.033059496,-0.006731618,0.000545956,1.10E-05,0,0.000308181,-0.001907169,-0.018717831,-0.024123775,-0.006732537,0.00049254,2.76E-05,0,0,0,0,0,0,0,0,0,0,0,0,0,0,0,0,0,0,0,0,0,0,0,0,0,0,0,0,0,0,0,0,0,0,0,0,0,0,0,0,0,0,0,0,0,0,0,0,0,0,0,0,0,0,0,0,0,0,0,0,0,0,0,0,0,0,0,0,0,0,0,0,0,0,0,0,0,0,0,0,0,0,0,0,0,0
0,0,0,0,0,0,0,0,0,0,0,0,0,0,0,0,0,0,0,0,0,0,0,0,0,0,0,0,0,0,0,0,0,0,0,0,0,0,0,0,0,0,0,0,0,0,0,0,0,0,0,0,0,0,0,0,0,0,0,0,0,0,0,0,0,0,0,0,0,4.41E-05,-0.000185458,-0.00260049,-0.006295045,-0.0119375,-0.009178973,-0.004740502,0.000298713,0,0,0,0,0,0,0,0,0,0,0.000190779,-0.001027267,-0.013650123,-0.024989958,-0.005754493,0.047852751,0.145526093,0.097685628,0.056251328,-0.003501838,0,0,0,0,0,0,0,0,4.11E-32,5.53E-05,-0.001485213,0.00302674,0.069129545,0.207952257,0.574385434,0.827849133,0.927046058,0.875926266,0.345301947,-0.03167373,0.000927398,0,0,0,0,0,0,0,7.78E-18,-0.000210206,-0.016362103,0.061756672,0.621575861,0.927210512,1.018425313,1.006754209,1.022296364,1.025195125,0.631262289,0.054671415,-0.009545065,0,0,0,0,0,0,0,0.001406384,-0.027847418,0.173754876,0.581137082,0.906566182,1.030659896,0.944283101,0.953396335,0.707668817,0.891903442,1.015893207,0.388407627,-0.045678348,0,0,0,0,0,0.000124694,5.49E-05,-0.038673152,0.08530096,0.719831489,1.012289811,0.981080065,0.930315921,0.986937228,0.700029402,-0.016649544,0.495403714,1.065094414,0.436898574,-0.050691778,0,0,0,0,0,-0.001293096,-0.014499115,0.401827563,0.831949772,0.989904933,0.808900071,0.840084389,0.948998315,0.924366149,0.228203039,0.042571623,0.717125681,0.982002196,0.306713695,-0.037029473,0,0,0,0.000110635,0.001011475,-0.03101137,0.08527885,0.702865877,1.00564277,0.656117362,0.026061292,0.569462061,0.950833878,0.394777863,-0.016626191,0.095157697,0.672976869,1.007762783,0.355301113,-0.042129143,0,0,0,-0.001164216,-0.011403938,0.212618413,0.626722801,0.825680896,1.044612949,0.263589234,-0.043177271,0.620558568,1.034829793,0.374342797,-0.09910022,0.370464103,0.959619009,0.734831325,0.0677444,-0.011406791,0,0,0,-0.00247425,-0.025025469,0.468892796,1.000845546,0.785300997,0.370245115,0.005761152,0.045826115,0.737453341,0.949795174,0.247908072,0.014198539,0.66524768,0.717356508,0.476141668,0.066754413,-0.009792489,0,0,0,-0.008440394,0.020043941,0.683418522,0.765143127,0.054844482,-0.028633629,-0.026435802,0.163256723,0.878828738,0.893966554,0.14480673,0.443257137,0.775384719,0.15399794,0.046230443,-0.00419373,6.11E-05,0,0,0,-0.019646821,0.520600703,1.022910454,0.434374847,-0.025571436,-0.001107996,-0.018635196,0.131961857,0.852027591,1.00755416,0.633972018,0.840794063,0.645038109,0.05807004,-0.018987217,0.000385519,0,0,0,0,-0.017536254,0.508269774,0.75517693,0.179586193,-0.015760298,-0.000386387,-0.004478007,0.010889025,0.531904769,0.922936428,0.947815445,0.744965197,0.113235549,-0.012051334,4.14E-05,0,0,0,0,0,-0.003239719,0.008367423,0.093583708,-0.010514025,-0.000444751,2.91E-05,0.000321634,-0.007617341,0.063345299,0.228356737,0.293339154,0.120550732,-0.016587248,0.000320823,5.79E-05,0,0,0,0,0,0.000436183,-0.003862566,-0.014181648,-0.000141046,0.000139415,0,0,0.000661612,-0.010061249,-0.027561759,-0.020951704,-0.013492284,0.000368411,0,0,0,0,0,0,0,0,0,0,0,0,0,0,0,2.14E-05,-0.000108592,-0.001190938,-0.000271595,3.23E-05,0,0,0,0,0,0,0,0,0,0,0,0,0,0,0,0,0,0,0,0,0,0,0,0,0,0
0,0,0,0,0,0,0,0,0,0,0,0,0,0,0,0,0,0,0,0,0,0,0,0,0,0,0,0,0,0,0,0,0,0,0,0,0,0,0,0,0,0,0,0,0,0,0,0,0,0,0,0,0,0,0,0,0,0,0,0,0,0,0,0,0,0,0,0,4.79E-05,-0.000716963,-0.002072661,-0.002109426,-0.002011944,-0.000655127,6.13E-05,0,0,0,0,0,0,0,0,0,0,0,0.000165441,-8.99E-05,-0.01749086,-0.024048083,-0.011459235,-0.011140608,-0.011994449,-0.023856379,-0.025343954,-0.0026875,0.000256434,0,0,0,0,0,0,0,9.96E-05,-0.000571044,-0.00527531,-0.026596093,0.095036543,0.316775208,0.501461942,0.506681339,0.492932922,0.301730494,0.159572508,0.006490809,-0.002404735,0.000132485,0,0,0,0,0,0.000330372,-0.005786697,-0.010423815,0.0203742,0.292713794,0.750184368,0.986334031,1.028242732,1.029134446,1.026251495,0.972394812,0.868791803,0.210733796,-0.007417484,-0.000801027,0,0,0,0,0.000185501,-0.003070146,-0.006532398,0.24926226,0.81486602,0.961510774,1.040626299,0.985920825,0.949989724,0.952375956,0.950945518,0.987958654,1.029108866,0.801510945,0.150160936,-0.02024196,0,0,0,0.000297692,-0.002898679,-0.033351545,0.366425551,0.912866932,1.037366081,0.995926871,0.759620847,0.375367715,0.275021684,0.270662343,0.262866016,0.473464325,0.949637204,1.006631587,0.345134429,-0.041221312,0,0,0,-0.004096882,-0.0020691,0.367661612,0.884811155,1.038263889,0.834419935,0.369613686,0.046536186,0.026916479,0.23922726,0.526580082,0.303575289,-0.008154242,0.667219141,1.067369553,0.430367698,-0.05010395,0,0,0,-0.016239277,0.192397273,0.897007336,1.036928717,0.750665884,0.201130906,-0.039557074,0.340870677,0.782703823,1.000751821,1.051514536,0.877270885,-0.046499983,0.588383766,1.065096729,0.429232673,-0.049940891,0,0,0,-0.020981073,0.705181284,1.017613188,0.763703993,0.122855035,-0.046143348,0.306445382,0.957207823,1.023404446,0.782356975,0.762595418,0.493481055,0.131254238,0.830715669,1.02696955,0.363488358,-0.043133178,0,0,0,-0.02110289,0.908764649,0.868232509,0.165873538,-0.03274306,-0.020409482,0.681770183,1.039828992,0.682425248,0.075124519,0.052996718,-0.035260302,0.380468591,1.028641905,0.75807142,0.102010296,-0.015053226,0,0,0,-0.01302611,0.520610435,0.410000766,-0.012582891,-0.003849571,-0.020540577,0.698815614,1.050890251,0.305962401,-0.048413382,-0.034451065,0.055827151,0.752669696,0.950949653,0.23103159,-0.024198802,0.00077453,0,0,0,-0.000524067,0.008168287,0.010800739,-0.004219431,0.00032935,-0.020474877,0.690364199,1.047702274,0.298118039,-0.04062963,0.189510144,0.739508445,1.028837112,0.515070857,-0.000721456,-0.002695006,0,0,0,0,0.000171569,-0.005577229,-0.004889706,0.000428922,-2.34E-16,-0.018498094,0.383138614,0.97119841,0.99247309,0.718816108,0.968221746,1.061808052,0.646535709,0.054175381,-0.016000596,0.000232486,0,0,0,0,0,0,0,0,-2.41E-17,-0.009274748,0.085684168,0.49798652,0.560166071,0.749273301,0.77871618,0.506328268,0.068859937,-0.014210648,0.000504545,8.43E-06,0,0,0,0,0,0,0,0,3.97E-18,0.000291977,-0.006795237,-0.011818617,-0.008064948,0.050537177,0.062437426,-0.008902766,-0.01317537,0.000885818,2.20E-05,0,0,0,0,0,0,0,0,0,0,6.30E-05,-0.000360258,-0.003686343,-0.004499081,-0.010760144,-0.012104779,-0.004020593,0.000173611,0,0,0,0,0,0,0,0,0,0,0,0,0,0,0,0,0,0,0,0,0,0,0,0,0,0
0,0,0,0,0,0,0,0,0,0,0,0,0,0,0,0,0,0,0,0,0,0,0,0,0,0,0,0,0,0,0,0,0,0,0,0,0,0,0,0,0,0,0,0,0,0,0,0,0,0,0,0,0,0,0,0,0,0,0,0,0,0,0,0,0,0,0,0,0,0,0,0,0,0,0,0,0,0,0,0,0,0,0,0,0,0,0,0,2.02E-05,0.000390319,-0.006246324,-0.025539216,-0.034273878,-0.033290135,-0.020871936,-0.00757598,0.000514706,0,0,0,0,0,0,0,0,0,4.20E-18,0.000224206,-0.001228367,-0.020478724,0.004187806,0.173730937,0.25099877,0.242145476,0.131114413,0.026695295,-0.00651714,0.000448412,0,0,0,0,0,0,0,0.000280842,-0.002793096,-0.017082127,-0.008606362,0.168556747,0.639095316,0.891141919,1.003355499,0.994824585,0.848080848,0.532034961,0.007209201,-0.004084628,0,0,0,0,0,5.26E-05,0.000488769,-0.015979679,-0.019152705,0.094079357,0.567960098,0.930472005,1.027337213,1.019888237,0.995638138,0.961045106,1.019323033,1.029807692,0.369514135,-0.043900225,0,0,0,8.12E-05,-0.00086355,-0.005009906,-0.016451219,0.078048883,0.416743396,0.839290744,1.001427849,1.014497072,1.005178036,0.874693508,0.551711049,0.67541505,1.015292671,1.045331478,0.43016842,-0.050167951,0,0,0,-0.000229269,-0.016897548,0.014872362,0.137916326,0.745342525,0.980481907,1.010247289,0.998527301,0.848849741,0.908179024,0.811411663,0.690321923,0.899808517,0.99637306,1.044624609,0.428727277,-0.050017121,0,0,0,-0.01459712,0.29323492,0.821628779,0.97634118,1.013475967,1.00421829,1.000041988,0.889278459,0.809265182,0.899467729,0.995578329,1.00359258,1.00746681,0.995286118,0.997945006,0.354710563,-0.042204557,0,0,0,-0.021393314,0.844650018,1.041276757,1.009167841,1.010609869,1.009563811,0.562540102,0.524685543,1.015632421,0.996319138,0.98852691,0.822363336,0.990294373,1.009853877,0.832235754,0.167244009,-0.022148302,0,0,0,-0.017982349,0.56845629,0.891961905,0.898791274,0.748133773,0.294485923,0.023641434,0.512423379,1.041350417,1.000404301,1.002560621,0.973344127,1.023453436,0.992059384,0.459649525,-0.005387673,-0.002445681,0,0,0,-0.000638276,-0.009081282,0.064523591,0.090553768,0.017233711,-0.023456818,-0.023285588,0.165174547,0.69728171,0.95459295,0.895179653,0.783902698,0.782556509,0.462511234,0.040934692,-0.008523455,0.000407647,0,0,0,9.36E-05,-0.000755422,-0.007503574,-0.00974903,-0.003324568,0.000261693,0.001468805,-0.023231039,0.061120302,0.216662156,0.180044594,0.097920386,0.091408292,-0.005255225,-0.010212674,0.000482537,0,0,0,0,0,0,0,0,0,0,0,0.000813419,-0.012495404,-0.03041973,-0.02620864,-0.016916656,-0.016292892,-0.003739277,0.000523897,0,0,0,0,0,0,0,0,0,0,0,0,0,0,0,0,0,0,0,0,0,0,0,0,0,0,0,0,0,0,0,0,0,0,0,0,0,0,0,0,0,0,0,0,0,0,0,0,0,0,0,0,0,0,0,0,0,0,0,0,0,0,0,0,0,0,0,0,0,0,0,0,0,0,0,0,0,0,0,0,0,0,0,0
0,0,0,0,0,0,0,0,0,0,0,0,0,0,0,0,0,0,0,0,0,0,0,0,0,0,0,0,0,0,0,0,0,0,0,0,0,0,0,0,0,0,0,0,0,0,0,0,0,0,0,0,0,0,0,0,0,0,0,0,0,0,0,0,0,0,0,0,6.59E-06,-2.24E-05,-0.001021855,-0.003128319,-0.00332676,-0.000772314,7.53E-05,0,0,0,0,0,0,0,0,0,0,0,0,0,0.000965635,-0.016070653,-0.023379357,0.001261829,0.003022825,-0.01940402,-0.004623757,0.000634191,0,0,0,0,0,0,0,0,0,1.83E-31,0.000182972,0.000615293,-0.034749217,0.094088133,0.380664284,0.649726222,0.669841221,0.286135791,-0.004500443,-0.005301607,0.000132761,0,0,0,0,0,0,0,0.000196078,-0.001080984,-0.011544118,-0.02700639,0.251775599,0.802410131,0.999717967,0.687020442,0.773862545,0.959628608,0.358003387,-0.012416769,-0.001384804,0,0,0,0,0,0,5.87E-05,-0.001061514,-0.006890822,0.026808341,0.458704218,0.931450512,0.809299322,0.275541814,0.013961009,0.085813588,0.633188007,0.881203087,0.029620548,-0.00532887,0,0,0,0,5.62E-06,0.000106855,-0.001644199,-0.021226001,0.152291667,0.676305573,0.971199061,0.610356379,0.083931253,-0.045963201,0.24515065,0.658410939,0.686061002,0.924612303,0.046163926,-0.006251889,0,0,0,0,0.000454623,-0.005169836,-0.019659858,0.080884021,0.759323972,0.960999983,0.3993577,0.025231533,-0.036993736,0.103406863,0.794484375,1.042947903,1.027885008,0.959685389,0.039488988,-0.00625097,0,0,0,0.000553173,-0.010473856,-0.014052848,0.376250306,0.917359937,0.781163603,0.197042943,-0.034777119,-0.013560679,0.000300909,0.566360379,1.023893501,0.552617012,0.866280025,0.909371341,0.033107741,-0.005697304,0,0,0,-0.01208078,0.031248979,0.446383572,0.927494587,0.630973141,0.085802117,-0.020367511,-0.0008422,-0.008028697,0.077340414,0.926068389,0.787429977,0.136993889,0.788031437,0.706103945,0.008666088,-0.003733558,0,0,0,0.090412013,0.69010626,1.020262757,0.531826617,0.018233867,-0.018973136,0.000190881,4.88E-05,-0.009756634,0.103308569,1.012164642,0.53623293,0.459363522,1.004711742,0.357872335,-0.022049023,-0.000984214,0,0,0,0.195890404,0.75302291,0.516315156,0.033532901,-0.013462776,0.000191653,3.17E-05,0,-0.008158599,0.076668267,0.91970915,0.932298986,0.973365775,0.590795207,0.057102482,-0.012757864,7.05E-05,0,0,0,0.007438419,0.037999949,-0.031032843,-0.006791513,0.000521259,0,0,0,-0.001733609,0.006249796,0.283434675,0.475007915,0.408345529,0.03780467,-0.015199908,0.0011106,0,0,0,0,-0.002476409,-0.010492341,-0.001563838,0.000217525,0,0,0,0,0.000191279,-0.001967559,-0.020596303,-0.018348737,-0.018420315,-0.008235549,0.000756144,0,0,0,0,0,0,0,0,0,0,0,0,0,2.45E-06,2.77E-05,-0.000698223,-0.001626583,-0.001346307,-4.06E-05,6.38E-06,0,0,0,0,0,0,0,0,0,0,0,0,0,0,0,0,0,0,0,0,0,0,0,0,0,0,0,0,0,0,0,0,0,0,0,0,0,0,0,0,0,0,0,0,0,0,0,0,0,0,0,0,0,0,0,0,0,0,0,0,0,0,0,0,0
0,0,0,0,0,0,0,0,0,0,0,0,0,0,0,0,0,0,0,0,0,0,0,0,0,0,0,0,0,0,0,0,0,0,0,0,0,0,0,0,0,0,0,0,0,0,0,0,0,0,0,0,0,0,0,0,0,0,0,0,0,0,0,0,0,0,0,0,0,0,0,0,0,0,0,0,0,0,0,0,0,0,0,0,0,0,0,0,0,0,0,0,0,0,0,0,0,0,0,0,0,0,0,0,0,0,0,0,9.80E-18,-1.52E-16,-3.28E-16,-4.30E-16,-4.23E-16,-4.24E-16,-4.33E-16,-2.56E-16,1.58E-17,0,0,0,0,0,0,0,0,0,0.000194036,-0.000993641,-0.012234988,-0.019890727,-0.021007966,-0.020833333,-0.020833333,-0.020833333,-0.021614583,-0.015017361,0.000911458,0,0,0,0,0,0,0,0.000212792,-0.000147161,-0.023183523,-0.039665132,0.0522255,0.305728772,0.524798316,0.631023399,0.618293116,0.619321012,0.636242628,0.39470556,-0.024246311,0,0,0,0,0,0.000139415,-0.000571538,-0.013670037,-0.033174105,0.152134685,0.448831479,0.794494911,1.026503421,0.942907016,0.975316279,1.032891902,1.057140472,1.073548832,0.69840482,-0.042705882,0,0,0,0,0.000431985,-0.003857466,-0.02404999,0.139946844,0.56175754,0.902584099,1.050848399,0.831631161,0.386766459,0.499696385,0.987971916,0.948089085,0.409011319,0.708311632,0.722646752,-0.042014246,0,0,0,7.39E-18,-0.002730801,-0.028542287,0.308975592,0.909198172,1.014564406,0.768876634,0.28166366,-0.005920343,0.190540441,0.88264214,0.835085529,0.13154123,0.031789454,0.826555419,0.681737371,-0.040016953,0,0,0,0.000842525,-0.027349026,0.378369903,0.965584967,0.894553717,0.383696078,0.033401144,-0.030498502,-0.033008119,0.453730699,1.002691483,0.581265897,0.349093256,0.675876225,0.964795803,0.231331801,-0.016621324,0,0,0,-0.015244741,0.156712,0.918551579,0.658577905,0.137430122,-0.030843575,-0.010162651,0.001113005,-0.018639324,0.271650819,0.894509277,0.913600903,0.861331146,0.577581207,0.23178147,-0.003017984,-0.00105596,0,0,0,-0.032282305,0.367045547,0.495253676,0.005536577,-0.018977311,-0.001903425,0.000175654,0,-0.000178462,-0.007653952,0.125661509,0.192465618,0.063120558,-0.022589018,-0.018819785,-0.002256093,0.000204248,0,0,0,-0.003712214,0.04244264,-0.020281192,-0.005001787,0.0003085,0,0,0,7.28E-05,-0.000238715,-0.012834882,-0.018263208,-0.006743593,0.000365945,0,0,0,0,0,0,0.000658701,-0.007509191,-0.002445273,0.00026348,0,0,0,0,0,0,0,0,0,0,0,0,0,0,0,0,0,0,0,0,0,0,0,0,0,0,0,0,0,0,0,0,0,0,0,0,0,0,0,0,0,0,0,0,0,0,0,0,0,0,0,0,0,0,0,0,0,0,0,0,0,0,0,0,0,0,0,0,0,0,0,0,0,0,0,0,0,0,0,0,0,0,0,0,0,0,0,0,0,0,0,0,0,0,0,0
0,0,0,0,0,0,0,0,0,0,0,0,0,0,0,0,0,0,0,0,0,0,0,0,0,0,0,0,0,0,0,0,0,0,0,0,0,0,0,0,0,0,0,0,0,0,0,0,0,0,0,0,0,0,0,0,0,0,0,0,0,0,0,0,0,0,0,0,0,0,0,0,0,0,0,0,0,0,0,0,0,0,0,0,0,0,0,0,0,0,0,0,0,0,0,0,0,0,0,0,0,0,0,0,0,0,0,0,4.51E-19,1.55E-17,0.0003085,-0.002674377,-0.026902185,-0.046857554,-0.043153425,-0.005199397,0.000474877,3.60E-18,0,0,0,0,0,0,0,0,0,0.000118218,-0.000553343,-0.00945721,-0.024448104,0.010569087,0.302464908,0.534632778,0.491493056,0.047609528,-0.010405433,0.000574783,0,0,0,0,0,0,0,0,0.000464718,-0.002920417,-0.029925706,0.018987438,0.368368187,0.873180075,0.857569111,0.882925482,0.90288487,0.653787249,0.030728959,-0.007174324,0,0,0,0,0,0,7.90E-05,-0.000150582,-0.010724112,-0.01972759,0.299925245,0.720124694,1.051637204,0.791562704,0.097403948,-0.032703023,-0.020531744,0.438333691,0.319198546,-0.035019363,0,0,0,0,0,0.00015625,-0.001495711,-0.026938521,0.046323904,0.557516408,0.970500357,0.921318661,0.922323342,0.251207414,-0.03833938,-0.013586942,-0.037972988,0.545278833,0.460306934,-0.050014675,0,0,0,1.50E-18,1.06E-17,0.000461857,-0.033627298,0.228445636,0.812258425,1.002015358,0.415885944,0.194447712,0.732328482,-0.008044935,-0.055375341,0.039714869,0.317587282,1.014339563,0.387451031,-0.045318576,0,0,0,0.000434028,-0.007998893,-0.044432955,0.326015268,0.963706989,0.873870966,0.305869818,-0.046435355,0.006912701,0.685527471,0.714606056,0.590778556,0.736394863,1.007917943,0.686286663,0.064363307,-0.010807142,0,0,0,-0.004678094,0.018719307,0.425006573,0.987201925,0.761232216,0.124253139,-0.035673204,-0.001025131,-0.011980351,0.12034419,0.661092682,0.92653935,0.806899196,0.380943755,0.043784293,-0.017845481,0.001376611,0,0,0,-0.021915339,0.612945813,1.032515148,0.59771829,0.030672232,-0.020277778,-0.000761282,0.000252247,6.33E-05,-0.012160948,-0.021395527,-0.020833333,-0.020876736,-0.021079282,-0.010286458,0.000651042,0,0,0,0,-0.010602533,0.74421662,0.383393331,-0.002511063,-0.013921484,0.000510621,0,0,0,0,0,0,0,0,0,0,0,0,0,0,0.000239651,0.020998804,-0.018600899,-0.007682121,0.0009375,0,0,0,0,0,0,0,0,0,0,0,0,0,0,0,4.39E-05,-0.004357548,-0.001251532,0.000109783,0,0,0,0,0,0,0,0,0,0,0,0,0,0,0,0,0,0,0,0,0,0,0,0,0,0,0,0,0,0,0,0,0,0,0,0,0,0,0,0,0,0,0,0,0,0,0,0,0,0,0,0,0,0,0,0,0,0,0,0,0,0,0,0,0,0,0,0,0,0,0,0,0,0,0
0,0,0,0,0,0,0,0,0,0,0,0,0,0,0,0,0,0,0,0,0,0,0,0,0,0,0,0,0,0,0,0,0,0,0,0,0,0,0,0,0,0,0,0,0,0,0,0,0,0,0,4.08E-05,-0.00018306,-0.002188659,-0.015021401,-0.019709347,0.001127553,0,0,0,0,0,0,0,0,0,0,0,0,2.02E-05,4.35E-05,-0.002395084,-0.026998848,-0.019902233,0.09638991,0.1546939,-0.00874086,0,0,0,0,0,0,0,0,0,0,0,9.74E-05,-0.000574142,-0.016963644,-0.010986928,0.44933669,0.677666479,0.847567147,0.646371851,-0.038774714,0,0,0,0,0,0,0,0,0,4.72E-18,0.000142677,-0.00102485,-0.017920275,0.088882217,0.516613954,0.997761285,1.025383442,1.067430556,0.733150225,-0.044543352,0,0,0,0,0,0,0,0,0.000234035,-0.002305453,-0.011582623,-0.018518655,0.195725899,0.781774135,0.958107128,1.008847071,1.01421841,0.934342661,0.650152165,-0.039591759,0,0,0,0,0,0,0,0.000300844,-0.002617963,-0.011927578,0.065277716,0.49659701,0.903670203,0.975365966,0.976224403,1.012806809,0.880400989,0.326280387,0.509267678,-0.029741093,0,0,0,0,0,3.91E-05,-0.00013077,-0.005378064,-0.02337037,0.285921756,0.721587294,0.985008187,0.782506706,0.427922062,0.923445244,0.929649338,0.22416956,0.089262323,0.620789165,-0.034275429,0,0,0,0,0.000134804,-0.00033957,-0.014002672,-0.011622855,0.310358507,0.93700754,0.893043496,0.365646208,0.140889212,0.679413297,1.029119638,0.306460975,-0.040640846,0.260536424,0.703710138,-0.039259855,0,0,0,4.15E-18,-0.000216333,-0.014033655,0.104564066,0.632145629,1.015719839,0.793122855,0.111746973,-0.073444972,0.304773063,1.028132455,0.734306475,0.020538808,-0.005714393,0.667173407,0.745472341,-0.042878115,0,0,0,0.000727635,-0.020718273,0.074576233,0.749803258,1.028597171,0.684929807,0.124231107,-0.042473095,0.159038603,0.837871494,0.933688487,0.261345588,-0.054792423,0.302258766,0.996260859,0.64440545,-0.038994077,0,0,0,-0.008814952,0.079205478,0.741447637,0.954433336,0.532552264,0.042857507,-0.024084152,-0.027472626,0.514727012,1.040675863,0.444453362,-0.043982053,0.051668477,0.80118194,0.795848399,0.091287605,-0.008541335,0,0,0,-0.044501889,0.493172573,1.027498132,0.413839699,-0.030997243,-0.012571657,-0.014314577,0.124494687,0.847011863,0.958711686,0.155674054,0.114711414,0.591715024,0.988631349,0.319062347,-0.035406573,-0.000112081,0,0,0,-0.029208793,0.331272723,0.558471916,0.033711023,-0.006569138,0.000260417,-0.021427526,0.406537544,1.049350694,1.007372685,0.820167365,0.851207125,0.97650833,0.55910529,0.033746698,-0.010189389,7.28E-05,0,0,0,0.000394455,-0.004196538,-0.003202122,-0.008399203,0.000750613,-3.87E-17,-0.009275089,0.088596028,0.61022149,0.917984937,0.924970792,0.60378382,0.168246759,0.012619979,-0.008426675,0.000659007,0,0,0,0,0.000126379,-0.001440717,-0.002671365,5.06E-05,0,2.91E-18,0.000594873,-0.013892931,0.020271208,0.220470061,0.218212401,0.040969975,-0.022656842,-0.003473601,0.000106311,2.48E-05,0,0,0,0,0,0,0,0,0,0,0,0.000771293,-0.005918226,-0.02805756,-0.027727365,-0.007852513,0.000966557,0,0,0,0,0,0,0,0,0,0,0,0,0,0,0,0,0,0,0,0,0,0,0,0,0,0,0,0,0,0,0,0,0,0,0,0,0,0,0,0,0,0,0,0,0,0,0
0,0,0,0,0,0,0,0,0,0,0,0,0,0,0,0,0,0,0,0,0,0,0,0,0,0,0,0,0,0,0,0,0,0,0,0,0,0,0,0,0,0,0,0,0,0,0,0,0,0,0,0,0,0,0,0,0,0,0,0,0,0,0,0,0,0,0,0,0,0,0,0,0,0,0,0,0,0,0,0,0,0,0,0,0,0,0,0,0,0,0,0,0,0,0,0,0,0,0,0,0,0,0,0,0,0,0,2.61E-18,-1.26E-17,0.000160846,-0.00086763,-0.008325674,-0.003296,0.000221269,-3.19E-17,5.69E-18,0,0,0,0,0,0,0,0,0,2.64E-18,0.00015659,-0.003552138,-0.011805215,-0.022103758,-0.008143978,0.07847035,0.020703566,-0.023195806,-0.007020016,0.000642872,1.07E-05,0,0,0,0,0,0,0,0,0.001253516,-0.014716074,-0.017177993,0.074262107,0.385414085,0.668003224,0.87062365,0.765286827,0.462272329,0.060970184,-0.013274275,0.000124282,0,0,0,0,0,0,0.000262408,-0.002495404,-0.036646701,0.078190717,0.520459028,0.798112064,0.838973124,0.538524272,0.460067521,0.470217565,0.832325691,0.536819513,-0.017105699,-0.001840074,0,0,0,0,0.000281863,-0.001199706,-0.023513634,-0.007839359,0.38551925,0.838654122,0.782408585,0.380700997,0.124280127,-0.026630123,-0.069234273,0.101533451,0.836713882,0.916507098,0.096213252,-0.009169781,0,0,0,9.33E-18,-0.001498332,-0.007979003,0.103215584,0.606263259,0.895925858,0.46221121,0.020925716,-0.031670156,-0.02172755,-0.019469193,0.180085342,0.834909825,0.924615741,0.984087946,0.563134889,-0.034832057,0,0,0,0.001076559,-0.02708027,0.212559262,0.836475984,0.808400497,0.241472971,-0.009238426,-0.008433767,-0.000544067,0.000139144,-0.050412326,0.561835597,0.85389412,0.417121783,0.958386608,0.624961635,-0.037797743,0,0,0,-0.020477916,0.216776647,0.813222457,0.644083761,0.11623631,-0.030837665,-0.003109688,0.000400291,0,-0.011265134,0.046261431,0.741610717,0.722906745,0.584362745,0.81764429,0.115950362,-0.009827208,0,0,0,-0.030681934,0.349200453,0.399401098,-0.005212418,-0.015607979,-0.000609511,9.75E-05,0,0,-0.001746324,-0.028567113,0.501943849,1.058492961,0.930394387,0.266802049,-0.027213763,-0.00023463,0,0,0,0.002691398,-0.030596831,-0.035686988,-0.00134889,0.000212759,0,0,0,0,0.000153186,-0.013119979,0.124465465,0.40606931,0.242031063,-0.010065853,-0.002976018,7.79E-05,0,0,0,0,0,0,0,0,0,0,0,0,0,0.000691891,-0.007391919,-0.022327429,-0.019457516,-0.002706665,0.000446691,0,0,0,0,0,0,0,0,0,0,0,0,0,0,3.83E-05,-0.000416156,-0.001205617,-0.000566789,5.11E-05,0,0,0,0,0,0,0,0,0,0,0,0,0,0,0,0,0,0,0,0,0,0,0,0,0,0,0,0,0,0,0,0,0,0,0,0,0,0,0,0,0,0,0,0,0,0,0,0,0,0,0,0,0,0,0,0,0,0,0,0,0,0,0,0,0
0,0,0,0,0,0,0,0,0,0,0,0,0,0,0,0,0,0,0,0,0,0,0,0,0,0,0,0,0,0,0,0,0,0,0,0,0,0,0,0,0,0,0,0,0,0,0,0,0,0,0,0,0,0,0,0,0,0,0,0,0,0,0,0,0.000111213,-0.00068367,-0.004613256,-0.011040011,-0.00715288,-0.014182802,-0.024121987,-0.019673662,-0.013864549,-0.002905637,1.99E-05,2.67E-05,0,0,0,0,0,0,0,4.87E-05,-0.000681985,-0.006338899,0.019277846,0.128156278,0.059108864,0.185738477,0.36475354,0.284541599,0.179037969,0.000113664,-0.007562687,0.000719056,0,0,0,0,0,5.70E-19,0.000122294,-0.000158395,-0.041286935,0.156467627,0.786845758,0.946805522,0.909083078,0.948032782,1.001381144,0.973361554,0.953892065,0.592529922,0.024096831,-0.013086346,0.00022595,0,0,0,0,0.000146378,-0.002070849,-0.016710903,0.233636693,0.71327725,1.021002128,0.985075177,1.011634821,0.955841197,0.900655637,0.992303292,1.024534823,0.982957908,0.508735652,-0.010164743,-0.002066738,0,0,0,0,-0.000967993,-0.040536244,0.263183183,0.888203939,1.039266999,0.940550018,0.382397681,0.340451266,0.23896038,0.119531053,0.396279605,0.658379185,1.003816888,0.922225908,0.09539625,-0.00918282,0,0,0,0.001175705,-0.026402591,0.265778997,0.803764774,1.043596116,0.944920003,0.340203414,-0.026050966,-0.023273846,-0.018343495,-0.019095844,-0.043215227,0.132853923,0.914452189,1.02114728,0.525083657,-0.032957006,0,0,0,-0.017797692,0.18151314,0.85737171,1.036703006,0.937141799,0.336672113,-0.016262766,-0.003790867,0.000359698,-0.002670326,0.00257324,0.016110652,0.324332324,0.926651263,1.038881144,0.73312934,-0.044394914,0,0,0,-0.050900395,0.559215856,1.070825962,0.902701559,0.241694172,-0.03360992,-0.004090431,0.000440259,-0.001417382,-0.019093001,0.464287514,0.907881213,0.963314055,0.993752723,1.029421467,0.715179739,-0.043406863,0,0,0,-0.030294288,0.328571623,0.902773905,0.543785982,0.005979916,-0.007879647,0.000113664,0.000199747,-0.018350201,0.228070244,0.902773301,1.014351018,1.009281759,0.993391033,1.02925177,0.715402369,-0.043419118,0,0,0,-0.001540143,0.01599838,0.095933907,0.041876401,-0.005267366,0.000155008,0,-0.005186293,0.010443198,0.659835429,1.025744857,0.992645377,0.708413072,0.971708196,1.032977508,0.731375776,-0.044298388,0,0,0,0.000404242,-0.004329214,-0.015965173,-0.008447712,0.000237779,5.21E-05,0,-0.014787412,0.0957484,0.819917943,1.051114311,0.671655637,0.338275719,0.972948836,1.019537803,0.565966605,-0.035206036,0,0,0,0,0,0,0,0,0,0,-0.033503322,0.272740026,0.943873111,1.000764212,0.320755974,0.601242628,1.028084423,0.923002876,0.113109409,-0.010162326,0,0,0,0,0,0,0,0,0,0,-0.036100852,0.297251055,0.969102277,0.90316619,0.506272603,0.926032758,1.03263203,0.510146718,-0.018005379,-0.001709967,0,0,0,0,0,0,0,0,0,0,-0.018104032,0.1268157,0.846733745,1.019481226,0.981915526,0.915188809,0.540635093,0.093373757,-0.012084916,-9.64E-05,0,0,0,0,0,0,0,0,0,0,-0.006648739,0.023582712,0.685938218,0.968488409,0.92869315,0.274781902,-0.010252164,-0.010923016,0.000429864,2.57E-05,0,0,0,0,0,0,0,0,0,0,0.000199747,-0.009304705,0.115020255,0.257452257,0.190405859,0.000426077,-0.0088077,-0.000152846,6.74E-05,0,0,0,0,0,0,0,0,0,0,0,0,0.000730188,-0.0115128,-0.024451508,-0.018537667,-0.001542691,0.000293607,0,0,0,0,0,0
0,0,0,0,0,0,0,0,0,0,0,0,0,0,0,0,0,0,0,0,0,0,0,0,0,0,0,0,0,0,0,0,0,0,0,0,0,0,0,0,0,0,0,0,0,0,0,0,0,0,0,0,0,0,0,0,0,0,0,0,0,0,0,0,0,3.11E-19,4.70E-05,-0.000630223,-0.00266733,-0.003174122,-0.003114634,-0.003177441,-0.000970863,6.48E-05,0,0,0,0,0,0,0,0,0,0.000147059,-0.001876225,-0.009293199,-0.019873809,-0.027544298,-0.004410522,0.001988494,0.001343665,0.001554551,-0.017800691,-0.006723822,-0.000289216,8.82E-05,0,0,0,0,0,1.31E-17,0.000998736,-0.009314066,-0.011845282,0.031103996,0.113606396,0.329201164,0.568826542,0.622607435,0.615461891,0.627308636,0.316651023,-0.002167433,-0.008590414,0.000503523,1.15E-05,0,0,0,0,0.000428922,-0.029078683,0.068507966,0.326944002,0.677305504,0.81110706,1.011914618,1.032567844,1.030887646,1.028987286,1.027171518,0.94199963,0.594688879,0.110300994,-0.024420156,0.000430198,0,0,0,0,-0.017693089,0.638384882,0.896901234,0.951654947,1.03164603,1.049938309,0.984445868,0.910306704,0.885505738,0.868196737,0.942968676,1.019505872,1.031261363,0.735454544,0.061897123,-0.007173372,3.91E-05,0,0,0,-0.021267361,0.885132095,1.035720452,1.017643553,0.986585733,0.754580542,0.393689651,0.150978979,0.19964345,0.305130157,0.550324619,0.886335334,1.005681492,1.005846133,0.477306985,-0.033365281,0.00031022,0,0,0,-0.017523829,0.589118649,0.916371613,0.776963916,0.344685509,0.066458452,-0.044786342,0.054371562,0.659864873,0.884628166,0.854517582,0.738210835,0.940249472,1.022354473,0.740255447,0.050133119,-0.009684481,0,0,0,-0.001329657,0.010123127,0.103085291,0.050189508,-0.026574397,-0.015159007,-0.033116771,0.265289845,0.95232358,1.021391204,1.036071572,0.844024381,0.521956784,1.020431185,0.949827512,0.281201474,-0.034421752,0,0,0,0.000150123,-0.003346633,-0.009603605,-0.006278697,-0.000687653,6.99E-05,-0.033567323,0.273218444,0.941025395,1.018211346,0.765437977,0.290677408,0.276558466,0.917973363,1.062509259,0.433241115,-0.050502629,0,0,0,0,0,0,0,0,0,-0.042135934,0.354240213,0.997310036,1.019471451,0.394133019,-0.105838266,0.329745934,0.962726839,1.048311932,0.422366801,-0.049340768,0,0,0,0,0,0,0,0,0,-0.04243977,0.356997651,0.999776042,1.004449517,0.727313777,0.543990818,0.798324585,1.018636523,0.977809436,0.320872089,-0.038640088,0,0,0,0,0,0,0,0,0,-0.023389589,0.176861707,0.876724622,1.034962061,1.032549564,1.051307716,1.035180368,1.025692232,0.65822258,0.053977669,-0.009624149,0,0,0,0,0,0,0,0,0,0.000205862,-0.022366949,0.308179347,0.811744519,0.882540509,0.879456419,0.8732476,0.638473618,0.06297132,-0.014278237,0.000807142,0,0,0,0,0,0,0,0,0,0.000108842,-0.000684487,-0.016240622,0.092445227,0.195503098,0.192930832,0.168854745,0.020255549,-0.011442266,0.000187551,2.20E-05,0,0,0,0,0,0,0,0,0,0,9.78E-05,-0.000453304,-0.014407892,-0.025313277,-0.025034063,-0.022544128,-0.006070278,0.000501814,1.35E-05,0,0,0,0,0,0,0,0,0,0,0,0,0,0,0,0,0,0,0,0,0,0,0,0,0,0,0,0,0,0,0,0,0,0,0,0,0,0,0,0,0,0,0
0,0,0,0,0,0,0,0,0,0,0,0,0,0,0,0,0,0,0,0,0,0,0,0,0,0,0,0,0,0,0,0,0,0,0,0,0,0,0,0,0,0,0,0,0,0,0,0,0,0,0,0,0,0,0,0,0,0,0,0,0,0,0,0,0,0,0,0,0,3.77E-05,-0.000114583,-0.002639451,-0.006890924,-0.017286918,-0.016189134,-0.002896191,0.000229013,0,0,0,0,0,0,0,0,0,0,0,0.000268382,-0.003241728,-0.023895935,-0.004498655,0.054603138,0.24101731,0.219913586,0.010504102,-0.001546313,0,0,0,0,0,0,0,0,6.00E-32,9.96E-18,0.001090457,-0.010814679,-0.016544118,0.184306815,0.57398332,0.91106097,0.981208027,0.9744487,0.487031778,-0.030741473,0,0,0,0,0,0,0,0,6.81E-05,-0.000347222,-0.027634761,0.071841708,0.435637731,0.892276467,1.022851494,0.91674113,0.887196164,1.034591197,0.728276144,-0.044095895,0,0,0,0,0,0,4.89E-06,0.000614732,-0.004743386,-0.042568587,0.231019192,0.79920293,1.004690918,0.995571878,0.807162519,0.138859084,0.40515691,1.051388719,0.717254868,-0.043357639,0,0,0,0,0,0,0.000216095,-0.008121664,0.009176471,0.291983184,0.865223849,1.044737728,0.961766102,0.433517548,0.029517872,-0.051843773,0.511583401,1.051263787,0.714878676,-0.043275735,0,0,0,0,1.23E-05,0.0009062,-0.012223141,-0.009673577,0.457784075,0.971679636,1.030072646,0.731685866,0.296067504,-0.04688848,0.083853282,0.577939563,0.917829231,1.036249353,0.725034824,-0.043941483,0,0,0,2.85E-18,0.000470452,-0.010807346,0.017845537,0.507510808,0.979533701,0.979959116,0.551146305,0.027151927,-0.042759923,0.345143025,0.839896548,1.007859036,0.959631213,1.002550449,0.475337776,-0.030193934,0,0,0,0.000778697,-0.015207823,-0.000417227,0.528340669,1.015753966,0.927616983,0.404862711,-0.022521809,0.002612541,0.369696351,1.020307019,0.94137963,0.418034783,0.750199874,0.877883578,0.046589546,-0.0063149,0,0,0,-0.008025984,0.071030957,0.610679414,1.003952635,0.754156272,0.238599748,-0.017850271,-0.024742744,0.444644005,1.015951993,0.792732903,0.190693052,0.050230795,0.842220337,0.619045476,-0.002213611,-0.002851341,0,0,0,-0.044888259,0.498167977,0.891638641,0.488890846,0.058088235,-0.025026042,-0.016310083,0.067579899,0.802119979,0.912239413,0.153254476,-0.074794662,0.425108638,0.775638634,0.158449312,-0.015558415,-0.000310968,0,0,0,-0.014020374,0.159611332,0.154777119,-0.010648318,-0.010551556,0.00069104,-0.014026586,0.079917146,0.856753949,0.634882098,0.213219261,0.343460018,0.978961093,0.609105256,-0.014342525,-0.004859341,3.57E-05,0,0,0,0.001807598,-0.020462623,-0.02346215,-0.003380821,0.000359988,0,-0.006985124,0.027814245,0.505833895,0.929078091,0.961569717,1.026496664,0.739852432,0.141287497,-0.016847052,0.000259498,0,0,0,0,0,0,0,0,0,0,7.76E-05,-0.00728466,0.043300534,0.316536271,0.342028186,0.397875068,0.049896203,-0.013988307,0.000367919,1.56E-05,0,0,0,0,0,0,0,0,0,0,3.67E-05,0.000557723,-0.007597733,-0.037789328,-0.040354653,-0.046444091,-0.009603327,0.000360768,5.10E-05,0,0,0,0,0,0,0,0,0,0,0,0,0,0,0,0,0,0,0,0,0,0,0,0,0,0,0,0,0,0,0,0,0,0,0,0,0,0,0,0,0,0,0,0,0
0,0,0,0,0,0,0,0,0,0,0,0,0,0,0,0,0,0,0,0,0,0,0,0,0,0,0,0,0,0,0,0,0,0,0,0,0,0,0,0,0,0,0,0,0,0,0,0,0,0,0,0,0,0,0,0,0,0,0,0,0,0,0,0,0,0,0,0,0,1.01E-05,4.35E-05,-0.001581699,-0.003153,-0.001655076,0.000122447,2.76E-06,0,0,0,0,0,0,0,0,0,0,0,0,0.000180147,-0.001809743,-0.016855784,-0.016272399,0.00057283,-0.012257132,-0.007805522,0.000830882,2.76E-06,0,0,0,0,0,0,0,0,4.11E-32,2.55E-05,0.000965615,-0.012032646,-0.019984358,0.087467831,0.440247158,0.641997473,0.417922913,0.026250357,-0.006136642,-1.29E-05,0,0,0,0,0,0,0,0,0.0001234,-0.001265489,-0.021972368,0.096420581,0.392936223,0.795209031,0.989882268,0.917777285,0.96461346,0.246761251,-0.040813266,-0.000458861,8.97E-05,0,0,0,0,0,0,0,0.000291723,-0.014026895,0.136086979,0.714919676,0.984731989,0.796874074,0.273905059,0.177621171,0.944789824,0.446872478,0.019487485,-0.015726886,0.001237485,0,0,0,0,0,2.36E-05,0.000565666,-0.025029156,0.138390097,0.732733548,0.858767599,0.375305709,0.039297692,-0.038537922,0.054386932,0.798667433,0.8897444,0.691931202,0.156457755,-0.020222168,0,0,0,0,2.20E-05,0.000380923,-0.024162207,0.074988664,0.680411067,0.922569929,0.267828942,-0.036353775,-0.008921739,-0.02903319,0.350292844,0.962567402,0.760047505,0.594081087,0.424962265,-0.047047817,0,0,0,6.38E-05,0.000313838,-0.018145016,0.075277608,0.711165765,0.949698938,0.262018874,-0.025956087,-0.002353452,-0.024144165,0.208767599,0.921746956,1.021723363,0.263227533,0.011900054,0.082539828,-0.00868656,0,0,0,-0.000295309,-0.023988304,0.084073529,0.687335546,0.963956342,0.333674564,-0.021616067,-0.005647638,-0.031053036,0.147971116,0.827947746,1.022832708,0.835727414,0.126026552,-0.02606444,-0.006159161,0.000660389,0,0,0,-0.013688123,0.418610437,0.787133032,0.868198946,0.299936373,-0.013056337,-0.004201684,0.001207197,0.188140057,0.738607238,0.73435021,0.791486202,0.563439967,-0.011158245,-0.00395469,0,0,0,0,0,-0.018335035,0.65348491,0.781968988,0.219503898,-0.028171909,-0.004154582,-0.014744507,0.102698563,0.757888208,0.808627962,0.289373502,0.72758423,0.136943338,-0.016255191,0.000367647,0,0,0,0,0,-0.003168062,0.055554927,0.089260672,-0.017316142,-0.000826083,7.66E-05,-0.025972851,0.201071436,0.917644812,0.810732264,0.781245507,0.418144728,-0.029670054,0.000931458,0,0,0,0,0,0,0.000481005,-0.011360218,-0.015924326,-0.000356311,0.000176471,0,-0.022541682,0.173115673,0.809777676,0.896810304,0.436182683,0.014102819,-0.006040986,3.06E-05,0,0,0,0,0,0,0,0,0,0,0,0,0.000949819,-0.018607622,0.158398574,0.210183415,-0.017334831,-0.005331774,0.000383987,0,0,0,0,0,0,0,0,0,0,0,0,0,3.91E-05,0.000855652,-0.021073336,-0.026798337,-0.000957156,0.000253843,0,0,0,0,0,0,0,0,0,0,0,0,0,0,0,0,0,0,0,0,0,0,0,0,0,0,0,0,0,0,0,0,0,0,0,0,0,0,0,0,0,0,0,0,0,0,0
0,0,0,0,0,0,0,0,0,0,0,0,0,0,0,0,0,0,0,0,0,0,0,0,0,0,0,0,0,0,0,0,0,0,0,0,0,0,0,0,0,0,0,0,0,0,0,0,0,0,0,0,0,0,0,0,0,0,0,0,0,0,0,1.10E-05,8.09E-05,-0.002122549,-0.013103043,-0.032582447,-0.043422641,-0.042214461,-0.042882813,-0.040303105,-0.017985406,-0.002635825,2.45E-05,2.76E-05,0,0,0,0,0,0,0,0.00085386,-0.016337623,-0.014400735,0.173969805,0.548313325,0.753935406,0.739545292,0.747713133,0.691032458,0.262223836,-0.009079521,-0.014066381,0.000440564,4.04E-05,0,0,0,0,3.73E-18,0.001090457,-0.018125953,0.082954402,0.592739907,0.934457431,0.799719878,0.706106992,0.592229779,0.651142855,0.789860618,0.9488362,0.649970299,0.073299615,-0.014656301,9.85E-05,0,0,0,0,0.000420411,-0.018528936,0.063788586,0.689100916,0.836210121,0.33335575,0.042049142,-0.00910883,-0.040130157,-0.022362081,0.013464954,0.378686458,0.912132438,0.678083997,0.029197593,-0.005654565,8.56E-05,0,0,0,-0.007195487,0.027454726,0.587452356,0.656465034,0.120470697,-0.034934624,-0.010860339,-0.003242836,0.000563776,-0.001581265,-0.010182422,-0.028709603,0.335527869,0.934894097,0.38050657,-0.028394124,0.000416156,0,0,0,-0.01995898,0.423785992,0.725276944,0.04497709,-0.026487405,-0.000742953,0.000158983,0,1.47E-05,5.78E-05,-0.001581614,-0.018880634,-0.056509719,0.565184947,0.808710955,0.075935475,-0.012437732,0,0,0,-0.013794764,0.754173597,0.390146531,-0.036600524,0.000239277,0,0,1.84E-05,0.000579044,-0.00955142,-0.013542603,0.20859934,0.450852652,0.694735618,0.922545343,0.252078414,-0.031155273,0,0,0,-0.008650089,0.801853947,0.245419679,-0.022404633,8.82E-05,0,2.48E-18,0.000265268,-0.012870438,0.028446215,0.511258221,0.773842417,0.516598056,0.595473482,0.946783378,0.300849605,-0.03623293,0,0,0,-0.009954555,0.774156883,0.281281403,-0.02659135,0.000193015,0,0.000423953,-0.008324738,0.025617205,0.600106618,0.728530365,0.171791135,-0.051126123,0.062050551,0.697775395,0.274664879,-0.031946924,0,0,0,-0.016612144,0.467800096,0.506470266,-0.018296543,-0.002630243,0,-0.004958078,0.019982556,0.479196034,0.716237567,0.072436832,-0.023778424,-0.002246545,0.003377427,0.460342984,0.23660997,-0.026722283,0,0,0,-0.008066959,0.072528637,0.298975439,0.028424054,-0.005500919,5.26E-05,-0.027233042,0.217315019,0.782429041,0.14551011,-0.022959065,-0.000236945,-0.004404633,0.050433534,0.50997469,0.08439968,-0.011477722,0,0,0,0.000727635,-0.00771303,-0.026796109,-0.002443321,0.000482537,-0.000840652,-0.035770403,0.409581393,0.751631808,0.009779548,-0.003712571,0.000990583,-0.023043352,0.210697508,0.59331347,-0.014219924,-0.001923688,0,0,0,0,0,0,0,0,-0.001591776,-0.035188945,0.50291139,0.580347614,-0.008962997,-0.001858252,-0.010589662,0.014461635,0.613156471,0.311523829,-0.021951389,0.000300844,0,0,0,0,0,0,0,0,-0.001441653,-0.035896926,0.491972597,0.581227345,-0.027635332,-0.028717848,-0.008366115,0.501238903,0.672124574,0.030748281,-0.004579708,0,0,0,0,0,0,0,0,0,-0.000175288,-0.02389543,0.209802342,0.780907118,0.648918019,0.432229373,0.648875067,0.748771996,0.195932443,-0.022418437,-0.00013646,0,0,0,0,0,0,0,0,0,2.72E-05,0.000733765,-0.027069632,0.258502774,0.59386072,0.599521804,0.48089127,0.07864311,-0.016088388,-0.000299394,4.80E-05,0,0,0,0,0,0,0,0,0,0,0,0.001517821,-0.023751957,-0.052085461,-0.052568849,-0.042247989,-0.008135893,0.000427645,3.83E-05,0,0,0,0
0,0,0,0,0,0,0,0,0,0,0,0,0,0,0,0,0,0,0,0,0,0,0,0,0,0,0,0,0,0,0,0,0,0,0,0,0,0,0,0,0,0,0,0,0,0,0,0,0,0,0,0,0,0,0,0,0,0,0,0,0,0,0,0,0,0,0,0,0,0,0,0,0,0,0,0,0,0,0,0,0,0,0,0,0,0,0,0,0,0,0,0,0,0,0,0,0,0,0,0,0,0,0,0,0,0,0,0,0,5.79E-18,0.000223397,-0.002155246,-0.016924589,-0.019524442,-0.012342133,-9.83E-05,6.51E-05,0,0,0,0,0,0,0,0,0,0,0,0.000339563,-0.004696521,-0.021765812,0.003707704,0.173389538,0.201832789,0.119651161,-0.017970707,-0.005640234,0.000615548,0,0,0,0,0,0,0,0,0.0004158,-0.002072239,-0.029696557,-0.009406312,0.154681491,0.565638563,0.918581292,0.92775354,0.879431417,0.243533539,0.016707941,-0.00344763,0,0,0,0,0,3.22E-06,9.08E-05,-0.000815462,-0.012499949,-0.013636113,0.197854013,0.53447498,1.006002928,0.94857501,0.816251172,1.01652245,1.012153646,0.911269404,0.321277642,-0.038315193,0,0,0,0,8.07E-05,-9.73E-05,-0.011903748,-0.025098431,0.087018961,0.561885675,0.926301385,0.975439389,0.62121955,0.561851035,0.840894141,0.896056713,0.92143156,0.387417279,0.214208418,-0.02442909,0,0,0,0.000174462,-0.001394511,-0.011408275,0.042139672,0.369563402,0.839850524,0.888329681,0.617982435,0.225544084,0.391202648,0.838783531,0.498558423,0.750476852,0.714743804,-0.003358524,-0.007664301,0.000465533,0,0,0,-0.001559947,-0.008765593,0.112419867,0.619659314,0.990833776,0.815448717,0.228870137,-0.037740094,0.341748911,0.899014417,0.456767906,0.225315893,0.895785301,0.439235839,-0.012264263,-0.002682445,0.000100281,0,0,0,-0.015130515,0.248990835,0.823857755,0.917672843,0.730601925,0.147929355,-0.050228507,0.173287677,0.888512392,0.655143067,0.333850128,0.835663475,0.5115254,0.030623803,-0.008110146,1.80E-05,0,0,0,0,-0.019094158,0.709785289,0.875206767,0.294122787,0.028473431,-0.017695142,-0.037282011,0.297495609,0.980409892,0.970531676,0.766073189,0.310974923,0.008276654,-0.009469975,0.000399306,1.53E-05,0,0,0,0,-0.004966299,0.160257124,0.19688031,0.01559118,-0.011043896,0.000397008,-0.015266398,0.117905859,0.547960359,0.436076117,0.166019982,-0.032322147,-0.004255004,0.000319138,0,0,0,0,0,0,0.000431645,-0.020196792,-0.020818423,-0.004912616,0.000678309,0,0.000121887,-0.001096337,-0.000199619,-0.021224282,-0.014328619,-0.000694122,0.000186887,0,0,0,0,0,0,0,1.02E-05,-9.48E-05,-0.000291054,2.55E-05,0,0,7.46E-05,-0.000575878,-0.002740298,-0.001351052,-0.000395578,4.89E-05,0,0,0,0,0,0,0,0,0,0,0,0,0,0,0,0,0,0,0,0,0,0,0,0,0,0,0,0,0,0,0,0,0,0,0,0,0,0,0,0,0,0,0,0,0,0,0,0,0,0,0,0,0,0,0,0,0,0,0,0,0,0,0,0,0,0,0
0,0,0,0,0,0,0,0,0,0,0,0,0,0,0,0,0,0,0,0,0,0,0,0,0,0,0,0,0,0,0,0,0,0,0,0,0,0,0,0,0,0,0,0,0,0,0,0,0,0,0,0,0,0,0,0,0,0,0,0,0,0,0,0,0,0,0,0,0,0,0,0,0,0,0,0,0,0,0,0,0,0,0,0,0,0,0,0,0,0,0,0,0,0,0,0,0,0,0,0,0,0,0,0,0,0,0,9.94E-19,1.15E-05,3.45E-05,-0.001978656,-0.011121324,-0.023359049,-0.017111332,-0.003452223,8.60E-05,1.79E-05,0,0,0,0,0,0,0,0,0,0.000154888,-0.000455036,-0.01292373,-0.021551522,0.004854813,0.119518995,0.266666667,0.185332499,0.019315513,-0.004771412,8.32E-05,0,0,0,0,0,0,0,0,0.000214015,-0.002841812,-0.034032428,0.067448568,0.363012209,0.794180544,0.817296142,0.734871071,0.813811793,0.703180296,0.032896131,-0.004928764,0,0,0,0,0,0,2.13E-05,0.00020675,-0.006127911,-0.021471031,0.326782795,0.819546841,0.809968154,0.498923305,0.18277931,0.280559309,0.726347835,1.002900497,0.23051057,-0.016714001,0,0,0,0,0,0.000616363,-0.004666105,-0.031835155,0.019244366,0.514366898,0.899181529,0.452607996,0.078112217,-0.043950368,0.463797692,0.973318947,0.711608762,0.814951406,0.468435747,-0.028740145,0,0,0,7.39E-18,0.000625511,-0.009470908,-0.002976103,0.201851597,0.667468546,0.806949278,0.266097659,-0.034644625,-0.033794611,0.414610379,0.986677202,0.402882611,-0.021221439,0.533447372,0.663852754,-0.037899408,0,0,0,0.000961669,-0.017867477,0.017750058,0.499711227,0.912518876,0.545489158,0.077876055,-0.01870521,-0.009344907,0.066791071,0.90879536,0.570659824,-0.024223601,0.004963627,0.701972784,0.466133698,-0.02773703,0,0,0,-0.016218,0.165610095,0.737589156,0.873882163,0.36427026,-0.008840379,-0.017746372,6.83E-05,-0.008647171,0.08810962,0.985993386,0.480967653,0.058738203,0.541489544,0.871894423,0.120013707,-0.010091415,0,0,0,-0.036928105,0.414740434,0.675074311,0.169725541,-0.02525897,-0.006370847,0.000364073,0,-0.003370966,0.014011829,0.534991779,0.912595758,0.905689723,0.879011829,0.29345898,-0.022995285,-0.000540492,0,0,0,-0.004293896,0.049489294,0.015771541,-0.018421841,0.000399986,0.00010723,0,0,-2.59E-05,-0.00418927,0.030231788,0.218370932,0.347009821,0.171601171,-0.001817759,-0.003551896,9.32E-05,0,0,0,0.000758272,-0.008641238,-0.00756237,0.000215993,7.66E-06,0,0,0,3.40E-05,0.000280944,-0.008359818,-0.025510246,-0.031223741,-0.021492528,-0.002882132,0.000485294,0,0,0,0,0,0,0,0,0,0,0,0,0,0,1.79E-05,-0.000198121,-0.000502986,-0.000152931,1.40E-05,0,0,0,0,0,0,0,0,0,0,0,0,0,0,0,0,0,0,0,0,0,0,0,0,0,0,0,0,0,0,0,0,0,0,0,0,0,0,0,0,0,0,0,0,0,0,0,0,0,0,0,0,0,0,0,0,0,0,0,0,0,0,0,0,0
0,0,0,0,0,0,0,0,0,0,0,0,0,0,0,0,0,0,0,0,0,0,0,0,0,0,0,0,0,0,0,0,0,0,0,0,0,0,0,0,0,0,0,0,0,0,0,0,0,0,0,0,0,0,0,0,0,0,0,0,0,0,0,0,0,0,4.19E-05,3.82E-05,-0.004621528,-0.012603043,-0.013878574,-0.013890063,-0.008828166,-0.00207261,0.000206801,0,0,0,0,0,0,0,0,0,0,0.001011029,-0.011263957,-0.037020505,0.025807207,0.156935849,0.186148557,0.182817521,0.090470238,-0.012732537,-0.015017157,0.000950368,2.76E-05,0,0,0,0,0,0,2.68E-05,0.001071027,-0.021542671,0.043329674,0.273320747,0.678923935,0.995246698,0.956137817,0.984277539,0.924730613,0.522224367,0.042786952,-0.015499779,0.000341095,1.24E-18,0,0,0,0,8.56E-05,-0.000372498,-0.025203823,0.113895442,0.668031471,1.061894813,0.885606073,0.516138991,0.329260587,0.421061036,0.648386209,1.033472716,0.655025803,0.051214478,-0.009628438,0.000370959,0,0,0,8.56E-05,0.000500364,-0.030585738,0.213933238,0.892979444,0.835940867,0.466215017,0.078827419,-0.014632557,-0.041365823,-0.03234951,0.016403802,0.401732332,0.933215167,0.519490661,-0.004894504,-0.002758511,0,0,0,-0.000117953,-0.020930863,0.15348332,0.805660488,0.66027919,0.068297607,-0.034457421,-0.015181611,-0.00358541,0.000194036,-0.001525054,-0.008563484,-0.039841912,0.486698053,0.926313147,0.222557802,-0.028037177,0,0,0,-0.011574925,0.057652188,0.769993345,0.821464205,0.089388378,-0.019569598,0.001131222,0,0,0,0,0.000101912,-0.009453499,0.081481652,0.993715908,0.41994424,-0.04843708,0,0,0,-0.02091282,0.552914391,0.926621409,0.225866864,-0.042233303,0.000728707,0,1.28E-18,0.000865502,-0.005166633,-0.038216997,-0.052620494,-0.036084593,-0.00200783,0.746578482,0.448285709,-0.049922139,0,0,0,-0.020752315,0.89282622,0.723622651,0.044303343,0.086849758,-0.005337878,0,8.32E-05,-0.01011506,0.04316619,0.423977141,0.601073132,0.360964954,0.030101903,0.739758153,0.425406114,-0.047587542,0,0,0,-0.020857283,0.705926592,0.941734149,0.644366329,0.165956834,-0.011996861,0,-0.00195737,-0.011262671,0.484133308,0.896465,0.637740935,0.792523304,0.63753482,0.8726608,0.265580405,-0.032282425,0,0,0,-0.009416701,0.119663555,0.46131987,0.212297369,-0.008291207,-0.000697763,0,-0.004509446,0.020448921,0.796676437,0.477806849,-0.089678604,0.307056815,1.013673986,0.803836142,0.100996102,-0.015190983,0,0,0,0.0008638,-0.012123266,-0.041749643,-0.018709576,0.000441262,7.79E-05,0,-0.0050601,0.030232656,0.829056441,0.446785624,0.001964385,0.366625034,0.926824551,0.349419305,-0.029347256,0.000686886,0,0,0,0,0,0,0,0,0,0,-0.002234018,-0.0040136,0.477270969,0.878609409,0.825452794,0.872467082,0.88578879,0.035475728,-0.00636009,7.34E-05,0,0,0,0,0,0,0,0,0,0,0.000143229,-0.007237081,0.016929534,0.243994434,0.332015341,0.26906204,0.666145323,0.05149777,-0.005187245,0,0,0,0,0,0,0,0,0,0,0,0,0.000748441,-0.004746239,-0.029997554,-0.041022115,-0.027864131,0.29357303,0.032068114,-0.002639161,0,0,0,0,0,0,0,0,0,0,0,0,0,0,0,0.0002079,-0.003058619,0.018545241,0.002410812,-0.000182802,0,0,0,0,0,0,0,0,0,0,0,0,0,0,0,0,0.000153186,-0.002782884,-0.000314883,2.55E-05,0,0,0
0,0,0,0,0,0,0,0,0,0,0,0,0,0,0,0,0,0,0,0,0,0,0,0,0,0,0,0,0,0,0,0,0,0,0,0,0,0,0,0,0,0,0,0,0,0,0,0,0,0,0,0,0,0,0,0,0,0,0,0,0,0,0,0,0,0,0,0,0,0,0,0,0,0,0,0,0,0,0,0,0,0,0,0,0,0,0,0,0,0,6.25E-18,0.00036152,-0.008561514,-0.025840686,-0.038223652,-0.037922794,-0.018271446,0.000451266,0.000134804,0,0,0,0,0,0,0,0,0,5.44E-18,0.000750613,-0.004141136,-0.039918981,0.024287755,0.176503711,0.285967422,0.282980069,0.112405824,-0.010174779,-0.000246119,0,0,0,0,0,0,0,0,9.78E-05,-0.00018127,-0.021156216,0.026171194,0.393435287,0.672088684,0.893789045,1.048342388,1.048235039,0.767834508,0.062250724,-0.012066653,0,0,0,0,0,0,0,7.34E-05,0.000402732,-0.023154529,0.132004029,0.712052182,0.983181094,1.030557915,1.007579084,0.99076597,0.995355112,0.995872281,0.13576837,-0.019990692,0,0,0,0,0,0,2.16E-18,6.18E-05,-0.02241949,0.141776808,0.775366439,1.025045905,0.998907867,0.992291217,0.992057734,0.992624438,1.012663841,0.880132778,0.095991908,-0.015761506,0,0,0,0,0,0,0.000719975,-0.020867205,0.075299944,0.775616336,1.029114719,0.999887749,0.991701338,0.990982838,1.002469414,1.0290032,0.898032475,0.312826321,-0.007556204,-0.002449789,0,0,0,0,0.000625511,-0.009393297,-0.035077955,0.019774476,0.520896043,1.041099214,0.904060151,0.968248366,0.996634906,1.019243084,0.956219278,0.65799583,0.212245575,-0.024867698,-0.003691757,0.000389093,0,0,0,0,-0.007102226,0.107457023,0.30989328,0.421526586,0.994400792,0.946862251,0.317066415,0.572929194,1.00570527,0.8370087,0.428921603,-0.011430317,-0.021789811,-0.000525786,0.000154091,0,0,0,0,0,-0.003891861,0.024495434,0.497039443,0.95935252,1.008511188,0.512659067,-0.011109752,0.056179681,0.253725218,0.096536175,0.001196904,-0.007311004,0.000565203,4.89E-06,0,0,0,0,0,0,-0.001273744,-0.022187296,0.435802764,1.045972665,0.729018877,0.006406846,-0.006930062,-0.007994281,-0.020249183,-0.013983667,-0.004368702,0.000358626,6.13E-06,0,0,0,0,0,0,0,-0.005047896,0.027900565,0.788271327,0.836635178,0.168380824,-0.017720673,0.000351052,0,0,0,0,0,0,0,0,0,0,0,0,0.001039501,-0.031318985,0.316687704,0.980044254,0.413564287,-0.032342139,-0.002456427,0,0,0,0,0,0,0,0,0,0,0,0,0,-0.011369288,0.069910012,0.704323138,0.85756507,0.123386914,-0.020059109,0.000200163,0,0,0,0,0,0,0,0,0,0,0,0,0,-0.024358368,0.186306527,0.915042463,0.71323898,0.026484567,-0.007017706,0,0,0,0,0,0,0,0,0,0,0,0,0,0,-0.01734703,0.12184215,0.844958776,0.611639025,-0.00900303,-0.00279157,0,0,0,0,0,0,0,0,0,0,0,0,0,0,-0.001649342,-0.014465039,0.53519441,0.435284909,-0.004490298,-0.002138926,0,0,0,0,0,0,0,0,0,0,0,0
0,0,0,0,0,0,0,0,0,0,0,0,0,0,0,0,0,0,0,0,0,0,0,0,0,0,0,0,0,0,0,0,0,0,0,0,0,0,0,0,0,0,0,0,0,0,0,0,7.70E-05,-0.000160205,-0.011895153,-0.032580001,-0.044365198,-0.009017162,0.00085606,0,0,0,0,0,0,0,0,0,0,0,0,0.000231136,-0.002275888,-0.008793199,0.074764893,0.27620561,0.379076016,0.063970401,-0.006553973,3.86E-05,0,0,0,0,0,0,0,0,0,2.52E-18,0.000477941,-0.008598814,-0.010833282,0.13135129,0.736932343,0.784463031,0.980602911,0.393627145,-0.035559845,-4.04E-05,0,0,0,0,0,0,0,0,2.80E-18,0.000372328,-0.007551488,-0.013090545,0.398140557,0.822601614,0.482922386,0.033497277,0.550800739,0.660938862,0.013090278,-0.007159926,0,0,0,0,0,0,0,3.63E-05,0.00022995,-0.013317589,0.013875017,0.535236181,0.697316176,0.288143536,-0.023620677,-0.030456631,0.159151142,0.731456682,0.083545786,-0.014866115,0,0,0,0,0,0,0,0.000127033,-0.010581968,0.035810165,0.559578628,0.658618129,0.135291434,-0.040313651,-0.002958349,-0.023568563,0.422548888,0.953297002,0.218114766,-0.030371469,0,0,0,0,0,0,0.000106396,-0.005277471,0.024004459,0.629217082,0.744490554,0.085250279,-0.023709797,-0.004323138,-0.008208708,0.361940819,0.902931495,0.897794033,0.178854252,-0.026035539,0,0,0,0,0,0,-0.000930659,-0.012490349,0.341470929,0.821896072,0.189831767,-0.018484214,-0.001142191,-0.026965805,0.310115247,0.920483081,0.4189188,0.790375545,0.14096058,-0.021346201,0,0,0,0,0,0,-0.014967592,0.105291156,0.742547232,0.246707925,-0.024929739,-0.001102483,-0.009040696,0.084927543,0.741851767,0.372252723,0.228790629,0.701987303,0.049944632,-0.011238664,0,0,0,0,0,0,-0.004152297,0.02985209,0.197340346,0.011678581,-0.002250817,-0.000668949,-0.023886285,0.528841248,0.743806747,0.036311564,0.264474695,0.705890387,0.047415458,-0.011003983,0,0,0,0,0,0,0.000507686,-0.003630101,-0.024404223,-0.002919571,0.000467572,-0.030645462,0.222728435,0.908406744,0.365884425,-0.052354419,0.336037587,0.539467494,-0.032861227,-0.001455301,0,0,0,0,0,0,0,0,0,0,-0.001885383,-0.031122916,0.478173407,0.941412616,0.048932275,-0.016672556,0.583303592,0.377741609,-0.034881451,0.000174632,0,0,0,0,0,0,0,0,0,0,-0.005579725,0.002697505,0.598643774,0.740646446,-4.32E-06,0.038551998,0.661932147,0.061118941,-0.005510451,0,0,0,0,0,0,0,0,0,0,0,-0.001997719,-0.029819055,0.49326268,0.6749864,0.007819444,0.42705993,0.343730161,-0.018979354,0.000531471,0,0,0,0,0,0,0,0,0,0,0,0.000130719,-0.04189923,0.34658844,0.838809862,0.563265591,0.527935185,0.034604786,-0.008974758,1.40E-05,0,0,0,0,0,0,0,0,0,0,0,0,-0.006065388,0.029798826,0.512393179,0.460121615,0.058900847,-0.016301136,0.000620134,0,0,0,0,0,0,0,0,0,0,0,0,0,0.000725612,-0.006001498,-0.018976205,-0.017345452,-0.007787309,0.000546757,2.89E-05,0,0,0,0,0,0,0,0,0,0,0,0,0,0,0,0,0,0,0,0,0,0,0,0,0,0
0,0,0,0,0,0,0,0,0,0,0,0,0,0,0,0,0,0,0,0,0,0,0,0,0,0,0,0,0,0,0,0,0,0,0,0,0,0,0,0,0,0,0,0,0,0,0,0,0,0,0,0,0,0,0,0,0,0,0,0,-0.000750255,-0.002064798,-0.000164333,3.11E-05,0,2.68E-05,-0.000183568,-0.002031613,-0.011458793,-0.026705474,-0.037172998,-0.044196129,-0.039988433,-0.022614992,-0.00420098,0.000413246,9.34E-06,0,0,0,-0.001182207,-0.013685202,-0.033714637,-0.024173986,-0.021973652,-0.023899561,-0.03171812,-0.014759845,0.140877706,0.410981379,0.603034178,0.735969329,0.653888209,0.338751362,0.034971814,-0.007640199,4.28E-05,0,0,0,0.159520272,0.517078568,0.282032208,0.155182887,0.142546603,0.153678785,0.270472052,0.541685113,0.850727482,1.016765404,1.045490979,1.024876957,1.043470116,0.95311106,0.454308177,-0.005658241,-0.00209329,0,0,0,0.291266799,1.09102291,1.029837807,0.870630021,0.842249489,0.867652914,1.005056866,1.044659122,1.032284943,0.908209746,0.550990911,0.344610005,0.708713091,1.030556611,0.876866302,0.029705133,-0.005467422,0,0,0,0.078693898,0.660022675,0.928611928,1.018556147,1.069002402,1.023113747,0.916369186,0.801207976,0.390988188,0.104377913,-0.007795341,-0.063493029,0.112081934,0.860630512,0.977482471,0.04028751,-0.006290561,0,0,0,-0.010625511,0.026447951,0.153843946,0.438162105,0.588064321,0.451646923,0.146171024,0.038831682,-0.023097818,-0.026646957,-0.009793301,0.049379681,0.02383158,0.582143399,0.9903694,0.039042705,-0.006187857,0,0,0,0.000425517,-0.004208367,-0.015305464,-0.040244587,-0.053393501,-0.041428377,-0.014631842,-0.004487587,-0.01238237,0.055095095,0.510664624,0.801518399,0.70989532,0.779214716,0.971520306,0.039033973,-0.006186479,0,0,0,0,0,0,0,0,0,0.000217014,-0.011438843,0.044478231,0.682399765,1.031436496,1.071634719,1.054244663,1.007826576,0.951686394,0.039062432,-0.006190972,0,0,0,0,0,0,0,0,0,-0.002109715,-0.021710642,0.405355801,1.015390285,0.919373826,0.475059351,0.629284086,1.004425994,0.95294087,0.0390537,-0.006189594,0,0,0,0,0,0,0,0,1.02E-17,-0.010844951,0.038748053,0.747866883,0.971667839,0.309117002,-0.05502434,0.052436872,0.748524741,0.975636813,0.039030614,-0.006185948,0,0,0,0,0,0,0,0,-9.61E-17,-0.019160199,0.236372311,0.99252291,0.641851784,-0.021894472,-0.013356124,0.014480793,0.649776791,0.984821487,0.0390537,-0.006189594,0,0,0,0,0,0,0,0,-6.76E-17,-0.021156556,0.222367362,1.044363903,0.815123826,0.134576134,-0.060196095,0.097633335,0.858431049,0.978926828,0.040450912,-0.006303105,0,0,0,0,0,0,0,0,7.65E-18,-0.010397603,0.040681383,0.697481447,1.044228009,0.815362932,0.283729354,0.554701874,1.025412173,0.876144148,0.030111077,-0.005479371,0,0,0,0,0,0,0,0,0,0.000656658,-0.023118809,0.108153033,0.651873689,1.029242222,1.055474792,1.035729298,1.023915288,0.451623655,-0.015677509,-0.001677951,0,0,0,0,0,0,0,0,0,0,0.001030018,-0.013898537,0.033135539,0.410986405,0.755861393,0.955322278,0.634459069,0.073491059,-0.013575476,1.80E-05,0,0,0,0,0,0,0,0,0,0,8.15E-05,-0.000239311,-0.008644301,-0.025414965,0.033156488,0.228306106,0.018868634,-0.010541258,0.000524918,1.53E-05,0,0,0,0,0,0,0,0,0,0,0,0,0,0.000425517,-0.004723243,-0.021844384,-0.003467967,0.000319138,0,0,0,0,0
0,0,0,0,0,0,0,0,0,0,0,0,0,0,0,0,0,0,0,0,0,0,0,0,0,0,0,0,0,0,0,0,0,0,0,0,0,0,0,0,0,0,0,0,0,0,0,0,0,0,0,0,0,0,0,0,0,0,0,0,0,0,0,0,0,0,0,0,0,0,2.80E-19,-1.40E-19,-0.000314602,-1.40E-19,0,0,0,0,0,0,0,0,0,0,0,0,0,0,0.000777574,-0.012761029,-0.016944547,-0.0247019,-0.028408035,-0.025586397,-0.014687806,-0.004693015,0.000330882,0,0,0,0,0,0,0,0,1.47E-31,9.02E-18,0.001345237,-0.017303105,0.066550807,0.097271378,0.166735056,0.267993304,0.174408548,0.077114719,0.000399765,-0.008344737,0.000805104,0,0,0,0,0,0,4.60E-05,0.000108932,-0.006017667,-0.034672116,0.088907986,0.680275174,0.810665118,0.897292126,0.981174347,0.892133527,0.769111196,0.506494468,0.050529854,-0.008330276,0,0,0,0,0,0,0.000982328,-0.010887449,-0.001026813,0.376523218,0.815643692,0.894267882,0.687190731,0.293135539,0.635535536,1.03138342,1.006146933,1.032014152,0.372535278,-0.044216716,0,0,0,0,1.10E-05,0.000663603,-0.025875766,0.055381025,0.57259489,0.939543265,0.636755208,0.163507217,-0.041211193,-0.020243413,0.56683545,0.588091299,0.569304194,0.986694155,0.34826874,-0.041280421,0,0,0,4.60E-05,0.000846582,-0.024590533,0.140714359,0.64388911,0.99955467,0.414310753,-0.020146242,-0.019909314,0.002349248,0.483685883,0.781126517,-0.003657493,0.373324483,0.893315887,0.214698478,-0.027013575,0,0,0,-4.43E-05,-0.010747014,0.070620336,0.667465499,0.878870932,0.414840295,-0.017498471,-0.009463695,-0.026177322,0.208843546,0.775421977,0.210051279,-0.026443355,0.682665952,0.572858115,-0.020740741,-0.00129795,0,0,0,-0.004271344,-0.01256344,0.515524237,0.9385056,0.210247175,-0.002723346,-0.005626147,-0.003727788,0.028577614,0.569611996,0.360002315,-0.055799448,0.20178045,0.806637306,0.218461499,-0.016867851,0.00019934,0,0,0,-0.018910426,0.239625978,0.932055698,0.353722416,-0.021823492,-0.00520948,0.000439344,-0.011984581,0.179457387,0.633959701,0.069093919,-0.001640421,0.654571834,0.509095498,-0.016920512,-0.001652705,0,0,0,0,-0.018255379,0.640886005,0.615467014,0.007789386,-0.010537071,0.000203738,0,-0.027640472,0.473360498,0.583434777,0.001857537,0.389426321,0.644677628,0.116225916,-0.015563215,-6.59E-05,0,0,0,0,-0.018551709,0.693170767,0.686995251,0.064971065,-0.012605699,0,0,-0.020658905,0.315568083,0.850119383,0.72123863,0.658710339,0.166810236,-0.032570806,0.001195704,2.04E-05,0,0,0,0,-0.006490162,0.086945209,0.253082738,0.031694887,-0.005424939,0,0,-0.004611264,0.054333657,0.446238732,0.199953448,0.055700287,-0.012190649,0.00077742,0,0,0,0,0,0,0.000429432,-0.007748767,-0.016474009,-0.001906046,0.000337316,0,0,0.000238205,-0.003134089,-0.015853299,-0.013868924,-0.005747982,-0.000421007,5.74E-05,0,0,0,0,0,0,0,0,0,0,0,0,0,1.10E-05,-0.000135747,-0.001199706,6.60E-05,0,0,0,0,0,0,0,0,0,0,0,0,0,0,0,0,0,0,0,0,0,0,0,0,0,0,0,0,0,0,0,0,0,0,0,0,0,0,0,0,0,0,0,0,0,0,0,0
0,0,0,0,0,0,0,0,0,0,0,0,0,0,0,0,0,0,0,0,0,0,0,0,0,0,0,0,0,0,0,0,0,0,0,0,0,0,0,0,0,0,0,0,0,0,0,0,0,0,0,0,0,0,0,0,0,0,0,0,0,0,0,0,0,0,0,0,0,0,0,0,0,0,0,0,0,0,0,0,0,0,0,0,0,0,0,0,2.76E-05,-0.000268382,-0.003638787,-0.000734681,9.54E-05,0,0,0,0,0,0,0,0,0,0,0,0,7.78E-19,0.000153186,-0.00072867,-0.009381978,-0.030703908,-0.013004783,-0.035762919,-0.023498889,-0.013440394,-0.012782544,-0.000486792,8.17E-05,0,0,0,0,0,0,0,0.000150123,-0.000551641,-0.012029208,-0.012069083,0.083002451,0.359723346,0.53970047,0.470234086,0.23641401,0.132482639,0.125113528,-0.001947678,-0.000434538,0,0,0,0,0,0,0.000316742,-0.004597754,-0.024955719,0.043852065,0.351390675,0.850286967,0.98253538,1.017547389,1.007133372,0.933888158,0.905208919,0.855401193,0.128811708,-0.010697994,0,0,0,0,0.000106209,-0.00125428,-0.011104422,-0.007690036,0.247018433,0.703050517,1.010262644,1.02573155,1.000135502,0.987438079,0.993635161,1.004075371,1.011649425,1.005023965,0.367118464,-0.024312194,0,0,0,0.000934436,-0.011273659,-0.020975297,0.077013242,0.558421262,0.925314968,1.031293726,1.008306615,0.70834581,0.254471048,0.280012902,0.79016345,1.020612236,1.006221286,0.986824653,0.353574959,-0.023498775,0,0,0,-0.005552151,0.047558551,0.419651903,0.858886353,1.022273574,1.019709933,0.837272161,0.349132679,-0.001650906,-0.053250868,0.10151874,0.828451338,0.980151492,0.740055896,0.932100541,0.413924683,-0.026351103,0,0,0,-0.042535573,0.463621153,1.035675625,1.026523182,1.024210546,0.650711057,0.126932343,-0.021981421,-0.005173883,-0.027378523,0.188743447,0.926290816,0.886872036,0.389005566,0.926323444,0.569013821,-0.034590482,0,0,0,-0.032091198,0.346180173,0.957393043,0.834128891,0.367614753,0.043644827,-0.024844024,-0.00033561,0.000199747,-0.032235539,0.232297892,0.990424038,0.933888615,0.652326274,0.959366652,0.543378599,-0.033508673,0,0,0,0.001080814,-0.017905773,0.305715557,0.157285199,-0.031162684,-0.009520697,0.00041956,1.63E-05,0,-0.015539828,0.091143672,0.699675024,1.01485289,1.022814508,1.021622515,0.474511234,-0.030244638,0,0,0,0,0.000527642,-0.028722161,-0.015614788,0.00091316,4.60E-05,0,0,0,0.000489277,-0.020912871,0.166147161,0.754862861,0.831598754,0.633845741,0.063749574,-0.006364379,0,0,0,0,0,0,0,0,0,0,0,0,9.37E-05,-0.000314525,-0.007510229,0.017875358,0.024747532,0.004869264,-0.009737864,0.000490247,0,0,0,0,0,0,0,0,0,0,0,0,0,6.77E-05,-0.000669679,-0.004428937,-0.005056015,-0.003348601,-4.19E-05,1.82E-05,0,0,0,0,0,0,0,0,0,0,0,0,0,0,0,0,0,0,0,0,0,0,0,0,0,0,0,0,0,0,0,0,0,0,0,0,0,0,0,0,0,0,0,0,0,0,0,0,0,0,0,0,0,0,0,0,0,0,0,0,0,0,0
0,0,0,0,0,0,0,0,0,0,0,0,0,0,0,0,0,0,0,0,0,0,0,0,0,0,0,0,0,0,0,0,0,0,0,0,0,0,0,0,0,0,0,0,0,0,0,0,0,0,0,0,0,0,0,0,0,0,0,0,0,0,0,0,0,0,0,0,0.000151042,-0.000654973,-0.024994996,-0.022886387,-0.00024734,0.000223652,0,0,0,0,0,0,0,0,0,0,0,0.000191483,-0.001766238,-0.01249358,-0.02215145,-0.021240622,0.383097239,0.353650548,-0.009924585,-0.002996324,0,0,0,0,0,0,0,0,1.19E-17,6.77E-05,0.000490622,-0.018313419,-0.027566551,0.05873862,0.115874983,0.281636932,0.938577223,0.834294407,0.107139419,-0.049662905,-0.019721456,-0.00039871,0.000116166,4.35E-18,0,0,0,4.77E-05,0.000503445,-0.010149527,-0.026701134,0.166449057,0.498072661,0.736521289,0.817851494,0.929832601,1.031676607,0.953855664,0.698768089,0.375933841,0.203569325,-0.014792773,-0.006971082,0.00058956,8.51E-06,0,0,7.54E-05,-0.020402035,0.149287126,0.686220683,0.944626986,1.022054798,0.953856917,1.019847574,1.006767797,0.702437154,0.688342675,0.831034244,0.982114111,0.951322833,0.543388858,0.04273224,-0.011214306,0.000279748,0,0,-0.005589937,0.003782051,0.56908621,1.050330525,0.852715397,0.435828755,0.345393346,1.019347529,0.802412701,0.002432955,-0.032271565,0.065719073,0.45939425,0.954046484,1.002584797,0.421421994,-0.012026467,-0.003035301,0,0,-0.013653663,0.0769083,0.822077155,0.960820636,0.208116422,-0.069315972,0.334391994,1.046407884,0.466044169,-0.015427509,-0.005438981,-0.021510487,-0.019964001,0.350769761,1.000790101,0.773931866,0.05951918,-0.011844363,0,0,-0.020806781,0.143242632,1.050799479,0.510032918,-0.026826031,-0.023262868,0.505840739,1.049806832,0.419216759,-0.023197338,0.021453942,0.065273701,-0.02375223,0.080621272,0.859113954,0.961797896,0.121550079,-0.018441585,0,0,-0.019421467,0.143709541,0.896960955,0.217658956,-0.025159263,-0.020950742,0.52826495,1.047777539,0.491866473,-0.051170564,0.205375562,0.242636987,0.151263923,0.712547437,1.038241609,0.714752179,0.041996606,-0.009938896,0,0,-0.00825673,0.0698413,0.299577626,0.02041434,-0.005553076,-0.020911975,0.29599547,1.030585806,0.866465646,0.290702054,0.363616156,0.441306248,0.687282112,1.06602542,0.909534738,0.234943999,-0.02600001,-0.000287391,0,0,0.000367647,-0.00283315,-0.015940223,-0.002923815,0.000435049,-0.013571283,0.096131103,0.825321844,1.040521021,0.98006056,0.92299377,1.007853566,1.044130753,0.91781701,0.346230001,-0.025968563,-0.001100648,0.000115741,0,0,0,0,0,0,2.20E-18,-0.0011763,-0.014443697,0.208629068,0.818381723,0.992231345,0.995512902,0.947220218,0.626008851,0.191141459,-0.013809249,-0.001241064,9.17E-05,0,0,0,0,0,0,0,0,0.000242034,-0.001415454,-0.019967899,0.055477431,0.340556134,0.665312381,0.15398314,-0.008990349,-0.026134242,-0.00266973,0.000248162,0,0,0,0,0,0,0,0,0,0,8.32E-05,-0.000323785,-0.030713388,0.176958435,0.398929092,0.000666045,-0.007461346,-5.96E-05,3.49E-05,0,0,0,0,0,0,0,0,0,0,0,0,0,-0.00124465,0.010367647,0.022772309,0.00067061,-0.000250703,0,0,0,0,0,0,0,0,0,0,0,0,0,0,0,0.000303309,-0.002526042,-0.005554534,-0.000165097,6.13E-05,0,0,0,0,0,0,0,0,0,0,0,0,0,0,0,0,0,0,0,0,0,0,0,0,0,0
0,0,0,0,0,0,0,0,0,0,0,0,0,0,0,0,0,0,0,0,0,0,0,0,0,0,0,0,0,0,0,0,0,0,0,0,0,0,0,0,0,0,0,0,0,0,0,0,0,0,0,0,0,0,0,0,0,0,0,0,0,0,0,0,0,0,0,0,0,0,3.42E-19,3.93E-05,-0.00056719,-0.002702614,-0.003604984,-0.000194649,2.56E-05,0,0,0,0,0,0,0,0,0,0,0,0,0,0.00055913,-0.006083878,-0.025795405,-0.004582278,0.007798781,-0.007287139,0.00036923,0,0,0,0,0,0,0,0,0,0,0,2.52E-18,0.000566789,-0.007392514,0.010026637,0.298489751,0.577608132,0.665136557,0.086797266,-0.007525991,0,0,0,0,0,0,0,0,4.26E-05,-0.00048509,-0.002373018,0.000128506,-0.017120268,-0.000201695,0.453150701,1.008492893,1.04344727,1.006186887,0.339025735,-0.022791513,0,0,0,0,0,0,0,7.34E-05,0.000536566,-0.014255941,-0.011160303,-0.021767712,0.067698932,0.507083282,0.989280044,0.800022866,0.711571345,1.001069022,0.38763826,-0.025288971,0,0,0,0,0,6.48E-05,-0.000363,-0.004125613,-0.02557341,0.152647484,0.338726034,0.121605699,0.706968614,1.023424003,0.664061292,0.192425214,0.550946725,1.034364056,0.570914471,-0.03536489,0,0,0,0,0.000159314,-0.000582936,-0.014644625,0.001808721,0.205039369,0.742807649,0.91339302,0.83948252,0.981405807,0.541587027,0.077749404,0.606465747,0.984237558,1.028575963,0.667606975,-0.040791973,0,0,0,3.89E-19,-0.00064985,-0.019836567,0.166676198,0.700144931,0.958011897,1.028949057,0.959803242,0.820070993,0.520326934,0.099601205,0.420255855,0.966597452,1.015097239,0.969609341,0.236928836,-0.017074346,0,0,0,0.000931883,-0.020827717,0.099788159,0.718023489,1.021789794,0.838097801,0.839856005,0.493905399,0.041112388,0.02788751,0.698116047,0.989915594,1.003011547,0.99089037,0.648167654,0.001345333,-0.003151961,0,0,0,-0.00648669,0.05320343,0.652996611,1.016032028,0.592713285,0.079261903,0.080319545,0.020911451,-0.017943571,0.017211912,0.820295731,1.035818913,1.027943208,0.782886993,0.144135159,-0.018126299,-0.000143543,0,0,0,-0.050897416,0.562683058,1.016689648,0.619057955,0.062544713,-0.023640455,-0.014512527,-0.006327028,-0.001158684,-0.012623723,0.383427747,0.875470503,0.717820003,0.15130736,-0.00840082,-0.00175143,4.75E-05,0,0,0,-0.018262357,0.205343307,0.264035846,0.069791871,-0.011997838,0.000111383,1.79E-05,0,4.52E-05,-0.005098397,0.027459116,0.145804688,0.080294712,-0.017106907,-0.000368498,0.000160846,0,0,0,0,0.001575266,-0.017513787,-0.028477556,-0.012930862,0.000477328,7.17E-05,0,0,9.19E-06,0.000620098,-0.006301164,-0.022591299,-0.014604072,0.000209865,2.30E-05,0,0,0,0,0,3.06E-05,-0.000349265,-0.00030599,1.23E-05,0,0,0,0,0,0,0,0,0,0,0,0,0,0,0,0,0,0,0,0,0,0,0,0,0,0,0,0,0,0,0,0,0,0,0,0,0,0,0,0,0,0,0,0,0,0,0,0,0,0,0,0,0,0,0,0,0,0,0,0,0,0,0,0,0,0,0,0,0,0,0,0,0,0,0,0
0,0,0,0,0,0,0,0,0,0,0,0,0,0,0,0,0,0,0,0,0,0,0,0,0,0,0,0,0,0,0,0,0,0,0,0,0,0,0,0,0,0,0,0,0,0,0,0,0,0,0,0,0,0,0,0,0,0,0,0,0,0,0,0,0,0,0,0,0,0,0,0,0,0,0,0,0,0,0,0,0,0,0,0,0,0,0,0,0,0,0,0,0.000139415,-0.000668505,-0.012380208,-0.006729779,0.000408088,0,0,0,0,0,0,0,0,0,0,0,0,0,6.00E-32,0.000161697,-0.00062258,-0.016513685,0.059138089,0.029965261,-0.001795905,0,0,0,0,0,0,0,4.29E-05,-0.000302288,-0.001328295,-0.001617851,-0.005845758,-0.012323836,-0.012673611,-0.0101154,-0.025117301,0.254385927,0.727209184,0.419387612,-0.025674479,0,0,0,0,0,0,0.000151645,-0.00072867,-0.022712894,-0.037390037,-0.033276085,0.005742479,0.074771259,0.084587461,0.015962863,0.280905174,0.760127169,0.423713634,0.346080062,-0.020998838,0,0,0,0,0.000111315,-0.002423821,-0.011562704,-0.029036084,0.212995319,0.487713695,0.500472039,0.624665118,0.7258614,0.662033769,0.641691211,0.929356359,0.675707108,0.09950114,0.010880447,-0.001372804,0,0,0,0.00123315,-0.015182632,-0.004891583,0.141216912,0.536671552,0.825273489,0.677602107,0.340576006,0.302702699,0.203412939,0.335119741,0.817108064,0.344477702,0.6231875,0.666167654,0.012893467,-0.003708435,0,0,0,-0.008478009,0.08243447,0.569246022,0.718090601,0.5696386,0.147118141,-0.005050841,-0.033371041,-0.045430913,0.035676062,0.638153884,0.369550211,-0.063807988,0.050149186,0.782410607,0.214188981,-0.014294424,0,0,0,-0.043011727,0.48662454,0.771956657,0.077954657,-0.036305453,-0.011336772,-0.002838848,-0.002499185,-0.009245949,0.551110396,0.478893382,-0.025063402,-0.025598511,0.260240809,0.769315496,0.114137902,-0.009105801,0,0,0,-0.009799675,0.110645374,0.205369895,0.025879109,-0.003462439,2.85E-05,2.45E-06,-0.012335395,0.076183689,0.786239656,0.423590253,0.304589023,0.503686226,0.731281406,0.271343504,-0.020881011,-0.000469049,0,0,0,0.000965925,-0.010967286,-0.013900609,-0.000874864,0.000110635,0,0,-0.001196445,-0.007241507,0.295574278,0.666303581,0.629697559,0.328518456,0.061575351,-0.015942947,-0.001336465,9.85E-05,0,0,0,0,0,0,0,0,0,0,0.000112103,0.000262425,-0.024999574,0.001487643,-0.008958946,-0.026066542,-0.006878319,-4.51E-05,6.89E-05,0,0,0,0,0,0,0,0,0,0,0,0,3.77E-05,-0.00022212,-0.006090074,-0.004654105,-0.000274245,6.43E-05,0,0,0,0,0,0,0,0,0,0,0,0,0,0,0,0,0,0,0,0,0,0,0,0,0,0,0,0,0,0,0,0,0,0,0,0,0,0,0,0,0,0,0,0,0,0,0,0,0,0,0,0,0,0,0,0,0,0,0,0,0,0,0,0,0,0,0,0,0,0,0,0,0,0,0,0,0,0,0,0,0,0,0,0,0,0
0,0,0,0,0,0,0,0,0,0,0,0,0,0,0,0,0,0,0,0,0,0,0,0,0,0,0,0,0,0,0,0,0,0,0,0,0,0,0,0,0,0,0,0,0,0,0,0,0,0,0,0,0,0,0,0,0,0,0,0,0,0,0,0,0,0,0,3.55E-05,-0.000233252,-0.001758681,-0.004269353,-0.004383936,-0.003585616,-0.000954402,3.68E-05,5.51E-06,0,0,0,0,0,0,0,0,0,7.56E-18,0.000640319,-0.013201256,-0.029532237,-0.014628847,0.015452836,0.017010638,0.006840919,-0.023647552,-0.012563436,0.000636949,3.58E-05,0,0,0,0,7.78E-19,-2.64E-19,7.53E-05,-7.23E-06,-0.013534007,-0.039350746,0.059416572,0.259955967,0.460906403,0.742495285,0.75372452,0.669566416,0.365035846,0.055462929,-0.0224503,0.000442913,3.06E-05,0,0,0,0.000178717,-0.000631344,-0.014744945,-0.021131281,0.133699449,0.355490622,0.703783325,0.974246221,1.022716418,1.028832057,1.023490554,1.017128022,1.009224929,0.672991524,0.148234835,-0.017017072,0.000584974,0,0,0,-0.001529697,-0.033062159,0.160501593,0.455634503,0.889029205,0.973873262,1.022688963,1.045268691,0.933557166,0.686319929,0.668860659,0.898264396,0.998113323,1.022336737,0.810978303,0.161863815,-0.02148514,0,0,0,-0.013655535,0.352043961,0.820306781,1.028215397,1.013997958,1.031376549,0.940163433,0.647253711,0.291553326,0.004985652,0.381440853,0.905332538,1.003889161,0.997979524,1.013369247,0.372385995,-0.044096042,0,0,0,-0.021140217,0.874518874,1.031419577,1.012974401,0.860046994,0.554023438,0.244622417,-0.016396038,-0.021537071,0.542239634,0.990405382,1.01498665,0.908395527,0.944261234,0.882860294,0.189180964,-0.02463006,0,0,0,-0.020894097,0.617240702,0.925643842,0.560909467,0.198274595,-0.018511455,-0.024447332,-0.044952002,0.325755242,0.991222239,1.023959797,0.935791193,0.680752945,0.987989328,0.827401637,0.111037292,-0.016356039,0,0,0,-0.007677356,0.149212442,0.277474316,-0.001938334,-0.020872192,-0.001532033,-0.023481207,0.126733047,0.850692232,1.034520782,0.842926539,0.326988301,0.455800994,1.050646991,0.74520338,0.007762817,-0.005377278,0,0,0,0.000909054,-0.019028882,-0.033923199,-0.003366353,0.000638376,-0.005183238,0.002776715,0.55259167,1.022875545,1.02208082,0.482238902,0.044386249,0.792068522,1.032925822,0.590976672,-0.010199662,-0.002690575,0,0,0,0,0,0,0,-7.31E-17,-0.018203636,0.20145683,0.944064713,1.02075497,0.780386404,0.081102056,0.521701996,1.019289658,0.922893638,0.15653285,-0.013650191,0.000114141,0,0,0,0,0,0,0,-3.19E-16,-0.020835035,0.502408857,1.017560866,1.001177594,0.50785609,0.361387289,0.967554166,0.979761455,0.523584201,-0.010433211,-0.002090533,0,0,0,0,0,0,0,0,-4.06E-16,-0.020894608,0.600874319,1.018622634,0.985043164,0.877653697,0.942605596,0.894584913,0.411097648,-0.001515165,-0.004851018,5.49E-05,0,0,0,0,0,0,0,0,-1.84E-16,-0.01752451,0.320113156,0.925071027,1.02276971,0.89668716,0.535834474,0.211644433,0.06141779,-0.011080253,0.000222171,1.18E-05,0,0,0,0,0,0,0,0,9.84E-18,-0.001816069,-0.015878318,0.232977168,0.554953868,0.161425271,0.008225663,-0.023796323,-0.009963414,0.000876442,0,0,0,0,0,0,0,0,0,0,9.33E-19,0.000306373,-0.002885125,-0.017344941,-0.021030263,-0.016130344,-0.006012731,-0.000261404,8.00E-05,0,0,0,0,0,0,0,0,0,0,0,0,0,0,0,0,0,0,0,0,0,0,0,0,0,0
0,0,0,0,0,0,0,0,0,0,0,0,0,0,0,0,0,0,0,0,0,0,0,0,0,0,0,0,0,0,0,0,0,0,0,0,0,0,0,0,0,0,0,0,0,0,0,0,0,0,0,0,0,0,0,0,0,0,0,0,0,0,0,0,0,5.44E-19,4.95E-05,-0.000952774,-0.002426981,-0.002377451,-0.002377451,-0.002426981,-0.000568261,4.95E-05,0,0,0,0,0,0,0,0,0,4.60E-06,0.000748468,-0.005981618,-0.028515591,-0.022376245,-0.007395663,-0.007883987,-0.007883987,-0.007395663,-0.026482954,-0.025635076,-0.003434743,0.000573529,0,0,0,0,0,0,7.08E-18,0.000429177,-0.012165322,0.018333265,0.18804405,0.358012617,0.55321172,0.560844397,0.577011506,0.566929126,0.30751651,0.163199483,0.002259055,-0.00482661,0.000131485,0,0,0,0,9.02E-05,9.63E-05,-0.015892736,0.032635859,0.451149646,0.952185304,0.962315523,0.922251243,0.760533769,0.572075334,0.753177764,0.971404176,0.891493379,0.342668182,-0.017206512,-0.001014348,0,0,0,0,3.11E-05,-0.014435348,0.096350689,0.681886406,0.983761907,0.857546081,0.343427312,0.090038319,0.047203487,0.000717409,0.103765932,0.806444542,1.03418676,0.888998053,0.095239,-0.009096297,0,0,0,0.000195312,-0.012089716,0.022407464,0.688833146,1.053240519,0.708551011,0.056384991,-0.029421803,-0.017235532,-0.052027778,0.287581699,0.796373672,0.974006937,1.018236145,1.004725797,0.436914828,-0.028115809,0,0,0,-0.000455729,-0.015248757,0.462587016,1.024856941,0.773781641,0.129983286,-0.021279837,0.000908391,-0.022345452,0.342285114,0.88297692,0.949459082,0.400999959,0.684003711,1.03635512,0.534670752,-0.033470588,0,0,0,-0.035839631,0.387577955,1.011230688,0.823811275,0.13899886,-0.032716044,0.000674326,-0.022423872,0.168591656,0.866070704,0.98493413,0.342415135,-0.047396407,0.553972665,1.054331972,0.580577206,-0.035997549,0,0,0,-0.054153901,0.605560321,1.031976751,0.340136846,-0.015129221,-0.002481005,0.000159637,-0.038191982,0.302397348,0.996485515,0.769115264,0.011931304,-0.013078554,0.566319751,1.038665714,0.438993873,-0.028207414,0,0,0,-0.020394688,0.231417305,0.365164532,0.018537174,-0.005622053,0.000330194,-0.002935062,-0.017175501,0.462164489,1.003881059,0.444100288,-0.049026045,0.049855065,0.761311521,0.989834767,0.270651964,-0.018902511,0,0,0,0.001080814,-0.012190223,-0.019968271,-0.003302866,0.000327648,0,-0.01101954,0.052490828,0.74784775,0.949325742,0.151306441,-0.031216622,0.216862168,0.964792892,0.921371119,0.027735652,-0.005473192,0,0,0,0,0,0,0,0,0,-0.012941006,0.070479037,0.79849903,0.985877519,0.263712674,-0.05670304,0.514202998,0.957913943,0.574457499,0.010805402,-0.003315104,0,0,0,0,0,0,0,0,0,-0.006470418,0.009829247,0.61996841,0.998224588,0.296070057,0.162443747,0.892965211,0.801210563,0.135574585,-0.01620961,-0.000196538,0,0,0,0,0,0,0,0,0,-0.001705304,-0.013252772,0.280012306,0.907423935,0.906409041,0.86191733,0.836660569,0.256348482,-0.027313215,-0.000335784,2.76E-05,0,0,0,0,0,0,0,0,0,0.000216053,-0.002755663,-0.013229944,0.230650503,0.434154998,0.441588449,0.142925626,-0.008226479,-0.001209031,0.000117402,0,0,0,0,0,0,0,0,0,0,0,0.000330194,-0.002254391,-0.016312466,-0.021108728,-0.021010689,-0.013886171,-0.002334389,0.000242545,0,0,0,0,0,0,0,0,0,0,0,0,0,0,0,0,0,0,0,0,0,0,0,0,0
0,0,0,0,0,0,0,0,0,0,0,0,0,0,0,0,0,0,0,0,0,0,0,0,0,0,0,0,0,0,0,0,0,0,0,0,0,0,0,0,0,0,0,0,0,0,0,0,0,0,0,0,0,0,0,0,0,0,0,0,0,0,0,0,0,0,0,0,0,0,0,0,0,0,0,0,0,0,0,0,0,0,0,0,0,5.32E-18,0.000150123,-0.00635074,-0.012532475,-0.030280025,-0.015484681,-0.008419118,-0.000199034,9.50E-05,0,0,0,0,0,0,0,0,0,0.000490196,-0.006265319,-0.033309504,-0.041095367,0.010822157,0.062290288,0.215490213,0.084680998,0.026634327,-0.023142758,-0.008316568,-0.002156097,0.000291054,1.24E-18,0,0,0,0,0.000163399,-0.000542171,-0.018534348,0.050465516,0.358675109,0.43462597,0.582077473,0.690378047,0.952668318,0.774655365,0.633574006,0.265794997,0.063019216,0.008313164,-0.007411833,0.000297692,0,0,0,0,-0.000542171,-0.011865541,0.039065774,0.66619901,1.010460234,1.001343759,0.993965343,1.009236018,0.99753623,0.993462252,1.021507073,0.963270404,0.898062689,0.454587342,-0.002083045,-0.003545055,0.000126922,0,0,0,-0.012946112,0.145356878,0.785480256,1.042733694,0.973823512,0.565250936,0.380765953,0.824777369,0.975257013,0.485736656,0.478624643,0.837920335,1.037086618,0.895243498,0.363720963,-0.020937126,-0.000292691,0,0,0,-0.020959116,0.583586975,1.047838116,0.721860669,0.275012697,0.011238664,0.082047834,0.834336789,1.000978265,0.335830099,-0.044383255,0.168548248,0.802417399,1.046643961,0.795059232,0.093156386,-0.014385064,0,0,0,-0.020810696,0.862442793,1.015611366,0.259670156,-0.055402318,-0.029723158,0.230161445,1.015954861,0.99201457,0.378229167,-0.030787037,-0.0396695,0.233548747,0.911935951,0.966353503,0.283576831,-0.034679793,0,0,0,-0.019984852,0.895138651,0.739850439,0.069477618,-0.014094329,-0.021025565,0.234529898,1.027138821,1.001540033,0.479337214,-0.025658361,-0.008117246,-0.006431951,0.742948342,1.084546773,0.433265727,-0.050514859,0,0,0,-0.004000041,0.198085243,0.119831438,-0.006175197,-0.000493355,-0.012105363,0.081903292,0.781493179,1.052958909,0.810753502,0.117909533,-0.049762975,-0.072337875,0.71159718,1.095540303,0.438670781,-0.051107093,0,0,0,0.000391476,-0.018206895,-0.01327274,-0.00050977,0.000168505,-0.001703772,-0.010986779,0.245159705,0.80105976,1.030546841,0.753894557,0.462437749,0.446438232,0.871738426,0.933003779,0.262138565,-0.032291386,0,0,0,0,0,0,0,0,0.000187228,0.000545228,-0.042627945,0.213048424,0.772820057,0.887842065,1.027219454,1.038473226,0.870034075,0.46867579,-0.019553836,-0.001013412,0,0,0,0,0,0,0,0,0,0,0.000383017,-0.00847658,0.009379085,0.121119043,0.282020929,0.29442213,0.091918539,-0.003366234,-0.004310304,0.000396233,0,0,0,0,0,0,0,0,0,0,6.69E-05,-0.000869894,-0.004045037,-0.010415645,-0.019557957,-0.020266391,-0.00881827,-0.002143944,0.000167126,0,0,0,0,0,0,0,0,0,0,0,0,0,0,0,0,0,0,0,0,0,0,0,0,0,0,0,0,0,0,0,0,0,0,0,0,0,0,0,0,0,0,0,0,0,0,0,0,0,0,0,0,0,0,0,0,0,0,0,0,0,0,0
0,0,0,0,0,0,0,0,0,0,0,0,0,0,0,0,0,0,0,0,0,0,0,0,0,0,0,0,0,0,0,0,0,0,0,0,0,0,0,0,0,0,0,0,0,0,0,0,0,0,0,0,0,0,0,0,0,0,0,0,0,0,0,0,0,0,0,0,2.28E-05,0.000136693,-0.004465022,-0.023779769,-0.044236018,-0.036103911,-0.006687755,0.000738,1.12E-05,0,0,0,0,0,0,0,0,0,2.45E-05,0.000653051,-0.008192351,-0.025871545,0.021084338,0.359488171,0.730042973,0.580884004,0.074758612,-0.013647042,3.86E-05,0,0,0,0,0,0,1.24E-19,1.55E-18,0.000223397,-0.00191219,-0.019491477,0.021156641,0.158114856,0.709609681,0.975206495,1.046785751,1.038046211,0.544564355,-0.008211737,-0.002380719,0,0,0,0,0,0,0.000109783,-0.000721848,-0.017662292,-0.00203542,0.127457078,0.606511557,0.869897927,1.026852516,0.984314151,0.869107269,1.00690419,0.841919458,0.048972614,-0.006404361,0,0,0,0,0,0.000449107,-0.003487577,-0.029037561,0.105200325,0.516741759,0.89191013,1.039303874,1.005159118,0.737301408,0.263568393,0.233820705,0.960558715,0.957575822,0.138569582,-0.011632985,0,0,0,0,0.00040288,-0.006689087,-0.009650054,0.297730971,0.863889059,1.03699806,1.023089305,0.726414556,0.37825977,0.017055045,-0.053727397,0.298791512,1.017533139,0.98016505,0.261925841,-0.018463337,0,0,0,0,-0.005855801,0.01528554,0.459908003,0.949873281,1.046630327,0.885384753,0.572017736,0.061687483,-0.025644216,-0.022978979,0.08005867,0.745002055,1.009579606,1.026861741,0.664231873,-0.040612132,0,0,0,0.000829759,-0.028672215,0.273762195,0.995031063,1.003903782,0.726212044,0.205109954,-0.014137843,-0.016305522,-0.017503932,0.219356533,0.783732571,1.014446296,0.995828823,1.020455133,0.602329453,-0.03720818,0,0,0,-0.009195432,0.083583367,0.737300898,0.94885289,0.429783241,0.046031965,-0.022381876,-0.002431362,-0.016882353,0.021794781,0.762310066,1.044273046,0.928953926,1.018740451,0.561613034,0.061688947,-0.006258783,0,0,0,-0.042377927,0.471881242,0.934133814,0.335870956,-0.030927245,-0.014543027,0.000543598,-0.008826135,0.048219379,0.590760229,0.977376772,0.692555559,0.794343023,0.709242268,0.016487947,-0.02257037,0.000744008,0,0,0,-0.007186989,0.082216776,0.184872372,-0.016603945,-0.003461074,0.000422113,-0.012320091,0.074062666,0.745848975,1.010041939,0.41568796,0.189431151,0.940162515,0.605929279,-0.019331036,-0.003689508,9.70E-06,0,0,0,0.000659552,-0.007506127,-0.017860055,-1.00E-04,3.19E-05,-2.82E-16,-0.021287786,0.464201707,1.053250272,0.70984055,0.034542977,0.553244587,0.942916378,0.264496919,-0.019216333,-0.00055239,0,0,0,0,0,0,0,0,0,-2.96E-16,-0.020702274,0.475568227,1.037203176,0.596096729,0.420337844,1.020186343,0.529584811,-0.025736162,-0.000535795,9.38E-05,0,0,0,0,0,0,0,0,0,-2.09E-16,-0.020906522,0.378827742,1.031851631,0.93897081,0.984109545,0.937128949,0.128463645,-0.01878719,0.00011106,0,0,0,0,0,0,0,0,0,0,-1.67E-17,-0.00750445,0.050020988,0.53501279,0.928829627,0.745449499,0.196022499,-0.003998183,-0.001796197,0,0,0,0,0,0,0,0,0,0,0,3.27E-18,0.000423815,-0.008663528,-0.011243532,0.171386166,0.085325436,-0.023904718,-0.002033312,0.00030467,0,0,0,0,0,0,0,0,0,0,0,0,0,0.000183441,-0.000847631,-0.016848788,-0.009323087,0.000564236,0,0,0,0,0,0,0,0
0,0,0,0,0,0,0,0,0,0,0,0,0,0,0,0,0,0,0,0,0,0,0,0,0,0,0,0,0,0,0,0,0,0,0,0,0,0,0,0,0,0,0,0,0,0,0,0,0,0,0,0,0,0,0,0,0,0,0,0,0,0,0,0,0,0,0,0,0,0,0,0,0,0,0,0,0,0,0,0,0,0,0,0,0,0,0,0,0,0,0,0,0,0,0,0,0,0,0,0,0,0,0,0,0,0,0,0,7.47E-19,7.78E-19,-1.56E-16,-2.73E-16,-2.77E-16,-1.78E-16,-4.27E-18,2.05E-18,0,0,0,0,0,0,0,0,0,4.26E-06,0.000210206,-0.002941007,-0.015848482,-0.020234715,-0.020303649,-0.020693423,-0.020702546,-0.020812568,-0.013797488,-0.000237098,7.86E-05,0,0,0,0,0,0,8.68E-05,-2.89E-05,-0.017158646,-0.031140037,-0.019472853,0.096089387,0.140190728,0.332038203,0.478612011,0.473714324,0.343277367,0.083866604,-0.014729781,0.000276691,0,0,0,6.38E-06,0.0001851,-0.004650697,-0.015011387,-0.024980409,0.12306987,0.234598754,0.495831618,0.907929109,1.012527659,0.875208401,0.783614226,0.8430144,1.029435509,0.812905144,0.113146463,-0.009839512,0,0,0,0.001453142,-0.019770646,0.026481136,0.193511012,0.428932292,0.799326168,0.82289117,0.835892612,0.602917858,0.352700487,0.145491864,0.074716639,0.54282408,0.951879851,1.000648131,0.619408241,-0.037972886,0,0,0,-0.011514502,0.11064168,0.671721818,0.946173866,0.568407612,0.271628302,0.132024918,0.01526424,-0.002668522,-0.028252859,-0.026132098,0.402879323,0.881770549,0.380922266,0.835107401,0.746782067,-0.043765319,0,0,0,-0.050106805,0.561352039,0.886463081,0.320505259,0.010996698,-0.022382881,-0.010430556,-0.004347815,-0.002840022,-0.02773315,0.185980664,0.924440019,0.498602398,0.243336397,0.929930743,0.443336772,-0.027671773,0,0,0,-0.037571508,0.423527543,0.69365737,0.113300705,-0.019204051,0.000487139,1.35E-05,0,0,-0.029848049,0.222941431,0.828113611,0.295098849,0.700564711,0.780873181,0.058570414,-0.006600475,0,0,0,0.000721252,-0.008361843,-0.003508656,0.004266238,-0.000348924,0,0,0,0,-0.010556066,0.053641919,0.568940206,0.809733993,0.526084304,0.031020816,-0.015018297,0.000364328,0,0,0,3.19E-05,-0.000346797,-0.001004681,-0.000472324,4.26E-05,0,0,0,0,0.000713848,-0.010807207,0.041276467,0.090704313,0.018475456,-0.010488154,0.000787633,3.83E-06,0,0,0,0,0,0,0,0,0,0,0,0,2.76E-05,0.000568321,-0.009359681,-0.016339428,-0.006573223,0.000605086,0,0,0,0,0,0,0,0,0,0,0,0,0,0,0,0,0,0,0,0,0,0,0,0,0,0,0,0,0,0,0,0,0,0,0,0,0,0,0,0,0,0,0,0,0,0,0,0,0,0,0,0,0,0,0,0,0,0,0,0,0,0,0,0,0,0,0,0,0,0,0,0,0,0,0,0,0,0,0,0,0,0,0,0,0
0,0,0,0,0,0,0,0,0,0,0,0,0,0,0,0,0,0,0,0,0,0,0,0,0,0,0,0,0,0,0,0,0,0,0,0,0,0,0,0,0,0,0,0,0,0,0,0,0,0,0,0,0,0,0,0,0,0,0,0,0,0,0,0,0,0,0,0,0,0,0,0,0,0,0,0,0,0,0,0,0,0,0,0,0,9.96E-05,-0.00092065,-0.009187049,-0.010709559,-0.00668076,-4.47E-05,3.49E-05,0,0,0,0,0,0,0,0,2.44E-18,7.66E-05,0.000185989,-0.009296279,-0.027404173,-0.03645578,-0.040590193,0.029521592,0.042581172,0.007712997,-0.042979575,-0.020158054,-0.000870073,0.000259566,2.33E-18,0,0,0,0,0,-0.002513276,-0.01505719,-0.016134007,0.096868447,0.304578057,0.402554381,0.567008102,0.703950427,0.727493209,0.668967967,0.493223141,0.213005276,-0.010749239,-0.013063045,0.000368158,5.51E-05,0,0,0,0,0.020586673,0.386180445,0.642293179,0.810736415,0.8924387,0.818521819,0.728941849,0.540793841,0.473198776,0.504700668,0.772526157,0.910660983,0.661628313,0.060293353,-0.016467684,0.000963067,0,0,0,0,0.07162837,0.404275429,0.399465727,0.255891885,0.21217967,0.036058772,-0.019809198,-0.021000809,-0.02081701,-0.028347409,0.028979473,0.363219141,0.862451167,0.709143859,0.057286101,-0.015842933,0.000160233,0,0,0,-0.00628319,-0.035460069,-0.035034327,-0.022772842,-0.019573802,-0.004411339,2.81E-05,7.46E-05,0.00039854,-0.015608541,0.00207438,0.008505089,0.196931807,0.837899799,0.556333078,-0.006423986,-0.00245047,0,0,0,0,0,0,0,0,0,0,-3.22E-05,-0.012207142,0.175525786,0.667953704,0.759871681,0.527612918,0.559008766,0.967365434,0.042382217,-0.006228452,0,0,0,0,0,0,0,0,0,0,-0.00427663,0.000908599,0.699836006,0.772750255,0.228942436,0.433889619,0.885895323,0.947187449,0.04243927,-0.006263583,0,0,0,0,0,0,0,0,0,0,-0.018899113,0.136815866,0.860821579,0.433671868,-0.071975799,-0.035234216,0.597195216,0.994777849,0.038838239,-0.006203171,0,0,0,0,0,0,0,0,0,0,-0.01145897,0.066811938,0.800168556,0.544896021,0.017359562,0.169807641,0.729340652,0.8000529,0.016631842,-0.004456189,0,0,0,0,0,0,0,0,0,0,-0.000440259,-0.019750613,0.378054075,0.823675007,0.763760723,0.843669846,0.746764774,0.235290135,-0.013233711,-0.000739124,0,0,0,0,0,0,0,0,0,0,0.000146753,-0.001474009,-0.010840771,0.106963286,0.267368277,0.210642894,0.012623417,-0.01454582,-0.001365196,0.00011489,0,0,0,0,0,0,0,0,0,0,0,0.000124694,-0.001417177,-0.009119179,-0.017070364,-0.014535231,-0.004015472,-0.000704453,0.000109375,0,0,0,0,0,0,0,0,0,0,0,0,0,0,0,0,0,0,0,0,0,0,0,0,0,0,0,0,0,0,0,0,0,0,0,0,0,0,0,0,0,0,0,0,0,0,0,0,0,0,0,0,0,0,0,0,0,0,0,0,0,0,0,0
0,0,0,0,0,0,0,0,0,0,0,0,0,0,0,0,0,0,0,0,0,0,0,0,0,0,0,0,0,0,0,0,0,0,0,0,0,0,0,0,0,0,0,0,0,0,0,0,0,0,0,0,0,0,0,0,0,0,0,0,0,0,0,0,0,0,0,3.30E-05,-0.000207567,-0.001935713,-0.002541258,-0.00098075,0.000114957,0,0,0,0,0,0,0,0,0,0,0,0,3.08E-18,0.000382966,-0.005778403,-0.022236571,-0.012905314,-0.006281284,-0.022090363,-0.022900004,-0.017353248,-0.031373775,-0.029461397,-0.008184743,0.001012596,0,0,0,0,0,7.78E-20,2.30E-05,0.001148046,-0.017996409,-0.000448565,0.189450214,0.484199959,0.557662939,0.357205627,0.125554384,0.101612183,0.225460172,0.205876106,0.050229099,-0.00636623,0,0,0,0,0,7.15E-05,-0.000422113,-0.025667211,0.140578619,0.551796995,0.886010451,1.033732298,1.043851171,0.99506924,0.83838964,0.786048066,0.965438521,0.989119298,0.354464103,-0.04210713,0,0,0,0,0,0.000490451,-0.021338578,0.079237122,0.667914442,1.049086332,1.042273144,0.850381643,0.774902963,0.9526013,1.018777446,1.021654794,0.977061354,0.663717575,0.152216702,-0.019665931,0,0,0,4.44E-05,0.000875474,-0.025274714,0.143062415,0.781997311,1.039531658,0.924319959,0.60738974,0.115284688,0.131368549,0.870581155,1.010559649,1.004642055,0.840249523,0.005692572,-0.014132115,0.001031348,0,0,0,0.000107741,-0.028102146,0.144094158,0.771142599,1.038016919,0.896662922,0.276912869,-0.008633187,-0.020543556,0.59517373,1.001428785,1.01012401,1.006617953,0.841746119,0.024149612,-0.005042586,0,0,0,0,-0.009557121,0.067365833,0.690697168,1.058661782,0.815267038,0.170284433,-0.029791726,-0.026496902,0.354636932,0.980772127,0.977281778,0.715011482,0.988044764,0.849946998,0.036986077,-0.005764297,0,0,0,0,-0.02023812,0.652680758,1.020959116,0.896719073,0.27390928,-0.017225422,-0.010923067,0.043221592,0.733745966,1.053919288,0.577998094,0.134950658,0.938288892,0.949914624,0.220812551,-0.01610432,0,0,0,0,-0.013203022,0.534231971,0.554867752,0.199434151,-0.017801184,-0.001953039,-0.030067806,0.24169651,0.927893601,1.017241212,0.319546577,0.06537784,0.948529633,0.924863897,0.144854996,-0.011874516,0,0,0,0,0.000430624,-0.017821328,-0.021423781,-0.016261234,-0.001620711,0.000162377,-0.040921691,0.342877179,1.010552577,0.812544679,0.073192487,0.507939053,1.020464461,0.686306117,0.003050381,-0.003427798,0,0,0,0,0,0,0,0,0,0,-0.04103094,0.343665696,1.015116319,0.787160369,0.298830389,0.908639545,1.02003959,0.366263855,-0.020476375,-0.001094771,0,0,0,0,0,0,0,0,0,0,-0.024029188,0.185659195,0.832294186,1.014152744,0.992505804,1.000735192,0.572231822,0.039019284,-0.008788756,-1.61E-05,0,0,0,0,0,0,0,0,0,0,5.14E-05,-0.016697968,0.230277386,0.829207057,0.946542654,0.503182708,0.036830355,-0.003433619,-0.000309283,6.89E-06,0,0,0,0,0,0,0,0,0,0,0.000146448,-0.001058151,-0.01375428,0.080524693,0.116041794,0.009112268,-0.011787942,-4.40E-05,8.81E-05,0,0,0,0,0,0,0,0,0,0,0,0,0.000129698,-0.001218171,-0.014057564,-0.017928751,-0.005455852,0.000360839,0,0,0,0,0,0,0,0,0,0,0,0,0,0,0,0,0,0,0,0,0,0,0,0,0,0
0,0,0,0,0,0,0,0,0,0,0,0,0,0,0,0,0,0,0,0,0,0,0,0,0,0,0,0,0,0,0,0,0,0,0,0,0,0,0,0,0,0,0,0,0,0,0,0,0,0,0,0,0,0,0,0,0,0,0,0,0,0,0,0,0,0,0,0,0,0,0,0,0,0,0,0,0,0,0,0,0,0,0,0,0,0,0,0,0,0.000104779,-0.000121324,-0.010162071,-0.023553259,-0.011823836,-0.001290441,0.000237132,0,0,0,0,0,0,0,0,0,0,0,8.82E-18,0.000421262,-0.005364124,-0.039078857,0.039252638,0.155920349,0.053241796,-0.007318764,-0.001025344,5.49E-05,0,0,0,0,0,0,0,0,1.40E-18,0.000321691,-0.003559782,-0.022490639,0.028558398,0.438302543,0.685471541,0.875733477,0.712774935,0.210319172,-0.015903952,-0.000503217,0,0,0,0,0,0,0,0,0.000723574,-0.010202907,-0.017633456,0.180855737,0.625576329,1.014904254,1.039755004,1.003598925,1.041909472,0.822924803,0.023170054,-0.004962649,0,0,0,0,0,0,1.69E-05,0.000371221,-0.011924615,0.031527352,0.442796513,0.934436053,1.031644659,0.965656607,0.580508698,0.378280373,0.768107928,0.948525361,0.013448002,-0.012920803,0.000837716,0,0,0,0,0.000190779,-0.000788399,-0.027341571,0.03027771,0.472407816,0.975966447,1.034832653,0.893324006,0.539231107,0.017391919,-0.066831356,0.483125017,1.007224112,0.384439355,0.095167245,-0.012276303,0,0,0,0.000221269,-0.001629163,-0.020660233,0.129469567,0.660627247,1.013435083,1.030671888,0.870875953,0.298124694,-0.013026025,-0.010188368,-0.032855995,0.48914905,1.050599554,1.036826406,0.375055317,-0.044500836,0,0,0,-0.002091844,-0.020855652,0.259197219,0.818741983,1.043037309,0.909665237,0.582006254,0.186320806,-0.008410914,-0.00487049,-0.016332193,0.084836313,0.72033495,0.969885093,0.546566908,0.126762902,-0.016401696,0,0,0,-0.018529106,0.447120505,0.963943853,1.045544889,0.748987675,0.217713166,0.000249318,-0.019577728,-0.001761088,-0.005500166,0.021521323,0.630190287,1.029287619,0.530225463,-0.007033176,-0.004256757,0.000189162,0,0,0,-0.021180045,0.884733365,0.990262731,0.676910573,0.098766578,-0.026553939,-0.005948426,-0.000446793,-0.001914114,-0.017746136,0.405145544,1.009351382,0.955085461,0.191465465,-0.035339018,-0.001018008,0.000142677,0,0,0,-0.008258612,0.343428621,0.310002281,0.046162258,-0.013371017,0.000361979,0,0,-0.003264706,-0.013968393,0.515727141,0.964368792,0.421425296,0.009542501,-0.004832721,0,0,0,0,0,0.000401688,-0.01714341,-0.022436479,-0.012345963,0.000286765,4.96E-05,0,0,-3.86E-05,-0.010855647,0.128035829,0.2421686,-0.011314645,-0.006851375,0.00075,0,0,0,0,0,2.66E-05,-0.001085361,-0.00075674,6.64E-05,0,0,0,0,1.65E-05,0.000646599,-0.0091755,-0.017372865,-0.001662071,0.000173611,0,0,0,0,0,0,0,0,0,0,0,0,0,0,0,0,0,0,0,0,0,0,0,0,0,0,0,0,0,0,0,0,0,0,0,0,0,0,0,0,0,0,0,0,0,0,0,0,0,0,0,0,0,0,0,0,0,0,0,0,0,0,0,0,0
0,0,0,0,0,0,0,0,0,0,0,0,0,0,0,0,0,0,0,0,0,0,0,0,0,0,0,0,0,0,0,0,0,0,0,0,0,0,0,0,0,0,0,0,0,0,0,0,0,0,0,0,0,0,0,0,0,0,0,0,0,0,0,0,0,0,0,0,0,2.76E-06,0.000122447,-0.001607077,-0.004880305,-0.003388174,-0.000145067,4.50E-05,0,0,0,0,0,0,0,0,0,0,0,0,0.000203125,-0.001855392,-0.024078499,-0.014179381,0.022257806,0.004755617,-0.019334304,-0.000574449,0.000106618,0,0,0,0,0,0,0,0,9.79E-32,9.49E-18,0.001100648,-0.010377808,-0.020427015,0.133874098,0.424383936,0.83097883,0.651408139,0.153165509,-0.011738426,-0.000350746,0,0,0,0,0,0,0,0,0.000442538,-0.004612609,-0.031413823,0.074731277,0.421632064,0.875635246,1.000240707,0.858520936,0.952878285,0.806428785,0.070290339,-0.007459712,0,0,0,0,0,0,6.60E-05,0.000520973,-0.020523419,-0.012757837,0.307340663,0.803113136,0.992388848,0.801796485,0.370900357,0.06323858,0.414364681,0.988914741,0.395701646,-0.025475979,0,0,0,0,0.000125613,-0.00064235,-0.008096916,-0.023911254,0.099931866,0.513935066,0.994260663,0.840861196,0.393095282,0.055240519,-0.030300364,-0.051905684,0.204407271,0.91065671,0.506672454,-0.031010315,0,0,0,0,-0.000985498,-0.009585626,0.066889893,0.266347001,0.819017446,1.014632898,0.713052872,0.13174023,-0.032315172,-0.02197949,-0.001462878,0.185205998,0.740724043,1.006722222,0.646719414,-0.039415441,0,0,0,0.001670156,-0.03460146,0.166760035,0.859991745,1.041480494,0.951961448,0.439029582,0.023998121,-0.025092388,-0.015505447,0.059414165,0.611694632,0.957763731,0.879438691,0.964453551,0.323685968,-0.021689798,0,0,0,-0.018158956,0.185556492,0.79892911,0.991590669,0.612095588,0.282060696,-0.023376821,-0.006791916,-0.0093245,0.019065547,0.653301777,0.977493413,0.403927564,0.426423866,0.818514621,0.045375596,-0.00583558,0,0,0,-0.051298187,0.577484611,0.868436026,0.232724631,-0.005458603,-0.027876921,-0.0010741,-0.004359268,-0.012805277,0.523862443,0.985632329,0.396688493,-0.007580768,0.73782639,0.554852466,-0.013883861,-0.002047817,0,0,0,-0.025108507,0.286665901,0.160052349,-0.029384021,-0.006064304,-0.000534961,-0.001648625,-0.020988087,0.354299615,0.979872498,0.726980222,0.024994043,0.384892245,0.847109392,0.154866115,-0.020759174,-9.93E-05,0,0,0,0.001728452,-0.01970435,-0.013844574,0.000691381,0,0,-0.007118566,0.013955454,0.653744485,1.04796555,0.385675858,0.354178564,0.845639463,0.251220622,-0.014201882,-0.001278203,1.66E-05,0,0,0,5.36E-05,-0.000611213,-0.000199034,2.14E-05,0,0,-0.003942334,-0.005399393,0.468302117,0.948316568,0.676705457,0.799208929,0.369297555,-0.029844312,-0.001833929,0.000308824,0,0,0,0,0,0,0,0,0,0,0.000241524,-0.008627706,0.039231618,0.275015455,0.360317351,0.180215516,-0.021588195,-0.002194734,7.53E-05,0,0,0,0,0,0,0,0,0,0,0,0,0.000907978,-0.006881497,-0.03381395,-0.040747218,-0.022968896,-0.000195264,0.000228283,0,0,0,0,0,0,0,0,0,0,0,0,0,0,0,0,0,0,0,0,0,0,0,0,0,0,0,0,0,0,0,0,0,0,0,0,0,0,0,0,0,0,0,0,0,0
0,0,0,0,0,0,0,0,0,0,0,0,0,0,0,0,0,0,0,0,0,0,0,0,0,0,0,0,0,0,0,0,0,0,0,0,0,0,0,0,0,0,0,0,0,0,0,0,0,0,0,0,0,0,0,0,0,0,0,0,0,0,0,0,0,0,0,0,0,0,0,0,0,0,0,0,0,0,0,0,0,0,0,0,0,0,0,0,0,0,0,0,0,0,0,0,0,0,0,0,0,5.39E-18,-3.50E-17,-3.35E-16,0.000199142,-0.000557002,-0.015719039,-0.024006189,-0.023265165,-0.023147723,-0.00967967,0.000626787,-5.87E-16,-1.54E-16,2.63E-18,1.21E-18,0,0,0,0,0,0.000428922,-0.013381877,-0.021016646,-0.022864754,-0.014294067,0.158603367,0.252981941,0.246569734,0.244468359,0.089598141,-0.027772076,-0.0207676,-0.01950674,-0.009093648,0.000117783,4.19E-05,0,0,0,0,-0.00935483,0.135407047,0.537536247,0.81704121,0.887681709,0.946601834,0.978016598,0.962346368,0.966317602,0.917293221,0.858992822,0.802836226,0.304770749,0.034027336,-0.019531104,-0.000209225,9.76E-05,0,0,0,-0.018686683,0.647081601,0.915771395,0.903266902,0.825498928,0.676045309,0.685296411,0.581616353,0.605866319,0.741461346,0.996440564,1.022046696,0.986557053,0.663962708,0.120948121,-0.008737983,-0.000100689,0,0,0,-0.003474265,0.153474498,0.170337674,0.171003251,0.115390063,0.015933687,0.020574732,-0.026281471,0.022342354,0.583664301,0.989384566,0.967822381,0.96756873,1.020607043,0.706248162,0.077233184,-0.012258367,0,0,0,0.000514706,-0.021161795,-0.025231618,-0.0251875,-0.018905637,-0.009195806,-0.017111852,0.171017208,0.764255991,0.977093001,0.555505991,0.166831051,0.126595792,0.664423049,1.036809811,0.36072035,-0.042825405,0,0,0,0,0,0,0,-5.02E-17,-0.014330576,0.140577993,0.83012323,0.980428036,0.476514774,0.002502621,-0.028285231,-0.056663365,0.528190462,1.006216861,0.341988103,-0.040684848,0,0,0,0,0,0,0,-2.63E-16,-0.020950702,0.445501881,1.006171817,0.384490729,-0.028945348,-0.045265277,-0.009898562,0.344183465,0.947178162,0.742572357,0.047198409,-0.009325482,0,0,0,0,0,0,0,-2.70E-16,-0.021116217,0.45746783,0.982409722,0.396327478,0.175535863,0.288889978,0.605174473,1.041634532,0.852937313,0.196268876,-0.021085155,0.000668542,0,0,0,0,0,0,0,-5.78E-17,-0.015698359,0.162299488,0.861505753,0.969962844,0.924967627,0.964086227,0.963833789,0.675116898,0.21054325,-0.00990739,-0.00077308,0,0,0,0,0,0,0,0,8.21E-18,-0.000568491,-0.019766214,0.136085172,0.583827393,0.749477686,0.506687926,0.120382934,0.004923986,-0.015630515,-0.003046569,0.000215993,0,0,0,0,0,0,0,0,0,0.000103145,0.000106702,-0.011220282,-0.035626328,-0.044306526,-0.031346099,-0.01052877,-0.003510774,-0.00056296,9.19E-05,0,0,0,0,0,0,0,0,0,0,0,0,0,0,0,0,0,0,0,0,0,0,0,0,0,0,0,0,0,0,0,0,0,0,0,0,0,0,0,0,0,0,0,0,0,0,0,0,0,0,0,0,0,0,0,0,0,0,0,0,0,0,0,0
0,0,0,0,0,0,0,0,0,0,0,0,0,0,0,0,0,0,0,0,0,0,0,0,0,0,0,0,0,0,0,0,0,0,0,0,0,0,0,0,0,0,0,0,0,0,0,0,0,0,0,0,0,0,0,0,0,0,0,0,0,0,0,0,0,0,0,0,0,7.35E-05,-0.000484835,-0.002759651,-0.004370694,-0.001098346,0.000102124,0,0,0,0,0,0,0,0,0,0,0,0.00013174,-0.000628287,-0.008345588,-0.020567402,-0.025516697,-0.003153646,0.016437025,-0.020669118,-0.016824483,0.000230086,7.08E-05,0,0,0,0,0,0,0,8.40E-19,1.66E-17,-0.00018927,-0.007750482,0.023782339,0.113655586,0.279397314,0.577632915,0.755699965,0.370100694,0.075100184,-0.0221194,0.000689696,0,0,0,0,0,0,0,0.000404412,-0.002495745,-0.029682394,0.138275889,0.653999183,0.820920428,0.966331767,1.033487132,1.018120253,0.993164982,0.758943253,0.211203091,-0.01497355,0,0,0,0,0,0,5.99E-05,-0.003792446,-0.007072582,0.331190721,0.8199413,1.036822014,1.042229679,1.000362127,0.87374093,0.909395359,0.999829179,1.051275223,0.68746073,-0.041967001,0,0,0,0,0,5.26E-05,-0.000345537,-0.030355069,0.205509583,0.897455559,1.054305607,0.913410199,0.627160488,0.416063623,0.206745336,0.798563552,1.01737597,1.033231158,0.721662173,-0.043785233,0,0,0,0,0.000137868,-0.000732033,-0.019415067,0.121606635,0.766105494,1.027473482,0.777637139,0.364392429,0.007973448,-0.061536918,0.382636506,0.975956001,0.860563981,0.982194427,0.720902165,-0.043393995,0,0,0,0,-0.00023063,-0.018278012,0.095769387,0.747028305,1.046065002,0.870799122,0.197770253,-0.026481022,-0.023309011,0.066598005,0.759440325,0.9165778,0.415640608,0.940005566,0.731429943,-0.043520527,0,0,0,0.000914862,-0.022983898,0.131809309,0.720411646,0.996903697,0.927637987,0.263128796,-0.028646661,-0.002580593,-0.027412735,0.191518825,0.928682275,0.900245642,0.556789369,1.009374779,0.72648012,-0.0436971,0,0,0,-0.005901971,0.045994439,0.606383675,1.048949102,1.008806833,0.467337417,-0.015164095,-0.003929281,0.000199747,-0.032241042,0.233131225,0.985713298,0.809907461,0.640041784,1.065963441,0.714666816,-0.04340992,0,0,0,-0.048960461,0.537669441,1.056612602,0.939025054,0.530854677,0.057649578,-0.009210461,0.000350577,0,-0.029953431,0.212867851,0.947781829,0.929655793,0.917834729,1.024321946,0.471938317,-0.030070006,0,0,0,-0.042865775,0.480514876,0.805038132,0.27937083,0.006756042,-0.013163858,0.00049663,0,0,-0.015490196,0.084351001,0.771437908,1.052535482,1.014984647,0.672270084,0.05813591,-0.006364379,0,0,0,-0.001219107,0.014249983,0.0186718,-0.020364839,-0.007187619,0.000663909,1.01E-05,0,0,-0.002535846,-0.014846422,0.443490639,0.839953749,0.461436887,0.04130993,-0.017395033,0.000490247,0,0,0,0.000256587,-0.002897008,-0.004691258,-0.000697763,7.02E-05,0,0,0,0,0.000217831,-0.007055487,0.05540065,0.115011975,0.000588865,-0.008354354,0.00039374,1.82E-05,0,0,0,0,0,0,0,0,0,0,0,0,0,0.000754148,-0.008479067,-0.016873249,-0.003067547,0.000295544,0,0,0,0,0,0,0,0,0,0,0,0,0,0,0,0,0,0,0,0,0,0,0,0,0,0,0,0,0,0,0,0,0,0,0,0,0,0,0,0,0,0,0,0,0
0,0,0,0,0,0,0,0,0,0,0,0,0,0,0,0,0,0,0,0,0,0,0,0,0,0,0,0,0,0,0,0,0,0,0,0,0,0,0,0,0,0,0,0,0,0,0,0,0,0,0,0,0,0,0,0,0,0,0,0,0,0,0,0,0,0,0,0,0,0,0,0,0,0,0,0,0,0,0,0,0,0,0,0,0,5.23E-18,0.000196078,-0.006056011,-0.019606924,-0.033799939,-0.032488971,-0.033005515,-0.012965941,-0.004212623,0.000428922,0,0,0,0,0,0,0,0,7.09E-18,0.000153186,0.000327648,-0.021748366,0.005169428,0.121340091,0.247164471,0.235734886,0.240235566,0.061656357,0.001576968,-0.006580627,0.000605086,1.42E-18,0,0,0,0,2.72E-05,4.08E-05,-0.002718035,-0.017141033,-0.024756604,0.205212248,0.606316548,0.81771075,0.994110975,0.986731413,0.994699244,0.754165546,0.438169594,0.007008357,-0.012680079,0.000399306,0,0,0,0,0.000517712,-0.007310602,-0.025675727,0.205086676,0.501703593,0.891317211,1.033085516,1.044881969,1.007248685,0.904878521,0.898470609,0.976046804,0.999942878,0.511206008,0.009097536,-0.003147599,0,0,0,0.000813164,-0.016419271,0.031164666,0.438930334,0.865328959,1.023867936,1.012362064,0.960538859,0.66707627,0.430405229,0.131973652,0.091538994,0.459303008,1.012455065,0.988873315,0.468058704,-0.029772008,0,0,0,-0.011394931,0.110079742,0.571909913,0.998738375,1.013997532,0.991573291,0.862101631,0.373471543,0.029682138,-0.07559341,-0.01567773,0.120281744,0.720013503,1.000041871,1.026206716,0.737824397,-0.044626379,0,0,0,-0.049148965,0.538743362,1.074655453,1.025679619,0.942890438,0.583256893,0.101166667,-0.026550385,-0.021549734,0.165572729,0.555214852,0.894490434,1.012114298,0.987530552,1.021686904,0.681942793,-0.041559232,0,0,0,-0.019643587,0.212094397,0.564908296,0.549721984,0.314088797,0.097322287,-0.018399152,-0.028036872,0.21547258,0.875589801,1.028701389,0.997293811,0.994016686,0.991501481,0.977540016,0.380135434,-0.024917484,0,0,0,0.001039501,-0.011798337,-0.005662656,-0.00410236,-0.02547812,-0.015369227,0.00092699,-0.050167385,0.43006096,1.047494123,0.983703783,0.983874689,0.989515307,0.998091038,0.798411619,0.03864802,-0.005695803,0,0,0,0.000102124,-0.001058687,-0.004778987,-0.004774646,-0.001008136,0.000143995,0,-0.032718193,0.264045939,0.955367902,1.015166769,0.987269046,0.990367494,0.999335069,0.919697508,0.184970418,-0.014076695,0,0,0,0,0,0,0,0,0,0,-0.004051608,0.021568321,0.269043522,0.755655348,0.986354609,1.02558545,0.940135349,0.461791769,0.074487132,-0.00648989,0,0,0,0,0,0,0,0,0,0,0.000704415,-0.005557394,-0.031736792,0.041756247,0.358464835,0.585572745,0.225965074,-0.002679449,-0.015865179,0.000713184,0,0,0,0,0,0,0,0,0,0,0,4.26E-05,-0.00010672,-0.005763838,-0.023753728,-0.036302281,-0.016373009,-0.00239517,0.000323478,2.91E-06,0,0,0,0,0,0,0,0,0,0,0,0,0,0,0,0,0,0,0,0,0,0,0,0,0,0,0,0,0,0,0,0,0,0,0,0,0,0,0,0,0,0,0,0,0,0,0,0,0,0,0,0,0,0,0,0,0,0,0,0,0,0,0
0,0,0,0,0,0,0,0,0,0,0,0,0,0,0,0,0,0,0,0,0,0,0,0,0,0,0,0,0,0,0,0,0,0,0,0,0,0,0,0,0,0,0.000361238,-0.003408748,-0.00239819,0.000271493,0,0,0,0,0,0,0,0,0,0,0,0,0,0,0,0,-0.003408748,0.032165918,0.022630004,-0.002561887,0,0,0,0,0,0,0,0,0,0,0,0,0,0,0,0,-0.00239819,0.022630004,0.015921109,-0.00180239,0,0,0,0,1.31E-18,0.000272672,-0.002663263,-0.020080576,-0.013493873,0.00040288,4.87E-05,0,0,0,0,0,0.000271493,-0.002561887,-0.00180239,0.000204044,0,0,3.06E-18,0.000635723,-0.003743277,-0.030653595,-0.025850811,0.12482404,0.070410726,-0.018269336,0.000583282,0,0,0,0,0,0,0,0,0,0,0.000297583,-0.002062568,-0.021231447,0.021466929,0.300159144,0.588929076,0.840266595,0.704424854,0.149190411,-0.011347426,0,0,0,0,0,0,0,0,4.08E-05,0.000175288,-0.013239305,-0.023507857,0.096839594,0.668309605,0.979057213,0.953785473,0.941682463,1.03091685,0.541863391,-0.03390832,0,0,0,0,0,0,8.58E-06,0.00014328,-0.002115724,-0.019837691,0.047966875,0.386998077,0.848737762,0.980146225,0.590584423,0.2107365,0.625091605,1.034436257,0.69042162,-0.04189614,0,0,0,0,0,0.000359545,-0.002250408,-0.02438814,-0.019794101,0.256181764,0.785932528,0.989623332,0.868013821,0.244275616,0.187270374,0.679835786,0.981164165,1.033040305,0.642146497,-0.039428309,0,0,0,0.000744656,-0.007629528,-0.033827249,-0.026327376,0.135281744,0.536912054,0.996427713,0.921697733,0.495699534,0.076275957,0.27189808,0.82830639,0.853752616,0.711274033,0.948047454,0.32172983,-0.02140671,0,0,0,-0.008131638,0.083106107,0.335185734,0.522228928,0.865253659,1.003995217,0.662883919,0.176371666,-0.044217848,0.521030552,1.026892804,0.905448325,0.154013068,0.466443644,0.772845844,0.041111383,-0.00551491,0,0,0,-0.043222097,0.472847536,0.950796408,0.969688948,0.898989187,0.373630271,0.010883372,-0.037951844,0.09554601,0.846160963,1.043439576,0.450491793,0.310071765,0.84804426,0.245137785,-0.023155939,-0.000345379,0,0,0,-0.009889025,0.107257625,0.264885757,0.272504425,0.114439168,-0.023377417,-0.008455372,-0.019649321,0.139818457,0.879763531,0.972796586,0.598806049,0.881149447,0.410521004,-0.015144421,-0.003858081,7.15E-05,0,0,0,0.000893587,-0.009676266,-0.024311076,-0.025459559,-0.011851511,0.000352328,4.60E-05,-0.003600342,0.012705423,0.354062313,0.762138634,0.754272603,0.306631405,-0.004519846,-0.004187517,0.00032935,0,0,0,0,0,0,0,0,0,0,0,0.000535649,-0.004472375,-0.015582942,0.017115639,0.018311121,-0.022774245,-0.005174122,0.000428922,0,0,0,0,0,0,0,0,0,0,0,0,0,8.44E-05,-0.001202461,-0.004413092,-0.004286305,-0.000683319,8.12E-05,0,0,0,0,0,0,0,0,0,0,0,0,0,0,0,0,0,0,0,0,0,0,0,0,0,0,0,0,0,0,0,0,0,0,0,0,0,0,0,0,0,0,0,0,0,0,0,0,0,0,0,0,0,0,0,0,0,0,0,0,0,0,0,0,0,0
0,0,0,0,0,0,0,0,0,0,0,0,0,0,0,0,0,0,0,0,0,0,0,0,0,0,0,0,0,0,0,0,0,0,0,0,0,0,0,0,0,0,0,0,0,0,0,0,0,0,0,0,0,0,0,0,0,0,0,0,0,0,0,0,0,0,0,0,0,0,0,0,0,0,0,0,0,0,0,0,0,0,0,0,0,0,0,0,4.69E-05,0.000116728,-0.009523897,-0.028049326,-0.025452794,-0.000445772,9.96E-05,0,0,0,0,0,0,0,0,0,0,8.06E-32,6.81E-05,0.000805104,-0.014227635,-0.037198376,0.032640574,0.195806134,0.171884282,-0.037784756,-0.006712963,0.000965074,-3.02E-17,3.23E-18,0,0,0,0,0,0,0,0.000442538,-0.005390455,-0.02812207,0.135933704,0.390444138,0.697213559,0.942387204,0.919393166,0.460971967,0.048717405,-0.024277131,-0.008065768,0.000904977,0,0,0,0,0,1.59E-05,0.001183401,-0.015518324,-0.012630889,0.286156979,0.795057071,1.019842156,0.976591388,0.819195168,0.808836594,1.014758758,0.335308793,0.071706888,0.087697896,-0.009566308,0,0,0,1.94E-05,-3.97E-06,-0.001496068,-0.025122583,0.057050449,0.510261319,0.976740655,1.045291599,0.747972461,0.2404295,0.035960563,0.102917873,0.859790833,0.902358949,0.839968086,0.425793199,-0.048545921,0,0,0,0.000477601,-0.011047348,-0.023301164,0.176512442,0.694498281,1.032635178,0.914222956,0.417311802,0.061832312,-0.026146838,-0.023846592,0.058864549,0.794598107,1.032674326,0.796618345,0.172317964,-0.022469121,0,0,0,-0.007375408,0.055966209,0.478675143,0.898239464,1.059631723,0.795844244,0.214184111,-0.032808943,-0.015754681,-0.001984477,-0.015739549,0.480350322,0.995927202,1.004288041,0.426701083,-0.036351562,0.000898863,0,0,0,-0.020998434,0.6198605,1.047089359,0.925819138,0.475314934,0.154669543,-0.021726438,-0.002087844,-0.001844788,-0.022292433,0.354782561,0.974505201,1.010265217,0.890402199,0.120417994,-0.011208793,7.70E-05,0,0,0,-0.01844367,0.774910748,0.767693972,0.222275216,-0.038203735,-0.018958817,0.000173297,-7.11E-05,-0.02473187,0.213944176,0.926442291,0.924706276,0.997019401,0.736166059,0.006791679,-0.003778179,0,0,0,0,-0.002724163,0.090307502,0.068578176,-0.025021872,-0.002302049,-0.000157271,3.67E-05,-0.002352124,-0.009066449,0.540981975,1.034066976,0.78802505,1.007947917,0.479483303,-0.016631774,-0.001747141,0,0,0,0,0.000276586,-0.00941241,-0.00788271,0.000691466,0,0,0,-0.001872345,-0.013355052,0.474824466,1.010257778,1.028214674,0.702201185,0.098008102,-0.008167892,-0.000347426,0,0,0,0,0,0,0,0,0,0,0,-1.52E-05,-0.007597273,0.052653799,0.298578551,0.314436275,0.023715397,-0.018839257,0.00042739,5.15E-05,0,0,0,0,0,0,0,0,0,0,0,9.65E-06,0.000460937,-0.004987745,-0.020589359,-0.021423199,-0.004616013,0.00021829,2.30E-05,0,0,0,0,0,0,0,0,0,0,0,0,0,0,0,0,0,0,0,0,0,0,0,0,0,0,0,0,0,0,0,0,0,0,0,0,0,0,0,0,0,0,0,0,0,0,0,0,0,0,0,0,0,0,0,0,0,0,0,0,0,0,0,0
0,0,0,0,0,0,0,0,0,0,0,0,0,0,0,0,0,0,0,0,0,0,0,0,0,0,0,0,0,0,0,0,0,0,0,0,0,0,0,0,0,0,0,0,0,0,0,0,0.000734988,-0.012114875,-0.017916514,-0.010447189,-0.000219672,0.000114141,0,0,0,0,0,0,0,0,0,0,0,3.70E-05,-0.000117698,-0.004862827,-0.028248009,0.073560117,0.124943491,0.059268978,-0.019324273,-0.001569819,0.00010723,0,0,0,0,0,0,0,0,0,0,0.001052305,-0.015993243,0.024963091,0.308136778,0.74754599,0.847228214,0.709596133,0.320224903,-0.022421739,-0.005374592,0.000628676,0,0,0,0,0,0,0,3.70E-05,0.001052305,-0.032025293,0.128038535,0.765733239,1.009529139,1.02842967,1.017047403,1.023474826,0.926333228,0.286262442,0.015362609,-0.004258885,0,0,0,0,0,0,0,0.00022595,-0.022233201,0.127277539,0.738320227,1.029062513,0.891733473,0.847107128,0.987307513,0.994266476,1.001593426,0.799456342,0.137652267,-0.022747004,7.10E-05,0,0,0,0,0,0.001649981,-0.023210886,0.064455315,0.772049787,1.041583914,0.830509167,0.156670217,0.378227345,0.984533278,0.993263354,1.00702652,0.90834558,0.224432877,-0.022613887,-0.000351749,0,0,0,0,0.000632149,-0.020259519,0.07335735,0.651185083,1.055227158,0.802848516,0.142401383,-0.079630106,0.711641833,1.029263685,0.991152795,0.99168907,1.00984409,0.786836891,0.019785063,-0.004648386,0,0,0,9.62E-05,-0.029250953,0.026485773,0.686905654,1.021240707,0.792110175,0.17551428,-0.033063505,0.039879868,0.775304449,1.022761812,0.995903663,0.99293214,0.99677662,0.967500034,0.04073383,-0.006326491,0,0,0,-0.003930522,0.111757659,0.474401862,0.990979558,0.836997072,0.139702785,-0.025750885,-0.034771463,0.251077529,0.929118039,0.997816993,0.969934385,0.988538295,0.997031761,0.950494758,0.03885512,-0.006171977,0,0,0,0.03073812,0.648201236,1.085431291,0.818078976,0.154253557,-0.024100814,-0.003126821,-0.014881324,0.40177725,0.979532935,0.92802502,0.72778285,0.956743067,1.001902063,0.953906573,0.039227226,-0.006202819,0,0,0,0.240390713,0.979169486,0.782497499,0.156088402,-0.023538363,-0.000778607,-0.006894304,0.015193928,0.621353356,1.029423994,0.974748855,0.929771989,0.984292979,1.005364556,0.837300491,0.025996409,-0.005131823,0,0,0,0.089241813,0.328153765,0.116865735,-0.020596916,-0.000447474,0.000171569,-0.006218852,0.010177683,0.582364805,1.015812738,0.993684436,0.998050807,0.9918861,1.018745507,0.682427305,0.00741408,-0.00366779,0,0,0,-0.007936326,-0.030102805,-0.012189509,0.000587214,0,0,-0.001180896,-0.024776915,0.327436615,0.950147621,1.0002388,0.99041619,1.000917275,0.937931679,0.312221729,-0.01897995,-0.000899306,0,0,0,0,0,0,0,0,0,0.000174632,-0.03592057,0.273595027,0.972671756,1.022292211,1.008023352,1.090345957,0.607363545,-0.049595878,-0.001120847,2.43E-05,0,0,0,0,0,0,0,0,0,0,-0.014032041,0.106478401,0.504034399,0.813419356,0.823752025,0.499607962,0.230290867,-0.023938504,0.000127247,4.29E-06,0,0,0,0,0,0,0,0,0,0,0.001640217,-0.015731014,-0.012087002,0.076039909,0.081623303,-0.033588253,-0.030791651,0.002557988,0,0,0,0,0,0,0,0,0,0,0,0,0,0.000260417,-0.003712725,-0.013568219,-0.014106584,-0.001964861,0.000285948,0,0,0,0,0,0,0,0,0,0,0,0,0,0,0,0,0,0,0,0,0,0,0,0,0,0
0,0,0,0,0,0,0,0,0,0,0,0,0,0,0,0,0,0,0,0,0,0,0,0,0,0,0,0,0,0,0,0,0,0,0,0,0,0,0,0,0,0,0,0,0,0,0,0.000820109,-0.00555705,-0.04140353,-0.051248217,-0.047481554,-0.014581745,0.000921283,0,0,0,0,0,0,0,0,0,0,0,8.94E-05,-0.000249694,-0.021938466,0.013354677,0.366614311,0.480726597,0.429131927,0.100588405,-0.014563334,0.000568066,0,0,0,0,0,0,0,0,0,0.000419118,-0.003057972,-0.025839767,0.192392721,0.721426334,0.710398029,0.392850967,0.658734766,0.729866631,0.060379306,-0.009533718,0.000275735,0,0,0,0,0,0,0,1.15E-05,-0.002518842,-0.002728741,0.271414403,0.841550419,0.540184351,0.05501908,-0.042809079,0.01346858,0.656079434,0.491604711,-0.028719448,-0.001462929,6.22E-20,0,0,0,0,0,1.63E-05,0.000362115,-0.029336414,0.122360073,0.843172845,0.517609283,-0.038346405,-0.007310015,7.78E-05,-0.020262,0.185512905,0.619497379,0.082960835,-0.013890421,3.06E-06,0,0,0,0,0,-7.32E-05,-0.006698667,0.079406007,0.664412155,0.738356196,0.059038506,-0.012500679,0.000132485,8.07E-18,-0.009390499,0.039841277,0.627941142,0.239906105,-0.027661972,-8.73E-05,0,0,0,0,0,-0.001201745,-0.022130327,0.571483218,0.747402046,0.134700827,-0.026662998,0.000432768,0.000127042,-0.001385366,-0.01340499,0.037241501,0.704696181,0.309660267,-0.03317019,-0.000181526,0,0,0,0,0,-0.000477763,-0.004453193,0.163053905,0.083083469,-0.020845639,0.001613061,0.000428513,-0.007277335,-0.018041888,0.020202444,0.042495737,0.736282782,0.336726103,-0.034990758,-0.00023269,0,0,0,0,0,5.87E-05,0.000643689,-0.02145435,-0.014998468,0.000742034,1.47E-05,-0.002474367,0.005947032,0.428510672,0.655839427,0.122903265,0.669490009,0.292952308,-0.031803922,-0.000159007,0,0,0,0,0,0,0,0,0,0.000204248,-0.000864213,-0.041224282,0.410055709,0.806727771,0.248531488,0.079372291,0.627916633,0.186172488,-0.024537224,9.65E-06,0,0,0,0,0,0,0,0,6.58E-18,-0.001575557,-0.02537069,0.316578955,0.8575755,0.199866326,-0.057935928,0.119708263,0.787603288,0.170615395,-0.024124373,0,0,0,0,0,0,0,0,0,-4.52E-17,-0.014688181,0.147345434,0.786407067,0.37078188,-0.025253676,-0.026472205,0.38750282,0.664894914,0.032657169,-0.00915625,0,0,0,0,0,0,0,0,0,-3.05E-16,-0.019191347,0.514515273,0.608340976,-0.020703602,-0.025076083,0.045279531,0.76401188,0.293244809,-0.031081308,0.000519608,0,0,0,0,0,0,0,0,0,-6.17E-16,-0.009518825,0.783452095,0.25401297,-0.062604643,0.086930215,0.586420564,0.687019078,0.031727465,-0.00449469,3.31E-05,0,0,0,0,0,0,0,0,0,-4.87E-16,-0.014046671,0.663360408,0.509836448,0.459233081,0.772578091,0.69916682,0.105120749,-0.015455559,0.000363817,0,0,0,0,0,0,0,0,0,0,-6.99E-17,-0.012177279,0.15164979,0.695177853,0.741912495,0.312362453,0.04155543,-0.014872454,6.17E-05,0,0,0,0,0,0,0,0,0,0,0,7.93E-18,0.000381264,-0.011950695,-0.014778391,-0.01583895,-0.020587895,-0.010390965,5.10E-07,9.70E-05,0,0,0,0,0,0,0,0,0,0,0,0,0,0,0,0,0,0,0,0,0,0,0,0,0,0
0,0,0,0,0,0,0,0,0,0,0,0,0,0,0,0,0,0,0,0,0,0,0,0,0,0,0,0,0,0,0,0,0,0,0,0,0,0,0,0,0,0,0,0,0,0,0,0,0,0,0,0,0,0,0,0,0,0,0,0,0,0,0,0,0,0,0,0,0,0,0,0,0,0,0,0,0,0,0,0,0,0,0,0,0,0,0,7.34E-05,-9.77E-05,-0.009800245,-0.020257966,-0.020341912,-0.019787514,-0.007351409,0.000681679,0,0,0,0,0,0,0,0,0,2.61E-18,-4.42E-18,0.000421262,-0.010282653,-0.029068015,0.036017787,0.126729269,0.127786526,0.122055409,0.020015148,-0.015649254,0.001137834,1.02E-05,0,0,0,0,0,0,2.20E-05,0.000397093,-0.007241966,-0.024869621,0.09157622,0.338062177,0.699750698,0.849613494,0.847120881,0.849746341,0.595106805,0.080714699,-0.017558041,0.000215482,0,0,0,0,0,0,0.000833282,-0.021785649,0.029701908,0.317916293,0.84104115,0.805903007,0.688089866,0.316403055,0.144952679,0.401179618,0.814455468,0.741337593,0.04664659,-0.005882964,0,0,0,0,8.48E-05,0.00069881,-0.026450929,0.091290475,0.65860849,0.931570653,0.518657056,0.107369724,-0.031708469,-0.026690972,-0.063916633,0.210538672,0.705189508,1.033185815,0.400047437,-0.02606633,0,0,0,0.000459559,-0.005506196,-0.049450865,0.223515574,0.804761812,0.730065445,0.232399986,-0.024817068,-0.015056304,-0.012384804,0.054560509,0.531669986,0.884589958,0.701415662,0.782796211,0.718011183,-0.042374847,0,0,0,-0.001995677,0.007092865,0.311332396,0.844484256,0.623760451,0.014082567,-0.028459133,-0.002421222,-0.003178819,0.015245387,0.602696095,0.740899544,0.243761091,-0.016999047,0.43406204,0.728672624,-0.041163705,0,0,0,-0.029296875,0.319531931,0.941099629,0.500140778,0.011004,-0.013825521,-0.00010146,1.31E-05,-0.016037429,0.245190734,0.793407424,0.055594022,-0.030968672,-0.039881008,0.499364243,0.669090754,-0.038078329,0,0,0,-0.014040907,0.159411561,0.237785259,0.001955026,-0.009439179,0.00088327,0,0,-0.032080887,0.553989204,0.603218411,-0.056495913,-0.031980122,0.009015497,0.711779279,0.382424093,-0.02318444,0,0,0,0.000825504,-0.009228622,-0.018549998,-0.00497566,0.000374115,9.19E-06,0,0,-0.036548152,0.617296432,0.805592865,0.191403425,0.194929307,0.594767531,0.524733898,0.002552764,-0.002566228,0,0,0,0,0,0,0,0,0,0,0,-0.012649459,0.166566772,0.811911475,0.883064917,0.769676583,0.383219431,0.046523165,-0.012206053,0.000179585,0,0,0,0,0,0,0,0,0,0,0,0.000570874,-0.01797195,0.074732843,0.169718495,0.120326203,-0.026020663,-0.011435492,0.00109375,1.10E-05,0,0,0,0,0,0,0,0,0,0,0,4.66E-05,-0.000168709,-0.007628676,-0.01246201,-0.009413701,-0.0007404,8.68E-05,0,0,0,0,0,0,0,0,0,0,0,0,0,0,0,0,0,0,0,0,0,0,0,0,0,0,0,0,0,0,0,0,0,0,0,0,0,0,0,0,0,0,0,0,0,0,0,0,0,0,0,0,0,0,0,0,0,0,0,0,0,0,0,0,0
0,0,0,0,0,0,0,0,0,0,0,0,0,0,0,0,0,0,0,0,0,0,0,0,0,0,0,0,0,0,0,0,0,0,0,0,0,0,0,0,0,0,0,0,0,0,0,0,0,0,0,0,0,0,0,0,0,0,0,0,0,0,0,0,0,0,0,0,0,0,0,0,0,0,0,0,0,0,0,0,0,0,0,0,0,0,0,0,0,0,0,0,0,0,0,0,0,0,0,0,0,0,0,0,0,0,0,0,1.04E-18,4.23E-18,-2.36E-16,-5.26E-16,-5.60E-16,-5.58E-16,-5.29E-16,-9.35E-17,7.37E-18,0,0,0,0,0,0,0,0,0,4.26E-05,-4.43E-05,-0.003835614,-0.013164828,-0.020262629,-0.020818525,-0.020751634,-0.020763889,-0.021115196,-0.015950095,-0.002473788,0.000350577,0,0,0,0,0,0,0,1.32E-17,0.000510069,-0.020297945,-0.012592026,0.06740371,0.402907274,0.735819303,0.78606661,0.778577005,0.740409125,0.200833079,-0.006552322,-0.000773734,0,0,0,0,0,5.39E-05,2.40E-05,-0.00865865,-0.040637868,0.154362354,0.510057428,0.803189219,1.012847426,1.042392787,0.928245723,0.981309998,1.052428479,0.9018614,0.252092507,-0.03121642,0,0,0,0,0.000418246,-0.003236724,-0.028860022,0.091355375,0.480759651,0.841077446,1.045541224,1.042366132,0.843896412,0.422288416,0.19180615,0.268986298,0.675199959,1.072616813,0.451747055,-0.052352126,0,0,0,0.000770187,-0.01207124,-0.026979354,0.231031488,0.81423075,1.036645101,0.987586863,0.680414743,0.883740843,0.874036152,0.158929517,-0.101382451,0.063105443,0.758900854,1.049545973,0.373600677,-0.044255432,0,0,0,-0.008347801,0.073188296,0.513859222,0.903904684,1.044197798,0.793555624,0.354875854,0.017038756,0.34114054,0.946797079,0.720147825,0.386272064,0.633645221,1.018253642,0.601487217,0.057184879,-0.009610697,0,0,0,-0.021356651,0.713433832,1.047352975,0.903972694,0.62422372,0.127023613,-0.036237029,-0.012592689,-0.001211579,0.428445301,0.823974784,0.981838449,0.948199778,0.567564561,0.03279444,-0.01675961,0.001249689,0,0,0,-0.015513685,0.573996389,0.607685866,0.144415254,-0.026222597,-0.013312228,-0.001232794,0.000423986,-0.003505753,-0.024544271,0.050166718,0.376545578,0.297026314,-0.018401161,-0.01104473,0.000523897,0,0,0,0,-0.00138191,0.021578598,0.027534978,-0.019017991,0.000187057,6.38E-05,0,0,0,0.000606362,-0.006052985,-0.034340477,-0.027620336,-0.000219141,0.000268076,0,0,0,0,0,0.000278799,-0.007269781,-0.008291973,0.000453431,2.76E-05,0,0,0,0,0,0,0,0,0,0,0,0,0,0,0,0,0,0,0,0,0,0,0,0,0,0,0,0,0,0,0,0,0,0,0,0,0,0,0,0,0,0,0,0,0,0,0,0,0,0,0,0,0,0,0,0,0,0,0,0,0,0,0,0,0,0,0,0,0,0,0,0,0,0,0,0,0,0,0,0,0,0,0,0,0,0,0,0,0,0,0,0,0,0
0,0,0,0,0,0,0,0,0,0,0,0,0,0,0,0,0,0,0,0,0,0,0,0,0,0,0,0,0,0,0,0,0,0,0,0,0,0,0,0,0,0,0,0,0,0,0,0,0,0,0,0,0,0,0,0,0,0,0,0,0,0,0,0,1.84E-05,5.72E-05,-0.002218137,-0.013902154,-0.025182802,-0.024754902,-0.02532935,-0.018711193,-0.003283397,-1.97E-05,2.68E-05,0,0,0,0,0,0,0,0,0.000359375,-0.00530239,-0.016968205,-0.007864175,0.18084242,0.383575027,0.376045752,0.386347529,0.267073461,0.0055206,-0.027104967,-0.002166718,0.000424632,0,0,0,0,7.13E-18,-7.61E-17,0.000377074,-0.004608473,0.005575691,0.084179653,0.522369673,0.930996477,1.002674632,0.999853282,1.003448904,0.9701971,0.581081455,0.19989197,-0.006560423,-0.002551385,5.49E-05,0,0,0,0.0009872,-0.010825163,-0.025706589,-0.008856686,0.467576117,0.79166985,0.983129885,1.032990638,0.990291054,0.961659518,0.961914828,0.987412173,1.055587012,0.914540816,0.229234205,-0.024255021,-0.000253013,0,0,0,-0.015623514,0.169395102,0.356234222,0.574608811,0.994273555,1.072127512,0.872203352,0.589041673,0.226724009,0.114579851,0.113135675,0.238220942,0.809628515,1.041224964,0.766304285,0.046349092,-0.006066049,0,0,0,-0.042423237,0.462226477,1.034539902,1.044649442,0.944744179,0.607887834,0.179673832,-0.032773616,-0.020605137,-0.021153101,-0.026196061,-0.045450793,0.100614851,0.841863562,1.001606379,0.24794293,-0.017720792,0,0,0,-0.013799105,0.140685338,0.842028675,0.735661033,0.302375766,-0.013739107,-0.020433109,0.002115537,-0.01176588,-0.006197083,0.063054568,0.118505327,0.043644283,0.657430096,1.025260127,0.361604337,-0.023961601,0,0,0,0.000487217,-0.006220469,0.05332479,0.018874592,-0.018862217,-0.006103043,0.000512255,-0.011520984,0.047220861,0.545928479,0.937188351,0.953714342,0.710097649,0.820378591,1.043880089,0.672973907,-0.041099571,0,0,0,5.49E-05,-0.000514451,-0.006619227,-0.004466605,-0.00085575,8.30E-05,-0.002644029,-0.017908004,0.431629204,1.00897035,1.011032186,1.005628745,1.01639711,1.007711874,1.023344873,0.636997515,-0.039119383,0,0,0,0,0,0,0,0,0,-0.013460349,0.074977759,0.811320149,1.018517386,0.976956589,0.917698117,0.984636165,0.998552019,1.02632516,0.557365001,-0.034768813,0,0,0,0,0,0,0,0,0,-0.018208742,0.11918124,0.945373162,1.005333027,0.98277502,0.899488103,0.976380753,1.024746936,0.902863409,0.200403476,-0.014904361,0,0,0,0,0,0,0,0,0,-0.007062057,0.014887133,0.635249711,1.043266936,1.006093103,1.026855511,1.039406533,0.796894744,0.238153254,-0.022528765,-0.000186377,0,0,0,0,0,0,0,0,0,-0.000435219,-0.029702672,0.288677628,0.917966486,0.977082159,0.862873264,0.62892753,0.091996834,-0.029019284,-0.001453993,0.000146906,0,0,0,0,0,0,0,0,0,6.33E-05,-0.002929966,0.006899425,0.236992188,0.332555232,0.159995064,0.018334641,-0.011362064,-4.39E-05,7.89E-05,4.60E-07,0,0,0,0,0,0,0,0,0,0,0.000449107,-0.002647314,-0.029599537,-0.034464402,-0.018959378,-0.006121119,0.0002772,0,0,0,0,0,0,0,0,0,0,0,0,0,0,2.55E-06,-1.31E-05,-0.000440666,-0.000215482,2.45E-05,0,0,0,0,0,0,0,0,0,0,0,0,0,0,0,0,0,0,0,0,0,0,0,0,0,0,0
0,0,0,0,0,0,0,0,0,0,0,0,0,0,0,0,0,0,0,0,0,0,0,0,0,0,0,0,0,0,0,0,0,0,0,0,0,0,0,0,0,0,0,0,0,0,0,0,0,0,0,0,0,0,0,0,0,0,0,0,0,0,0,0,0,0,0,0,0,0,0,0,0,0,0,0,0,0,0,0,0,0,0,0,0,0,0,0,0,0,0,0,0,0,0,0,0,0,0,0,0,0,0,0,0,1.30E-19,0.000119145,-0.000270066,-0.010548577,-0.017322815,-0.016748366,-0.016931339,-0.015885937,-0.004380702,0.000414879,1.39E-17,3.89E-19,0,0,0,0,0,0,0,0.000113358,-0.000554534,-0.00744264,-0.016203817,0.099248536,0.176728452,0.170179739,0.172265625,0.160348046,0.028962163,-0.022772586,-0.003080406,0.000247651,0,0,0,0,0,0,8.68E-05,-0.000361889,-0.017430819,-0.004729764,0.367383813,0.839705543,0.923613999,0.915364233,0.916800851,0.912668471,0.807311718,0.313277978,-0.031027866,-0.013602381,0.001376611,0,0,0,4.60E-06,0.000190932,-0.002332465,-0.023271106,0.189778969,0.601832908,0.976143638,1.019838474,1.00990094,1.010130719,1.010042722,1.010592329,1.022223618,0.946700095,0.458614873,0.066408599,-0.014373395,0.000379391,0,0,0.000326287,-0.004259254,-0.009968614,0.169383715,0.758183466,1.043509208,1.000658504,0.99544441,0.996078431,0.995611213,1.000885757,1.020837155,1.016477958,1.011292909,1.02140785,0.529122787,0.006501213,-0.005473686,0,0,-0.003062534,-0.006989167,0.378517412,0.932957057,1.011846592,1.016338491,1.04339572,1.014286322,0.993921058,1.002188436,0.990322883,0.796771908,0.684555487,0.945383868,1.014603622,0.966794339,0.123537819,-0.018747787,0,0,-0.014129391,0.079929222,0.841715533,1.031279854,1.028941432,0.793444734,0.476339716,0.809412956,1.032012868,0.982662888,0.55599103,0.156952784,0.55121698,0.949246664,1.028283207,0.902075674,0.1019776,-0.016440291,0,0,-0.007034976,0.017875909,0.605486052,1.013677626,0.858777346,0.220801571,-0.050781552,0.280377821,0.878357317,1.018246708,0.920307519,0.887697005,1.02272193,1.020484489,0.956148581,0.499348291,0.006696843,-0.005210754,0,0,-5.96E-05,-0.013282683,0.117532339,0.347831733,0.224289131,-0.012984069,-0.004571936,-0.017870745,0.246483064,0.480006434,0.681099333,0.837995462,0.905570466,0.649437006,0.249320193,0.005787497,-0.005431902,0.000258715,0,0,3.40E-05,0.000988545,-0.011908531,-0.032354643,-0.021557138,5.96E-06,0.000244588,0.000349639,-0.023614737,-0.041275497,0.010978043,0.123583085,0.177527216,0.053395493,-0.022253455,-0.002580202,0.000356692,0,0,0,0,0,0,0,0,0,0,3.68E-06,9.80E-06,-0.000259804,-0.007183824,-0.019863642,-0.026020527,-0.011293811,-0.000148591,6.53E-05,0,0,0,0,0,0,0,0,0,0,0,0,0,0,0,0,0,0,0,0,0,0,0,0,0,0,0,0,0,0,0,0,0,0,0,0,0,0,0,0,0,0,0,0,0,0,0,0,0,0,0,0,0,0,0,0,0,0,0,0,0,0,0,0,0,0,0,0,0,0,0,0,0,0,0,0,0,0,0,0,0,0,0
0,0,0,0,0,0,0,0,0,0,0,0,0,0,0,0,0,0,0,0,0,0,0,0,0,0,0,0,0,0,0,0,0,0,0,0,0,0,0,0,0,0,0,0,0,0,0,0,0,0,0,0,0,0,0,0,0,0,0,0,0,0,0,0,0,0,0,0,0,0,0,0,0,0,0,0,0,0,0,0,0,0,0,0,0,0,6.13E-05,-0.00015776,-0.005249694,-0.007931066,-0.015321385,-0.02944424,-0.019596429,-0.007209559,-0.001617034,0.000231618,0,0,0,0,0,0,0,0,1.49E-18,1.08E-17,0.000250204,-0.008325452,0.001746153,0.017670173,0.083664062,0.208415952,0.121223129,0.012208316,-0.008529037,-0.001363426,8.94E-05,0,0,0,0,0,0,9.19E-06,0.000511642,-0.005446112,-0.029426232,0.09190762,0.553831274,0.677861809,0.773280467,0.950968239,0.822588443,0.656451474,0.259170888,-0.026655705,-0.002453023,0.000244588,0,0,0,0,0,0.001054482,-0.023506685,-0.005226312,0.386102788,0.864596919,1.053447118,1.067611627,0.947381731,0.925843372,0.991390299,1.039560505,0.8897006,0.250925139,-0.006482359,-0.001137413,0,0,0,0.000175143,-0.000362144,-0.026065104,0.107805845,0.570413943,1.003847971,1.022720588,0.688189355,0.51840145,0.2133133,0.187637085,0.567050552,0.993986315,1.034502366,0.821331904,0.108936053,-0.016144878,0,0,0,-0.002059504,-0.002587033,0.202417092,0.744179024,1.045201831,0.834306407,0.365216036,0.022689594,-0.047410556,-0.032041871,0.02772275,0.74006913,0.936225014,0.950175075,0.92578976,0.246522484,-0.030728058,0,0,0,-0.01296024,0.061929905,0.793193934,1.036897518,0.761744298,0.15478782,-0.040204588,-0.009426964,-0.004167637,-0.005644421,0.457640676,1.000372929,0.470245949,0.565611196,1.054202291,0.422058177,-0.049167584,0,0,0,-0.020630447,0.507715866,1.018792909,1.017862371,0.633243277,0.057234273,-0.011370766,-0.000207567,-0.022475814,0.199882761,0.917224997,0.782788801,0.000692623,0.475774986,1.058849673,0.42941168,-0.049886674,0,0,0,-0.02083758,0.833613983,1.003173196,0.918388638,0.281349874,-0.013125994,-0.000629726,-0.000673128,-0.028880124,0.350137411,1.051048079,0.585187956,0.00615602,0.278643723,1.02457693,0.420837019,-0.048766366,0,0,0,-0.009346405,0.276577188,0.390042722,0.215749336,-0.006771004,-0.002078227,0.000146753,-0.000717729,-0.029894029,0.368203891,1.063308892,0.872036369,0.700999813,0.883133732,0.909781539,0.210606141,-0.026934899,0,0,0,0.000644574,-0.023601786,-0.029994638,-0.021309062,-0.000617851,0.000130208,0,-0.000258374,-0.010906829,0.108444461,0.657913535,0.992413545,1.039684487,0.962060798,0.383705899,0.000130668,-0.00257674,0,0,0,2.14E-05,-0.000199034,-0.000611213,5.36E-05,0,0,0,1.82E-05,0.0007516,-0.015742051,0.036018995,0.225330721,0.50589231,0.231345044,-0.016023999,-0.005339614,0.000506298,0,0,0,0,0,0,0,0,0,0,6.13E-07,2.65E-05,0.000108967,-0.005192249,-0.016463607,-0.031905944,-0.01672646,-0.001251072,0.000154412,0,0,0,0,0,0,0,0,0,0,0,0,0,0,0,0,0,0,0,0,0,0,0,0,0,0,0,0,0,0,0,0,0,0,0,0,0,0,0,0,0,0,0,0,0,0,0,0,0,0,0,0,0,0,0,0,0,0,0,0,0,0,0
0,0,0,0,0,0,0,0,0,0,0,0,0,0,0,0,0,0,0,0,0,0,0,0,0,0,0,0,0,0,0,0,0,0,0,0,0,0,0,0,0,0,0,0,0,0,0,0,0,0,0,0,0,0,0,0,0,0,0,0,0,0,0,0,0,0,0,0,0,0,0,0,0,0,0,0,0,0,0,0,0,0,0,0,0,0,0,0,0,0,0,0,0,0,0,0,0,0,0,0,0,0,0,0,0,0,0,0,9.57E-18,-1.60E-16,-2.67E-16,-3.19E-18,1.86E-18,0,0,0,0,0,0,0,0,0,0,0,0,0,0,0.000375036,-0.002633612,-0.017401961,-0.02127451,-0.020663807,-0.020661782,-0.02096235,-0.017885178,-0.007833776,-0.001010349,0.000154906,0,0,0,0,0,0,0,9.44E-18,0.000476948,-0.016138975,-0.020128919,0.290708287,0.447475049,0.146055145,0.14036282,0.14514339,0.11636302,0.02342378,-0.01296482,-0.000746885,0.000154906,0,0,0,0,5.36E-06,8.92E-05,-0.001196946,-0.014180402,0.0713184,0.350768331,0.925426079,1.031810662,1.035100031,1.046328625,1.05583861,0.951655535,0.644854847,0.198091435,-0.016253618,-0.000655978,0,0,0,0,0.000307955,-0.005353571,-0.020024578,0.10268876,0.699407943,0.966930385,1.023006723,0.958687415,0.566068219,0.375501321,0.37593333,0.710689117,1.025751021,0.832172454,0.084222871,-0.014385723,0,0,0,0.000387265,-0.005519795,-0.007658412,0.407260944,0.910246664,0.995720772,0.740123179,0.87331604,1.007732945,0.615132898,0.32019511,0.31578159,0.572610856,0.945840499,1.011038501,0.134612735,-0.019982979,0,0,0.000151484,-0.004817883,0.000929994,0.438526671,1.012374115,0.805965482,0.32886302,0.033326951,0.225951406,0.899827819,1.042459763,1.049189291,1.0531987,1.043461142,0.914670871,0.458951644,0.017850322,-0.005769846,0,0,-0.000562044,-0.032467366,0.327394827,1.004556259,0.792769608,0.150657977,-0.049148911,-0.010945233,-0.028262097,0.169568624,0.509117647,0.630952884,0.541717045,0.371162237,0.210747405,-0.010604694,-0.00885156,0.00070523,0,0,-0.0115048,0.057277272,0.766831648,0.8037484,0.149650548,-0.025644114,-0.000216563,0.000232503,-0.000434028,-0.016456631,-0.020986009,-0.020661782,-0.020759634,-0.020955712,-0.016911935,-0.004019097,0.000513636,0,0,0,-0.019304705,0.143720853,0.88187934,0.237204027,-0.034143059,0.000260978,0,0,0,0,0,0,0,0,0,0,0,0,0,0,-0.000959116,0.008158096,0.034876719,-0.00708187,-0.001646752,8.82E-05,0,0,0,0,0,0,0,0,0,0,0,0,0,0,0.000129187,-0.000994711,-0.005609018,-0.001032884,0.000153493,0,0,0,0,0,0,0,0,0,0,0,0,0,0,0,0,0,0,0,0,0,0,0,0,0,0,0,0,0,0,0,0,0,0,0,0,0,0,0,0,0,0,0,0,0,0,0,0,0,0,0,0,0,0,0,0,0,0,0,0,0,0,0,0,0,0,0,0,0,0,0,0,0,0
0,0,0,0,0,0,0,0,0,0,0,0,0,0,0,0,0,0,0,0,0,0,0,0,0,0,0,0,0,0,0,0,0,0,0,0,0,0,0,0,0,0,0,0,0,0,0,0,0,0,0,0,0,0,0,0,0,0,0,0,0,0,0,0,0,0,0,0,0,0,0,0,0,0,0,0,0,0,0,0,0,0,0,0,0,0,0,0,0.00088511,-0.014125,-0.025849265,-0.030749081,-0.030230525,-0.008949142,0.000842525,0,0,0,0,0,0,0,0,0,8.40E-19,8.51E-05,-0.000680828,-0.01084682,-0.033211227,0.074856788,0.176301198,0.21990545,0.215004773,0.032654463,-0.021523097,0.000975711,3.70E-05,0,0,0,0,0,0,3.01E-05,0.000201355,-0.008238188,-0.011093239,0.102641386,0.258001277,0.732142804,0.911020765,0.971287446,0.966020936,0.623830933,0.129467507,-0.016535692,-4.06E-05,0,0,0,0,0,8.79E-05,-0.000366424,-0.013391372,0.009123745,0.365066888,0.872595963,0.978047742,1.005347978,0.932958875,0.85209113,0.908391766,1.022243862,0.644498373,0.02927539,-0.004734112,0,0,0,0,6.18E-05,-0.000469457,-0.008710427,0.056659331,0.590912446,0.975445636,1.016532737,0.773682921,0.400588474,0.165223635,0.093363954,0.142124285,0.694286067,1.019823751,0.310899799,-0.021182087,0,0,0,0,1.62E-05,-0.032076913,0.095140744,0.680686887,1.031574125,0.943267548,0.418320017,0.079237439,-0.026639434,-0.019426709,0.041035352,0.254146726,0.605423118,1.054543011,0.620201151,-0.038179126,0,0,0,0.001819087,-0.033269591,0.183288169,0.766135161,1.030032561,0.613735754,0.13190271,-0.028153408,-0.022571623,-0.042990349,0.387404769,0.889373281,1.026707788,0.996334474,1.009039471,0.512894557,-0.032282475,0,0,0,-0.020346116,0.210273097,0.885047848,0.930954725,0.450284161,0.013822985,-0.01633381,-0.007932055,0.015767225,0.419694938,0.911062057,0.997080508,0.613911802,0.898539828,1.010585818,0.359810458,-0.023887868,0,0,0,-0.040972392,0.457657403,0.778007207,0.278791189,-0.03154213,-0.009499154,-0.004139235,0.000209299,0.490375817,1.036603617,0.795046574,0.179310855,0.329705898,0.912429273,0.933941628,0.222361841,-0.016156394,0,0,0,-0.010429432,0.119326151,0.055342305,-0.021071453,-0.002698972,0.000314032,-0.010303819,0.043924626,0.738733371,1.058723618,0.736797249,0.437870949,0.904873256,0.926311632,0.320654939,-0.018844686,-0.000856567,0,0,0,0.00097869,-0.011157067,-0.006691788,0.000391476,0,0,-0.002109035,-0.011630539,0.31872372,0.784402114,0.914519421,0.925547164,0.726030873,0.263311275,-0.009749013,-0.004264144,0.000118719,0,0,0,0,0,0,0,0,0,0.000303309,-0.002911928,-0.009271531,0.015719567,0.158164369,0.162028782,0.008683553,-0.019347392,-0.003696929,0.000529412,0,0,0,0,0,0,0,0,0,0,0,0.000158983,-0.001256179,-0.004458333,-0.012470282,-0.012588031,-0.003840956,-0.000655127,7.15E-05,0,0,0,0,0,0,0,0,0,0,0,0,0,0,0,0,0,0,0,0,0,0,0,0,0,0,0,0,0,0,0,0,0,0,0,0,0,0,0,0,0,0,0,0,0,0,0,0,0,0,0,0,0,0,0,0,0,0,0,0,0,0,0,0,0
0,0,0,0,0,0,0,0,0,0,0,0,0,0,0,0,0,0,0,0,0,0,0,0,0,0,0,0,0,0,0,0,0,0,0,0,0,0,0,0,0,0,0,0,0,0,0,0,0,0,0,0,0,0,0,0,0,0,0,0,0,0,0,0,0,0,0,0,0,0,0,0,0,0,0,0,0,0,0,0,0,0,0,0,0,0,0,0,0,0,0,0,0,0,0,0,0,0,0,0,0,0,0,0,0,0,0,0,0,0,0,0,0,0,0,0,0,0,0,0,0,0,0,0,0,0,2.21E-05,2.70E-05,-0.002561785,-0.005289182,-0.013300654,-0.007570466,-0.003704326,-0.006834491,-0.000731209,0.000134804,0,0,0,0,0,0,0,0,0.000763116,-0.004733195,-0.031822082,-0.039762307,-0.020761231,-0.000675217,0.073996576,0.020961335,-0.011922137,0.014885553,-0.008292365,-6.52E-06,3.06E-05,0,0,0,0.000117443,-0.000936989,-0.005928264,-0.020458282,-0.041638072,0.005759464,0.258665492,0.336008927,0.469888191,0.600151842,0.825079248,0.660988494,0.50414231,0.60859409,0.131926096,-0.017694478,-2.82E-05,0,0,0,0.000489345,-0.011353316,0.043362752,0.303130906,0.581406369,0.713520084,0.907650327,0.916618055,0.714185764,0.683405876,0.66815431,0.67236489,0.937499372,1.039447134,0.594440019,0.001780654,-0.003075572,0,0,0,-0.029322832,0.313056832,0.802189492,0.990271463,0.737475899,0.536548015,0.270649663,0.061586989,0.011146565,0.004043488,0.005469141,-0.020312364,0.776481289,1.001774765,0.974122124,0.329561632,-0.022107384,0,0,0,-0.030416837,0.335162377,0.615234958,0.438835886,0.026508732,-0.042960223,-0.018188725,-0.006946211,-0.003708997,-0.003360243,-0.008031914,0.034755821,0.778032931,0.594708844,0.852897876,0.512474094,-0.031208129,0,0,0,0.000366883,-0.004039786,-0.006322485,-0.015688924,-0.007923546,0.000937385,0,0,0,0,-0.001500652,0.002268898,0.734686435,0.717821311,0.926530818,0.41700532,-0.026449187,0,0,0,0.00023829,-0.002621187,-0.00500727,-0.002851988,7.59E-05,1.84E-05,0,0,0,0,0.000161697,-0.019596099,0.351833802,0.940081801,0.831455082,0.133545871,-0.010968648,0,0,0,0,0,0,0,0,0,0,0,0,0,1.96E-17,-0.002866115,-0.010472022,0.219600933,0.172850133,-0.012592542,-0.000169526,0,0,0,0,0,0,0,0,0,0,0,0,0,0,0.000447304,-0.00290673,-0.023775157,-0.020167943,-0.000538297,0.000119485,0,0,0,0,0,0,0,0,0,0,0,0,0,0,0,3.06E-05,-0.000288501,-0.000202972,2.30E-05,0,0,0,0,0,0,0,0,0,0,0,0,0,0,0,0,0,0,0,0,0,0,0,0,0,0,0,0,0,0,0,0,0,0,0,0,0,0,0,0,0,0,0,0,0,0,0,0,0,0,0,0,0,0,0,0,0,0,0,0,0,0,0,0
0,0,0,0,0,0,0,0,0,0,0,0,0,0,0,0,0,0,0,0,0,0,0,0,0,0,0,0,0,0,0,0,0,0,0,0,0,0,0,0,0,0,0,0,0,0,0,0,0,0,0,0,0,0,0,0,0,0,0,0,0,0,0,0,0,0,0,0,0,0,0,0,0,0,0,0,0,0,0,0,0,0,0,0,0,0,0,0,0.000425551,-0.00575674,-0.026145527,-0.027064338,-0.025424361,-0.009456495,-0.000272365,0.000115809,0,0,0,0,0,0,0,0,0,0,4.26E-06,0.001234407,-0.013886778,0.009624098,0.178929245,0.187461993,0.172662855,0.034291922,-0.011717031,0.000108473,3.32E-05,0,0,0,0,0,0,0,0,4.68E-05,-0.000151484,-0.026245448,0.089066262,0.521463525,0.902382455,0.913842473,0.892592502,0.659319189,0.143350082,-0.031428768,-0.003070364,0.000379112,0,0,0,0,0,0,8.07E-05,0.000381303,-0.026431505,0.11784756,0.768358353,1.006329389,1.020384004,0.996391776,1.014302222,1.019060797,0.922028793,0.542603848,-0.019372427,-0.001458378,0,0,0,0,0,9.76E-05,-0.000772876,-0.027894863,0.127975984,0.754535588,1.027594022,1.016309896,0.703516714,0.360849401,0.666867824,1.003548424,1.020159246,0.907177968,0.223008902,-0.028262606,0,0,0,0,0,-0.000620302,-0.015850882,0.265631161,0.75388591,1.02270345,0.980243873,0.59622755,0.071947066,0.006026382,0.666517536,1.009302441,0.992328261,1.020131451,0.39311106,-0.04624679,0,0,0,2.18E-18,0.000478986,-0.015084184,0.115728758,0.950359869,1.022122906,1.009868449,0.599268399,0.069122634,-0.04255976,0.157228094,0.926052784,1.008441279,1.008365656,0.90734181,0.231416003,-0.029118259,0,0,0,0.000124251,-0.005582222,0.00487774,0.5623101,1.013451865,0.962965005,0.54739498,-0.012542705,-0.007069632,-0.008624915,0.081220435,0.777734193,1.014945057,0.988905876,1.035835614,0.416998911,-0.048771758,0,0,0,-0.002674677,-0.033740142,0.407611831,0.979285853,0.999105757,0.455636949,-0.001596436,-0.008543951,3.26E-05,-4.87E-05,-0.017988718,0.261145815,0.979154047,1.006526895,1.037874985,0.418120898,-0.048905085,0,0,0,-0.011372379,0.202053422,0.756170105,1.03815419,0.664001208,0.079421858,-0.020633416,0.000348924,0,8.94E-05,-0.004664522,-0.014605703,0.414952019,0.982337435,0.921206376,0.222681866,-0.028256899,0,0,0,-0.020811206,0.788984465,1.035301249,0.909633323,0.095237694,-0.017863086,0.000888671,0,0,0,0.000357435,-0.007070441,0.006515063,0.348029599,0.339498094,0.010136659,-0.003044311,0,0,0,-0.020434198,0.810926141,0.910706648,0.288674156,-0.026672947,-0.000668352,3.67E-05,0,0,0,0,0.00071909,-0.006047539,-0.017136421,-0.016091418,-0.004588644,0.000564999,0,0,0,-0.008032067,0.232732274,0.246120643,-0.016767923,-0.002291207,7.77E-05,0,0,0,0,0,0,6.63E-05,-0.00115048,-0.001135672,6.56E-05,0,0,0,0,0.000527903,-0.024731201,-0.01882251,-0.001337695,0.000300844,0,0,0,0,0,0,0,0,0,0,0,0,0,0,0,3.40E-05,-0.000315927,-0.00097018,8.51E-05,0,0,0,0,0,0,0,0,0,0,0,0,0,0,0,0,0,0,0,0,0,0,0,0,0,0,0,0,0,0,0,0,0,0,0
0,0,0,0,0,0,0,0,0,0,0,0,0,0,0,0,0,0,0,0,0,0,0,0,0,0,0,0,0,0,0,0,0,0,0,0,0,0,0,0,0,0,0,0,0,0,0,0,0,0,0,0,0,0,0,0,0,0,0,0,0,0,0,0,0,0,1.33E-05,8.96E-05,-0.001812806,-0.010830627,-0.013421007,-0.013344414,-0.011362358,-0.000193015,4.08E-05,0,0,0,0,0,0,0,0,0,0,0.000130208,-0.00096184,-0.024564836,-0.014734426,0.125267276,0.170286169,0.168611332,0.137392585,-0.026516748,-0.01204119,-3.74E-05,6.25E-05,0,0,0,0,0,0,1.71E-19,8.43E-05,0.000158718,-0.017788331,0.14479903,0.498729184,0.959970248,1.019078448,1.0244912,0.907936285,0.231459286,0.047393229,-0.0146923,0.000481924,1.07E-17,0,0,0,0,0,0.000150633,-0.002359239,-0.033646004,0.262105205,0.894659088,0.92444344,0.637139263,0.476636897,0.465727652,0.735882778,0.948248213,0.700587435,0.152969975,-0.016963576,0.000558477,0,0,0,0,0.000810346,-0.007395133,-0.042721573,0.285508133,0.895098922,0.581591369,0.132149372,0.014192603,-0.03702081,-0.064712541,0.035151738,0.566788995,1.009401251,0.77059238,0.10105258,-0.015025157,0,0,0,0.000330372,-0.008643502,0.023272706,0.341575521,0.849301675,0.44433524,-0.003126605,-0.022722052,-0.015282237,-0.000557309,0.270689525,0.497569419,0.484518365,0.815580423,0.951837623,0.279061257,-0.034119685,0,0,0,-0.004747072,0.000792569,0.468640114,0.973904837,0.54372081,-0.032509651,-0.006085514,-0.002771446,0.002164267,0.450630413,0.94403171,0.923276959,0.970510212,0.977748366,1.033347852,0.414176692,-0.048464392,0,0,0,-0.015245609,0.10582248,0.84840431,0.820612813,0.069855801,-0.011915901,0.001675431,-0.035923969,0.366875715,0.983323615,0.732937789,0.146539379,0.095916207,0.468447593,1.042386166,0.429445823,-0.049815336,0,0,0,-0.020992817,0.417287531,1.000611826,0.585190394,0.000328687,-0.002713337,-0.02341313,0.159453772,0.896417637,0.613961227,0.024379357,-0.022461223,-0.031294815,0.231793539,1.017663671,0.413253557,-0.047931597,0,0,0,-0.021521748,0.723097772,1.082529554,0.691836197,0.006147647,-0.006275104,-0.022872684,0.481980385,0.958585446,0.133931131,-0.022164608,-0.002492463,-0.006210747,0.606888223,0.877740393,0.1616169,-0.021589281,0,0,0,-0.012641612,0.277222647,0.63564968,0.357181049,-0.001507234,-0.009509242,0.022636511,0.65522452,0.943183977,0.080019216,-0.018735226,-0.05129107,0.208226954,0.892347256,0.501342797,-0.023959048,-0.000684848,0,0,0,0.00047692,-0.01754586,-0.023654003,-0.019409058,-0.000614566,-0.00739197,0.019264043,0.651939049,0.999609086,0.206757013,0.097739022,0.420776568,0.761130906,0.639398676,0.054914624,-0.007356141,0.000142677,0,0,0,6.74E-05,-0.000778709,-0.003422181,-0.001303922,7.60E-05,-0.00218944,-0.007740257,0.284612098,0.902499932,0.843937432,0.856452597,0.783968193,0.447698053,0.008196164,-0.013537565,0.00047115,0,0,0,0,0,0,0,0,0,0.000151654,0.000340131,-0.040108047,0.299155076,0.558972137,0.501369196,0.101193235,-0.001214188,-0.006617885,0.000184385,1.76E-05,0,0,0,0,0,0,0,0,0,0,0,0.001013055,-0.017280482,-0.016097897,-0.019615487,-0.011486862,-0.003250479,0.000326118,0,0,0,0,0,0,0,0,0,0,0,0,0,9.96E-05,-0.001536969,-0.003756468,-0.002987132,-0.000274652,4.94E-05,0,0,0,0,0,0,0,0,0,0,0,0,0,0,0,0,0,0,0,0,0,0,0,0,0,0
0,0,0,0,0,0,0,0,0,0,0,0,0,0,0,0,0,0,0,0,0,0,0,0,0,0,0,0,0,0,0,0,0,0,0,0,0,0,0,0,0,0,0,0,0,0,0,0,0,0,0,0,0,0,0,0,0,0,0,0,0,0,0,0,0,0,0,0,0,0,7.66E-06,-8.43E-05,-0.000160511,-9.58E-05,-4.60E-07,9.19E-07,0,0,0,0,0,0,0,0,0,0,0,0,2.67E-05,0.000393689,-0.00747406,-0.028838031,-0.036844197,-0.02969938,-0.006130055,0.000607843,1.19E-05,0,0,0,0,0,0,0,0,2.05E-32,9.75E-18,0.001059883,-0.008493039,-0.038527029,0.015465142,0.221180913,0.30876476,0.230481209,0.018116592,-0.006087878,9.36E-05,0,0,0,0,0,0,0,0,0.000161697,-0.001412718,-0.027163589,0.073796773,0.381436121,0.648243583,0.956457891,1.05473508,0.967587265,0.468178956,-0.010748775,-0.001846814,0,0,0,0,0,0,4.89E-06,0.000732135,-0.006588093,-0.034932059,0.179174859,0.804094292,0.972844004,0.735297515,0.57165369,0.879616906,1.020235807,0.953058426,0.252380406,-0.017885074,0,0,0,0,7.61E-05,-0.000763524,-0.003262051,-0.027310849,0.00197258,0.349622021,0.885976078,0.760897246,0.344644012,0.072041718,0.606297573,1.0224014,0.99122646,1.010223941,0.422701048,-0.027367545,0,0,0,0.000834865,-0.009680692,-0.021799424,-0.002596541,0.298125136,0.738002247,0.963348533,0.554149291,0.084425143,-0.065055504,0.268841435,0.972999813,0.554629873,0.404260263,0.948026263,0.632372753,-0.038171569,0,0,0,-0.004661969,0.039083095,0.305447376,0.714496579,0.943098158,0.849728486,0.371277965,-0.004870045,-0.021502638,-0.005040118,0.565808126,1.013823019,0.169588616,-0.02816379,0.79208684,0.765097886,-0.044333027,0,0,0,-0.041406676,0.450487728,1.00964927,1.020340635,0.583311768,0.112693917,-0.01624663,-0.004569881,-0.004043811,0.015049054,0.756971609,0.827465788,0.052697352,0.101359154,0.859642191,0.664181526,-0.039265931,0,0,0,-0.030515385,0.339200824,0.681719028,0.288449904,0.003661659,-0.021515022,-0.001026354,0.000205027,-0.00405543,0.012811086,0.733918494,0.861465713,0.044837035,0.291479709,0.951454248,0.418018748,-0.026458563,0,0,0,0.001085069,-0.011939168,-0.021895934,-0.019915748,-0.006802832,0.000413263,1.94E-05,0,-0.002437347,-0.007654463,0.551024374,0.993556015,0.259105112,0.722227226,0.817761132,0.077346133,-0.007827002,0,0,0,0,0,0,0,0,0,0,0,-0.000642259,-0.022469737,0.28547275,0.961767548,0.920071967,0.930863358,0.346537207,-0.023083401,-0.000798203,0,0,0,0,0,0,0,0,0,0,0,1.93E-05,-0.006940853,0.019992783,0.494564798,0.776446503,0.39139151,-0.013377315,-0.003878881,7.05E-05,0,0,0,0,0,0,0,0,0,0,0,2.91E-06,0.000466861,-0.00300897,-0.025573683,-0.035948409,-0.021978843,-0.001413603,0.000257047,3.68E-06,0,0,0,0,0,0,0,0,0,0,0,0,0,5.10E-05,-0.000568668,-0.001000321,-0.000328156,3.06E-05,0,0,0,0,0,0,0,0,0,0,0,0,0,0,0,0,0,0,0,0,0,0,0,0,0,0,0,0,0,0,0,0,0,0,0,0,0,0,0,0,0,0,0,0,0
0,0,0,0,0,0,0,0,0,0,0,0,0,0,0,0,0,0,0,0,0,0,0,0,0,0,0,0,0,0,0,0,0,0,0,0,0,0,0,0,0,0,0,0,0,0,0,0,0,0,0,0,0,0,0,0,0,0,0,0,0,0,0,0,0,0,0,0,0,0,0,0,0,0,0,0,0,0,0,0,0,0,0,0,0,0,0,0,0,0,0,0,0,0,0,0,0,0,0,0,0,0,0,0,0,4.93E-18,0.000170207,-0.001202985,-0.016333061,-0.036059624,-0.047718376,-0.048307292,-0.04242039,-0.018472137,-0.00175143,0.00025914,3.83E-06,0,0,0,0,0,0,0,0.000315564,-0.001706665,-0.017791394,-0.00764908,0.165290884,0.392215669,0.526836363,0.529948768,0.462762168,0.189742392,-0.000474026,-0.008283888,0.000334201,0,0,0,0,0,3.91E-05,0.000320003,-0.012349782,-0.031612416,0.133707129,0.586924991,0.942326053,1.011499633,1.009674188,1.029145265,1.016184621,0.939270973,0.591961735,0.016522954,-0.003754841,0,0,0,0,0.000183824,-0.002489248,-0.021741353,0.038169152,0.410253625,0.878658905,1.069331917,0.908430624,0.56554199,0.748095299,1.003877094,0.981295368,1.00185175,1.02079085,0.444818032,-0.028610958,0,0,0,0.000635723,-0.00918607,-0.010946354,0.266631298,0.751679619,1.026707091,1.006528101,0.651775356,0.218705082,0.181803615,0.889873638,1.014337912,0.446367301,0.797842865,1.038877042,0.650230273,-0.039830831,0,0,0,-0.00290288,0.015400327,0.535537143,0.944246613,1.036593018,0.780201763,0.306589733,0.00699822,-0.042590193,0.553396123,1.036531216,0.754008034,0.085153021,0.685724894,1.003041582,0.224662122,-0.016409161,0,0,0,-0.038906335,0.423056662,1.027466794,0.907913637,0.487515659,0.089766272,-0.022636489,-0.025836034,0.157328619,0.862729218,1.02624086,0.378513225,0.001917879,0.703902574,0.988120472,0.172362371,-0.013507302,0,0,0,-0.043306174,0.483785397,0.817712664,0.293395754,-0.023657073,-0.017459898,2.92E-05,-0.040696675,0.341348498,0.994016466,0.99650286,0.323240628,-0.019660947,0.696637129,0.877874866,0.042778933,-0.00608368,0,0,0,0.001085069,-0.011969805,-0.02195929,-0.016357401,-0.004123094,0.000290203,1.17E-05,-0.04962741,0.424852958,1.048932326,1.007558858,0.416583504,0.115662495,0.861500596,0.550328091,-0.012174156,-0.00215768,0,0,0,0,0,0,0,0,0,0,-0.033979455,0.276322355,0.955688896,1.039551879,0.864152114,0.805125827,0.900896701,0.187783871,-0.024480477,-0.000108201,0,0,0,0,0,0,0,0,0,0,-0.003672496,0.006211806,0.476342439,0.876880293,0.920379238,0.758217409,0.176206733,-0.015211312,-0.000528714,1.45E-05,0,0,0,0,0,0,0,0,0,0,0.000359545,-0.004227584,-0.000550313,0.162326134,0.214027727,0.085845291,-0.018919986,-0.000206597,0.000132098,7.66E-07,0,0,0,0,0,0,0,0,0,0,0,0.000262933,-0.003022706,-0.021909013,-0.027314418,-0.013277544,0.000550324,0,0,0,0,0,0,0,0,0,0,0,0,0,0,0,0,0,0,0,0,0,0,0,0,0,0,0,0,0,0,0,0,0,0,0,0,0,0,0,0,0,0,0,0,0,0
0,0,0,0,0,0,0,0,0,0,0,0,0,0,0,0,0,0,0,0,0,0,0,0,0,0,0,0,0,0,0,0,0,0,0,0,0,0,0,0,0,0,0,0,0,0,0,0,0,0,0,0,0,0,0,0,0,0,0,0,0,0,0,0,0,0,0,0,0,0,0,0,0,0,0,0,0,0,0,0,0,0,0,0,0,0,0,0,1.93E-05,-0.000100184,-0.003130208,-0.003721507,-0.003676471,-0.003826287,-0.001226716,0.000115196,1.84E-06,0,0,0,0,0,0,0,0,8.53E-32,8.35E-18,0.000244588,-0.001658956,-0.011946946,-0.020222239,-0.019183211,-0.019199346,-0.019354218,-0.017798356,-0.000824806,0.00012163,0,0,0,0,0,0,0,8.88E-05,-0.000495472,-0.003983524,-0.01999256,-0.004258715,0.12687163,0.564377077,0.619426862,0.61624076,0.635517667,0.320286782,-0.018552577,-0.000690462,0,0,0,0,0,0,6.11E-05,7.96E-05,-0.014136756,-0.021226238,0.271493518,0.691023501,0.895687939,1.027476051,1.03766097,1.047255783,1.063133026,0.959073774,0.325590189,-0.021959358,0,0,0,0,3.68E-05,-0.000655395,-0.003059589,-0.031703551,0.150009072,0.530731005,0.922985321,1.048921313,0.995411356,0.983461431,1.011007013,0.740518358,0.598472358,1.009097086,0.736670513,-0.044256025,0,0,0,0.000551471,-0.005965074,-0.023153187,-0.01059695,0.296907646,0.795720878,1.058445466,0.948211328,0.615793403,0.326916939,0.862159229,0.915929228,0.177802237,0.123791837,0.904440666,0.738798305,-0.043588848,0,0,0,-0.00215865,0.014830899,0.295395809,0.607607537,0.98184152,1.035778918,0.76655319,0.27337279,-0.021707295,0.097608422,0.917735005,0.673629136,-0.020829665,0.252294781,0.968989464,0.729462316,-0.043492034,0,0,0,-0.037848499,0.409688606,1.004976815,1.05370018,0.764636063,0.450471184,0.098550483,-0.027247921,-0.021122226,0.250049803,1.029327597,0.482225269,0.058082409,0.73440705,1.023796977,0.338575146,-0.022714563,0,0,0,-0.025794743,0.281074287,0.644574513,0.548375321,0.120687837,-0.031437263,-0.017164659,0.000844517,-0.015935092,0.217597496,1.000668933,0.679902114,0.599155246,1.04392911,0.804599028,0.016134687,-0.004517243,0,0,0,0.001085069,-0.011939168,-0.021761411,-0.02096201,-0.011609647,-0.002510893,0.000196589,0,-0.00500914,0.028629425,0.734975388,1.051516578,1.030834879,0.737731499,0.158217576,-0.017621238,-0.000194802,0,0,0,0,0,0,0,0,0,0,0,-0.000599265,-0.010889961,0.196464869,0.622457874,0.55007606,0.101639842,-0.020386523,0.000167194,3.70E-05,0,0,0,0,0,0,0,0,0,0,0,7.21E-05,-0.000321521,-0.013360413,-0.000759838,-0.004548055,-0.012650599,-5.79E-05,0.000115809,0,0,0,0,0,0,0,0,0,0,0,0,1.53E-06,4.82E-05,-0.000563062,-0.003065155,-0.002578472,-0.000183313,2.30E-05,0,0,0,0,0,0,0,0,0,0,0,0,0,0,0,0,0,0,0,0,0,0,0,0,0,0,0,0,0,0,0,0,0,0,0,0,0,0,0,0,0,0,0,0,0,0,0,0,0,0,0,0,0,0,0,0,0,0,0,0,0,0,0,0,0
0,0,0,0,0,0,0,0,0,0,0,0,0,0,0,0,0,0,0,0,0,0,0,0,0,0,0,0,0,0,0,0,0,0,0,0,0,0,0,0,0,0,0,0,0,0,0,0,0,0,0,0,0,0,0,0,0,0,0,0,0,0,0,0,0,0,0,0,0,0,0,0,0,0,0,0,0,0,0,0,0,0,0,0,0,0,0,0,0.000164522,-0.001557598,-0.016464461,-0.023430147,-0.005304513,0.000245098,1.53E-05,0,0,0,0,0,0,0,0,0,2.61E-18,2.97E-18,0.000612745,-0.007848912,-0.034802781,-0.033433653,0.093208912,0.154814883,-0.004651852,-0.029682819,-0.001735686,0.000413603,7.00E-19,0,0,0,0,0,0,7.05E-05,-0.000169526,-0.012439747,-0.027743056,0.06832749,0.362628983,0.552147399,0.801820534,0.886668301,0.644204017,0.289368617,0.000827121,-0.011822066,-1.38E-05,4.89E-05,0,0,0,0,0.000165974,-0.000581407,-0.028559578,0.065850675,0.448982087,0.860569837,0.980829257,0.931952428,0.822598124,0.852799553,0.960135671,0.964080602,0.384094683,-0.000751498,-0.018660267,0.001684152,0,0,0,0.000433007,-0.006444448,-0.031603775,0.218267242,0.790090874,1.050846201,0.947000496,0.450369009,0.13314168,-0.026680879,0.044600354,0.474436597,1.024453568,0.919053598,0.635727771,0.152124336,-0.019482695,0,0,0,-0.006380549,0.035438102,0.458813351,0.923940019,1.006883698,0.63867065,0.219920526,-0.026780586,-0.037338763,0.105373587,0.63995464,0.9107649,1.002514229,0.99963271,1.008410454,0.437265982,-0.050690962,0,0,0,-0.021099367,0.665237557,0.994562126,0.75872772,0.282477414,0.001139025,-0.026177558,-0.00786826,0.02769584,0.69008124,1.048792807,0.799991066,0.789918743,0.961790748,0.284172692,0.241209286,-0.026618157,0,0,0,-0.009490571,0.420583598,0.352853877,0.036075249,-0.02441236,-0.003502911,-0.000696568,-0.022479984,0.431807156,1.019447798,0.649198325,0.13398134,0.697556611,0.867742358,0.017236298,-0.020866779,0.001653418,0,0,0,0.000591089,-0.024304213,-0.027533733,-0.009503078,0.000488769,3.06E-05,-0.012991157,0.078815682,0.814373072,1.020408038,0.296734421,0.138449318,0.972580544,0.509382618,-0.011535472,-0.00206718,0,0,0,0,4.08E-05,-0.001835603,-0.001164216,0.000102124,0,0,-0.019178998,0.136146531,0.867980954,1.057479031,0.636873621,0.768529004,0.791394438,0.079011676,-0.016462554,6.23E-05,0,0,0,0,0,0,0,0,0,0,-0.002489911,-0.003030127,0.429831563,0.912277948,0.983851852,0.868075157,0.175176147,-0.020314611,0.000262936,2.55E-06,0,0,0,0,0,0,0,0,0,0,0.000306551,-0.003031693,-0.009172522,0.094801964,0.206862388,0.070886141,-0.020951678,0.000343359,0.000115809,0,0,0,0,0,0,0,0,0,0,0,4.89E-06,9.37E-05,-0.001750357,-0.009173969,-0.015262561,-0.00760553,-0.000129953,3.70E-05,0,0,0,0,0,0,0,0,0,0,0,0,0,0,0,0,0,0,0,0,0,0,0,0,0,0,0,0,0,0,0,0,0,0,0,0,0,0,0,0,0,0,0,0,0,0,0,0,0,0,0,0,0,0,0,0,0,0,0,0,0,0,0,0,0
0,0,0,0,0,0,0,0,0,0,0,0,0,0,0,0,0,0,0,0,0,0,0,0,0,0,0,0,0,0,0,0,0,0,0,0,0,0,0,0,0,0,0,0,0,0,0,0,0,0,0,0,0,0,0,0,0,0,0,0,0,0,0,0,0,0,0,0,1.32E-05,-8.34E-05,-0.002024408,-0.002164931,-0.000302373,4.39E-05,0,0,0,0,0,0,0,0,0,0,0,2.71E-18,0.00026348,-0.004451816,-0.01595384,-0.029306747,-0.012832244,-0.011175109,-0.028941034,-0.016018621,-0.001696691,0.000314338,0,0,0,0,0,0,0,1.77E-18,0.00022212,-0.000749336,-0.017856243,-0.005270134,0.085371068,0.224977226,0.502476563,0.518464716,0.269462874,0.078223856,-0.011518893,-0.002177526,0.000109783,0,0,0,0,0,0.000118218,-0.000464495,-0.013603452,-0.012690547,0.155224163,0.55351156,0.797868362,0.974255413,1.056202785,1.056313623,1.002936607,0.800098499,0.302406863,-0.026753574,-0.00145561,0.000118218,0,0,0,0.000118218,1.22E-05,-0.019724379,0.052079512,0.547774856,0.914483664,0.974192407,0.752936013,0.557301968,0.259984934,0.171243529,0.457154582,0.861393305,0.957534378,0.294341853,-0.020308691,1.59E-05,0,0,0,-0.000464495,-0.019724379,0.183384668,0.764227209,0.99278268,0.625239039,0.275857011,0.009414573,-0.024350235,-0.02072355,-0.022392599,-0.062836564,0.263487132,0.982801437,0.829556339,0.069598448,-0.01210713,0,0,0,-0.011071283,0.05877665,0.763982877,0.840115554,0.282572525,0.021174309,-0.036041234,-0.002674377,0.000468427,-0.001035675,-0.021003745,0.23266739,0.77632164,0.9612604,0.960162173,0.29101988,-0.035462068,0,0,0,-0.020990434,0.500606732,0.976229371,0.208650957,-0.06971875,-0.013645118,0.001615507,0,-0.000539522,-0.019778493,0.271880804,0.903358607,0.530333895,0.228185287,1.017721558,0.433784416,-0.050070931,0,0,0,-0.021261404,0.711249321,0.849725865,0.261794458,0.174219975,0.053839461,-0.006622233,0,-0.011441176,0.050149289,0.723767174,0.631688204,-0.025930522,0.017572474,1.013544492,0.436319087,-0.050198117,0,0,0,-0.016613333,0.36304541,0.870970201,0.892867681,0.52085499,0.066785241,-0.010109793,0,-0.024853247,0.167158137,0.909283746,0.267084654,-0.031768629,0.062424432,1.008035088,0.423287473,-0.048852608,0,0,0,-0.000972733,-0.021683533,0.199023948,0.300550364,-0.000821419,-0.00354422,0.000232359,0,-0.022387868,0.144951083,0.883759089,0.527893838,-0.078034263,0.364013634,0.957441313,0.289025225,-0.03495414,0,0,0,0.0001234,0.000587267,-0.018992119,-0.027055675,-0.000492749,0.000145527,0,0,-0.004251225,-0.00499457,0.527608779,0.928850519,0.495599911,0.85856473,0.708606499,0.02780336,-0.007121194,0,0,0,0,0,0,0,0,0,0,0,0.000628676,-0.010752706,0.033789028,0.642319514,0.78245704,0.62897435,0.09289277,-0.017922947,0.001034609,0,0,0,0,0,0,0,0,0,0,0,0,0.000474877,-0.00785369,0.032775451,0.053664318,-0.046144693,-0.008320006,0.00061443,0,0,0,0,0,0,0,0,0,0,0,0,0,3.60E-18,0.000350577,-0.007300025,-0.009991439,0.000876442,0,0,0,0,0,0,0,0,0,0,0,0,0,0,0,0,0,0,0,0,0,0,0,0,0,0,0,0,0,0,0,0,0,0,0,0,0,0,0,0,0,0,0,0,0
0,0,0,0,0,0,0,0,0,0,0,0,0,0,0,0,0,0,0,0,0,0,0,0,0,0,0,0,0,0,0,0,0,0,0,0,0,0,0,0,0,0,0,0,0,0,0,0,0,0,0,0,0,0,0,0,0,0,0,0,0,0,0,0,0,0,0,0,0,0,0,0,0,0,0,0,0,0,0,0,0,0,0,0,0,0,0,0,0,0,0,0,0,0,0,0,0,0,0,0,0,0,0,0,0,9.64E-32,9.44E-18,-1.68E-16,-5.09E-16,-5.68E-16,5.32E-05,-0.000223397,-0.016605265,-0.01329742,-0.000734018,0.000191483,1.14E-18,0,0,0,0,0,0,1.53E-06,0.000155739,-0.000930862,-0.010628234,-0.020200121,-0.020872481,-0.020751634,-0.021357996,-0.018208316,0.168754756,0.130845078,-0.011992868,-0.008244315,0.000377689,4.08E-06,0,0,0,0,0.000165974,-0.000528668,-0.018491552,-0.031076036,0.037538947,0.328743765,0.719946972,0.798400323,0.796228989,0.802635577,0.956523694,0.810537042,0.379677925,0.014307118,-0.010345481,0.000782276,0,0,0,8.27E-05,-0.00253358,-0.009760944,0.115218682,0.358885927,0.741888004,1.012298181,1.028471626,0.898979933,0.854636914,0.804785148,0.671743033,0.817273557,1.020622396,0.524817334,0.032065359,-0.006630794,0,0,0,-0.000272672,-0.026668484,0.215390199,0.818680079,1.00466476,0.981995949,0.429660005,0.238699823,0.151314645,0.112566874,0.088685066,0.041520049,0.273997855,0.822363579,0.921106822,0.194700283,-0.025320207,0,0,0,-0.014688011,0.467361892,0.70707227,0.782805028,0.541454282,0.185479865,-0.008794281,-0.042701542,0.056696742,0.374237983,0.513405893,0.762658184,0.819763123,0.916791394,0.9518005,0.284105869,-0.034692838,0,0,0,-0.019513038,0.814141596,0.622889008,0.043850507,-0.017362047,-0.0156947,-0.015371214,0.086900208,0.65860032,1.039091622,1.050245541,0.599275033,0.415635621,0.958466708,0.887904548,0.159021395,-0.021559252,0,0,0,-0.006892469,0.173109471,0.187945304,-0.031548975,-0.00164445,-0.00245098,-0.021353846,0.459182956,1.037305128,0.961621571,0.692196252,0.269988748,0.780560311,0.969407026,0.364516564,3.24E-06,-0.002441613,0,0,0,0.000372753,-0.015752178,-0.010623468,0.000931883,0,-0.001018689,-0.024585677,0.307013089,0.952925994,0.840035369,0.636329368,0.829070802,0.779251413,0.443783378,-0.014016578,-0.00511957,0.000375036,0,0,0,0,0,0,0,0,8.94E-05,-0.005314245,0.024335852,0.280107384,0.464473856,0.275051011,0.216865242,0.071638685,-0.010500085,-0.004662786,0.00021829,0,0,0,0,0,0,0,0,0,0,0.000755778,-0.006082057,-0.022544594,-0.017107537,-0.033341316,-0.029442236,-0.014123468,-0.003028799,0.000435662,0,0,0,0,0,0,0,0,0,0,0,0,3.84E-05,-0.000611622,-0.001602022,-6.38E-06,9.78E-06,0,0,0,0,0,0,0,0,0,0,0,0,0,0,0,0,0,0,0,0,0,0,0,0,0,0,0,0,0,0,0,0,0,0,0,0,0,0,0,0,0,0,0,0,0,0,0,0,0,0,0,0,0,0,0,0,0,0,0,0,0,0,0,0,0,0,0
0,0,0,0,0,0,0,0,0,0,0,0,0,0,0,0,0,0,0,0,0,0,0,0,0,0,0,0,0,0,0,0,0,0,0,0,0,0,0,0,0,0,0,0,0,0,0,0,0,0,0,0,0,0,0,0,0,0,0,0,0,0,0,0,0,0,0,0,0,0,0,0,0,0,0,0,0,0,0,0,0,0,0,0,0,0,0,0,0.000331801,-0.004189645,-0.024231924,-0.02497886,-0.025153785,-0.023062806,-0.005642157,0.000626532,6.43E-06,0,0,0,0,0,0,0,0,1.98E-17,0.00072338,-0.012588239,-0.038954368,-0.005938947,0.162553819,0.169133885,0.170721179,0.151179841,0.014496,-0.014562143,0.000305709,3.06E-05,0,0,0,0,0,1.07E-05,0.000410029,-0.004924939,-0.026349571,0.122754117,0.385346405,0.530561343,0.88691522,0.887367936,0.882008445,0.867884446,0.452917875,0.075554705,-0.009929296,0.000352615,0,0,0,0,0,0.00027348,-0.007369808,-0.00837065,0.266468601,0.831274036,1.016984054,0.967453579,0.877185364,0.938514533,1.003835259,1.011465646,0.994044729,0.713989544,0.06038346,-0.010578833,0,0,0,6.13E-06,0.000301455,-0.005809487,-0.005768757,0.469105511,0.947943815,1.027797854,0.842512936,0.301240554,0.316863851,0.788781233,0.999588582,0.999022416,1.000746715,0.996993668,0.344631127,-0.041171579,0,0,0,0.000365605,-0.007374852,-0.007571044,0.454240809,0.98134278,1.021385417,0.793878885,0.123325231,0.340809232,0.89405976,1.01513717,0.860578605,0.836092388,1.001150259,1.0428125,0.425892055,-0.0497175,0,0,0,-0.003492647,-0.013376663,0.436041428,0.990778322,1.00202274,0.565468954,0.034223432,0.095001668,0.840634327,1.056251838,0.701152863,0.139949961,0.680569427,1.037590874,0.88856444,0.187721558,-0.024553015,0,0,0,-0.017297794,0.241071399,0.922877366,1.025770187,0.722486792,0.057639621,-0.064421803,0.36914517,1.024480562,0.910262068,0.23516505,0.269539749,0.997676079,1.014592916,0.56570544,0.0143029,-0.005050752,0,0,0,-0.021028495,0.605879988,1.037436458,0.763057458,0.085253964,-0.009798367,-0.048119554,0.412079783,1.061280166,0.830136375,0.303003496,0.823148291,1.02861782,0.783669948,0.066624781,-0.013801669,0.000673661,0,0,0,-0.021096814,0.742336109,1.062805045,0.492326525,-0.025328091,-0.002347665,-0.032714524,0.26716265,0.921138429,0.97365094,0.916925381,1.01719333,0.922921228,0.296542875,-0.025246783,-0.000471048,0,0,0,0,-0.012871732,0.178397979,0.707884191,0.495907986,0.00301011,-0.002545037,-0.003741388,0.011346116,0.391661169,0.903374217,0.989012068,0.799390958,0.299246698,0.006412429,-0.005514042,8.81E-05,0,0,0,0,-3.40E-05,-0.014374924,0.008266136,0.02154776,0.001146616,-0.000145731,0.000675064,-0.006865145,-0.005575742,0.11812626,0.174539743,0.065770844,-0.020125255,-0.00555319,0.000705882,0,0,0,0,0,6.54E-05,-0.000438883,-0.003831495,-0.00326828,-5.75E-05,1.81E-05,0,0.000146906,-0.001824857,-0.010369587,-0.01368173,-0.007198799,-0.000757506,9.06E-05,0,0,0,0,0,0,0,0,0,0,0,0,0,0,0,0,0,0,0,0,0,0,0,0,0,0,0,0,0,0,0,0,0,0,0,0,0,0,0,0,0,0,0,0,0,0,0,0,0,0,0,0,0,0,0,0,0,0,0,0,0,0,0,0,0
0,0,0,0,0,0,0,0,0,0,0,0,0,0,0,0,0,0,0,0,0,0,0,0,0,0,0,0,0,0,0,0,0,0,0,0,0,0,0,0,0,0,0,0,0,0,0,0,0,0,0,0,0,0,0,0,0,0,0,0,0,0,0,0,0,0,0,0,0,0,0,0,0,0,0,0,0,0,0,0,0,0,0,0,0,0,0,0,0,0,0,0,0,0,0,0,0,0,0,0,0,0,0,0,0,0,0,6.21E-19,-5.39E-18,-1.26E-17,-4.93E-19,7.78E-20,0,0,0,0,0,0,0,0,0,0,0,0,0,1.61E-18,0.000222971,-0.003019309,-0.013688725,-0.017487234,-0.015965925,-0.012381706,-0.009128925,-0.008077002,-0.003539454,-0.001301403,8.99E-05,0,0,0,0,0,0,0,0.000572337,-0.003659451,-0.024136501,-0.016320001,0.082922153,0.126749878,0.099027489,0.065122702,0.035022121,0.025244894,-0.0180357,-0.026555685,-0.005012433,0.000663898,0,0,0,5.87E-05,-0.000419571,-0.002768536,-0.020222631,-0.005029497,0.158842235,0.458361189,0.82452931,0.924896497,0.9011154,0.806012306,0.712809336,0.683496732,0.555974877,0.35699886,0.018820347,-0.004163711,0,0,0,5.70E-05,-0.01645914,-0.008088797,0.196443134,0.690460529,0.895201644,0.988255592,0.99758044,0.995385025,0.664293913,0.587126157,0.604431468,0.5978702,0.778738256,0.998374864,0.329466231,-0.03951653,0,0,0,-0.012322985,0.200142728,0.675516595,0.946220452,0.896009446,0.664352533,0.273918545,0.234814491,0.896456767,0.453474094,-0.043319172,-0.013466413,-0.028498434,0.032293182,0.923684351,0.411756996,-0.047192124,0,0,0,-0.020613766,0.687368415,0.863538603,0.495113885,0.147024561,-0.005975405,-0.028452264,-0.003481992,0.494738307,0.902311564,0.329503472,0.059654128,0.166929892,0.522554602,0.859090856,0.180134787,-0.023374913,0,0,0,-0.004166667,0.187821731,0.124252629,-0.02705062,-0.020990991,-0.003594432,0.00097632,-0.00962848,0.028655799,0.719880831,0.958055725,0.93139083,0.928588113,0.843026681,0.317024921,-0.00163222,-0.001974607,0,0,0,0.000391476,-0.014675818,-0.014071691,-0.002690632,6.26E-05,1.43E-05,0,0.000174122,-0.010572746,0.041356975,0.393077172,0.625341999,0.469912769,0.091352124,-0.027235498,-0.002610975,0.0003465,0,0,0,0,0,0,0,0,0,0,1.79E-05,0.000445942,-0.006038943,-0.028012919,-0.033084499,-0.033404565,-0.010255821,0.000858694,2.04E-05,0,0,0,0,0,0,0,0,0,0,0,0,0,6.89E-05,-0.000755208,-0.002218112,-0.000845588,7.66E-05,0,0,0,0,0,0,0,0,0,0,0,0,0,0,0,0,0,0,0,0,0,0,0,0,0,0,0,0,0,0,0,0,0,0,0,0,0,0,0,0,0,0,0,0,0,0,0,0,0,0,0,0,0,0,0,0,0,0,0,0,0,0,0,0,0,0,0,0,0,0,0,0,0,0,0,0,0,0,0,0,0,0,0,0,0
0,0,0,0,0,0,0,0,0,0,0,0,0,0,0,0,0,0,0,0,0,0,0,0,0,0,0,0,0,0,0,0,0,0,0,0,0,0,0,0,0,0,0,0,0,0,0,0,0,0,0,0,0,0,0,0,0,0,0,0,0,0,0,0,0,0,0,0,0,0,0,0,0,0,0,0,0,0,0,0,0,0,0,0,0,0,0,0,0,0,0,0,0,0,0,0,0,0,0,0,0,0,0,0,0,0,2.44E-18,-1.68E-17,-1.18E-16,-1.21E-16,-2.97E-16,-3.32E-16,-5.74E-17,6.33E-18,0,0,0,0,0,0,0,0,0,2.50E-05,4.68E-05,-0.005198461,-0.011495609,-0.017047817,-0.020881842,-0.020662616,-0.020696998,-0.020900735,-0.017225483,-0.01076457,-0.003601069,0.000235737,9.70E-06,0,0,0,0,0,0.000419818,-0.00271641,-0.026390944,-0.001515939,0.054340443,0.127526857,0.277177381,0.278504104,0.475885563,0.517185007,0.174895052,0.042505673,-0.007114518,-0.005576566,0.000276844,0,0,0,0,0.000288501,-0.005260843,-0.002955967,0.200183092,0.58444024,0.769501617,0.937617368,1.053898591,1.038528731,1.019244536,1.046178683,0.944825493,0.756041888,0.442915407,-0.003603299,-0.005384549,0.000346093,0,0,0,-0.003765999,-0.005409346,0.41314791,0.924136897,0.920262561,0.777583589,0.572280278,0.450759089,0.568626668,0.911124217,0.581674683,0.524552471,0.766117392,0.986082261,0.473281522,0.001675977,-0.003225307,0,0,0,-0.019196283,0.279126666,0.965275242,0.679223175,0.070749745,0.011609954,-0.004873833,-0.03871858,0.3293245,0.844706733,0.123823138,-0.038375423,0.030702699,0.634432598,0.990473822,0.306083401,-0.036980963,0,0,0,-0.021221065,0.636711831,0.865656931,0.10412197,-0.030390931,-0.004098243,-0.002623823,-0.012339257,0.128532084,0.880185696,0.518208367,-0.00737599,-0.063685134,0.438641374,1.048413331,0.406628234,-0.047488484,0,0,0,-0.017745234,0.400946386,0.723250309,0.108664666,-0.017323896,0,0,-0.001497136,-0.01870436,0.460631055,0.984824338,0.852356156,0.787919079,0.990872026,0.771659057,0.125565305,-0.017535926,0,0,0,-0.000588065,-0.005907067,0.016798322,-0.0014431,-3.06E-06,0,0,0.000125102,-0.008049769,0.019588184,0.355470537,0.674955889,0.720110328,0.625725763,0.140750834,-0.019147161,0.000892748,0,0,0,8.94E-05,-0.000788543,-0.00293139,-4.72E-05,3.06E-05,0,0,0,0.000628064,-0.003954759,-0.027108864,0.010141029,0.034724486,-0.001737217,-0.012437415,0.000669322,0,0,0,0,0,0,0,0,0,0,0,0,0,6.89E-05,-0.000543811,-0.006988504,-0.009845895,-0.005442708,-0.000177083,3.49E-05,0,0,0,0,0,0,0,0,0,0,0,0,0,0,0,0,0,0,0,0,0,0,0,0,0,0,0,0,0,0,0,0,0,0,0,0,0,0,0,0,0,0,0,0,0,0,0,0,0,0,0,0,0,0,0,0,0,0,0,0,0,0,0,0,0,0,0,0,0,0,0,0,0,0,0,0,0,0,0,0,0,0,0
0,0,0,0,0,0,0,0,0,0,0,0,0,0,0,0,0,0,0,0,0,0,0,0,0,0,0,0,0,0,0,0,0,0,0,0,0,0,0,0,0,0,0,0,0,0,0,0,0,0,0,0,0,0,0,0,0,0,0,0,0,0,0,0,0,0,0,0,1.19E-05,-3.68E-05,-0.002008987,-0.00331587,-0.003295218,-0.002811377,-0.000505362,7.63E-05,0,0,0,0,0,0,0,0,0,0,1.84E-05,0.000519139,-0.005959252,-0.023491115,-0.012607605,0.003473856,0.003236721,-0.002736894,-0.023690308,-0.001823223,0.000181985,0,0,0,0,0,0,2.49E-19,6.64E-18,0.000393604,-0.003700555,-0.028431831,0.000992936,0.163201423,0.497538177,0.649946061,0.640326084,0.584398625,0.269579589,-0.002574687,-0.001283292,0,0,0,0,0,0,0.000170037,-0.001729984,-0.021278339,0.019023437,0.244786987,0.615919918,0.893531369,1.04689471,0.928577342,0.996620738,1.030773318,0.92123703,0.034070023,-0.005851614,0,0,0,0,0,0.000634608,-0.005774377,-0.029574348,0.196243427,0.666941064,0.98305173,1.044069782,0.819116832,0.393838273,0.093854833,0.34341826,0.764485889,0.912257603,0.047759298,-0.006293975,0,0,0,6.38E-06,0.000507302,-0.012658575,-0.002793113,0.364978996,0.928032714,1.025052849,0.723711681,0.434335733,0.072593376,-0.051965822,0.213662548,0.840540337,1.007427288,0.94491442,0.04067259,-0.00622549,0,0,0,0.000143399,-0.026252128,0.055634809,0.591604065,1.01510563,0.920079657,0.383545479,0.03828394,-0.046517446,-0.024440155,0.084894931,0.777512204,1.004068661,0.847573444,0.940263531,0.043489685,-0.006270527,0,0,0,-0.014840346,0.095328074,0.72423741,1.003448904,0.767367596,0.232185917,-0.031142463,-0.013544138,-0.000570347,-0.02065014,0.391720963,1.027406846,0.557672554,0.076482792,0.746608694,0.06596424,-0.006105954,0,0,0,0.135562364,0.798620643,1.066569426,0.682127383,0.053490366,-0.023054977,-0.00101874,0.000141403,-0.00461729,0.020805573,0.758109562,1.02505867,0.260225225,-0.039683602,0.277420598,0.031523795,-0.002549326,0,0,0,0.233316416,0.833389487,0.613997377,0.136771228,-0.025128511,0.000129836,4.52E-05,0,-0.00849359,0.080440293,0.980871109,0.836872766,0.087122976,-0.02280971,0.126394715,0.014550959,-0.001169693,0,0,0,0.011324125,0.002638378,-0.024008228,-0.011505821,0.000621085,4.29E-05,0,6.73E-05,-0.026870507,0.402413007,1.011526654,0.882513004,0.095691761,-0.03917065,0.442521701,0.049718461,-0.004045088,0,0,0,-0.001420803,-0.002019506,0.000214015,0,0,0,0,-0.001171986,-0.026773829,0.621256791,1.042422369,0.803255191,0.039551758,0.018549871,0.712497889,0.068348056,-0.006035897,0,0,0,0,0,0,0,0,0,0,-0.001053769,-0.013863375,0.365312057,1.002398199,0.974323836,0.413590831,0.649304245,0.959254868,0.044598073,-0.006324551,0,0,0,0,0,0,0,0,0,0,6.11E-05,-0.002812602,-0.011573325,0.565033939,1.012342627,1.063605115,0.929366473,0.459213099,0.000649203,-0.002376838,0,0,0,0,0,0,0,0,0,0,0,0.000165403,-0.008990257,0.033380552,0.226009454,0.253007273,0.150401057,-0.018695511,-0.005143084,0.00024306,0,0,0,0,0,0,0,0,0,0,0,1.74E-05,0.000466027,-0.006819513,-0.020346541,-0.02113737,-0.016663773,-0.003124319,0.000394199,3.06E-06,0,0,0,0,0,0,0,0,0,0,0,0,0,0,0,0,0,0,0,0,0,0,0
0,0,0,0,0,0,0,0,0,0,0,0,0,0,0,0,0,0,0,0,0,0,0,0,0,0,0,0,0,0,0,0,0,0,0,0,0,0,0,0,0,0,0,0,0,0,0,0,0,0,0,0,0,0,0,0,0,0,0,0,0,0,0,0,0,0,0,0,0,0,0,0,0,0,0,0,0,0,0,0,0,0,0,0,0,0,0,0,7.35E-06,0.000262255,-0.003428922,-0.00997549,-0.003866944,0.000196078,0,0,0,0,0,0,0,0,0,0,0,0,6.43E-18,-2.83E-17,0.001369894,-0.02519453,-0.010180879,0.035721167,-0.007188065,-0.02369681,-0.000947202,0.000298713,1.24E-17,0,0,0,0,0,0,0,0,0.000102124,-0.000748911,-0.009735301,-0.036996766,0.236868175,0.483887306,0.70205627,0.499358686,0.227305028,-0.010085784,-0.015450708,0.000267055,4.89E-05,0,0,0,0,0,0,0.000352207,-0.001806694,-0.029348443,0.072133363,0.643997357,0.957625504,0.994895421,1.029757416,1.009370095,0.937586625,0.846491395,0.265433041,-0.030232767,0.001235045,0,0,0,0,0,0.000106771,-0.003331853,-0.013721899,0.252312517,0.705341795,1.013061428,1.012252417,0.989129868,0.988095929,0.921038788,1.025570908,1.023315581,0.73748063,0.104118702,-0.015183645,0,0,0,0,0.000352207,-0.003331853,-0.034361094,0.279695449,0.905080797,1.032060471,0.929670667,0.865987234,1.000917296,0.902615724,0.30114177,0.616602975,0.950747685,1.032436479,0.395114515,-0.046478741,0,0,0,5.11E-05,-0.003885696,-0.004669441,0.284912718,0.904535897,1.018318679,0.961218153,0.469523284,0.223917569,0.893342746,0.96987066,0.426474682,0.040124489,0.753141238,1.073974571,0.426894301,-0.049815336,0,0,0,-0.000154888,-0.0109435,0.14879536,0.845381808,1.022990349,1.020104865,0.600594622,0.081783735,-0.04225817,0.448766646,1.03149217,0.994250574,0.644160539,0.860835035,1.061041496,0.428874592,-0.050035465,0,0,0,-0.013369138,0.540716736,0.780950413,0.998375219,0.967926501,0.600364709,0.072295727,-0.023076753,-0.010587114,0.053882248,0.627726992,1.004666335,1.045558375,1.027745115,0.949539138,0.273642653,-0.033673681,0,0,0,-0.020249013,0.537743162,1.010372821,1.038434606,0.702349384,0.070670735,-0.023104269,0.000434709,0.000546705,-0.015002468,0.055963286,0.431553001,0.755807666,0.754242307,0.523118294,0.037879613,-0.007109372,0,0,0,-0.005782441,0.021217133,0.479799496,0.45034952,0.09049777,-0.018960461,0.001212751,0,0,0.000712742,-0.009619673,-0.019693432,0.073305641,0.07183655,0.027316245,-0.008784433,0.000713383,0,0,0,0.000523557,-0.009175533,-0.008504459,-0.018053598,-0.01803736,0.001033037,0,0,0,0,0.000291054,-0.002011435,-0.014220895,-0.014062194,-0.007560049,0.000472426,0,0,0,0,1.02E-05,9.84E-05,-0.002096916,-0.0015745,0.000109324,2.91E-06,0,0,0,0,0,0,0,0,0,0,0,0,0,0,0,0,0,0,0,0,0,0,0,0,0,0,0,0,0,0,0,0,0,0,0,0,0,0,0,0,0,0,0,0,0,0,0,0,0,0,0,0,0,0,0,0,0,0,0,0,0,0,0,0,0,0,0,0,0,0,0,0,0
0,0,0,0,0,0,0,0,0,0,0,0,0,0,0,0,0,0,0,0,0,0,0,0,0,0,0,0,0,0,0,0,0,0,0,0,0,0,0,0,0,0,0,0,0,0,0,0,0,0,0,0,0,0,0,0,0,0,0,0,0,0,0,0,0,0,0,0,0,0,0,0,0,0,0,0,0,0,0,0,0,0,0,0,0,0,0,0,0.000340993,-0.005171569,-0.011365809,-0.020775429,-0.019272349,-0.015417279,-0.003795956,0.000244179,1.19E-05,0,0,0,0,0,0,0,0,2.07E-18,0.000136166,0.000112103,-0.017605647,-0.000507302,0.047607435,0.131637204,0.11836,0.083566483,-0.008347205,-0.010454078,0.00053656,4.72E-18,0,0,0,0,0,2.55E-06,0.000219737,-0.001540033,-0.015173441,-0.022313433,0.141447644,0.574262408,0.73367967,0.842075606,0.831531124,0.786040509,0.505939798,0.072242528,-0.012255225,0.000603318,0,0,0,0,0,0.000650147,-0.011268446,-0.024354354,0.087553623,0.466907984,0.92168462,1.035561687,0.981691822,0.927172863,0.813009344,0.945961572,1.031882788,0.669679776,0.04656005,-0.008929259,0,0,0,1.28E-05,0.000725358,-0.012894557,0.044524186,0.342866473,0.829245592,1.047915342,0.854150923,0.481948223,0.366103094,0.527924088,0.054409743,0.177892021,0.755920803,0.967515591,0.273912854,-0.033630101,0,0,0,0.000504323,-0.016598029,0.062544322,0.652437517,0.993750323,0.993481481,0.584679351,0.123943338,-0.041329606,0.479267208,0.545038739,-0.011626055,-0.044801743,0.354170735,1.034648778,0.413179653,-0.048055929,0,0,0,-0.006160471,-0.001780196,0.54941745,1.000691942,0.692925807,0.242939832,-0.015953793,-0.028522467,0.017749081,0.817944666,0.466681066,-0.037880641,-0.023331053,0.308253319,1.013091112,0.392619809,-0.045825282,0,0,0,-0.02015608,0.293352,1.021944598,0.601347052,0.031729643,-0.024674939,-0.002079614,-0.005643944,0.035806866,0.934137357,0.606584644,-0.00449929,-0.047938964,0.451266493,0.910260638,0.204871953,-0.026131018,0,0,0,-0.020116723,0.716888767,0.711456456,0.044695759,-0.018465411,0.000415189,0,-0.005746606,0.033081611,0.913829321,0.957207054,0.589897258,0.6472086,0.927050348,0.495255884,0.00304798,-0.003453732,0,0,0,-0.018630174,0.677226706,0.542920888,-0.041166735,-0.001267429,2.66E-05,0,-0.002884446,-0.000651263,0.580083759,1.035014468,1.065261846,0.975048322,0.494169764,-0.00643076,-0.006643297,0.000456565,0,0,0,-0.017714801,0.214719403,0.761595248,0.136328142,-0.020446998,0,0,-4.75E-05,-0.00904359,0.069640608,0.347777676,0.411779041,0.269088899,0.003880685,-0.007201031,0.000198836,0,0,0,0,-0.003679024,0.010949088,0.261161918,0.100772569,-0.012449449,0,0,3.12E-05,0.000675551,-0.011525412,-0.026894097,-0.024259678,-0.023353792,-0.005981856,0.000620404,8.27E-06,0,0,0,0,0.000278799,-0.001837879,-0.017327819,-0.005903646,0.000747243,0,0,0,1.01E-05,-3.31E-05,-0.000747855,-0.001144165,-0.000530535,4.85E-05,0,0,0,0,0,0,0,0,0,0,0,0,0,0,0,0,0,0,0,0,0,0,0,0,0,0,0,0,0,0,0,0,0,0,0,0,0,0,0,0,0,0,0,0,0,0,0,0,0,0,0,0,0,0,0,0,0,0,0,0,0,0,0,0,0
0,0,0,0,0,0,0,0,0,0,0,0,0,0,0,0,0,0,0,0,0,0,0,0,0,0,0,0,0,0,0,0,0,0,0,0,0,0,0,0,0,0,0,0,0,0,0,0,0,0,0,0,0,0,0,0,0,0,0,0,0,0,0,0,0,0,0,0,0,0,0,0,0,0,0,0,0,0,0,0,0,0,0,0,0,0,0,0,8.27E-06,0.000157169,-0.002831189,-0.007164522,-0.007131894,-0.005136949,-0.000468137,9.38E-05,0,0,0,0,0,0,0,0,0,1.07E-31,6.95E-18,-1.59E-16,0.00118944,-0.020926811,-0.018849673,0.01124583,0.010836085,-0.002167109,-0.008536697,0.000312687,2.43E-05,6.33E-18,0,0,0,0,0,0,0.000355392,-0.002560594,-0.010630447,-0.018960703,-0.035279088,0.200026501,0.515289199,0.669404446,0.67198132,0.585660522,0.129722869,-0.035572253,-0.008684726,0.000986507,0,0,0,0,0,0.000360768,-0.006689903,-0.01459969,0.040347384,0.305448941,0.604310413,0.90397565,1.042282129,1.017778712,1.002348558,1.048885288,0.755332929,0.385565696,0.117638142,-0.014514216,0,0,0,1.74E-05,0.000182524,-0.00545435,-0.00782004,0.390619434,0.738031284,0.97047299,1.028514604,0.993461993,0.694368753,0.361068423,0.331280268,0.833064423,1.025963559,1.032782986,0.376617239,-0.044639843,0,0,0,0.000318968,-0.0068497,-0.011148199,0.488990588,0.985906846,1.033501889,0.978471883,0.576079742,0.215485413,0.043485005,-0.045676181,-0.038703715,0.527974605,1.048577546,0.668448172,0.059810577,-0.010267009,0,0,0,-0.005529003,-0.007734261,0.499966827,1.002138617,1.005980733,0.536169781,0.211028393,0.061790731,-0.040941091,-0.010833946,-0.012233388,0.063260127,0.793830882,1.014726137,0.435792535,-0.039774374,0.001200114,0,0,0,-0.018588644,0.420392853,0.972842473,0.956160999,0.498903033,0.019709474,-0.024656302,-0.006277216,0.000518433,7.35E-06,-0.020359137,0.21662738,1.006407782,0.976373434,0.241301981,-0.017413092,9.78E-06,0,0,0,-0.01976122,0.885532083,0.77714195,0.180822276,-0.004681576,-0.009914802,0.000917741,0,0,0.000264971,-0.023888651,0.472474855,1.025338823,0.927530013,0.122820836,-0.010696364,0,0,0,0,-0.006935934,0.490098311,0.188667279,-0.036383102,-0.005281352,0.000367647,0,0,0,-0.001536543,-0.003153339,0.738393665,1.032567368,0.743355545,0.012691602,-0.004127196,0,0,0,0,-0.00011489,0.002476136,0.003274357,-0.000287224,0,0,0,0,0,-0.016207959,0.164067096,0.907747799,0.987000681,0.369000562,-0.017793556,-0.001209406,0,0,0,0,7.66E-05,-0.004695793,-0.002182904,0.000191483,0,0,0,0,0,-0.04054713,0.441677815,1.030942226,0.737411067,0.053641612,-0.014709644,0.000114226,0,0,0,0,0,0,0,0,0,0,0,0,0,-0.04347852,0.477112098,1.048895751,0.538077444,-0.027592712,-0.002173458,1.99E-06,0,0,0,0,0,0,0,0,0,0,0,0,0,-0.027902195,0.310876289,0.785113867,0.190418705,-0.020744109,0.000308181,0,0,0,0,0,0,0,0,0,0,0,0,0,0,0.000880821,-0.009685628,0.048484061,-0.00978605,0.000889331,0,0,0,0,0,0,0,0,0,0,0,0,0,0,0,5.44E-18,-2.72E-18,-0.00611726,-2.72E-18,0,0,0,0,0,0
0,0,0,0,0,0,0,0,0,0,0,0,0,0,0,0,0,0,0,0,0,0,0,0,0,0,0,0,0,0,0,0,0,0,0,0,0,0,0,0,0,0,0,0,0,0,0,0,0,0,0,0,0,0,0,0,0,0,0,0,0,0,0,0,0,0,0,0,0,0,0,0,0,0,0,0,0,0,0,0,0,0,0,0,0,0,0,0,0,0,0,0,0,0,0,0,0,0,0,0,0,0,0,0,0,0,0,0,2.18E-19,6.55E-18,-9.11E-17,-2.72E-16,-2.75E-16,-2.84E-16,-1.14E-16,6.05E-18,3.42E-19,0,0,0,0,0,0,0,0,0,6.30E-05,-0.000119746,-0.005671977,-0.010703295,-0.018884293,-0.020898693,-0.020751634,-0.020906352,-0.01931781,-0.003664216,0.000283395,0,0,0,0,0,0,0,0,4.08E-05,-5.45E-05,-0.02127935,0.002782296,0.041987621,0.240120935,0.474998234,0.487454704,0.487584128,0.264301258,-0.008004192,-0.002266979,0.000136685,0,0,0,0,3.67E-06,0.000134957,-0.001755362,-0.01456267,-0.039496545,0.173327932,0.598418675,0.761852754,0.872210427,0.793866949,0.721315427,0.835157782,0.93899806,0.397724129,-0.024693083,-9.13E-05,0,0,0,0.000490196,-0.009413905,-0.029137663,-0.016299632,0.196286918,0.541665373,0.87771675,0.882548135,0.564753881,0.496564747,0.600574091,0.130267519,0.088827478,0.499408378,0.862820159,0.143296807,-0.01961192,0,0,0,-0.003253506,0.038725541,0.183009583,0.526397042,0.899760842,0.850173764,0.468424324,0.087887766,0.103943985,0.840484103,0.525474997,0.026978976,-0.039506502,0.116347324,0.969113851,0.370470129,-0.043257919,0,0,0,-0.018427458,0.615044298,0.876073563,0.641595673,0.300702512,0.110283633,-0.01992377,-0.022280161,0.13437243,0.902279786,0.315369094,-0.056887374,-0.030572815,0.406556543,0.888079878,0.188508868,-0.02432514,0,0,0,-0.006723296,0.414179877,0.233519272,0.008802977,-0.030738606,-0.016920071,-0.000898214,-0.00236354,-0.002957448,0.542632129,0.811388566,0.228785369,0.520879499,0.923133756,0.418381317,-0.024649814,-0.000188348,0,0,0,0.000430624,-0.017452407,-0.018697066,-0.007036356,-0.000413773,6.18E-05,0,9.19E-05,-0.015123877,0.077042126,0.613374966,0.772666133,0.767737728,0.414204299,0.004094073,-0.004560287,0.000228283,0,0,0,0,0,0,0,0,0,0,7.66E-06,0.000831087,-0.013006604,0.032102379,0.099936135,0.063996936,-0.015671228,-0.004787156,0.00026971,0,0,0,0,0,0,0,0,0,0,0,0,3.31E-05,0.000465993,-0.008725797,-0.016875076,-0.013219056,-0.00219087,0.000297181,1.84E-06,0,0,0,0,0,0,0,0,0,0,0,0,0,0,0,0,0,0,0,0,0,0,0,0,0,0,0,0,0,0,0,0,0,0,0,0,0,0,0,0,0,0,0,0,0,0,0,0,0,0,0,0,0,0,0,0,0,0,0,0,0,0,0,0,0,0,0,0,0,0,0,0,0,0,0,0,0,0,0,0,0,0,0
0,0,0,0,0,0,0,0,0,0,0,0,0,0,0,0,0,0,0,0,0,0,0,0,0,0,0,0,0,0,0,0,0,0,0,0,0,0,0,0,0,0,0,0,0,0,0,0,0,0,0,0,0,0,0,0,0,0,0,0,0,0,0,0,0,0,0,0,0,0,2.88E-18,0.000108762,-0.003982308,-0.005483303,-0.002809896,4.27E-05,1.24E-05,0,0,0,0,0,0,0,0,0,9.19E-05,-0.000853002,-0.002534926,-0.000697304,-0.007548407,-0.013908803,0.015311782,0.029459201,0.004332159,-0.001387714,2.99E-05,0,0,0,0,0,0,0,0,1.02E-17,8.51E-07,-0.000148452,-0.015602601,-0.030676249,0.015515931,0.047390217,0.680993012,0.882673764,0.527426437,0.001228588,-0.002671977,0,0,0,0,0,0,0,0,0.000770187,-0.018768723,0.077735654,0.444171671,0.408012851,0.657347461,0.727914284,0.968949204,1.020132608,0.87665625,0.026516204,-0.005290339,0,0,0,0,0,0,8.07E-05,0.00033264,-0.034711844,0.124887778,0.678110848,0.999458304,0.985790276,1.044578187,1.042504586,0.998069293,1.000135186,0.904929868,0.041413535,-0.006174993,0,0,0,0.000614022,-0.00680479,-0.007524306,-0.01372258,-0.0332524,0.104893263,0.615519182,1.014789399,1.010317896,1.025315428,0.89541619,0.863446044,0.981863,0.998513055,0.970520646,0.323340125,-0.021794424,0,0,0,-0.007496341,0.083345163,0.065554859,0.164278952,0.470700368,0.823503693,1.012561955,1.019607894,0.905594516,0.545434777,0.181947832,0.313372889,0.935105224,1.003227822,1.025982452,0.673165356,-0.041098243,0,0,0,-0.047363068,0.521753898,0.895072137,0.916436853,1.013055487,1.008058602,0.791137697,0.507771867,0.150975388,-0.00528525,-0.052282118,0.262329299,0.945933003,1.002513072,1.030246936,0.722994077,-0.04383701,0,0,0,-0.050243821,0.551462503,1.061352082,1.023983677,1.003359528,0.784392174,0.14214825,-0.037578727,-0.013731056,-0.002544373,-0.028456682,0.302635876,0.95510395,1.001483524,1.029362745,0.715179739,-0.043406863,0,0,0,-0.00636567,0.063253214,0.38959404,0.464280876,0.287504875,0.080539352,-0.009397548,-0.001569434,0.000158983,0,-0.020487682,0.212889643,0.925886555,1.004472742,1.031323529,0.732508832,-0.044360758,0,0,0,0.000965925,-0.010580916,-0.021174059,-0.020790271,-0.020035403,-0.013995609,-0.000866694,0.000175288,0,0,-0.021635008,0.22596252,0.932881456,1.005605596,1.01434598,0.573432904,-0.035607384,0,0,0,0,0,0,0,0,0,0,0,0,0,-0.015670105,0.15778765,0.89603996,1.020296909,0.981518587,0.256501583,-0.018181985,0,0,0,0,0,0,0,0,0,0,0,0,0,-0.000305522,-0.015212589,0.468585395,0.956994026,0.780554279,0.025469975,-0.004883425,0,0,0,0,0,0,0,0,0,0,0,0,0,8.94E-05,-0.006578159,0.014379815,0.299090278,0.146612456,-0.006051828,-0.000472733,0,0,0,0,0,0,0,0,0,0,0,0,0,0,0.000680771,-0.004472766,-0.036307937,-0.019746036,0.000346093,8.44E-05,0,0,0,0,0,0,0,0,0,0,0,0,0,0,0,0,0,0,0,0,0,0,0,0,0,0,0,0,0,0,0,0,0,0,0,0,0,0,0,0,0,0,0
0,0,0,0,0,0,0,0,0,0,0,0,0,0,0,0,0,0,0,0,0,0,0,0,0,0,0,0,0,0,0,0,0,0,0,0,0,0,0,0,0,0,0,0,0,0,0,0,0,0,0,0,0,0,0,0,0,0,0,0,0,0,0,0,0,0,0,0,0,0,0,0,0,0,0,0,0,0,0,0,0,0,0,0,0,0,0,0,7.54E-05,-3.06E-05,-0.014914522,-0.024666667,-0.020599853,-0.014087623,-0.003213235,0.000452206,0,0,0,0,0,0,0,0,0,6.48E-32,4.68E-05,0.000910837,-0.01273172,-0.040357775,0.079689696,0.1660681,0.130175458,0.072048832,-0.017106362,-0.016804688,0.000899969,7.58E-18,0,0,0,0,0,0,6.43E-05,-6.64E-06,-0.007312262,-0.030103661,0.11568447,0.442830202,0.759986656,0.879752808,0.828327558,0.753436938,0.537977822,0.120751617,-0.015968563,0.000701154,0,0,0,0,0,0,0.000444845,-0.006563889,0.011213533,0.2693129,0.777755799,1.011652059,1.021999884,1.007600706,1.02381485,1.046207571,1.027208141,0.687250112,0.081116716,-0.012558322,0,0,0,0,0.00019934,-0.001098703,-0.024201031,0.023969193,0.540276586,0.994503791,1.03528828,1.019748213,0.991554194,0.998718886,0.940307366,0.825342763,1.021186172,1.003853094,0.351420701,-0.041906567,0,0,0,0.000499387,-0.005229404,-0.01978205,0.152135332,0.673632557,0.989155348,1.048053263,0.684176385,0.604511132,0.993334695,1.01572835,0.292440144,0.295758664,0.960331087,0.968009532,0.299232026,-0.036318943,0,0,0,-0.003377247,-0.022184634,0.392498911,0.875949142,1.022377655,0.996706665,0.690225038,0.005360669,0.637338542,1.035018093,0.883013804,0.028932677,0.366682887,1.032998945,0.891427611,0.201377077,-0.025945538,0,0,0,-0.017800756,0.315563878,0.943414386,1.024634787,1.020008068,0.562684504,-0.00513342,0.032591044,0.783436649,1.043318202,0.765050671,0.051320608,0.566772246,1.060600592,0.814596422,0.077552202,-0.012900004,0,0,0,-0.020298975,0.618298591,1.001654216,0.964535978,0.538887751,0.02700408,-0.032598915,0.094352163,0.815831312,1.05605596,0.571037803,0.241269314,0.900933258,1.039990318,0.504575962,-0.022062849,-0.001003169,0,0,0,-0.006911254,0.122703926,0.365352924,0.299779497,-0.012316176,-0.009143008,0.001198484,-0.046636097,0.713857554,1.050473635,0.832603145,0.861141243,1.04747658,0.738121953,0.02830896,-0.007000953,0.000203824,0,0,0,0.000642531,-0.011638335,-0.033857145,-0.028119468,-0.000729337,0.000165952,0,-0.020176624,0.296901297,0.914914335,1.007430283,0.994741399,0.672335597,0.119560423,-0.015128983,-9.80E-05,0,0,0,0,0,0,0,0,0,0,0,0.000506536,-0.022088423,0.107969465,0.329983541,0.235097547,-0.000837793,-0.011716333,0.00050017,2.71E-05,0,0,0,0,0,0,0,0,0,0,0,8.24E-05,-0.000494843,-0.009890012,-0.022226358,-0.01700109,-0.003211806,-0.000302288,2.71E-05,1.53E-06,0,0,0,0,0,0,0,0,0,0,0,0,0,0,0,0,0,0,0,0,0,0,0,0,0,0,0,0,0,0,0,0,0,0,0,0,0,0,0,0,0,0,0,0,0,0,0,0,0,0,0,0,0,0,0,0,0,0,0,0,0,0,0
0,0,0,0,0,0,0,0,0,0,0,0,0,0,0,0,0,0,0,0,0,0,0,0,0,0,0,0,0,0,0,0,0,0,0,0,0,0,0,0,0,0,0,0,0,0,0,0,0,0,0,0,0,0,0,0,0,0,0,0,0,0,0,0,0,0,0,0,0,0,0,0,0,0,0,0,0,0,0,0,0,0,0,0,0,0,0,0,0,0,0,0,0,0,0,0,0,0,0,0,0,0,0,0,0,1.11E-32,1.66E-18,-2.38E-17,-8.13E-17,-7.96E-17,-7.96E-17,-7.96E-17,-8.14E-17,-6.67E-17,-1.07E-17,1.68E-18,0,0,0,0,0,0,0,0,2.14E-05,7.86E-05,-0.002893008,-0.01454673,-0.021076729,-0.020751634,-0.020751634,-0.020749932,-0.020930489,-0.020089699,-0.006153493,0.000491898,1.33E-05,0,0,0,0,0,0,0.000520973,-0.007122111,-0.033045636,-0.019063617,0.111083613,0.239505761,0.246890057,0.26273083,0.241174534,0.234876927,0.210998448,0.026670454,-0.008349945,0.000167849,0,0,0,2.55E-06,0.000253779,-0.002882475,-0.022779105,0.028875102,0.263753455,0.466700385,0.868312424,1.040709252,0.923874455,0.768746238,0.941574857,1.037983555,1.013994996,0.532613017,-0.013834746,-0.001978452,0,0,0,2.21E-05,-0.003991353,0.008063827,0.261143178,0.653943747,0.907722665,0.854922318,0.751720748,0.403100099,0.175003881,0.138869809,0.796818832,0.954305573,0.898124592,0.988617596,0.280810713,-0.019496936,0,0,0,0.00033318,-0.023818508,0.470414136,0.917047096,0.787410999,0.319596031,0.045953942,0.009669449,-0.0206891,-0.047872004,0.336234664,0.971125902,0.395004399,0.176964495,0.912924871,0.741257251,-0.043790594,0,0,0,-0.012487234,0.133770425,0.854689933,0.277316568,0.052137102,-0.016903339,-0.006744179,-0.003961263,-0.005510519,0.01431781,0.769633612,0.710634923,-0.007157423,0.12108524,0.885775174,0.705749949,-0.041673407,0,0,0,-0.026594751,0.303609718,0.613668089,-0.028704785,-0.011331631,-0.000406017,7.34E-05,0,-0.004875973,0.022365816,0.854980824,0.556245108,0.04830058,0.523692131,0.970878616,0.29743746,-0.020196078,0,0,0,-0.028719448,0.327447661,0.130103305,-0.012797522,0.00011489,0,0,0,-0.00206056,-0.009555181,0.489733541,0.904910658,0.902172183,0.983052577,0.431133868,-0.023330116,-0.001119179,0,0,0,-0.008323972,0.09489328,0.027550871,-0.003329589,0,0,0,0,-0.000303105,-0.005215142,0.085169662,0.409939168,0.575860968,0.302097324,0.030349367,-0.008009855,9.59E-05,0,0,0,0.001095282,-0.012486213,-0.004065978,0.000438113,0,0,0,0,4.96E-05,0.0003269,-0.013066006,-0.018228299,-0.007234944,-0.026789403,-0.00756553,0.00082935,7.35E-06,0,0,0,0,0,0,0,0,0,0,0,0,1.19E-05,4.08E-07,-0.001339001,-0.002524102,-0.000530688,2.29E-05,2.76E-06,0,0,0,0,0,0,0,0,0,0,0,0,0,0,0,0,0,0,0,0,0,0,0,0,0,0,0,0,0,0,0,0,0,0,0,0,0,0,0,0,0,0,0,0,0,0,0,0,0,0,0,0,0,0,0,0,0,0,0,0,0,0,0,0
0,0,0,0,0,0,0,0,0,0,0,0,0,0,0,0,0,0,0,0,0,0,0,0,0,0,0,0,0,0,0,0,0,0,0,0,0,0,0,0,0,0,0,0,0,0,0,0,8.56E-06,-6.89E-05,-0.000503037,-0.008969875,-0.00644005,-0.000743957,9.17E-05,0,0,0,0,0,0,0,0,0,0,0,0,9.91E-05,-0.000603758,-0.005223992,-0.023866813,0.046289811,0.017675136,-0.015549871,-0.002732077,0.000348601,1.99E-06,0,0,0,0,0,0,0,0,0,0.000579044,-0.004739208,-0.02714951,0.045137102,0.453597461,0.698945159,0.76630882,0.345513957,-0.003688062,-0.0068662,0.000184079,0,0,0,0,0,0,0,4.67E-19,3.14E-17,-0.004051096,-0.006828825,0.311132744,0.744984937,1.008959338,0.921640846,0.950856331,0.942105596,0.364976648,-0.010032118,-0.001569853,0,0,0,0,0,0,0,0.000367647,-0.002175245,-0.03597052,0.333246403,0.996140131,0.984866217,0.480058466,0.221614243,0.275322976,0.860508578,0.899854677,0.062775463,-0.007295139,0,0,0,0,0,0,9.91E-05,-0.00348508,-0.018287422,0.321945362,0.941527556,0.937982689,0.297758126,-0.032989483,-0.06418907,0.13097725,0.910550239,1.004334634,0.330049037,-0.02223345,0,0,0,0,0,5.26E-05,-0.000957465,-0.020521957,0.236348907,0.909741081,0.842221967,0.227206836,-0.006158735,-0.042555607,0.121073734,0.698412638,1.011736111,1.026184811,0.726907424,-0.044036458,0,0,0,0,0.000116422,-0.000408259,-0.01589745,0.041568389,0.858991592,0.848946198,0.200717052,-0.034131179,-0.022161782,0.266947627,0.810909892,0.993319983,0.923730035,1.036157799,0.715435202,-0.043419118,0,0,0,0,-0.000368839,-0.015777027,0.111602737,0.741267667,0.972075112,0.280984069,-0.042840284,-0.008703891,0.176138429,0.886623366,0.965504102,0.566297253,0.814320772,0.979420803,0.340684538,-0.022719056,0,0,0,0.000659552,-0.016070602,0.067920098,0.626389655,1.027504851,0.547508085,-0.016825385,-0.007528535,-0.014985141,0.650462095,0.994222495,0.441788126,0.269894368,1.000217371,0.647872651,-0.001612251,-0.003057853,0,0,0,-0.003644623,0.021025182,0.605853784,0.978555026,0.588875606,0.040683744,-0.00969294,-0.028519271,0.300760704,0.968390353,0.550384055,-0.03546268,0.746241842,0.909138777,0.211484295,-0.021695134,-0.000310525,0,0,0,-0.041759855,0.460024425,0.861189498,0.565461669,0.032439764,-0.018996324,-0.011714325,0.063325894,0.794623077,0.855287565,0.069715754,0.224822729,0.987045524,0.624526416,-0.004134855,-0.006216095,4.44E-05,0,0,0,-0.022166479,0.250901501,0.192446564,0.033332414,-0.010820925,0.000716605,-0.019367341,0.129970497,1.006677032,0.535507932,0.105234801,0.813271089,0.925719277,0.173888446,-0.019457874,0.000236213,0,0,0,0,0.001026774,-0.011380464,-0.021163069,-0.009121766,0.000617034,2.21E-05,-0.015463133,0.09346373,0.885655603,0.725270357,0.780811206,0.943860737,0.388113696,-0.028441891,0.000654922,3.31E-05,0,0,0,0,6.77E-05,-0.000771293,-0.000251162,2.71E-05,0,0,-0.004722563,-0.000896111,0.514740468,0.984358677,0.927359664,0.360914931,-0.029801323,-0.003173679,5.36E-05,0,0,0,0,0,0,0,0,0,0,0,0.000141148,-0.00805469,0.05262457,0.164617695,0.135570401,0.003916881,-0.004671081,0.000283315,0,0,0,0,0,0,0,0,0,0,0,0,3.57E-05,0.000495801,-0.008040577,-0.018658429,-0.01659501,-0.003964291,0.000421915,6.81E-06,0,0,0,0,0,0,0,0,0,0,0,0,0,0,0,0,0,0,0,0,0,0,0,0,0,0
0,0,0,0,0,0,0,0,0,0,0,0,0,0,0,0,0,0,0,0,0,0,0,0,0,0,0,0,0,0,0,0,0,0,0,0,0,0,0,0,0,0,0,0,0,0,0,0,0,0,0,0,0,0,0,0,0,0,0,0,0,0,0,0,0,0,0,0,0,0,0,0,0,0,0,0,0,0,0,0,0,0,0,0,0,0,0,0,0.000102941,-0.00041299,-0.014649816,-0.032246017,-0.033428825,-0.028407782,-0.006026042,0.000692402,7.35E-06,0,0,0,0,0,0,0,0,3.79E-32,1.01E-17,-1.04E-16,0.000414471,-0.016609103,0.078107179,0.233420292,0.243730314,0.198414216,0.02096858,-0.006224724,9.97E-05,0,0,0,0,0,0,0,1.23E-05,2.79E-05,-0.001278935,-0.014258999,-0.037339852,0.215532033,0.747914148,0.977044288,1.000984282,0.937870932,0.422130123,-0.020067657,-0.001191942,0,0,0,0,0,0,0,0.000708084,-0.004960458,-0.037889235,0.199054393,0.767327056,0.9339401,1.024048755,0.970416921,0.921718974,1.005587114,0.956313814,0.291950253,-0.020054472,0,0,0,0,0,0,0.000244638,-0.01008124,0.015051079,0.35548109,0.846842855,1.028884532,1.002448393,0.99000897,0.518830014,0.136797606,0.690417007,1.04970418,0.662401025,-0.040489685,0,0,0,0,0.000294118,-0.008563043,-0.026637,-0.018262749,0.475925262,0.983158956,0.930900629,0.86362934,1.021455185,0.81666699,0.096724418,-0.061386868,0.476533361,1.069668096,0.730569802,-0.044220895,0,0,0,0.000340414,-0.005410709,0.038329427,0.13608078,0.48926091,1.001492987,0.983152914,0.291583727,0.420145748,1.049133425,0.478795803,-0.022948155,-0.03065351,0.482577717,1.058005515,0.595216997,-0.036785335,0,0,0,-0.003076491,0.019388957,0.517290333,0.878370064,1.056500068,0.90947195,0.395346371,-0.022358478,0.426247872,1.044406301,0.364190717,-0.039232503,0.016541332,0.655860124,1.006106345,0.259242426,-0.018297896,0,0,0,-0.045576685,0.499655708,1.014060973,0.893351457,0.569081553,0.259319229,-0.023706687,-0.056139209,0.397708783,1.021150024,0.37688841,-0.043440731,0.251386158,0.970607785,0.600415206,0.027435507,-0.004490695,0,0,0,-0.022784331,0.25488111,0.428716896,0.145855545,-0.01640659,-0.01875034,-0.002710886,-0.015150626,0.106470316,0.780940036,0.755773403,0.554801011,0.777487839,0.847644625,0.161596252,-0.023573683,4.06E-05,0,0,0,0.00201057,-0.022456682,-0.038915896,-0.014626311,-0.000396582,0.000176164,0,-0.001171579,-0.014710223,0.406923339,0.90433364,1.029915492,0.852447991,0.196462299,-0.016178479,-0.000974248,2.94E-05,0,0,0,0,0,0,0,0,0,0,0.000264156,-0.003376634,0.002568866,0.133394029,0.214730409,0.120467775,-0.020699568,-0.001134242,0.000259191,0,0,0,0,0,0,0,0,0,0,0,0,0.000171262,-0.002181168,-0.011148693,-0.01590385,-0.010299774,-0.000248417,4.98E-05,0,0,0,0,0,0,0,0,0,0,0,0,0,0,0,0,0,0,0,0,0,0,0,0,0,0,0,0,0,0,0,0,0,0,0,0,0,0,0,0,0,0,0,0,0,0,0,0,0,0,0,0,0,0,0,0,0,0,0,0,0,0,0,0,0
0,0,0,0,0,0,0,0,0,0,0,0,0,0,0,0,0,0,0,0,0,0,0,0,0,0,0,0,0,0,0,0,0,0,0,0,0,0,0,0,0,0,0,0,0,0,0,0,0,0,0,0,0,0,0,0,0,0,0,0,0,0,0,0,0,0,0,0,3.05E-05,-0.000486724,-0.000921977,-0.000927288,-0.000689383,1.89E-05,0,0,0,0,0,0,0,0,0,0,0,9.33E-20,0.00044424,-0.00317109,-0.021557036,-0.0235032,-0.025980664,-0.026050892,-0.025033138,-0.017845146,-0.003089154,0.0004519,9.19E-07,0,0,0,0,0,0,4.98E-19,1.22E-17,0.000840397,-0.012428088,-0.010350458,0.131448649,0.262238068,0.378897416,0.380646633,0.319923006,0.100446521,-0.000785131,-0.003596899,0.000116983,0,0,0,0,0,0,0.000172079,-0.001725558,-0.027204095,0.070368924,0.458502626,0.853658956,0.953376685,1.051531914,1.04884198,0.984337607,0.805317198,0.337796552,-0.027053036,-0.004340414,0.000399495,0,0,0,0,0,-0.000791499,-0.018893713,0.319111906,0.819677313,0.999448888,0.940322058,0.687248482,0.399479179,0.588835334,0.971286889,1.030709442,0.92668034,0.32575887,-0.009614162,-0.001247249,0,0,0,1.07E-05,0.000872722,-0.02536489,0.210933926,0.925477907,1.04037277,0.722342869,0.226445227,0.000899833,-0.062326917,0.290149033,0.955699217,0.998435747,1.010197151,0.92499726,0.26296875,-0.032437324,0,0,0,0.000406965,-0.018156261,0.084085427,0.74893687,1.042734562,0.835412718,0.144659971,-0.037865775,-0.015268774,0.047300568,0.714271378,1.027315438,0.999566091,0.992085103,1.076060151,0.449740826,-0.052339896,0,0,0,-0.004923407,-0.005535496,0.493770629,1.004589682,0.813162684,0.191884106,-0.026668297,-0.001183024,-0.030627791,0.321130038,1.006721609,0.958603519,0.943050568,0.997324687,0.895398506,0.340304858,-0.040160613,0,0,0,-0.017773523,0.204900364,0.938531488,0.987586669,0.199744468,-0.022814934,-0.000540031,-0.005311989,0.037233507,0.726319121,1.020514434,0.67592806,0.930660012,0.918384668,0.234898386,0.026152965,-0.004382618,0,0,0,-0.020719362,0.789890055,1.022175886,0.902550378,0.012968149,-0.005566222,9.76E-05,-0.014638366,0.19260626,0.983223795,0.817416211,0.526842416,1.027575517,0.720301744,0.007578574,-0.010573611,0.000693187,0,0,0,-0.021183619,0.867442233,1.031090925,0.392959661,-0.018827563,-0.001282935,0,-0.025415952,0.388202529,1.011424683,0.807536101,0.870401838,0.922709014,0.247894795,-0.022235243,-0.000452665,0,0,0,0,-0.011758578,0.352982485,0.559908327,0.114731771,-0.019371545,0.000123826,0,-0.012363971,0.150652369,0.962089188,1.047283327,0.995397898,0.464077478,-0.005238971,-0.005097273,5.74E-05,0,0,0,0,9.19E-05,-0.014860907,-0.004412037,-0.001031352,0.00014277,0,0,-0.001636336,-0.008605647,0.39862226,0.745140999,0.359896356,-0.014353043,-0.006804024,0.000689338,0,0,0,0,0,5.51E-05,-0.001220751,-0.002633374,-0.000609069,8.46E-05,0,0,0.000149816,-0.002830729,-0.00614437,0.014993753,-0.01793445,-0.002597699,0.000214461,0,0,0,0,0,0,0,0,0,0,0,0,0,0,0.000256818,-0.002013778,-0.00612898,-0.000604098,0.000101912,0,0,0,0,0,0,0,0,0,0,0,0,0,0,0,0,0,0,0,0,0,0,0,0,0,0,0,0,0,0,0,0,0,0,0,0,0,0,0,0,0,0,0,0,0,0
0,0,0,0,0,0,0,0,0,0,0,0,0,0,0,0,0,0,0,0,0,0,0,0,0,0,0,0,0,0,0,0,0,0,0,0,0,0,0,0,0,0,0,0,0,0,0,0,0,0,0,0,0,0,0,0,0,0,0,0,0,0,0,0,0,6.26E-05,-0.000642616,-0.002985355,-0.003719873,-0.004881587,-0.005702717,-0.004558211,-0.001108903,7.61E-05,0,0,0,0,0,0,0,0,0,0.000153493,-0.001382047,-0.015188743,-0.02585963,-0.001004087,0.008522433,0.022853299,0.032980562,0.018699551,-0.022789532,-0.020185287,-0.000270527,0.000204044,0,0,0,0,0,5.53E-05,0.000169428,-0.007481175,-0.022764774,0.06792019,0.317290816,0.61117805,0.694652012,0.832972614,0.922903374,0.796941398,0.393517488,0.110034858,-0.018333044,-0.000945823,7.28E-05,0,0,0,0,-0.000198291,-0.015560498,0.046648097,0.403728571,0.78116299,1.00397229,1.007978459,0.911737558,0.771110805,0.761308875,0.800738885,1.015838922,0.82308044,0.218932258,-0.019152046,-0.000375051,0,0,0,0.00102931,-0.026916623,0.165322184,0.833863258,0.96374966,0.833699656,0.436692196,0.130057712,0.09887243,0.058220211,0.056632679,0.053193663,0.336395012,0.911534521,0.839344656,0.058359032,-0.006897599,0,0,0,-0.007962708,0.06955976,0.800841911,0.881141255,0.333638923,-0.022246272,-0.022266221,-0.019333191,-0.016316891,-0.01162854,-0.011457482,-0.013156999,-0.052946629,0.323838661,0.984405059,0.425593988,-0.027033803,0,0,0,-0.034783497,0.385414284,0.958000116,0.299567572,-0.047942436,-0.001593086,0.000157016,0,0,0.000115809,0.00011826,-0.014081019,-0.032145296,0.057816517,0.830596899,0.70954856,-0.04154565,0,0,0,-0.053257761,0.606514161,0.692946204,-0.005656454,-0.003070908,0.000170956,0,0,5.36E-05,0.000115707,-0.020086108,0.072871034,0.116380821,0.042690513,0.777980528,0.75888031,-0.043936887,0,0,0,-0.040062891,0.456808364,0.530204588,-0.018630089,0.000228503,0,0,0,3.01E-05,-0.024716742,0.194999472,0.763313351,0.839177333,0.722974026,0.936682921,0.730180249,-0.043578431,0,0,0,-0.006420872,0.073197943,0.156647565,-0.002568349,0,0,0,0.000117158,-0.010579624,0.105443402,0.824170658,0.897362504,0.62811881,0.795635862,1.052785285,0.721104249,-0.043754535,0,0,0,0.000625511,-0.007130821,-0.011934899,0.000250204,0,0,0,-0.00110554,-0.024527012,0.584156693,0.940251889,0.193092729,-0.108853424,0.37445304,1.045562211,0.717105239,-0.043258732,0,0,0,0,0,0,0,0,0,0,-0.000777791,-0.026209814,0.548910165,0.964290645,0.678351767,0.494805688,0.86767853,0.842130906,0.320571317,-0.021223754,0,0,0,0,0,0,0,0,0,0,8.81E-05,-0.006712571,0.063886268,0.501936853,0.785374319,0.837060692,0.640482333,0.195386949,-0.019401042,-0.00016636,0,0,0,0,0,0,0,0,0,0,0,0.000467218,-0.007060917,-0.028429177,0.050272433,0.107119886,-0.013775582,-0.016866524,-0.000706036,0.000121783,0,0,0,0,0,0,0,0,0,0,0,0,0.000117402,-0.00030329,-0.009741144,-0.015754549,-0.002494802,0.000244588,0,0,0,0,0,0,0,0,0,0,0,0,0,0,0,0,0,0,0,0,0,0,0,0,0,0,0,0,0,0,0,0,0,0,0,0,0,0,0,0,0,0,0,0,0
0,0,0,0,0,0,0,0,0,0,0,0,0,0,0,0,0,0,0,0,0,0,0,0,0,0,0,0,0,0,0,0,0,0,0,0,0,0,0,0,0,0,0,0,0,0,0,0,0,0,0,0,0,0,0,0,0,0,0,0,0,0,0,0,0,0,0,0,6.53E-05,-0.000988511,-0.002118107,-0.004656505,-0.005161632,-0.00527788,-0.002207976,0.000102379,7.20E-06,0,0,0,0,0,0,0,0,5.60E-19,0.000128676,-0.000620032,-0.014200674,-0.022289063,-0.011432138,0.020372328,0.026601307,0.027338337,0.000110073,-0.002166786,8.68E-05,0,0,0,0,0,0,3.58E-19,4.27E-18,0.000680828,-0.007825776,-0.028611723,0.058953908,0.360717473,0.511127128,0.783434589,0.838500265,0.857167075,0.428795309,-0.023020935,-0.001033395,3.85E-18,0,0,0,0,8.15E-06,0.000334627,-0.006163024,-0.025270459,0.05381587,0.375807448,0.743795581,0.994700317,1.025170598,1.003505974,1.000500795,1.010355188,0.892747004,0.220602975,-0.02006604,0.000419877,0,0,0,0,0.000851839,-0.010102472,0.010701086,0.204807981,0.669492326,0.986809053,1.022911045,1.002297348,0.991935731,0.987966196,0.988235294,0.98845522,1.020796203,0.669589499,0.029820703,-0.007216631,0,0,0,0.000778186,-0.021898669,0.012395357,0.525836754,0.932622209,1.014443066,1.00775675,1.031805419,0.945520782,0.951022382,0.989738,1.000042497,1.005591554,1.009165254,0.855126532,0.149511097,-0.020466349,0,0,0,-0.012614379,0.169125341,0.701951048,0.975562381,1.025220827,1.009870251,0.827056412,0.342481839,0.454122855,0.948065666,1.009300909,0.827688639,0.694577206,1.03488991,0.854963644,0.159469227,-0.021481391,0,0,0,-0.021104133,0.776448541,1.040031131,1.022414658,0.756271582,0.469438572,0.135435537,-0.072459252,0.452729354,1.00429136,0.963886115,0.283590355,0.593050705,1.035865451,0.929366302,0.261538858,-0.032312584,0,0,0,-0.021086091,0.783078316,0.979040288,0.653670956,0.089056321,-0.040470401,-0.017969916,0.013074959,0.774897603,1.052652642,0.759077597,0.301176691,0.936980358,1.028480937,0.797631213,0.099538926,-0.015048714,0,0,0,-0.005532625,0.149521057,0.221287572,0.036978432,-0.016269669,0.000780696,-0.030578238,0.223564605,0.911357772,0.992240464,0.465121972,0.670531639,1.018881534,0.947738678,0.466219325,-0.016783865,-0.001302167,0,0,0,0.000430624,-0.014486432,-0.019147093,-0.008327036,6.93E-05,-0.009016714,0.038138478,0.649289743,1.006963099,0.64084552,0.561822849,0.977143105,1.041728043,0.444893297,-0.001708265,-0.004905348,0.000248665,0,0,0,0,0,0,0,0,-0.008764127,0.031101311,0.680987115,1.027653459,0.856972307,0.903478656,1.031095773,0.81760946,0.129947559,-0.022899272,0.000137612,0,0,0,0,0,0,0,0,0,-0.002025463,-0.023682076,0.414746204,0.9990649,1.005701814,1.012153629,0.901371836,0.306853486,-0.032382098,0.000155365,9.09E-06,0,0,0,0,0,0,0,0,0,0.000154208,-0.024365802,0.172363545,0.798498111,1.025626345,0.971969669,0.366764961,-0.040634855,0.000966605,8.72E-05,3.06E-07,0,0,0,0,0,0,0,0,0,0,-0.002215026,0.012532459,0.144057706,0.311986211,0.248137747,0.012462571,-0.004080211,0,0,0,0,0,0,0,0,0,0,0,0,0,0.000395418,-0.002989856,-0.014571589,-0.020918607,-0.018957823,-0.003847173,0.000355733,0,0,0,0,0,0,0,0,0,0,0,0,0,0,0,0,0,0,0,0,0,0,0,0,0,0
0,0,0,0,0,0,0,0,0,0,0,0,0,0,0,0,0,0,0,0,0,0,0,0,0,0,0,0,0,0,0,0,0,0,0,0,0,0,0,0,0,0,0,0,0,0,0,0,0,0,0,0,0,0,0,0,0,0,0,0,0,0,0,0,0,0,0,0,0,0,0,0,0,0,0,0,0,0,0,0,0,0,0,0,0,0,0,0,0,0,8.77E-18,0.000618873,-0.013972117,-0.032139706,-0.02504136,-0.000956189,0.00016636,0,0,0,0,0,0,0,0,0,0,5.71E-18,5.11E-05,0.000473175,-0.012776586,-0.046794662,0.071081404,0.231985907,0.169758732,-0.009600711,-0.000265727,0,0,0,0,0,0,0,0,0,0.000178717,-0.000623191,-0.014541803,-0.026720963,0.12490111,0.443238017,0.767342767,0.991738051,0.881684879,0.202459252,-0.014907629,0,0,0,0,0,0,0,0,0.000244588,-0.003427806,-0.031125333,0.115491283,0.577358988,0.906609205,1.027943164,0.890657271,0.738902002,0.990944876,0.687812496,-0.041549876,0,0,0,0,0,0,1.69E-05,0.000515523,-0.008396038,-0.020942113,0.261847764,0.836586482,1.040773318,1.032381604,0.805814423,0.103709456,0.1403798,0.902861383,0.755055658,-0.044471201,0,0,0,0,0,0.000212792,-0.00091156,-0.031688079,0.050765251,0.535071453,0.957158884,0.910221473,0.849741473,0.970303139,0.334821266,-0.063194784,0.175273727,0.890351835,0.563115298,-0.033960478,0,0,0,0,0.00023829,-0.001889854,-0.02092162,0.14397452,0.665504987,0.997364975,0.681404057,0.289068032,0.867538688,0.719258936,0.027490536,-0.044643461,0.321916445,0.939570823,0.237485192,-0.016597733,0,0,0,0.000736145,-0.010677934,-0.022673794,0.277278595,0.864377468,1.013954725,0.528545513,-0.008118214,0.3568622,0.986857298,0.304068747,-0.032859154,0.004388257,0.622387714,0.814052781,0.02037803,-0.004640676,0,0,0,-0.004243355,0.031570683,0.359501419,0.922514692,0.921729682,0.347325748,0.008682263,-0.035465024,0.540814004,0.849468105,0.001074236,-0.052213781,0.161182266,0.965219127,0.470466298,-0.017496144,-0.001635023,0,0,0,-0.044985277,0.494961618,1.042096752,0.755164097,0.250343886,-0.027812466,-0.013855018,0.014619461,0.646434947,0.807196385,0.16851108,0.213289488,0.73735289,0.804988988,0.100430658,-0.017746698,2.04E-05,0,0,0,-0.022997515,0.259242919,0.348562346,0.08211889,-0.012784654,-0.001775293,-0.001727601,-0.023296645,0.389100865,0.970608167,0.885841639,0.908653578,0.919180119,0.268003506,-0.029177934,0.000279548,5.11E-06,0,0,0,0.001079538,-0.011853299,-0.030098362,-0.015676028,-0.00110723,0.000253676,0.000245098,-0.006551302,0.01856587,0.260611298,0.533868515,0.334435696,0.123033475,-0.010607367,-0.000752757,0.000126838,0,0,0,0,7.02E-05,-0.000800398,-0.000610197,2.81E-05,0,0,0,0.000414577,-0.002931985,-0.018288246,-0.032326593,-0.021608252,-0.010604337,-0.000971712,0.00011489,0,0,0,0,0,0,0,0,0,0,0,0,0,0,0,0,0,0,0,0,0,0,0,0,0,0,0,0,0,0,0,0,0,0,0,0,0,0,0,0,0,0,0,0,0,0,0,0,0,0,0,0,0,0,0,0,0,0,0,0,0,0,0,0,0
0,0,0,0,0,0,0,0,0,0,0,0,0,0,0,0,0,0,0,0,0,0,0,0,0,0,0,0,0,0,0,0,0,0,0,0,0,0,0,0,0,0,0,0,0,0,0,0,0,0,0,0,0,0,0,0,0,0,0,0,0,0,0,0,0,0,0,0,0,0,0,0,0,0,0,0,0,0,0,0,0,0,0,0,0,0,0,0,0,0,0,0,0,0,0,0,0,0,0,0,0,0,0,0,0,0,0,0,5.91E-18,0.000176164,-0.001290169,-0.004728775,-0.011871883,-0.025232333,-0.024240877,-0.006254255,-0.000154463,6.11E-05,0,0,0,0,0,0,0,2.59E-19,0.000142974,-0.000639837,-0.012414216,-0.022826117,-0.006055113,0.033140234,0.114196493,0.271787343,0.265924394,0.050300075,-0.007029633,0.000322041,0,0,0,0,0,0,0,0.000397456,-0.00482247,-0.030294343,0.057993763,0.222000615,0.638283244,0.877437528,0.900823778,0.911685724,0.897986374,0.802855197,0.200629934,-0.025344452,0,0,0,0,0,0.000177083,-0.001537275,-0.021132557,-0.010509634,0.319403204,0.790310849,1.018891085,1.022236179,1.038853248,1.060869427,0.773348039,0.362078925,1.009192249,0.445425688,-0.05127879,0,0,0,6.13E-06,0.000830989,-0.009367239,-0.016736962,0.244026654,0.686822542,0.95931556,0.99766985,1.011794135,0.95888768,0.64995258,0.537185262,0.91131873,0.697489209,0.912516663,0.286288246,-0.034637398,0,0,0,0.000511812,-0.012771459,0.008004715,0.456568168,0.950251872,0.89198526,0.388716811,0.614832687,0.840727107,0.210957635,-0.02195207,0.048320306,0.809739702,0.951468818,0.341022263,-0.012826048,-0.001007297,0,0,0,-0.006142259,0.033095573,0.516136217,0.981348907,0.621129102,0.145555266,0.030865537,0.744528884,0.564628081,-0.041393791,0.088102788,0.597531915,0.783975711,0.263458538,-0.021133561,-0.002523897,0.000218907,0,0,0,-0.019693789,0.520545898,0.927304737,0.411626072,0.011840223,-0.033394413,0.005614602,0.50313875,0.935027397,0.850289124,0.873997136,0.728389832,0.188918307,-0.031788876,-0.002793302,0.000188333,0,0,0,0,-0.018106447,0.887054102,0.522397791,-0.055258119,-0.00883204,0.000692742,-0.006326179,0.014410914,0.407149033,0.582126055,0.417677185,0.019516462,-0.021220724,-0.000891714,0.000217525,0,0,0,0,0,-0.005398965,0.251960937,0.152524169,-0.014444615,0.00010723,0,0.000489177,-0.002573529,-0.036789386,-0.051056985,-0.036989379,-0.00328411,0.000604235,0,0,0,0,0,0,0,0.000455984,-0.02480331,-0.012995558,0.001139961,0,0,0,0,0,0,0,0,0,0,0,0,0,0,0,0,1.07E-05,-0.000361685,-0.000305607,2.68E-05,0,0,0,0,0,0,0,0,0,0,0,0,0,0,0,0,0,0,0,0,0,0,0,0,0,0,0,0,0,0,0,0,0,0,0,0,0,0,0,0,0,0,0,0,0,0,0,0,0,0,0,0,0,0,0,0,0,0,0,0,0,0,0,0,0,0,0,0,0,0,0,0,0,0,0
0,0,0,0,0,0,0,0,0,0,0,0,0,0,0,0,0,0,0,0,0,0,0,0,0,0,0,0,0,0,0,0,0,0,0,0,0,0,0,0,0,0,0,0,0,0,0,0,0,0,0,0,0,0,0,0,0,0,0,0,0,0,0,0,0,0,0,0,0,0,0,3.63E-05,-0.000336462,-0.001033241,9.06E-05,0,0,0,0,0,0,0,0,0,0,0,0,0,0,2.76E-05,6.28E-05,-0.003550688,-0.022902399,-0.02301588,-0.019160726,-0.005922488,0.000418199,0,0,0,0,0,0,0,0,0,7.66E-05,0.000369431,-0.010889417,-0.032161629,-0.025296075,-0.01845384,0.226153795,0.376860056,0.09687037,0.012015829,-0.008658173,0.000754148,0,0,0,0,0,0,0,0.000204248,-0.00277948,-0.021259665,0.103400991,0.342858796,0.260667552,0.496448972,0.881127757,1.010840533,0.806011319,0.516146021,0.048278527,-0.008177408,0,0,0,0,0,0,0.000366883,-0.002853532,-0.022216447,0.171298178,0.705410586,0.933704989,0.943799037,0.997438751,0.998497942,1.00645525,1.036935969,0.864653347,0.142454208,-0.019808718,0,0,0,0,8.56E-06,9.32E-05,-0.004771242,-0.016037463,0.291010246,0.919051914,1.013351409,0.99946184,0.999131638,0.996690359,0.96348722,0.870158769,1.012279684,0.8558077,0.158576508,-0.021390893,0,0,0,0,0.00026864,-0.003301147,-0.019651978,0.284072338,0.895632217,1.006382367,0.958994621,0.987143042,0.991306917,1.017177288,0.745727939,0.337775327,0.91535483,1.014422709,0.361088797,-0.042870246,0,0,0,0.000574449,-0.007317731,-0.02424166,0.425755106,0.959226052,1.035989651,0.478796064,0.471308926,0.990504221,1.012083776,0.762443713,0.132133967,0.412050126,0.966630379,1.066964393,0.447511676,-0.052016224,0,0,0,-0.006119792,0.013730501,0.406384327,0.926133766,0.967155161,0.564024952,0.108407712,0.769960206,0.90958061,0.689737507,0.162110158,0.163442532,0.921417518,0.900290867,0.535766799,0.27320675,-0.031275529,0,0,0,-0.018427364,0.312794732,0.957568128,1.009068152,0.619312808,0.019639317,0.076616095,0.869213852,0.741433832,0.110171654,0.074205223,0.690538841,0.713444553,0.416856206,-0.003840668,0.006651227,-0.000868925,0,0,0,-0.021326593,0.862753421,1.042480307,0.535318066,0.035550041,-0.015315308,0.00360554,0.293501991,0.844419373,0.750647297,0.864823291,0.494995618,0.051981975,-0.012429109,-0.006051028,-0.003176232,0.00035873,0,0,0,-0.012315155,0.523710169,0.51540705,0.058693661,-0.020919118,0.000421347,0.000981768,-0.011004034,0.181095929,0.481787429,0.34653862,0.01812596,-0.013075385,-0.000362115,0.00010723,0,0,0,0,0,2.89E-05,-0.000174796,-0.010010519,-0.006390285,0.000731618,3.98E-05,-0.000149505,-0.001895118,-0.024256468,-0.014823836,-0.02524023,-0.008236008,0.000680147,0,0,0,0,0,0,0,6.03E-05,-0.002587695,-0.0022019,-0.000190359,3.86E-05,0,0,1.07E-05,-6.79E-05,-0.001737132,-0.000743464,8.56E-05,0,0,0,0,0,0,0,0,0,0,0,0,0,0,0,0,0,0,0,0,0,0,0,0,0,0,0,0,0,0,0,0,0,0,0,0,0,0,0,0,0,0,0,0,0,0,0,0,0,0,0,0,0,0,0,0,0,0,0,0,0,0,0,0,0,0,0
0,0,0,0,0,0,0,0,0,0,0,0,0,0,0,0,0,0,0,0,0,0,0,0,0,0,0,0,0,0,0,0,0,0,0,0,0,0,0,0,0,0,0,0,0,0,0,0,0,0,0,0,0,0,0,0,0,0,0,0,0,0,0,0,0,0,0,0,0,0,0,0,0,0,0,0,0,0,0,0,0,0,0,0,0,0,0,0,0,0,0,0,0,0,0,0,0,0,0,0,0,0,0,0,0,0,0,1.61E-18,-8.25E-18,-1.12E-16,-3.09E-16,-4.28E-16,-4.21E-16,-4.31E-16,-2.56E-16,4.15E-20,1.28E-18,0,0,0,0,0,0,0,0,1.97E-18,0.000166803,-0.002909923,-0.011892702,-0.020076763,-0.020747038,-0.020626702,-0.020580082,-0.020710955,-0.019989788,-0.010857843,-0.001198257,0.000191594,0,0,0,0,0,0,0,0.00128409,-0.015155314,-0.019755223,0.069702434,0.262179827,0.496048045,0.646167808,0.637035238,0.644763564,0.425556778,0.055808841,-0.000961131,-0.000421038,0,0,0,0,2.32E-05,5.94E-05,-0.002805811,-0.03925531,0.080199329,0.467457503,0.784566585,1.013031795,0.971916905,0.837538722,0.837281161,0.894043113,1.005794152,0.688196487,0.116844482,-0.016193388,0,0,0,0.000251225,-0.00104052,-0.02175754,-0.003570653,0.420807938,0.844082312,0.998519798,0.766370541,0.834605086,0.663248043,0.079310066,0.113303422,0.127243549,0.531266289,1.022582567,0.374987149,-0.044169418,0,0,0,-0.001185151,-0.013970299,0.132406607,0.612261812,0.967117358,0.680333384,0.274344928,0.035433738,0.508252094,0.804451355,0.108389842,0.012102391,0.141143876,0.759601563,0.965086244,0.26823092,-0.033035751,0,0,0,-0.014630481,0.198440731,0.840831291,0.93277948,0.329257132,0.036828278,-0.023045127,-0.017166326,0.104356209,0.847171807,0.852962197,0.719215245,0.856826185,1.035582704,0.584218546,0.044391102,-0.008229587,0,0,0,-0.020206236,0.827781946,0.78636426,0.169260561,-0.035694478,-0.009585423,0.000416156,0.000115211,-0.016493773,0.139528216,0.425286219,0.635982932,0.663542864,0.20127237,0.020908952,-0.011066202,0.000892112,0,0,0,-0.013925824,0.761509043,0.440778918,-0.015698921,-0.005441755,0.000142974,0,8.94E-05,-0.000326968,-0.015514706,-0.020991285,-0.020580082,-0.02069053,-0.020590959,-0.007961601,0.000402369,1.22E-05,0,0,0,-0.003064236,0.146756689,0.091627468,-0.004637663,-0.000342218,0,0,0,0,0,0,0,0,0,0,0,0,0,0,0,0.000435049,-0.021559863,-0.01329902,0.00045435,7.17E-05,0,0,0,0,0,0,0,0,0,0,0,0,0,0,0,0,0,0,0,0,0,0,0,0,0,0,0,0,0,0,0,0,0,0,0,0,0,0,0,0,0,0,0,0,0,0,0,0,0,0,0,0,0,0,0,0,0,0,0,0,0,0,0,0,0,0,0,0,0,0,0,0,0,0,0,0,0,0,0,0,0,0,0,0,0,0,0,0,0,0,0,0,0,0
0,0,0,0,0,0,0,0,0,0,0,0,0,0,0,0,0,0,0,0,0,0,0,0,0,0,0,0,0,0,0,0,0,0,0,0,0,0,0,0,0,0,0,0,0,0,0,0,0,0,0,0,0,0,0,0,0,0,0,0,0,0,0,0,0,0,0,0,0,0,0,0,0,0,0,0,0,0,0,0,0,0,0,0,0,0,0,0,0,0,0,0,0,0,0,0,0,0,0,0,0,0,0,0,0,4.74E-33,6.53E-18,-4.27E-17,-3.83E-16,-5.13E-16,-5.22E-16,-5.20E-16,-5.34E-16,-4.15E-16,-5.54E-17,9.33E-18,0,0,0,0,0,0,0,1.53E-06,0.000207823,-0.001314338,-0.012163841,-0.019607334,-0.020479643,-0.018367034,-0.014040033,-0.013871187,-0.014331356,-0.0195641,-0.011497821,0.000145357,5.11E-05,0,0,0,0,0,4.88E-05,0.000296818,-0.013219345,-0.026755636,0.064134106,0.205341334,0.618638373,0.746609681,0.701796299,0.704082589,0.735495594,0.63283084,0.124481489,-0.016779279,-3.24E-05,0,0,0,0,0.000170547,-0.000884595,-0.020841214,0.06369681,0.382067981,0.735698887,0.791682956,0.595955031,0.522176232,0.518832823,0.473479099,0.383317894,0.697874166,0.713938147,0.025908054,-0.004603145,0,0,0,0.000183824,-0.00390642,-0.027320312,0.267395255,0.730200555,0.673375289,0.276597597,0.108725388,-0.045522791,-0.022322729,0.478601665,0.154328193,-0.080118065,0.120239005,0.825099622,0.292265523,-0.01886106,0,0,0,-8.13E-05,-0.016392889,0.323159234,0.819565121,0.350369451,0.006159995,-0.028518297,-0.019185418,-0.005885161,0.043889008,0.673150684,0.174379528,-0.021359912,-0.034323155,0.559215125,0.556515914,-0.032110243,0,0,0,-0.018956376,0.205066296,0.858570686,0.34173652,-0.014093324,-0.007427594,-0.000238307,5.38E-05,-0.004248111,0.028872532,0.671798628,0.25857438,-0.0373863,-0.025519472,0.413568491,0.649728043,-0.036776654,0,0,0,-0.047278613,0.538732454,0.67288074,-0.017400449,-0.004433489,0.000432922,0,0,-0.001636603,-0.012268151,0.453064218,0.534400571,-0.002598181,-0.042608196,0.521535965,0.601038924,-0.03442379,0,0,0,-0.028370949,0.32354456,0.209911829,-0.014646991,0.000289352,0,0,0,7.76E-05,-0.015562023,0.068635791,0.776150429,0.469729985,0.013599826,0.76109181,0.446557904,-0.026897059,0,0,0,0.000716571,-0.008168913,-0.005934294,0.000286629,0,0,0,0,0,-0.0003125,-0.018293335,0.22877502,0.843803334,0.802626634,0.766965108,0.098718222,-0.008722988,0,0,0,0.000183824,-0.002095588,-0.001416473,7.35E-05,0,0,0,0,0,0.000165441,-0.000278884,-0.026943508,0.218882299,0.567909995,0.174239549,-0.025594346,0.000243056,0,0,0,0,0,0,0,0,0,0,0,0,0,6.00E-05,-1.51E-05,-0.015312207,-0.03363271,-0.012832159,0.000669067,4.01E-05,0,0,0,0,0,0,0,0,0,0,0,0,0,0,0,0,0,0,0,0,0,0,0,0,0,0,0,0,0,0,0,0,0,0,0,0,0,0,0,0,0,0,0,0,0,0,0,0,0,0,0,0,0,0,0,0,0,0,0,0,0,0,0
0,0,0,0,0,0,0,0,0,0,0,0,0,0,0,0,0,0,0,0,0,0,0,0,0,0,0,0,0,0,0,0,0,0,0,0,0,0,0,0,0,0,0,0,0,0,0,0,0,0,0,0,0,0,0,0,0,0,0,0,0,0,0,0,0,0,0,0,0,0,0,0,0,6.59E-06,-2.66E-05,-0.001048254,-0.000865145,9.42E-05,0,0,0,0,0,0,0,0,0,0,0,0,0,0,0,0.001066738,-0.017775769,-0.026624234,-0.005299854,0.000695039,0,0,0,0,0,0,0,0,0,0,0,0,1.66E-31,8.94E-05,0.000964341,-0.028109358,0.113075572,0.424778867,0.228596388,-0.025735192,0,0,0,0,0,0,0,0,0,0,0,0,0.000455304,-0.005916394,-0.029150106,0.170278203,0.792091997,0.933660352,0.272527948,-0.033315804,0,0,0,0,0,0,0,0,8.15E-06,0.000109836,-0.001756553,-0.00391953,-0.019288502,-0.007531508,0.432446823,0.88164197,0.57510237,0.105857334,0.000956137,-0.000972659,0,0,0,0.000350286,-0.009651767,-0.012161254,-0.013410539,-0.019951134,-0.019508306,-0.023449105,-0.020187636,-0.006581699,0.086069036,0.461851665,0.844034198,0.335747906,0.034526978,-0.024168335,-0.002709014,0.000370959,0,0,0,-0.004929875,0.123345512,0.154042875,0.184368719,0.309893536,0.300266187,0.361474546,0.650483592,0.75557484,0.828575436,0.985463644,0.839356461,0.146646055,-0.011690394,-0.000306066,0,0,0,0,0,-0.020503302,0.741405993,0.966072508,0.896109971,0.850666343,0.851855426,0.785828068,0.595232809,0.908770238,0.880772995,0.515019846,0.793968159,0.724452138,0.053862558,-0.011913909,0,0,0,0,0,-0.00846235,0.299252103,0.35736072,0.247615315,0.163578227,0.163745762,0.061905599,0.057015659,0.792141119,0.338048764,-0.065618668,0.66736196,0.679265812,0.010419645,-0.007046569,0,0,0,0,0,0.000648159,-0.023841987,-0.032467082,-0.031163018,-0.021540907,-0.021561697,-0.045611633,0.281012155,0.812761472,0.242580833,0.637208923,0.870220386,0.284096042,-0.028671528,0.00022655,0,0,0,0,0,2.72E-05,-0.000893597,-0.000776144,6.81E-05,0,0,-0.013169051,0.084937619,0.729658122,1.020306679,0.772769812,0.172532238,-0.025028084,0.000628064,4.60E-05,0,0,0,0,0,0,0,0,0,0,0,0.001192369,-0.020161203,0.132949466,0.320795207,0.083776944,-0.027022033,0.000505515,0,0,0,0,0,0,0,0,0,0,0,0,0,0,0.00108027,-0.01743847,-0.032433585,-0.013246885,0.000792467,6.13E-05,0,0,0,0,0,0,0,0,0,0,0,0,0,0,7.35E-06,-0.000109222,-0.000383068,-8.66E-05,1.10E-05,0,0,0,0,0,0,0,0,0,0,0,0,0,0,0,0,0,0,0,0,0,0,0,0,0,0,0,0,0,0,0,0,0,0,0,0,0,0,0,0,0,0,0,0,0,0,0,0,0,0,0,0,0,0,0,0,0,0,0,0,0,0,0,0,0,0,0
0,0,0,0,0,0,0,0,0,0,0,0,0,0,0,0,0,0,0,0,0,0,0,0,0,0,0,0,0,0,0,0,0,0,0,0,0,0,0,0,0,0,0,0,0,0,0,0,0,0,0,0,0,0,0,0,0,0,0,0,0,0,0,0,0,0,0,0,0,0,0,0,0,0,0,0,0,0,0,0,0,0,0,0,0,0,0,0.000205454,-0.001301777,-0.011858456,-0.015340993,-0.010409007,-0.009342363,0.000147059,0,0,0,0,0,0,0,0,0,5.60E-19,1.19E-17,0.00036169,-0.003178615,-0.02923296,-0.035232571,0.054233541,0.083498553,0.042007506,0.032372525,-0.033133255,-0.003434777,0.000635723,1.61E-17,0,0,0,0,0,0,0.000520323,-0.00800126,-0.023359205,0.015424837,0.28931697,0.528385229,0.704024731,0.771719567,0.688458435,0.673985331,0.341618413,0.018021514,-0.025716061,-0.004333299,0.000554401,0,0,0,0,0.001278979,-0.0153758,0.016925064,0.349157732,0.78311942,0.94602717,1.022576893,1.031009896,1.005805868,0.986628144,1.021726695,0.982626048,0.791962075,0.39838147,0.001501468,-0.002733696,0,0,0,6.33E-05,-0.010528515,0.058744673,0.596894574,0.986336176,1.041679024,1.020325422,1.000305828,0.919020255,0.397387034,0.303978469,0.406042372,0.770511727,1.042130259,0.971590397,0.278922862,-0.043027343,0.000714359,0,0,-2.72E-06,-0.043468672,0.365891902,1.033437653,0.954042365,0.593248485,0.711797301,1.020778254,0.821349469,0.029670973,-0.038662531,-0.046111774,0.147699908,0.771545122,1.034522535,0.770833027,0.060603267,-0.011936445,0,0,-0.012690462,0.06758474,0.79884055,0.952947525,0.222027182,-0.024466078,0.318843351,0.977944496,0.981795343,0.26914454,-0.049443083,-0.038363227,-0.070947202,0.488628149,1.015910216,0.905567606,0.106461824,-0.016813045,0,0,-0.021498332,0.149870215,1.066384532,0.54548206,-0.013086703,-0.013320857,0.008135675,0.602479762,1.018975626,0.771119553,0.404368975,0.382577385,0.388878847,0.815751089,1.044632881,0.585537411,0.004613652,-0.005791462,0,0,-0.020223221,0.136920784,1.053613914,0.318706755,-0.035292742,0.000110116,-0.035522993,0.249255619,0.934340494,1.047933431,1.019445345,1.01299992,1.014307254,1.025861767,1.067412424,0.426803857,-0.048759349,-9.89E-05,0,0,-0.007036356,0.040657739,0.43228588,0.160572406,-0.016874915,-9.27E-05,-0.002511108,-0.004049922,0.376704759,0.755175517,0.754861043,0.753937654,0.75378285,0.754660709,0.736972563,0.247144659,-0.030452285,6.47E-05,0,0,0.000655297,-0.003829338,-0.039844601,-0.014844601,0.001519523,1.40E-05,0.000264971,-0.002658531,-0.004382625,0.07095721,0.07484569,0.074330065,0.074330065,0.076686989,0.057381927,0.002152642,-0.000572745,0,0,0,0,0,0,0,0,0,0,0.000227022,-0.00306924,-0.013983456,-0.014330882,-0.014264706,-0.014264706,-0.014551471,-0.012474571,-0.002491728,0.000330194,0,0,0,0,0,0,0,0,0,0,0,0,0,0,0,0,0,0,0,0,0,0,0,0,0,0,0,0,0,0,0,0,0,0,0,0,0,0,0,0,0,0,0,0,0,0,0,0,0,0,0,0,0,0,0,0,0,0,0,0,0,0,0,0,0,0,0,0,0,0,0,0,0,0,0,0,0,0,0,0,0,0
0,0,0,0,0,0,0,0,0,0,0,0,0,0,0,0,0,0,0,0,0,0,0,0,0,0,0,0,0,0,0,0,0,0,0,0,0,0,0,0,0,0,0,0,0,0,0,0,0,0,0,0,0,0,0,0,0,0,0,0,0,0,0,0,0,0,0,0,0,0,0,0,0,0,0,0,0,0,0,0,0,0,0,0,0,0,0,0.000293506,-0.001445159,-0.023910233,-0.027294424,-0.034525123,-0.019962089,-0.002357537,0.000268076,0,0,0,0,0,0,0,0,1.66E-05,0.000415731,-0.006427441,-0.016598158,-0.033095284,-0.032917126,0.160616439,0.189257404,0.253131127,0.124403442,-0.011455695,-0.005301096,0.000589767,1.48E-18,0,0,0,0,4.94E-05,-0.00025427,-0.002774289,-0.017974452,0.052308432,0.16852422,0.323359304,0.518209116,0.856273625,0.913040816,1.003797147,0.821948283,0.376692708,0.012167671,-0.007321112,0.000111315,0,0,0,-0.001516041,-0.016366944,-0.030070298,-0.019775896,0.098119284,0.554032432,0.931980029,0.965227519,1.027637581,1.011165192,1.006053769,0.996309262,1.016460466,0.98493284,0.515039117,-0.003268942,-0.002470904,0,0,0,0.00313831,0.107119468,0.270938829,0.414116507,0.772317096,1.032226052,1.023041956,1.012779035,0.964604507,0.966524731,0.991384174,0.992244945,0.99205546,1.013625851,0.837472018,0.02515465,-0.00509998,0,0,0,0.208669901,0.845667824,0.95369152,0.986497209,0.989755804,0.884538603,0.801037854,0.660942566,0.19570047,0.492517038,0.988392021,0.994785029,0.992156863,1.011224265,0.719143995,0.012825231,-0.004056577,0,0,0,0.100113034,0.361365468,0.611142551,0.474998723,0.323386217,0.203857128,0.011194785,-0.006404974,0.060031131,0.754043539,1.0142428,0.992389621,0.991777666,1.014356447,0.654305641,0.005517004,-0.003462776,0,0,0,-0.006131996,-0.022631791,-0.036973269,-0.029810968,-0.021726818,-0.015012408,-0.004215329,-0.024643054,0.15507147,0.860128268,1.016352941,0.994404616,0.996479709,1.012522161,0.786047743,0.020073649,-0.004658446,0,0,0,0,0,0,0,0,0,0,-0.043006079,0.36237757,1.001235138,0.997827647,0.992899291,0.99303733,1.014501498,0.782949924,0.01914783,-0.004605958,0,0,0,0,0,0,0,0,0,0,-0.044973707,0.380938215,1.014477158,0.995566228,0.992069666,0.996541077,0.981356652,0.450881927,-0.010701014,-0.001872141,0,0,0,0,0,0,0,0,0,0,-0.025196282,0.193535029,0.896180862,1.02811072,1.003006689,1.005190269,0.953300824,0.216621375,-0.030381383,-1.07E-06,0,0,0,0,0,0,0,0,0,0,-0.003908524,0.007849571,0.486075691,0.904471507,0.949705389,1.027573784,0.778478673,0.096856669,-0.017203125,1.75E-05,0,0,0,0,0,0,0,0,0,0,0.000337532,-0.00503028,0.014023012,0.204620336,0.286930453,0.514749721,0.266219924,-0.010091963,-0.001387255,0,0,0,0,0,0,0,0,0,0,0,0,0.000369329,-0.004540377,-0.026373568,-0.035723574,-0.006771287,-0.011846337,-0.001375708,0.00024948,0,0,0,0,0,0,0,0,0,0,0,0,0,0,3.32E-18,5.79E-05,-0.004265691,-0.001649306,0.000144676,0,0,0,0,0,0,0,0,0,0,0,0,0,0,0,0,0,0,0,0,0,0,0,0,0
0,0,0,0,0,0,0,0,0,0,0,0,0,0,0,0,0,0,0,0,0,0,0,0,0,0,0,0,0,0,0,0,0,0,0,0,0,0,0,0,0,0,0,0,0,0,0,0,0,0,0,0,0,0,0,0,0,0,0,0,0,0,0,0,0,0,0,0,0,0,0,0,0,0,0,0,0,0,0,0,0,0,0,1.38E-05,0.000403493,-0.005772365,-0.015880515,-0.01528678,-0.015366115,-0.01584375,-0.011059436,0.000167892,5.14E-05,0,0,0,0,0,0,0,0,1.28E-05,0.000941411,-0.008888719,-0.035885638,0.001047096,0.093301607,0.098237519,0.099594822,0.101192742,0.046133868,-0.031060764,-0.014867022,-0.014537377,-0.003183296,0.0004519,8.00E-18,0,0,0,0.000157441,-0.001642497,-0.024840933,0.090074466,0.363250068,0.641916633,0.734918199,0.611405042,0.60531267,0.635079895,0.706325283,0.319334695,0.14466792,0.146922488,0.017804926,-0.017202648,0.000734783,0,0,0,0.000852238,-0.020800127,0.169867496,0.657121856,0.636454911,0.441528865,0.212566718,0.114387015,0.105297651,0.170391596,0.87087724,0.981658361,0.92218515,0.891943035,0.718724641,0.196966559,-0.013958716,0,0,0,-0.025979967,0.287687653,0.559425098,0.264217814,-0.008698597,-0.022858286,-0.018522944,-0.017268524,-0.050641765,0.447422113,0.851400429,0.410512527,0.709362847,0.98834501,0.798534058,0.628275208,-0.037850592,0,0,0,-0.021086942,0.241135791,0.108648173,-0.032830967,-0.000371051,0.000252757,-0.003540475,-0.010392955,0.415332584,0.9279519,0.271210512,-0.074574653,0.107257705,0.820407067,0.770313419,0.26994727,-0.01824423,0,0,0,0.001045922,-0.011923509,-0.008992109,0.000418369,0,-4.35E-17,-0.016277574,0.156068274,0.867538382,0.434304722,-0.02365014,-0.001796569,-0.046089574,0.40354679,0.977872243,0.170448649,-0.013197968,0,0,0,5.62E-05,-0.000640319,-0.000295901,2.25E-05,0,-2.47E-16,-0.021216639,0.460968876,0.728341588,0.020566653,-0.012026757,0.000443576,-0.033165434,0.239711772,0.919720027,0.33032758,-0.021464359,0,0,0,0,0,0,0,0,-4.36E-16,-0.016969854,0.64798887,0.47963327,-0.04524413,0.000319188,-0.000725103,-0.042028793,0.351167842,0.950642367,0.255114736,-0.017632791,0,0,0,0,0,0,0,0,-5.24E-16,-0.018039556,0.751852027,0.550798986,-0.028649799,-0.006714716,-0.028050926,0.131140343,0.820114464,0.707070602,0.025795445,-0.004675398,0,0,0,0,0,0,0,0,-3.45E-16,-0.021606754,0.551873769,0.948470929,0.298490724,-0.014045054,0.20570675,0.76894297,0.821212623,0.203224384,-0.018051488,-0.000393791,0,0,0,0,0,0,0,0,-8.06E-17,-0.015048339,0.182530726,0.83877742,0.951567215,0.653819751,0.717798186,0.622848012,0.103109052,-0.018448036,-0.001175551,8.55E-05,0,0,0,0,0,0,0,0,6.02E-18,-0.00020595,-0.018290683,0.113456614,0.407552713,0.458952308,0.164672266,-0.04107889,-0.010812364,-0.000267259,0.000115809,0,0,0,0,0,0,0,0,0,0,0.000114141,0.000590674,-0.016991816,-0.041006431,-0.042789735,-0.01985712,0.000296557,0.000163059,0,0,0,0,0,0,0,0,0,0,0,0,0,0,2.91E-05,-0.000492749,-0.000632489,-8.37E-05,1.22E-05,0,0,0,0,0,0,0,0,0,0,0,0,0,0,0,0,0,0,0,0,0,0,0,0,0,0,0
0,0,0,0,0,0,0,0,0,0,0,0,0,0,0,0,0,0,0,0,0,0,0,0,0,0,0,0,0,0,0,0,0,0,0,0,0,0,0,0,0,0,0,0,0,0,0,0,0,0,0,0,0,0,0,0,0,0,0,0,0,0,0,0,0,0,0,0,0,0,4.47E-05,-0.000393944,-0.003439831,-0.004647365,-0.002411458,-0.002335223,-0.001638838,-9.83E-05,2.30E-05,0,0,0,0,0,0,0,0,0,0.000132353,-0.000457721,-0.023614771,-0.028144114,0.005790428,0.020182087,-0.007317504,-0.008954742,-0.009672777,-0.001516398,0.000209865,0,0,0,0,0,0,0,2.54E-18,0.000397456,-0.003547335,-0.019711312,0.147428939,0.282854524,0.647072734,0.783121732,0.538731311,0.536578431,0.390075572,0.027433961,-0.00578942,0,0,0,0,0,0,3.83E-05,-5.70E-05,-0.014800491,0.005855341,0.255539369,0.857617953,0.988711891,1.00683421,1.004167484,1.019365673,1.042015353,0.961725899,0.118148261,-0.018279548,0,0,0,0,0,0.000161428,-0.001017029,-0.01203856,0.044192918,0.486060987,0.946712068,1.024201113,0.93176919,0.976998309,0.991213974,0.969726299,0.850738521,0.692650728,0.055405952,-0.010781596,0,0,0,0,0.000268382,-0.004373468,-0.016030995,0.05020304,0.67292375,0.991567062,0.998885042,0.651529139,0.536654769,0.944625423,1.0068622,0.857367239,0.127097069,0.052421262,-0.01166687,0.000428922,0,0,0,0.00037422,-0.005746324,0.005305504,0.314532458,0.774730784,1.009058351,0.996049156,0.387209491,0.405891016,0.888630957,0.987782143,1.020312568,0.574372362,-0.014289114,-0.009633936,0.000764339,0,0,0,0.000217014,-0.002883953,-0.030269846,0.519378966,0.997577955,1.039495711,0.846357721,0.318146565,0.167515999,0.948133732,1.011126787,1.001364039,0.95386906,0.282811819,-0.023080661,-0.000601767,0,0,0,0,-0.002043335,-0.012474675,0.311529565,0.918985175,1.031018076,0.687921194,0.14193743,0.137334627,0.800948019,1.013106567,0.992893791,1.014788397,0.59545915,0.023304313,-0.008879034,4.70E-05,0,0,0,0,-0.013616614,0.075591621,0.826205515,1.022948157,0.455501355,0.047525393,-0.06227782,0.47513004,1.042505826,0.989803871,1.024526585,0.768063609,0.100866811,-0.019501736,0.000884187,0,0,0,0,0,-0.021522842,0.149268935,1.06721218,0.689333265,0.03071761,-0.02754776,0.094172917,0.751104082,1.013710291,1.019223124,0.848004528,0.177428492,-0.023855528,0.000691721,1.23E-05,0,0,0,0,0,-0.012950197,0.087492306,0.676043607,0.213002111,-0.025075214,-0.021420173,0.262862568,1.041603162,1.016688062,0.866279446,0.305321487,-0.022023562,-0.001292892,0,0,0,0,0,0,0,-3.73E-05,5.32E-05,0.00403719,-0.00201828,-0.000657663,-0.013130362,0.151462316,0.738327819,0.66251297,0.116312177,-0.011537156,-0.002798143,0.000179568,0,0,0,0,0,0,0,6.59E-05,-0.000437661,-0.003509549,-0.001105086,0.00011729,0.000406846,-0.014012627,0.046194308,0.014389842,-0.016520782,-0.001065921,0.000140486,3.57E-06,0,0,0,0,0,0,0,0,0,0,0,0,4.08E-05,0.000480838,-0.009269088,-0.005601891,0.000645714,0,0,0,0,0,0,0,0,0,0,0,0,0,0,0,0,0,0,0,0,0,0,0,0,0,0,0,0,0,0,0,0,0,0,0,0,0,0,0,0,0,0,0,0,0,0,0,0,0
0,0,0,0,0,0,0,0,0,0,0,0,0,0,0,0,0,0,0,0,0,0,0,0,0,0,0,0,0,0,0,0,0,0,0,0,0,0,0,0,0,0,0,0,0,0,0,0,0,0,0,0,0,0,0,0,0,0,0,0,0,0,0,0,0,0,0,0,0,0,0,0,0,2.68E-05,-0.000464665,-0.000464665,2.68E-05,0,0,0,0,0,0,0,0,0,0,0,0,0,6.53E-19,6.13E-05,-0.000708389,-0.006310406,-0.021679058,-0.021615639,0.001260366,0,0,0,0,0,0,0,0,0,0,0,3.17E-18,5.36E-05,0.000143399,-0.007167416,-0.033698806,-0.002906931,0.240094278,0.264970656,-0.015265217,0,0,0,0,0,0,0,0,0,0,0.000175288,-0.000969329,-0.012753268,-0.021952189,0.054862983,0.444300103,0.658729116,0.92110483,0.644807309,-0.038885621,0,0,0,0,0,0,0,0,4.72E-18,0.000546248,-0.009626108,-0.03080648,0.102806347,0.494681763,0.834008194,1.016657933,1.04729103,1.00407408,0.326758268,-0.022130162,0,0,0,0,0,0,3.37E-06,0.000122958,-0.000665339,-0.019550637,0.036251002,0.334571283,0.751278884,0.745965193,0.903272944,0.876332769,0.721598073,1.014071606,0.270631383,-0.018972886,0,0,0,0,0,0,0.000546671,-0.009625238,-0.032342507,0.205135451,0.646114016,0.868035488,0.412545377,0.406793233,0.878333861,0.304450916,0.523226392,0.917752111,0.084835444,-0.00846972,0,0,0,0,2.13E-05,0.000994915,-0.015468188,0.016189015,0.451676471,0.808661322,0.595834335,0.142268604,0.243608388,0.879916854,0.380615043,0.038111794,0.82587706,0.53065128,-0.016937994,-0.001816381,0,0,0,0.000536152,-0.006053411,-0.029019489,0.095677134,0.581456053,0.727502451,0.223749949,-0.040454629,0.110046535,0.808560968,0.529778118,-0.027832772,0.447416161,0.847570313,0.138902182,-0.020632302,-3.46E-05,0,0,0,-0.002998757,0.019159091,0.308993627,0.767001668,0.526038907,0.04348311,-0.033204432,0.031529947,0.6581139,0.798985858,0.042870246,0.275923525,0.847867338,0.360503173,-0.029068627,-0.000763728,1.83E-05,0,0,0,-0.033936717,0.378070193,0.67567182,0.27650063,-0.008776212,-0.013520561,-0.015876225,0.091862134,0.899430862,0.852104048,0.660428785,0.770401297,0.308599086,-0.013839188,-0.002485362,0.000238971,0,0,0,0,-0.011785131,0.134941279,0.076439624,-0.025302032,-0.001161663,0.000298713,-0.003844805,0.016075731,0.273435577,0.484669594,0.314012017,0.125360669,-0.018489292,-0.002565019,0.000127655,0,0,0,0,0,0.001485907,-0.016920956,-0.013656598,7.05E-05,4.60E-05,0,0.000523897,-0.003646916,-0.025659348,-0.017684436,-0.034945347,-0.019694598,-0.000980188,0.000245098,0,0,0,0,0,0,0,0,0,0,0,0,0,5.26E-05,-0.000423611,-0.001668199,-0.000109732,1.21E-05,0,0,0,0,0,0,0,0,0,0,0,0,0,0,0,0,0,0,0,0,0,0,0,0,0,0,0,0,0,0,0,0,0,0,0,0,0,0,0,0,0,0,0,0,0,0,0,0,0,0,0,0,0,0,0,0,0,0,0,0,0,0,0,0,0,0,0,0
0,0,0,0,0,0,0,0,0,0,0,0,0,0,0,0,0,0,0,0,0,0,0,0,0,0,0,0,0,0,0,0,0,0,0,0,0,0,0,0,0,0,0,0,0,0,0,0,0,0,0,0,0,0,0,0,0,0,0,0,0,0,0,0,0,0,0,0,0,0,0,0,0,0,0,0,0,0,0,0,0,0,0,0,0,0,0,0,0,0,0,0,0,0,0,0,0,0,0,0,0,0,0,0,0,6.00E-32,8.71E-18,-1.23E-16,-4.66E-16,-5.27E-16,-3.96E-16,-2.51E-16,-1.41E-16,6.43E-18,0,0,0,0,0,0,0,0,0,0.000251225,-0.003321589,-0.016186853,-0.017461874,-0.020103305,-0.020381604,-0.017380685,-0.016835852,-0.019158156,-0.020121649,-0.015174122,-0.00597069,8.56E-05,2.81E-05,0,0,0,0,1.63E-05,0.00134244,-0.014803106,-0.014561728,0.110572898,0.140212792,0.318787963,0.707299098,0.752020844,0.600786624,0.456423981,0.327540485,0.099467392,0.008822765,-0.018925085,0.000730351,1.95E-05,0,0,0,0.000539556,-0.019434899,0.073280637,0.503082874,0.834623689,0.611593001,0.627610829,0.634909995,0.504870047,0.48271281,0.577135434,0.732568281,0.745757591,0.584462571,0.132075078,-0.016258595,0.000652236,0,0,0,-0.011219703,0.063152932,0.71243813,0.654175977,0.238960103,0.033620234,-0.011798099,-0.012938743,-0.036323495,-0.043122089,-0.042249455,0.088706738,0.298642889,0.713220078,0.719457976,0.078300807,-0.012274673,0,0,0,-0.021507523,0.629945019,0.734894063,0.023363613,-0.035584542,-0.009375511,-0.004353981,-0.004034263,-0.006363375,-0.031534433,0.28813894,0.741494673,0.759259157,0.622706921,0.920973754,0.35820258,-0.041980351,0,0,0,-0.01075691,0.425700287,0.300280876,-0.032870524,0.000124336,2.54E-05,0.000142677,-0.003573921,-0.000720299,0.450101648,0.848552185,0.500459317,0.151319376,0.165941466,0.706176385,0.316703721,-0.03633688,0,0,0,0.000164588,-0.035048055,-0.004875005,0.000281837,1.47E-05,0,-0.00015255,-0.025877104,0.44365957,0.832996701,0.314492479,-0.033520673,-0.049389123,0.140260945,0.59704724,0.052834288,-0.008766539,0,0,0,8.68E-05,-0.000980392,-0.002473958,0.000217014,0,0,-0.014497982,0.095835938,0.828081682,0.319996715,-0.070388429,-0.00352931,0.307499574,0.591144097,0.156576304,-0.017635587,0.000688924,0,0,0,0,0,0,0,0,0,-0.018751783,0.137561904,0.797580065,0.664316125,0.433784263,0.620560379,0.564333929,0.130010808,-0.018869009,0.000126481,0,0,0,0,0,0,0,0,0,0,-0.000401533,-0.001467252,0.077566006,0.236625306,0.374076917,0.168897365,0.011820857,-0.015094856,-0.000614277,8.92E-05,0,0,0,0,0,0,0,0,0,0,0.00010395,-0.000527471,-0.007659109,-0.015290901,-0.021727073,-0.011177235,-0.002995966,-0.000138225,4.41E-05,0,0,0,0,0,0,0,0,0,0,0,0,0,0,0,0,0,0,0,0,0,0,0,0,0,0,0,0,0,0,0,0,0,0,0,0,0,0,0,0,0,0,0,0,0,0,0,0,0,0,0,0,0,0,0,0,0,0,0,0,0,0,0,0
0,0,0,0,0,0,0,0,0,0,0,0,0,0,0,0,0,0,0,0,0,0,0,0,0,0,0,0,0,0,0,0,0,0,0,0,0,0,0,0,0,0,0,0,0,0,0,0,0,0,0,0,0,0,0,0,0,0,0,0,0,0,0,0,0,0,0,0,0,0,5.91E-19,5.77E-05,-0.00106024,-0.002838848,-0.002823683,-0.002506996,-0.000605852,7.70E-05,0,0,0,0,0,0,0,0,0,0,0,8.82E-05,0.00020098,-0.012220827,-0.022307098,-0.002645629,-0.002429177,-0.008218563,-0.008417841,0.0009062,0,0,0,0,0,0,0,0,0,2.36E-18,3.32E-05,0.000465652,-0.017326287,0.04531393,0.376292192,0.590514127,0.585325419,0.564839359,0.184417382,-0.022228201,0,0,0,0,0,0,0,0,0.000194036,-0.001009947,-0.012470214,-0.03490431,0.153964529,0.694750408,1.009743046,1.027918845,1.016991541,1.074673475,0.4415625,-0.051507888,0,0,0,0,0,0,0,0.000234397,-0.003437487,-0.026263921,0.064638077,0.494533295,0.857071223,1.023595009,0.993309361,0.970199968,0.992395642,1.025122549,0.401957421,-0.047176999,0,0,0,0,0,2.25E-05,0.000284773,-0.007521123,-0.020219193,0.295745774,0.780865179,0.985212418,1.01070915,1.006379664,0.806176556,0.607311632,1.0454351,0.878932513,0.179251225,-0.023635808,0,0,0,0,0.000278831,-0.00177742,-0.025198172,0.034041922,0.48543173,0.955844951,1.020119128,0.976145016,0.991096303,0.99591602,0.502029507,0.736406676,1.044184998,0.632903288,0.007324534,-0.004716481,0,0,0,0.000229779,-0.002844326,-0.015514825,0.127526859,0.720078772,0.998685372,0.986599795,0.481909416,0.633424803,1.010429024,0.95070258,0.851305933,1.018159331,0.921140319,0.19506587,-0.018930607,0.00043659,0,0,0,-0.002190564,-0.015448684,0.297798594,0.821498145,1.028134617,0.988121017,0.4134746,0.138459967,0.775016868,1.013515489,0.997210444,1.024721543,0.935153169,0.364289131,-0.014729354,-0.001370302,1.10E-05,0,0,0,-0.018487832,0.44005127,0.95923775,1.043689532,0.849482084,0.259857018,-0.048247086,0.365941615,1.002549155,1.021618513,1.008292806,0.940447027,0.486492346,-0.040401465,-0.005514349,0.00022869,0,0,0,0,-0.021746324,0.666704527,1.06476857,0.881721933,0.264772876,-0.017799394,-0.022829498,0.160617732,0.724137561,0.852049241,0.610367715,0.175971815,0.015353094,-0.006769387,0.000462623,0,0,0,0,0,-0.007194649,0.100000849,0.470429739,0.294819666,-0.01751537,-0.002456699,-0.000638427,-0.001253711,0.097361281,0.136915305,0.031613664,-0.024073961,-0.003168999,0.000329776,0,0,0,0,0,0,0.00060832,-0.01630223,-0.018005379,-0.012037922,-0.002602414,0.000185917,0.000234805,-0.001321385,-0.016354167,-0.021491115,-0.008754289,0.000683319,2.76E-05,0,0,0,0,0,0,0,1.33E-05,1.50E-05,-0.001670445,-0.001101307,7.93E-05,1.99E-06,0,0,0,0,0,0,0,0,0,0,0,0,0,0,0,0,0,0,0,0,0,0,0,0,0,0,0,0,0,0,0,0,0,0,0,0,0,0,0,0,0,0,0,0,0,0,0,0,0,0,0,0,0,0,0,0,0,0,0,0,0,0,0,0,0,0,0,0,0,0,0,0,0
0,0,0,0,0,0,0,0,0,0,0,0,0,0,0,0,0,0,0,0,0,0,0,0,0,0,0,0,0,0,0,0,0,0,0,0,0,0,0,0,0,0,0,0,0,0,0.000118218,0.00015255,-0.013056948,-0.044575028,-0.031592271,-0.003428723,-0.00054918,8.97E-05,0,0,0,0,0,0,0,0,0,1.32E-05,-1.54E-05,-0.001800551,-0.012631161,-0.033075038,0.079344958,0.377402727,0.25468367,-0.010191142,-0.014427204,-0.002838457,0.000248928,0,0,0,0,0,0,0,0,0.000627042,-0.011406624,-0.018293913,0.14126011,0.499742571,0.818305147,1.027161135,0.9474255,0.720880736,0.286640985,-0.004866524,-0.006372753,0.000556985,0,0,0,0,0,2.98E-05,0.001293007,-0.021805368,0.056494196,0.536110226,0.848564457,1.030716084,1.001160692,0.873840669,0.862107094,1.083126447,0.977158493,0.424568508,-0.015210018,-0.003806458,6.00E-05,0,0,0,0,1.11E-05,-0.017724427,0.124087214,0.667553802,1.028181168,1.027922692,0.810686529,0.309578006,0.181637612,0.138448036,0.531854745,0.927305229,0.928760995,0.252472069,-0.02014728,-0.000583895,0,0,0,0,-0.007656808,0.030027431,0.627261017,1.037719773,1.004211202,0.614573822,0.103149979,-0.047870653,-0.024515919,-0.042176634,-0.069795157,0.543043343,1.039445871,0.58465778,-0.010685289,-0.002388916,0,0,0,0,-0.014558483,0.104831794,0.859915935,1.058802849,0.864382813,0.265243787,-0.032616146,-0.008147859,-0.029962589,0.134524595,0.230873332,0.465211144,0.983232962,0.873826542,0.077109137,-0.008110703,8.56E-06,0,0,0,-0.00234392,0.006094262,0.185131127,0.287331665,0.154560117,0.002907595,-0.014813807,0.066359801,0.592060304,0.869871885,0.946241047,1.020483266,1.003195976,0.985956325,0.312785982,-0.022246,9.99E-05,0,0,0,0.000364583,-0.001534487,-0.026274816,-0.038439032,-0.023375919,-0.008100728,0.004759845,0.529108115,1.02685706,0.97339711,0.794776399,0.601221635,0.857199193,1.024644353,0.615309402,-0.011269557,-0.002717378,0,0,0,0,0,0,0,0,-0.016608967,0.104412529,0.901795241,1.00408335,0.47027388,0.058303751,0.004224179,0.669937432,1.043066006,0.631976511,-0.010621613,-0.002876768,0,0,0,0,0,0,0,0,-0.019862453,0.134888208,1.006047977,0.76244901,0.02879316,-0.031449798,0.052925133,0.750185259,1.014957673,0.325652253,-0.023552801,0.000159872,0,0,0,0,0,0,0,0,-0.017931304,0.117095614,0.952358915,0.720431645,0.001976511,-0.023505276,0.266147596,0.995961499,0.921339716,0.129488732,-0.011155739,1.22E-05,0,0,0,0,0,0,0,0,-0.012937943,0.06944616,0.816463865,0.846937994,0.065707925,-0.055940513,0.383205434,1.03678845,0.707006689,0.014612847,-0.00412546,0,0,0,0,0,0,0,0,0,-0.001673305,-0.022577504,0.367762612,0.921631298,0.777008783,0.180614158,0.670959874,1.028659195,0.455000051,-0.016414403,-0.001640982,0,0,0,0,0,0,0,0,0,0.000151654,-0.004468071,0.009845929,0.222789318,0.829271821,0.956903901,1.029040551,0.863232911,0.172406199,-0.019945653,-0.000223703,0,0,0,0,0,0,0,0,0,0,0.000546739,-0.005103237,-0.02237847,0.145101895,0.590476897,0.535618074,0.174708328,0.009935116,-0.003465003,3.42E-05,0,0,0,0,0,0,0,0,0,0,0,0.000137868,-0.001264808,-0.014576865,-0.021039794,-0.021150789,-0.016142089,-0.001985805,0.000346201,0,0,0,0,0,0,0,0,0,0,0,0,0,0,0,0,0,0,0,0,0,0,0,0
0,0,0,0,0,0,0,0,0,0,0,0,0,0,0,0,0,0,0,0,0,0,0,0,0,0,0,0,0,0,0,0,0,0,0,0,0,0,0,0,0,0,0,0,0,0,0,0,0,0,0,0,0,0,0,0,0,0,0,0,0,0,0,0,0,0,3.11E-05,-0.000192461,-0.001714665,-0.001970282,-0.001939696,-0.00068847,8.19E-05,0,0,0,0,0,0,0,0,0,0,0,2.21E-05,0.000341299,-0.006013446,-0.024594951,-0.016251668,-0.013009293,-0.013567896,-0.024286748,-0.012994476,7.66E-05,4.60E-05,0,0,0,0,0,0,0,0,1.87E-18,0.000249387,-0.004247532,0.011147212,0.205549186,0.465487115,0.492584916,0.490928462,0.312153186,0.049517821,-0.008816721,0.000402539,1.35E-17,7.78E-20,0,0,0,0,0,0,0.000284416,-0.009021174,-0.009825691,0.452841418,0.945356776,1.049824959,1.046483439,1.048472801,1.001109205,0.672218163,0.070433347,-0.023690087,-0.000144336,7.46E-05,0,0,0,0,0,0.00027337,-0.005281532,-0.003953977,0.565738267,1.026342944,0.725751938,0.162613445,0.139089485,0.123708114,0.340848943,0.974177101,0.797521792,0.195574953,-0.021080996,-0.000183696,0,0,0,0,5.06E-05,-0.001410002,-0.018026535,0.39922915,0.984248911,0.685107281,0.077744113,-0.031769982,-0.020040748,-0.054029616,0.263117987,0.977170927,1.06349743,0.792885502,0.051745932,-0.006445823,0,0,0,0,6.28E-05,-0.032279004,0.218454027,0.947770782,0.750114754,0.064712095,-0.017704605,0.000268314,-0.010005821,0.03293704,0.675426385,0.675030625,0.560395867,0.990941483,0.371729813,-0.024281199,0,0,0,0.000138293,-0.012072185,0.055510018,0.734512987,0.919450946,0.195629459,-0.025269233,0.000195263,-0.000178156,-0.025344414,0.229237507,0.920485243,0.167179266,0.125313862,0.887596916,0.694027999,-0.041076185,0,0,0,-0.000495728,-0.014810475,0.45901368,0.945745558,0.328736298,-0.027909314,-0.000740247,3.06E-05,-0.000279616,-0.031922113,0.313782118,0.774600303,0.054723105,-0.040991422,0.718374421,0.757669628,-0.043621783,0,0,0,-0.042578353,0.467873558,1.026179069,0.535273667,-0.023131038,-0.005960621,0.000146753,0,-0.001506563,-0.017536213,0.46774396,0.621203596,0.0081809,-0.034317513,0.712345519,0.717338572,-0.041398282,0,0,0,-0.036325572,0.411000987,0.584111549,0.067926794,-0.012133459,0.00049326,0,0,-0.003490758,0.005692998,0.683922318,0.75202228,0.000590274,0.08576268,0.834768025,0.3544896,-0.022243158,0,0,0,-0.001222086,0.014242409,-0.003711834,-0.009341725,0.000776569,0,0,0,-0.002088235,-0.011699449,0.513044254,0.960199534,0.606689852,0.792836465,0.754898455,0.097431917,-0.008606413,0,0,0,0.00044424,-0.005064338,-0.004900024,0.000177696,0,0,0,0,-0.000243004,-0.0128133,0.130629817,0.589866779,0.770319273,0.524511795,0.163928922,-0.010620285,-0.000445057,0,0,0,0,0,0,0,0,0,0,0,2.31E-05,0.000736775,-0.009440615,-0.036029105,0.038042834,-0.031250153,-0.012244179,-8.78E-06,7.00E-05,0,0,0,0,0,0,0,0,0,0,0,0,0,7.45E-18,-3.73E-18,-0.008371943,-3.73E-18,0,0,0,0,0,0,0,0,0,0,0,0,0,0,0,0,0,0,0,0,0,0,0,0,0,0,0,0,0,0,0,0,0,0,0,0,0,0,0,0,0,0,0,0,0,0
0,0,0,0,0,0,0,0,0,0,0,0,0,0,0,0,0,0,0,0,0,0,0,0,0,0,0,0,0,0,0,0,0,0,0,0,0,0,0,0,0,0,0,0,0,0,0,0,0,0,0,0,0,0,0,0,0,0,0,0,0,0,0,0,0,0,0,0.000156537,-0.00108604,-0.006289522,-0.024935355,-0.020059947,-0.005643675,-0.00227502,-0.000356209,5.88E-05,0,0,0,0,0,0,0,0,0,1.78E-17,0.00078125,-0.027339693,-0.025573036,0.044417177,0.378353043,0.29008575,0.037241687,-0.012225831,-0.006075504,0.00068076,0,0,0,0,0,0,0,9.96E-19,0.000490196,-0.00229822,-0.035133698,0.155881894,0.416593273,0.886067249,1.036221626,1.022381076,0.813203311,0.560766919,0.098950368,-0.018895765,0.000163399,0,0,0,0,0,0,0.000911458,-0.020605596,0.004585121,0.290775888,0.892975877,1.072576644,1.019487388,0.739282629,0.720901637,0.886189617,1.076112183,0.477549054,-0.01741973,-0.001732537,0,0,0,0,0.000260894,6.83E-05,-0.038322785,0.0722939,0.483086044,1.010521585,1.00743971,0.793835691,0.401353339,0.044734537,0.027073754,0.204092916,0.985420794,0.93252879,0.036006787,-0.00596001,0,0,0,0.000243821,-0.00432998,-0.018994385,0.200493362,0.880113596,1.035254493,0.877476171,0.410278117,-0.038300654,-0.020422624,-0.010868226,-0.020787037,0.029683784,0.723192487,0.994127264,0.040383136,-0.006314849,0,0,0,-0.010358235,-0.018154667,0.258835657,0.948704368,1.043176011,0.689936257,0.204753166,-0.024052763,-0.002378983,0.000352941,-0.001654718,-0.031976988,0.046857734,0.743662939,0.985329436,0.039583333,-0.00625,0,0,0,0.02381827,0.540525752,1.000973955,0.931882864,0.476881893,0.011132864,-0.018435951,-0.003203294,0.000392157,-0.001164522,7.67E-05,0.110591061,0.61891632,1.011294169,0.96144344,0.039583333,-0.00625,0,0,0,0.259515319,1.051481669,0.863034579,0.286312977,-0.016582448,-0.008432292,-0.000406301,7.83E-05,0.000522365,-0.034645833,0.165444002,0.858002774,1.024141104,1.008954504,0.970885161,0.040786186,-0.006347529,0,0,0,0.103479985,0.242646261,0.081495254,-0.002262545,-0.004729118,0.00046961,0,0,-0.006935103,0.062382937,0.759918165,1.02154585,0.958991309,1.023617005,0.65380279,0.00489002,-0.003437029,0,0,0,-0.005815972,-0.022069887,-0.015127118,-0.002670547,0.000272331,0,0,0,-0.024895527,0.377550858,1.026584763,0.843674224,0.841432218,1.058093869,0.374588337,-0.028553717,-0.000801164,0,0,0,0,0,0,0,0,0,0,0,-0.038678309,0.627320619,1.0521258,0.968258085,1.035886446,0.86658924,0.144806287,-0.024299905,8.17E-05,0,0,0,0,0,0,0,0,0,0,0,-0.020033088,0.298287531,0.848562551,0.99651297,0.787836717,0.20672098,-0.019476971,-4.47E-05,0,0,0,0,0,0,0,0,0,0,0,0,0.000475133,-0.022929058,0.135004153,0.326752383,0.092691306,-0.022800228,0.000266697,0.000117647,0,0,0,0,0,0,0,0,0,0,0,0,7.83E-05,0.000436183,-0.018964575,-0.03931719,-0.01429129,0.000778607,0,0,0,0,0,0,0,0,0,0,0,0,0,0,0,0,0,0,0,0,0,0,0,0,0,0,0,0,0,0,0,0,0,0,0,0,0,0,0,0,0,0,0,0,0,0
0,0,0,0,0,0,0,0,0,0,0,0,0,0,0,0,0,0,0,0,0,0,0,0,0,0,0,0,0,0,0,0,0,0,0,0,0,0,0,0,0,0,0,0,0,0,0,0,0,0,0,0,0,0,0,0,0,0,0,0,0,0,0,0,0,0,0,0,0,0,0,0,0,0,0,0,0,0,0,0,0,0,0,0,0,0,0,0,0.0001875,-0.002623162,-0.009958946,-0.015514706,-0.027031919,-0.02829136,-0.023575368,-0.00811489,0.000188725,3.67E-05,0,0,0,0,0,0,0,1.58E-32,9.39E-18,0.000214015,-0.002288143,0.000363954,0.036313725,0.085226205,0.187107113,0.198232179,0.1555096,0.026719652,-0.010369332,0.000837716,0,0,0,0,0,0,9.19E-06,0.000442198,-0.005651382,-0.021550963,-0.016227652,0.274736639,0.704146344,0.782556339,0.928063658,0.944783633,0.888262187,0.59262003,0.087953244,-0.01267376,0,0,0,0,0,8.07E-05,-9.63E-05,-0.016173107,-0.002412577,0.211531321,0.725617025,0.933855275,0.979028168,0.908486167,0.792259529,0.574919676,0.88395435,1.047822364,0.378706687,-0.044853358,0,0,0,2.71E-05,5.09E-05,-0.003019199,-0.023667075,0.057431117,0.536894472,0.988544461,1.027170598,0.636278067,0.233989668,0.064742358,-0.006308514,-0.051084542,0.336098975,1.046307666,0.435135383,-0.050355061,0,0,0,0.000373945,-0.010968112,-0.01155033,0.354697491,0.816584269,1.018515812,0.897630906,0.418701746,0.059267089,0.359336193,0.766075793,0.783297613,0.656775259,0.697766221,1.024230699,0.398973022,-0.046725776,0,0,0,-0.00812483,0.047664197,0.561544101,0.984048917,0.976241575,0.585999506,0.114386728,0.178698393,0.727202751,1.010182275,0.934969822,0.844235168,0.97077434,1.035474963,0.87673732,0.168061632,-0.022489911,0,0,0,-0.0208141,0.592373646,1.045863766,0.836672232,0.273927968,0.001028391,0.055813121,0.757534229,1.029512221,0.62226108,0.205164403,0.06832479,0.565474248,1.046996766,0.620385008,-0.007486537,-0.003125433,0,0,0,-0.0194847,0.8376651,0.920626333,0.322446581,-0.042748716,-0.027717803,0.209831135,1.033311439,0.828445233,0.070552413,-0.068024625,-0.008794456,0.56577098,0.648403703,0.080821308,-0.010496107,0.000316084,0,0,0,-0.004759838,0.23688131,0.13076908,-0.024004715,-0.000957755,-0.017216435,0.14795524,0.927690972,1.018009276,0.53055627,0.168530995,0.629793544,0.730650191,0.095326031,-0.028349077,0.000517004,1.22E-05,0,0,0,0.000455304,-0.022245237,-0.013360822,0.00086763,3.06E-05,-0.003726511,-0.00524661,0.411491609,0.872809913,0.953433177,0.872001277,0.824583724,0.169547164,-0.016123196,-6.78E-05,1.28E-06,0,0,0,0,0,0,0,0,0,0.000352839,-0.003982257,-0.008095044,0.073720044,0.230003319,0.251556117,0.106627363,-0.020054041,-0.000325691,0.000165441,0,0,0,0,0,0,0,0,0,0,7.66E-06,0.000136817,-0.001753472,-0.007891442,-0.01635095,-0.016872089,-0.009364478,-0.000107486,3.96E-05,0,0,0,0,0,0,0,0,0,0,0,0,0,0,0,0,0,0,0,0,0,0,0,0,0,0,0,0,0,0,0,0,0,0,0,0,0,0,0,0,0,0,0,0,0,0,0,0,0,0,0,0,0,0,0,0,0,0,0,0,0,0,0,0,0
0,0,0,0,0,0,0,0,0,0,0,0,0,0,0,0,0,0,0,0,0,0,0,0,0,0,0,0,0,0,0,0,0,0,0,0,0,0,0,0,0,0,0,0,0,0,0,0,0,0,0,0,0,0,0,0,0,0,0,0,0,0,0,0,0,0,0,0,0,0,0,0,0,0,0,0,0,0,0,0,0,0,0,0,0,0,1.53E-05,-2.75E-06,-0.001629902,-0.002564951,-0.005765625,-0.006830882,-0.004205699,-0.007065564,0.000515319,1.10E-05,0,0,0,0,0,0,0,7.78E-20,9.68E-18,5.32E-05,-1.28E-06,-0.012185585,-0.028752128,-0.029858167,-0.000745149,0.008664624,-0.016063365,0.023013395,-0.009039914,0.000652335,2.55E-06,0,0,0,0,0,0,0.000136846,-0.0013237,-0.013757064,-0.022884583,0.118443228,0.492468427,0.615366064,0.655436649,0.675050143,0.647103172,0.516511387,0.027095299,-0.010457618,0.000145527,0,0,0,0,0,0.000371002,-0.002934603,-0.032340984,0.161049132,0.569888491,0.872974032,1.031724875,1.050720364,0.90801085,0.537062917,0.860930821,1.029192671,0.379799675,-0.028990614,-0.000692033,0,0,0,7.66E-05,-0.000210886,-0.015296156,-0.024120319,0.313723822,0.809937891,1.03405416,1.035833469,0.766704248,0.415964461,0.143325078,0.009827342,0.696160097,1.024779514,0.924734835,0.227129987,-0.016407424,0,0,0,0.001000817,-0.021911935,0.143551578,0.574328959,0.91982838,1.033610413,0.976937228,0.602520773,0.124546654,-0.04872001,-0.030501532,0.374880362,0.969391705,1.000183092,1.02944567,0.663711057,-0.04059135,0,0,0,-0.024874047,0.262488937,0.876862405,1.029999694,1.02919504,0.631883119,0.246989839,0.014603444,-0.019082891,-0.018388651,0.297602771,0.9321859,1.005547776,0.993282407,1.013545547,0.57538991,-0.03571201,0,0,0,-0.031485737,0.33925177,0.777149287,0.948002689,0.619852124,0.062932241,-0.026408241,-0.003804981,-0.002111775,-0.012162939,0.512948019,1.034615264,0.991351148,0.994338899,1.002022723,0.473553054,-0.030106311,0,0,0,0.000140129,-0.005894752,0.064924359,0.201615235,0.03869281,-0.016155986,0.000558579,0,-0.000599395,-0.02545203,0.302899528,0.987316202,1.002646607,0.994404988,0.997261815,0.431476924,-0.027790194,0,0,0,0.000263821,-0.002627996,-0.011139816,-0.018278356,-0.007496255,0.000275735,2.76E-05,0,4.14E-05,-0.018681985,0.11044087,0.726809692,1.006960462,1.020361724,0.982509974,0.133169424,-0.011450521,0,0,0,0,0,0,0,0,0,0,0,0,-0.001515625,0.004848312,0.101706614,0.473296781,0.719870047,0.679263191,0.051911033,-0.005725286,0,0,0,0,0,0,0,0,0,0,0,0,0.000319853,-0.001553922,-0.018432292,-0.020735413,0.003134412,0.01129342,-0.001339291,2.83E-05,0,0,0,0,0,0,0,0,0,0,0,0,0,-7.12E-17,-0.003459457,0.112245577,0.096895782,-0.012626787,-0.000222018,2.82E-05,0,0,0,0,0,0,0,0,0,0,0,0,0,-2.36E-17,-0.001153133,0.037195552,0.032864284,-0.002882832,0,0,0,0,0,0,0,0,0,0,0,0,0,0,0,2.54E-18,0.000124251,-0.004007854,-0.003541156,0.000310628,0,0,0,0,0,0,0,0,0,0,0,0,0,0,0,0,0,0,0,0,0,0,0,0,0
0,0,0,0,0,0,0,0,0,0,0,0,0,0,0,0,0,0,0,0,0,0,0,0,0,0,0,0,0,0,0,0,0,0,0,0,0,0,0,0,0,0,0,0,0,0,0,0,0,0,0,0,0,0,0,0,0,0,0,0,0,0,0,0,0,0,0,0,0,0,0,0,0,0,0,0,0,0,0,0,0,0,0,0,0,0,0,0,0,0,0,0,0,0,0,0,0,0,0,0,0,0,0,0.000163399,-0.001034858,-0.02578976,-0.019090414,-0.001222942,0.000272331,0,0,0,0,9.96E-19,-3.32E-19,-1.97E-16,-3.33E-16,-2.73E-16,6.64E-18,0,0,0,0,-0.000951287,-0.003219975,0.272388685,0.196363358,0.003495747,-0.002670547,0,0,0,0,0.000326287,-0.004386744,-0.020411731,-0.021255957,-0.018855734,-0.002670547,0.000272331,0,0,0,-0.031369084,0.499344911,0.970612015,0.946380906,0.306386344,-0.018855734,0,0,0.000778607,-0.004736372,-0.047646804,-0.009463519,0.361391012,0.52172637,0.429207254,-0.011259053,7.13E-05,0,0,0,-0.045007864,0.742917143,1.049645084,1.034395901,0.51135485,-0.021148625,0.000466401,-0.004950674,-0.028638361,0.003153306,0.357040696,0.558260229,1.008817657,1.032551828,0.991029361,0.330092933,-0.030821078,0,0,0,-0.036612745,0.591173203,1.022828976,1.022022876,0.501867841,-0.024097937,-0.031548237,0.035697815,0.306352175,0.71213699,1.016918556,1.053342678,1.037795122,1.041786986,1.021471285,0.470276246,-0.043148318,0,0,0,-0.036612745,0.591173203,1.022828976,1.022835614,0.483130121,-0.039539675,0.143821215,0.593118328,1.015118924,1.030631599,1.028490741,0.975215618,0.728517208,0.733878387,0.379395357,-0.003001685,-0.001054007,0,0,0,-0.044975694,0.742909484,1.0435144,1.01160723,0.646081217,0.515068287,0.879450572,1.029544152,1.018270118,1.00818337,0.826408241,0.403505362,-0.04539825,-0.046768076,-0.025060994,-0.001868107,0.000243821,0,0,0,-0.031667635,0.500355214,1.02051688,1.028129459,1.005223312,1.023770739,1.037161143,1.042408025,0.956008877,0.612403568,0.062121245,-0.014783794,-0.004649219,0.000233582,0,0,0,0,0,0,-0.001868107,-0.01186443,0.513091418,0.826363239,0.824786648,0.991835546,0.889464393,0.765409297,0.222298594,-0.04996586,-0.013754936,-0.002651314,0.000392157,0,0,0,0,0,0,0,0.000243821,-0.007289301,0.005301828,0.118945006,0.121782744,0.240458589,0.170812194,0.058873621,-0.029518433,0.002598753,0,0,0,0,0,0,0,0,0,0,0,0.000705882,-0.005254902,-0.019454044,-0.019682952,-0.033117953,-0.025233456,-0.01286826,0.000823529,0,0,0,0,0,0,0,0,0,0,0,0,0,0,0,0,0,0,0,0,0,0,0,0,0,0,0,0,0,0,0,0,0,0,0,0,0,0,0,0,0,0,0,0,0,0,0,0,0,0,0,0,0,0,0,0,0,0,0,0,0,0,0,0,0,0,0,0,0,0,0,0,0,0,0,0,0,0,0,0,0,0,0,0,0,0,0,0
0,0,0,0,0,0,0,0,0,0,0,0,0,0,0,0,0,0,0,0,0,0,0,0,0,0,0,0,0,0,0,0,0,0,0,0,0,0,0,0,0,0,0,0,0,0,0,0,0,0,0,0,0,0,0,0,0,0,0,0,0,0,0,0.000217984,-0.001122294,-0.037001225,-0.025123315,-0.000119695,0.000237439,0,0,0,0,0,0,0,0,0,0,0,0,0,0,-0.003536356,0.017903663,0.60410769,0.398188981,-0.002758499,-0.003388991,0,0,0,0,0,0,0,0,0,0,0,0,0,0,-0.006149459,0.037508153,0.978086635,0.79590419,0.063448239,-0.012332687,0,0,0,0,0,0,0,0,0,0,0,0,0,0,-0.004257608,0.015442487,0.760134498,0.797583691,0.067165678,-0.012551573,0,0,0,0,0,0,0,0,0,0,0,0,0,0,-0.005285098,0.028124057,0.872178672,0.789833527,0.066699278,-0.0125,0,0,0,0,0,0,0,0,0,0,0,0,0,0,-0.005849724,0.03509329,0.933681832,0.786289216,0.066678183,-0.012427696,-0.000937449,-0.003120609,-0.009372906,-0.01142753,-0.01120435,-0.011089971,-0.006221712,-0.004261438,-0.003448137,-0.000172079,2.30E-05,0,0,0,-0.006316432,0.040743651,0.985339818,0.787129953,0.056171732,-0.044525123,-0.023784943,0.002832227,0.099690581,0.133926987,0.130412786,0.128523148,0.047843001,0.01483255,0.005042616,-0.021162003,-0.002008272,0,0,0,-0.004967882,0.024200385,0.838697066,0.775953908,0.115865147,0.202656369,0.366197678,0.589157135,0.925586601,0.996992683,0.986253949,0.999146616,0.828471916,0.755034841,0.658714127,0.17100337,-0.001366422,0,0,0,-0.003413297,0.00503942,0.657045803,0.907310117,0.73466702,0.973195704,1.021345146,1.02848892,0.836458538,0.703125909,0.717921467,0.529128064,0.747491013,0.988757778,0.999898292,0.897492341,0.181098516,0,0,0,-0.003665107,0.007021507,0.682284405,1.063889025,0.932490342,0.657840233,0.446665512,0.278023283,0.073877339,0.040078645,0.045311035,-0.016234662,0.052081346,0.118015929,0.226946904,0.835292844,0.269527842,0,0,0,-0.002146497,-0.001612932,0.44871264,0.720403697,0.246358213,-0.034360022,-0.020630447,-0.020272331,-0.014253132,-0.009646638,-0.010195398,-0.003563794,-0.010924905,-0.020064679,-0.018034579,0.062426726,0.03472018,0,0,0,8.51E-05,-0.003942283,0.016246426,0.03711826,-0.018266292,-1.02E-05,0,0,0,0,0,0,0,7.23E-05,-0.000110829,-0.007350814,-0.003540305,0,0,0,1.10E-05,0.000409926,-0.005718444,-0.01028125,-0.000515776,0.000122549,0,0,0,0,0,0,0,0,0,0,0,0,0,0,0,0,0,0,0,0,0,0,0,0,0,0,0,0,0,0,0,0,0,0,0,0,0,0,0,0,0,0,0,0,0,0,0,0,0,0,0,0,0,0,0,0,0,0,0,0,0,0,0,0,0,0,0,0,0,0,0,0,0,0,0,0,0,0,0,0,0,0,0,0,0,0,0,0,0,0,0
0,0,0,0,0,0,0,0,0,0,0,0,0,0,0,0,0,0,0,0,0,0,0,0,0,0,0,0,0,0,0,0,0,0,0,0,0,0,0,0,0,0,0,0,0,0,0,0,0,0,0,0,0,0,0,0,0,0,0,0,0,0,0,0,0,0,0,0,0,0,0,0,0,0,0,0,0,0,0,0,0,0,0,0,0,0.000735294,-0.008216912,-0.020099976,-0.004420956,0.000413603,0,0,0,0,0,0,0,0,0,0,0,0,0,0.000187653,-0.001196129,-0.035571981,0.046413399,0.130400683,-0.011692879,-0.038945057,-0.005943202,0.00048892,1.27E-17,4.67E-19,0,0,0,0,0,0,0,0,0,-0.002033548,0.013110447,0.304287599,0.387562806,0.783079454,0.624497379,0.387791565,0.056806492,-0.014117222,-0.000768415,9.70E-05,0,0,0,0,0,0,0,0,0,-0.005948545,0.037219488,0.933371499,0.790970337,0.816534859,0.927260796,0.942887112,0.735897317,0.228243736,-0.040106154,-0.001944478,9.17E-05,0,0,0,0,0,0,0,0,-0.004523233,0.01810272,0.805720929,0.670909092,0.183760616,0.247152267,0.252052185,0.298652897,0.368301675,0.29341544,-0.007152012,1.28E-06,0,0,0,0,0,0,0,0,-0.00376777,0.009110703,0.720901297,0.672495387,0.008252891,-0.032100524,-0.023243362,-0.060614158,0.340250511,0.86709203,0.138221763,-0.032785352,-0.017941176,-0.017941176,-0.01846215,-0.013810049,-0.001549939,0,0,0,-0.003823938,0.009850014,0.712629783,0.8312508,0.045638461,-0.049607162,-0.039911884,-0.079289828,0.455068866,0.978240848,0.371094261,0.082130651,0.106473652,0.107924666,0.116326009,0.081838218,0.006117766,0,0,0,-0.002132506,-0.011673662,0.526262374,0.929829368,0.439189104,0.391497481,0.443310917,0.483300671,0.791176028,1.000786556,0.870860652,0.811691262,0.818138276,0.801596712,0.764824542,0.631109086,0.105796637,0,0,0,-0.000973666,-0.01398754,0.290005384,0.823475551,0.929241705,0.853588741,0.615258771,0.573447237,0.897135733,1.01966449,0.682105142,0.379683564,0.494110734,0.347368873,0.152460288,0.128693575,0.026052036,0,0,0,3.37E-05,0.000359477,-0.016643519,0.057381025,0.228491076,0.079837623,-0.020789845,-0.045199908,0.407575827,0.688104168,0.111784365,-0.033669067,-0.020802696,-0.02022229,-0.018702526,-0.016060219,-0.003029344,0,0,0,0,0,0.000617,-0.006752962,-0.021304251,-0.008238017,0.000455729,-0.005078125,0.048005685,0.051470249,-0.004229728,0.000219993,0,0,0,0,0,0,0,0,0,0,0,0,0,0,0,0.000758272,-0.008607537,-0.011440626,-0.000744485,9.19E-05,0,0,0,0,0,0,0,0,0,0,0,0,0,0,0,0,0,0,0,0,0,0,0,0,0,0,0,0,0,0,0,0,0,0,0,0,0,0,0,0,0,0,0,0,0,0,0,0,0,0,0,0,0,0,0,0,0,0,0,0,0,0,0,0,0,0,0,0,0,0,0,0,0,0,0,0,0,0,0,0,0,0,0,0,0
0,0,0,0,0,0,0,0,0,0,0,0,0,0,0,0,0,0,0,0,0,0,0,0,0,0,0,0,0,0,0,0,0,0,0,0,0,0,0,0,0,0,0,0,0,0,0,0,0,0,0,0,0,0,0,0,0,0,0,0,0,0,0,0,8.36E-05,-0.000178411,-0.007021599,-0.01927026,-0.01958461,-0.006436377,0.000430964,1.69E-05,0,0,0,0,0,0,0,0,0,0,0,0,-0.000435968,-0.002686598,0.073953023,0.275084859,0.28142996,0.064768365,-0.008747209,-1.21E-05,0,0,0,0,0,0,0,0,0,0,0,6.89E-05,-0.013627145,0.058508408,0.674378642,0.998657005,0.994119536,0.631028339,0.005469822,-0.003351562,0,0,0,9.07E-19,0.000229779,-0.002456076,-0.011741728,-0.003079044,0,0,0,-0.000663297,-0.016269404,0.236095367,0.876702921,1.026284056,1.020448478,0.799373945,0.021993668,-0.004801777,0,4.08E-06,0.000121187,-0.001216129,-0.012807564,0.00770131,0.112687228,0.029709627,0,0,0,-0.005709459,0.033397895,0.897092336,1.009890122,0.941898964,0.628467415,0.153157501,-0.00869512,-0.000535649,4.88E-05,0.000133708,-0.009830011,-0.02770379,0.040183985,0.517404877,0.962191003,0.258112219,0,0,0,-0.004792177,0.021686547,0.81066025,0.921620098,0.287093355,-0.010298373,-0.017248604,-0.000234886,-0.000718954,-0.002557478,-0.0176987,0.037568798,0.349582704,0.724767395,1.025524337,0.888611537,0.160599639,0,0,0,-0.000627298,-0.028208487,0.354304875,0.807714971,0.052041006,-0.015059913,0.000598788,-0.002525701,-0.015713678,-0.019965724,0.215154786,0.731121953,0.989060372,1.04019213,0.81677009,0.135731209,-0.007727822,0,0,0,0.000105699,-0.03732261,0.261517123,0.967349299,0.191348226,-0.017102056,-0.017112439,-0.042256093,0.263170786,0.643930809,0.988618719,1.072863086,0.79960643,0.391341265,0.057780937,-0.030914182,-0.000651042,0,0,0,6.18E-05,-0.029961465,0.209137442,0.846860056,0.157664724,-0.04875034,0.1306827,0.531448887,0.884388361,1.070244113,0.896632795,0.527661135,0.150301334,-0.035471541,-0.007210316,0.000475388,0,0,0,0,-0.002334495,-0.005998159,0.520575259,0.884785408,0.328127226,0.373159811,0.775715897,1.067259641,1.003449615,0.627566088,0.167370827,-0.018572334,-0.019027149,0.00061565,3.91E-05,0,0,0,0,0,-0.002130157,-0.011464886,0.515171671,1.013638038,0.954654926,1.041773557,0.992942198,0.78125851,0.432601699,-0.003941475,-0.022002485,-0.003655876,-0.000130038,3.17E-05,0,0,0,0,0,0,-0.000105341,-0.021873281,0.171906761,0.779318934,0.862529181,0.646853639,0.331316125,0.082387578,-0.005089529,-0.006116546,0.0004936,0,0,0,0,0,0,0,0,0,2.94E-05,-0.00051348,-0.003290084,0.017868413,0.028239014,0.003993141,-0.022610294,-0.015967712,-0.003576644,0.000462272,0,0,0,0,0,0,0,0,0,0,0,0.000121324,-0.000799786,-0.004532629,-0.005311697,-0.00336729,-0.000840993,2.63E-05,3.83E-06,0,0,0,0,0,0,0,0,0,0,0,0,0,0,0,0,0,0,0,0,0,0,0,0,0,0,0,0,0,0,0,0,0,0,0,0,0,0,0,0,0,0,0,0,0,0,0,0,0,0,0,0,0,0,0,0,0,0,0,0,0,0,0,0,0,0,0,0
0,0,0,0,0,0,0,0,0,0,0,0,0,0,0,0,0,0,0,0,0,0,0,0,0,0,0,0,0,0,0,0,0,0,0,0,0,0,0,0,0,0,0,0,0,0,0,0,0,0,0,0,0,0,0,0,0,0,0,0,0,0,0,0,0,0,0,0,0,0,0,0,0,0,0,0,0,0,0,0,0,0,0,0.000303309,-0.004792279,-0.009644301,-0.011896752,-0.018250887,-0.000862439,9.96E-05,0,0,0,0,0,0,0,0,0,0,0,0,0,-0.000455474,0.005770493,0.031461244,0.052158718,0.127784402,0.007607571,-0.000783803,0,0,0,0,0,0,0,0,0,0,0,0,0,-0.028571283,0.467042858,0.718836023,0.753322372,0.610300657,0.01094967,-0.002341622,0,0,0,0,0,8.51E-05,-0.000636574,-0.011743135,-0.00947372,0.000834014,0,0,0,-0.041394766,0.698162988,0.886107561,0.339260952,0.104824809,-0.002855825,-0.000222932,0,0,0,4.89E-06,0.000328564,-0.002628307,-0.02225694,0.057149242,0.06112368,-0.005314704,0,0,0,-0.023174939,0.378856158,0.759749506,0.029739481,-0.023119913,1.36E-06,3.83E-05,0,2.55E-06,0.000195212,-0.001535386,-0.013726648,-0.016857622,0.241367358,0.793113289,0.519084627,-0.046251191,0,0,0,-0.008286816,0.090871851,0.88682884,0.256447832,-0.032326189,9.62E-05,0,0.00022212,-0.001911084,-0.020013096,-0.016359698,0.119219312,0.530308007,0.93719293,0.870053079,0.223494604,-0.021392038,0,0,0,-0.003212827,0.001493124,0.703873196,0.471664233,-0.034609762,-0.001789811,-0.004766221,-0.021386506,-0.027336261,0.083875063,0.422380974,0.946451338,0.936341673,0.457999949,0.067718516,-0.017633017,0.000988477,0,0,0,-0.001347324,-0.021204385,0.459162463,0.715563487,0.01528002,-0.026128217,0.034496953,0.202457023,0.515592746,0.816664238,0.972787803,0.735881502,0.244674326,-0.036101035,-0.008736548,-0.000343903,6.77E-05,0,0,0,-0.00010716,-0.024513931,0.188535391,0.899249317,0.635096481,0.575001172,0.879184246,0.940716695,0.915407325,0.665216815,0.197793116,0.036669571,-0.030950175,0.000177072,0.000126922,0,0,0,0,0,2.20E-05,-0.005002723,0.006832023,0.412788671,0.817912132,0.846210495,0.622110362,0.447732196,0.146549156,-0.022221458,-0.020748911,-0.010191823,4.78E-05,4.95E-05,0,0,0,0,0,0,0,0.000482537,-0.004394318,-0.007533361,0.095147025,0.125095844,-0.008342916,-0.044698427,-0.014460206,0.000110829,0.00013191,0,0,0,0,0,0,0,0,0,0,0,0.000306373,-0.003033088,-0.016811178,-0.0200625,-0.004670037,0.000477328,7.35E-06,0,0,0,0,0,0,0,0,0,0,0,0,0,0,0,0,0,0,0,0,0,0,0,0,0,0,0,0,0,0,0,0,0,0,0,0,0,0,0,0,0,0,0,0,0,0,0,0,0,0,0,0,0,0,0,0,0,0,0,0,0,0,0,0,0,0,0,0,0,0,0,0,0,0,0,0,0,0,0,0,0,0,0,0,0,0,0,0
0,0,0,0,0,0,0,0,0,0,0,0,0,0,0,0,0,0,0,0,0,0,0,0,0,0,0,0,0,0,0,0,0,0,0,0,0,0,0,0,0,0,0,1.35E-05,0.000208308,-0.004771921,-0.004617831,0.000497923,0,0,0,0,0,0,0,0,0,0,0,0,0,0,0,7.10E-05,-0.002784382,0.010539624,0.008727379,-0.025955169,-0.021694904,-0.012077359,9.79E-05,5.65E-05,0,0,0,0,0,0,0,0,0,0,0,-0.003299734,0.011487779,0.595847988,0.589352141,0.309457744,0.318773199,0.174781454,-0.001770629,-0.000804841,0,0,0,0,0,0,0,0,0,0,0,-0.005760263,0.032783446,0.913697627,1.019395391,0.985614766,1.022494553,0.620029599,0.000963678,-0.003121732,0,0,0,0,0,0,0,0,0,0,0,-0.003936938,0.011077938,0.708260485,1.019139502,0.99408991,0.909772127,0.357229592,-0.01421264,-0.001288552,0,0,0,0,0,0,0,0,0,0,0,-0.001750897,-0.013465836,0.448792633,1.015453015,0.886906355,0.135531097,-0.002497588,-0.004597244,0.000149199,0,0,0,0,0,0,0,0,0,0,0,7.76E-05,-0.019417416,0.102820687,0.816513804,0.930868476,0.146032901,-0.019557717,0.000496324,0,0,6.27E-05,-0.000543096,-0.006055658,-0.013027063,-0.020200563,-0.030101052,-0.007963184,0,0,0,0,-0.007988664,0.0179896,0.689836431,0.982627016,0.256024986,-0.027042484,0.000589767,-0.002866115,-0.017776996,-0.036950112,-0.032039862,0.046773148,0.163118243,0.293508367,0.470146021,0.124242426,0,0,0,0,9.77E-05,-0.047656607,0.514658497,1.0399085,0.507854031,-0.030011319,-0.041770067,-0.021172981,0.105280139,0.26113397,0.362359511,0.765360396,0.974961993,1.011263792,1.08727788,0.28939517,0,0,0,0,3.77E-05,-0.021166633,0.216103741,0.969400656,0.673109596,0.04354405,0.388592559,0.547117715,0.799813162,1.034383493,1.052515795,1.036837333,0.944370421,0.687218282,0.561615877,0.151340788,0,0,0,0,0,-0.010052756,0.093673481,0.895454307,0.9708742,0.877757209,1.004168059,1.046770583,1.003647148,0.930178193,0.659066623,0.403340773,0.184290456,0.025900801,-0.014567996,-0.003216135,0,0,0,0,0,-0.003457329,0.019762646,0.732580476,0.967491915,0.969364754,0.898278118,0.573737728,0.351846167,0.221685134,-0.008082023,-0.024388787,-0.01801845,-0.009058436,-0.004021991,-0.001140387,0,0,0,0,0,0.000329776,-0.008176658,0.146381857,0.216670156,0.218003847,0.17338957,-0.008528288,-0.038657073,-0.021256723,-0.001099963,0.000306373,0,0,0,0,0,0,0,0,0,1.52E-17,0.000621936,-0.02137581,-0.030474877,-0.030520221,-0.02551348,-0.00437163,0.000601688,0,0,0,0,0,0,0,0,0,0,0,0,0,0,0,0,0,0,0,0,0,0,0,0,0,0,0,0,0,0,0,0,0,0,0,0,0,0,0,0,0,0,0,0,0,0,0,0,0,0,0,0,0,0,0,0,0,0,0,0,0,0,0,0,0,0,0,0,0,0,0,0,0,0,0,0,0,0,0,0,0,0,0,0,0,0,0
0,0,0,0,0.000291054,-0.001102941,-0.020389944,-0.0084124,0.000587214,0,0,0,0,0,0,0,0,0,0,0,0,0,0,0,-0.002754289,0.008666258,0.213143212,0.07798933,-0.006265319,0,0,0,0,0,0,0,0,0,0,0,0,0,0,0,-0.015194754,0.084683513,0.755498213,0.592279072,-0.019814724,0,0,0,0,0,0,0,0,0,0,0,0,0,0,0,-0.021971814,0.141919322,0.87077131,0.880391257,-0.027181883,0.000554024,0,0,0,0,0,0,0,0,0,0,0,0,0,0,-0.006781863,0.011566823,0.632670139,0.908312,0.081887851,-0.008879272,0,0,0,0,0,0,0,0,0,0,0,0,0,0,6.56E-05,-0.043046637,0.475379493,0.937916412,0.208924207,-0.019571674,-0.000197015,-0.025512749,-0.021398944,0.000787207,0,0,0,0,0,0,0,0,0,0,0.000132966,-0.04332501,0.477631587,0.872524866,0.017798458,-0.005643808,-0.008673492,0.269163858,0.22897728,-0.008543539,0,0,0,0,0,0,0,0,0,0,-0.000396233,-0.039139864,0.488562363,0.885605561,0.053378837,-0.022745862,0.319560794,0.94857016,0.699272294,-0.020618979,0,0,0,0,0,0,0,0,0,1.99E-06,-0.006695823,0.009864719,0.64010352,0.890916816,-0.005684913,-0.021062398,0.417077189,1.043777335,0.728307601,-0.022614039,-0.001715686,-0.001715686,-0.001715686,-0.001801292,-0.000982945,8.94E-05,0,0,0,5.72E-05,-0.019008357,0.103638327,0.820633459,0.773169068,-0.021862847,-0.035868328,0.224962112,1.01471361,0.720242007,-0.036953057,-0.015910029,-0.015998877,-0.015893178,-0.016691975,-0.009108626,0.000828057,0,0,0,0.000344567,-0.041830491,0.29684889,0.984658003,0.419221037,-0.069256315,-0.075440649,0.279909688,1.005147093,0.849528641,0.451865094,0.462976545,0.46363797,0.462851103,0.485988647,0.265198632,-0.024108967,0,0,0,-0.014900429,0.207329095,0.785208895,1.017452461,0.426395496,0.509122362,0.515848022,0.766509804,0.993110532,1.012397273,1.042765302,1.042086516,1.044608813,1.04160815,1.09374465,0.596844363,-0.054258578,0,0,0,-0.04277185,0.700400887,1.073346412,1.026138016,0.98798579,1.042553809,1.039240315,1.02502259,1.006702574,0.786784934,0.455044009,0.466196394,0.46653627,0.466131935,0.489412226,0.267066841,-0.024278804,0,0,0,-0.021502962,0.342358575,0.646096286,0.70287066,0.590852425,0.457438691,0.441598414,0.584186019,1.005228231,0.248861441,-0.041383442,-0.020594533,-0.020643893,-0.020585172,-0.021615507,-0.011795343,0.001072304,0,0,0,0.001529514,-0.029543692,0.013494536,0.041435662,2.83E-05,-0.045233388,-0.061916701,0.409908207,0.648343018,0.011984122,-0.007502553,0,0,0,0,0,0,0,0,0,4.04E-05,-0.00011826,-0.007240809,-0.010559743,-0.005335698,-0.000783752,0.002214988,0.198421875,0.107774952,-0.017468407,0.000440155,0,0,0,0,0,0,0,0,0,0,0,0,0,0,5.85E-05,-2.50E-05,-0.01247886,-0.009007455,0.000727956,2.14E-05,0,0,0,0,0,0,0,0,0,0,0,0,0,0,0,0,0,0,0,0,0,0,0,0,0,0,0,0,0,0,0,0,0,0,0,0,0,0,0,0,0,0,0,0,0,0,0,0,0,0,0,0,0,0,0,0,0,0,0,0,0,0,0,0,0,0
0,0,0,0,0,0,0,0,0,0,0,0,0,0,0,0,0,0,0,0,0,0,0,0,0,0,0,0,0,0,0,0,0,0,0,0,0,0,0,0,0,0,0,0,0,0,0,0,0,0,0,0,0,0,0,0,0,0,0,0,0,0,0,0,0,0,0,0,0,0,0,0,0,0,0,0,0,0,0,0,0,0,0,0,0,0,0,0,4.32E-05,3.06E-07,-0.007276042,-0.01865625,-0.003265562,0.000367647,0,0,0,0,0,0,0,0,0,0,6.91E-18,-4.95E-17,-2.09E-16,0.001070075,-0.008769812,-0.034337282,0.012607503,0.111832295,0.010178516,-0.002166735,0,0,0,0,0,0,0,0,0,0.000669935,-0.010713508,-0.019735328,-0.020669764,-0.032819867,0.074719482,0.382326712,0.6798085,0.838114941,0.253807954,-0.016937296,0,0,0,0,0,0,0,0,0,-0.004990828,0.072921406,0.189863506,0.3840796,0.442685859,0.801196106,0.930553891,0.776744629,0.610909258,0.157474487,-0.012320295,0,0,0,0,0,0,0,0,0,-0.030177747,0.47590688,0.984920003,0.981836516,0.776949523,0.593479711,0.243033258,-0.005899544,-0.023394523,-0.007754916,-0.002004919,-0.005034263,-0.014976307,-0.027455882,-0.036307376,-0.019392106,0.001762919,0,0,0,-0.014798866,0.206208946,0.921885451,0.409322491,0.058643027,-0.039179773,-0.026234545,-0.007716231,-0.018957499,-0.03248135,-0.007990894,0.029761625,0.203797505,0.429607537,0.591579549,0.325519897,-0.029552611,0,0,0,-0.008791411,0.104528612,0.82233861,0.223946606,-0.0457756,-0.015009446,-0.022914692,0.004502774,0.106902284,0.297146145,0.571271804,0.818053224,0.975887885,1.011691891,1.036121676,0.473205848,-0.043372992,0,0,0,-0.004103656,0.024721746,0.688811734,0.274467371,-0.056565587,0.12340899,0.484122566,0.67050897,0.827152557,1.049684022,0.842294271,0.4253846,0.360921313,0.372785641,0.332979835,0.051958401,-0.005227056,0,0,0,-0.003881161,0.012010976,0.723190453,0.598898146,0.583706916,0.86207214,0.95680457,0.926238824,0.564388172,0.269657562,0.114226149,-0.038976041,-0.045148282,-0.043830256,-0.039953045,-0.008044923,0.000784721,0,0,0,-0.002462367,-0.007272655,0.547584559,1.051563079,0.913124975,0.506982486,0.255549258,0.132111077,-0.023605579,-0.021713512,-0.01346252,-0.001063794,0.000229779,0,0,0,0,0,0,0,-0.002568679,-0.004302168,0.568868856,0.766049275,0.189898988,-0.008918335,-0.02819521,-0.01342082,0.000243821,6.11E-05,0,0,0,0,0,0,0,0,0,0,-0.000144353,-0.001896429,0.048311768,0.044342235,-0.025127848,-0.004937364,0.000436581,0,0,0,0,0,0,0,0,0,0,0,0,0,1.95E-05,0.00011392,-0.00510335,-0.005956087,-5.99E-05,5.72E-05,0,0,0,0,0,0,0,0,0,0,0,0,0,0,0,0,0,0,0,0,0,0,0,0,0,0,0,0,0,0,0,0,0,0,0,0,0,0,0,0,0,0,0,0,0,0,0,0,0,0,0,0,0,0,0,0,0,0,0,0,0,0,0,0,0,0,0,0,0,0,0
0,0,0,0,0,0,0,0,0,0,0,0,0,0,0,0,0,0,0,0,0,0,0,0,0.000294118,-0.001525735,-0.015917075,-0.016581231,0.000428922,0,0,0,0,0,0,0,0,0,0,0,0,0,0,0,-0.003216644,-0.002856267,0.396864274,0.32138011,-0.012507983,0,0,0,0,0,0,0,0,0,0,0,0,0,0,0,-0.017094056,0.097811223,0.820948904,0.66436317,-0.02127451,0,0,0,0,0,0,0,0,0,0,0,0,0,0,0,-0.031613051,0.238197253,0.864905025,0.169766962,-0.016420547,0,0,0,0,0,0,0,0,0,0,0,0,0,0,0,-0.037792586,0.299943747,0.860861588,0.066845488,-0.013556304,0,0,0,0,0,0,0,0,0,0,0,0,0,0,0,-0.037480086,0.296778237,0.861556032,0.077375871,-0.013718342,0,0,0,0,0,0,0,0,0,0,0,0,0,0,0,-0.035474196,0.279551231,0.830765732,0.076615078,-0.013521666,0,0,0,0,0,0,0,0,0,0,0,0,0,0,0,-0.023016544,0.164941347,0.726420139,0.125050905,-0.015348584,0,0,0,0,0,8.27E-06,5.59E-05,-0.001207567,-0.006493111,-0.023166871,-0.019813623,0,0,0,0,-0.021113971,0.136442913,0.835825266,0.196522767,-0.020025531,0,0,0,0,6.43E-05,0.000229473,-0.015701525,-0.02209472,0.06092981,0.378456716,0.320730716,0,0,0,0,-0.008011949,0.018488034,0.696931951,0.336815458,-0.029402744,0.000744656,-6.17E-19,-6.22E-17,0.000366883,-0.002515063,-0.03042002,0.078354286,0.437980988,0.81247138,0.758325044,0.706241439,0,0,0,0,-0.003171262,-0.018223907,0.563948904,0.811962687,0.05720435,-0.028360566,-0.015538194,-0.018588474,-0.025275672,0.002313879,0.294197798,0.738429126,0.821477345,0.339115371,0.043541445,0.033764178,0,0,0,0,0.000116485,-0.016700026,0.163204364,0.848886745,0.509567316,0.220080001,0.097631755,0.196483599,0.300752571,0.628178648,0.774714018,0.460028807,0.082638243,-0.019390629,-0.011467429,-0.007487669,0,0,0,0,2.14E-05,0.000661594,-0.023884123,0.261052784,0.81614951,1.006696708,0.883087963,0.963663756,0.857807655,0.561233235,0.127702376,-0.033603282,-0.013649578,-0.001830677,0.000219567,0,0,0,0,0,0,1.36E-17,-0.000199653,-0.024783454,0.098623775,0.29836763,0.379749643,0.25271892,0.127728079,-0.034674224,-0.011313147,0.000983626,1.79E-05,0,0,0,0,0,0,0,0,1.87E-19,0.000143995,2.42E-05,-0.017659109,-0.031023455,-0.023665101,-0.035193423,-0.020429559,-0.00147212,-8.27E-05,2.76E-05,0,0,0,0,0,0,0,0,0,0,0,0,2.14E-05,-0.000339563,-0.000961499,5.36E-05,0,0,0,0,0,0,0,0,0,0,0,0,0,0,0,0,0,0,0,0,0,0,0,0,0,0,0,0,0,0,0,0,0,0,0,0,0,0,0,0,0,0,0,0,0,0,0,0,0,0,0,0,0,0,0,0,0,0,0,0,0,0,0,0,0,0,0,0
0,0,0,0,0,0,0,0,0,0,0,0,0,0,0,0,0,0,0,0,0,0,0,0,0,0,0,0,0,0,0,0,0,0,0,0,0,0,0,0,0,0,0,0,0,0,0,0,0,0,0,0,0,0,0,0,0,0,0,0,0,0,0,0,6.34E-05,-0.000257659,-0.004166105,-0.00736619,-0.002134651,0.000197866,0,0,0,0,0,0,0,0,0,0,0,0,0,1.19E-05,0.00021201,-0.006486162,0.017782952,0.063343609,0.018648386,-0.001706325,0,0,0,0,0,0,0,0,0,0,0,0,0,0.000122958,-0.016567334,0.076182394,0.673901654,0.923034952,0.272301368,-0.025407646,0,0,0,0,1.13E-17,0.00139357,-0.01530799,-0.030352326,-0.015935628,0.001446759,0,0,0,-0.002150378,-0.01160112,0.544502928,1.025056356,0.90545986,0.172612337,-0.016999421,0,0,0,9.14E-05,-0.000546705,-0.028368992,0.153644557,0.324701823,0.171377996,-0.015552662,0,0,0,-0.019364121,0.27778909,0.981905429,1.005106124,0.399647677,-0.012165644,-0.000661153,0,1.22E-05,0.000286794,-0.003349996,-0.036070177,0.140144596,0.714972773,1.011517151,0.549319823,-0.049768235,0,0,0,-0.036037071,0.587415645,0.996135076,0.561771123,0.016000248,-0.010044935,0.000236077,-0.000173356,-0.000810611,-0.011743916,-0.010445993,0.239298441,0.786333265,1.020682734,1.009405395,0.420457772,-0.038724214,0,0,0,-0.035983456,0.591377962,0.971925143,0.265345163,-0.040191034,0.000727192,-0.000426777,-0.019388906,-0.030249268,0.092666507,0.513674854,0.928897127,1.036991983,1.026950691,0.697919333,0.052436598,-0.006444461,0,0,0,-0.01812934,0.256314968,1.014017293,0.540779735,-0.019392486,-0.004013514,-0.016346388,0.160745864,0.383549326,0.885578299,1.033523165,1.053621341,0.775237251,0.531821674,0.171127468,-0.02259838,0.000995711,0,0,0,-0.006753217,0.05512546,0.857010944,0.89431667,0.168891929,-0.043759923,0.140547862,0.800714767,1.042172607,1.042229509,0.859213406,0.464170207,0.119343427,-0.013357384,-0.009497982,0.000184164,0,0,0,0,-0.001530156,-0.019893519,0.469645109,1.061313695,0.559465926,0.20885288,0.788949492,1.024641831,0.963987964,0.562726563,0.16160236,-0.035261336,-0.01964499,-0.002112786,-0.000316084,5.30E-05,0,0,0,0,-9.92E-05,-0.036129936,0.288850831,1.044893348,0.865918124,0.853532544,1.054711516,0.745813045,0.284122328,0.003723673,-0.020069444,-0.002140693,0.00022178,5.62E-06,0,0,0,0,0,0,-0.001624745,-0.017810747,0.458511591,1.047257591,1.039510721,0.98628479,0.6443077,0.105826661,-0.029628353,-0.003211905,0.000438283,0,0,0,0,0,0,0,0,0,-0.002258017,-0.007065342,0.509152999,0.931619894,0.785237641,0.345156488,0.01826748,-0.020744604,-0.000147314,0.000102727,0,0,0,0,0,0,0,0,0,0,-0.000254698,-0.006579929,0.10455467,0.224400293,0.072265025,-0.01974343,-0.004836669,0.000183875,1.91E-05,0,0,0,0,0,0,0,0,0,0,0,3.91E-05,0.000720721,-0.013692878,-0.02855489,-0.01219749,-0.000332233,7.13E-05,0,0,0,0,0,0,0,0,0,0,0,0,0,0,0,0,0,0,0,0,0,0,0,0,0,0,0,0,0,0,0,0,0,0,0,0,0,0,0,0,0,0,0,0,0,0,0,0,0,0
0,0,0,0,0,0,0,0,0,0,0,0,0,0,0,0,0,0,0,0,0,0,0,0,0,0,0,0,0,0,0,0,0,0,0,0,0,0,0,0,0,0,0,0,0,0,0,0,0,0,0,0,0,0,0,0,0,0,0,0,0,0,0,0.000108762,-0.001273846,-0.008329708,-0.011894455,-0.011666667,-0.01190671,-0.008141033,-0.000626123,7.28E-05,0,0,0,0,0,0,0,0,0,0,0,-0.000410948,-5.80E-05,0.082314151,0.141863868,0.141304761,0.143332108,0.084832908,0.004385434,-0.000661969,0,0,0,0,0,0,0,0,0,0,0,-0.018796773,0.274128081,0.877582448,0.9824263,0.986686896,1.008900446,0.859794441,0.101035403,-0.008999506,-0.004619155,-0.009454997,0.000448921,3.83E-05,0,0,0,0,0,0,0,-0.018443321,0.261465993,0.98426091,0.938645987,0.460078829,0.522008612,0.469982179,0.031691619,-0.007014672,0.034570374,0.090849673,-0.007284433,-6.89E-05,0,0,0,0,0,0,0,-0.003697363,0.007857133,0.701541638,0.883319609,0.06983813,-0.027097533,-0.009990624,-0.004639589,-0.018665651,0.542421923,0.722455906,0.081078907,-0.014540174,0,0,0,0,0,0,0,-0.000795905,-0.027394114,0.368635332,1.053652897,0.204604293,-0.02506604,-0.003515795,0.000357435,-0.02435049,0.89058066,0.758804126,0.05849954,-0.012587316,0,0,0,0,0,0,0,0.000234732,-0.039716112,0.26332741,0.954632523,0.128383066,-0.036601716,-0.019424632,-0.025547607,0.00115545,0.902686057,0.616232571,-0.038582448,-0.008566483,-0.00464614,-0.000345787,7.05E-05,0,0,0,0,-0.001724316,-0.019106039,0.530731481,0.952052271,0.256781419,0.097368124,0.119705167,0.119827819,0.351744962,0.959184348,0.48192933,-0.031414454,0.002782782,-0.008338269,-0.034275016,-0.00838814,0.000765931,0,0,0,-0.027152267,0.423220486,0.924279173,1.033380566,0.898460842,0.821055249,0.835354575,0.857045054,0.933814253,0.993020158,0.778163773,0.651898097,0.666742426,0.607623996,0.416463115,0.084936172,-0.008467797,0,0,0,-0.0388513,0.644664693,0.927016258,0.449111923,0.351171902,0.398898944,0.338258411,0.66238647,0.933511526,1.008722537,0.977676206,0.945540744,0.964157647,1.015003669,0.998806737,0.431110296,-0.039664948,0,0,0,-0.003982588,0.06742613,0.104448785,-0.024474826,-0.021100173,-0.020751634,-0.022061377,-0.045638872,0.399324959,0.953936091,0.378505583,0.122118056,0.189837112,0.368800466,0.367947529,0.074071521,-0.00721252,0,0,0,0.000422539,-0.007109545,-0.011037497,0.000325521,3.06E-05,0,0.00011489,-0.016295615,0.170509174,0.598747316,0.051614754,-0.020780569,-0.018482775,-0.034083521,-0.033585905,-0.006769982,0.000659552,0,0,0,0,0,0,0,0,0,0,-0.000306798,0.003592133,0.010054081,-0.002819819,0.000236588,0,0,0,0,0,0,0,0,0,0,0,0,0,0,0,9.32E-05,-0.001052134,-0.00339448,-0.000253779,2.55E-05,0,0,0,0,0,0,0,0,0,0,0,0,0,0,0,0,0,0,0,0,0,0,0,0,0,0,0,0,0,0,0,0,0,0,0,0,0,0,0,0,0,0,0,0,0,0,0,0,0,0,0,0,0,0,0,0,0,0,0,0,0,0,0,0,0
0,0,0,0,0,0,0,0,0,0,0,0,0,0,0,0,0,0,0,0,0,0,0,0,0,0,0,0,0,0,0,0,0,0,0,0,0,0,0,0,0,0,0,0,0,0,0,0,0,0,0,0,0,0,0,0,0,0,0,0,0,0,0,0,0,0,0,0,0,0,0,0,0,0,0,0,0,0,0,0,0,0,0,0,0,0,0,0,0,0,0,0,0,0,0,0,0,0,0,0,0,0,0,0.000145527,-0.001572712,-0.0178245,-0.001915679,0.000295544,0,0,0,0,0,0,0,0,0,0,0,0,0,0,0,-0.001572202,0.017550722,0.187621272,0.013666088,-0.002447923,0,0,0,0,0,0,0,0,0.000289352,-0.003567765,-0.015862949,-0.004635076,0,0,0,-0.005594809,0.045795779,0.815123619,0.254436971,-0.031975291,0.000118218,0,0,0,0,3.55E-05,0.000597204,-0.011272268,-0.034173699,-0.011192135,0.100044535,0.032781786,0,0,0,-0.004208129,0.016240026,0.771664437,0.445517327,-0.039948025,-0.000808143,0.000129596,-0.000927747,-0.003985703,-0.003328951,-0.014828125,-0.037052662,0.067234749,0.248732128,0.494170403,0.888536322,0.227924224,0,0,0,-0.004007966,0.011709457,0.755456563,0.616285216,0.004726723,-0.010658939,-0.023974571,-0.023120898,0.011330099,-0.002688197,0.202101222,0.52294424,0.757630617,0.928187687,0.748961892,0.431866064,0.070056509,0,0,0,-0.002764093,-0.003409518,0.61572566,0.646850048,-0.02415172,-0.013929364,0.130301062,0.367105188,0.762365366,0.807483185,0.893928105,0.804818185,0.590543079,0.261649067,0.033241749,-0.020669696,-0.006142242,0,0,0,-0.004301573,0.015120745,0.77278942,0.794570466,0.408300823,0.614375136,0.888541837,0.876717507,0.521861196,0.43747014,0.298362132,0.042122328,-0.038718512,-0.018100337,-0.005024102,-0.001281352,-0.000125664,0,0,0,-0.003839071,0.011986551,0.683343525,0.948746807,0.864690907,0.551526062,0.277981245,0.097235675,-0.027770474,-0.053429108,-0.03550691,-0.008951531,0.000399087,3.55E-05,0,0,0,0,0,0,-0.000742698,-1.29E-05,0.152393536,0.220388753,0.105592329,-0.023710172,-0.021291871,-0.015730699,-0.002485532,0.000350577,0,0,0,0,0,0,0,0,0,0,7.28E-05,-2.43E-05,-0.014729286,-0.020955882,-0.010536413,0.000365945,0,0,0,0,0,0,0,0,0,0,0,0,0,0,0,0,0,0,0,0,0,0,0,0,0,0,0,0,0,0,0,0,0,0,0,0,0,0,0,0,0,0,0,0,0,0,0,0,0,0,0,0,0,0,0,0,0,0,0,0,0,0,0,0,0,0,0,0,0,0,0,0,0,0,0,0,0,0,0,0,0,0,0,0,0,0,0,0,0,0,0,0,0,0,0,0,0,0,0,0,0,0,0,0,0,0,0,0,0,0,0
0,0,0,0,0,0,0,0,0,0,0,0,0,0,0,0,0,0,0,0,0,0,0,0,0,0,0,0,0,0,0,0,0,0,0,0,0,0,0,0,0,0,0,0,0,0,0,0,0,0,0,0,0,0,0,0,0,0,0,0,0,0,0,0,0.000293199,-0.001300603,-0.018377962,-0.016924555,0.000472069,3.83E-06,0,0,0,0,0,0,0,0,0,0,0,0,0,0,-0.004254902,0.017999251,0.276687057,0.25259899,-0.007470469,-3.19E-05,0,0,0,0,0,0,0.000116422,-0.000295341,-0.010340686,-0.011281556,0,0,0,0,-0.015739277,0.08722098,0.788020289,0.782345994,-0.014422403,-0.000552747,0,0,0,1.28E-06,0.000122124,-0.000963371,-0.006217576,-0.033959684,0.040104048,0.049834167,0,0,0,0,-0.01581587,0.087664369,0.791793607,0.486321865,-0.018886336,-0.000169356,0,0,0.000269047,-0.001691432,-0.017301964,-0.010433687,0.038601154,0.412195555,0.713384855,0.707424224,0,0,0,0,-0.027093983,0.187451099,0.931609732,0.328616996,-0.020983993,2.04E-05,3.73E-18,0.000640007,-0.010279428,-0.026519812,0.12892269,0.599009247,0.878191863,0.915856156,0.801793802,0.79732551,0,0,0,0,-0.023676164,0.157260366,0.888688964,0.348449309,-0.020749949,0.000103299,-0.000523999,-0.015308177,0.029179559,0.365738409,0.903813113,0.911999813,0.618585801,0.228499857,-0.005389604,0.04178045,0,0,0,0,-0.022703125,0.148665186,0.876471916,0.345968774,-0.020368004,-0.006276467,-0.024687568,0.096453602,0.653650466,1.003598788,0.720810032,0.188768995,0.002225218,-0.018237927,-0.002207755,-0.005413007,0,0,0,0,-0.017048713,0.098717882,0.805477635,0.391084138,-0.026837742,-0.004425279,0.303041479,0.854207091,0.980622631,0.527907884,0.048877894,-0.028736571,-0.006511795,-0.000310933,8.88E-05,0,0,0,0,0,-0.02228125,0.144840754,0.872620949,0.393550066,-0.017807666,0.471147825,0.964800432,0.902614771,0.328669065,0.001324925,-0.010506842,0.000163603,3.49E-05,0,0,0,0,0,0,0,-0.023161918,0.153412128,0.870715506,0.299263277,0.362095716,0.969060237,0.678363126,0.158786145,-0.029688109,-0.00649892,0.000458603,0,0,0,0,0,0,0,0,0,-0.024550858,0.169795598,0.82644453,0.488843946,0.939673645,0.634980835,0.023793862,-0.021311615,-0.001586598,0.000248502,0,0,0,0,0,0,0,0,0,0,-0.034875919,0.257222137,0.997578636,0.997062594,0.7516883,0.084206733,-0.020443185,0.000261693,0,0,0,0,0,0,0,0,0,0,0,0,-0.039003064,0.291857792,1.08675417,0.74568055,0.071979779,-0.013375647,-9.50E-06,2.30E-05,0,0,0,0,0,0,0,0,0,0,0,0,-0.023723039,0.18024983,0.632187023,0.120316861,-0.020290867,3.95E-05,7.17E-05,0,0,0,0,0,0,0,0,0,0,0,0,0,-0.000666809,0.005362755,0.014384452,-0.007022283,-0.000210958,0,0,0,0,0,0,0,0,0,0,0,0,0,0,0,0.000272672,-0.002093716,-0.007013208,-0.000806123,0.000125953,0,0,0,0,0,0,0,0,0,0,0,0,0,0,0,0,0,0,0,0,0,0,0,0,0,0,0,0,0,0,0
0,0,0,0,0,0,0,0,0,0,0,0,0,0,0,0,0,0,0,0,0,0,0,0,0,4.77E-18,0.000432326,-0.008968584,-0.016129493,-0.001598414,0.000303309,0,0,0,0,0,0,0,0,0,0,0,0,0,0,0.000784721,-0.011926746,0.039662488,0.101910847,0.004255075,-0.001325364,0,0,0,0,0,0,0,0,0,0,0,0,0,5.42E-05,-0.006274135,0.04423446,0.623094809,0.870509446,0.137138719,-0.021510723,0,0,0,0,0,9.55E-05,-0.001124445,-0.003771497,-0.000500102,0,0,0,0,-0.000359069,-0.027459525,0.33303942,0.981096504,0.954751583,0.214296535,-0.030108762,0,0,0,0,0.00022212,-0.002934709,-0.01316224,0.006995217,-0.004218716,0,0,0,0,-0.005128983,-0.006378608,0.632383085,1.077945474,0.718289403,0.041386183,-0.010690564,0,0,1.15E-05,0.000884651,-0.009918811,-0.033550773,0.309669534,0.706118243,0.131833912,0,0,0,4.24E-05,-0.022102056,0.133801913,0.851387612,1.009384775,0.436987388,-0.012593665,-0.002775123,0,2.85E-05,0.000155824,-0.018859528,0.067428768,0.442281624,0.905680058,1.088418862,0.291761472,0,0,0,-0.000159747,-0.026450359,0.220198711,0.905137683,0.50339233,0.005939865,-0.003153,9.45E-05,0,0.0009751,-0.014528403,0.035939967,0.616270213,1.015512922,1.012287359,0.781728306,0.153905857,0,0,0,-0.003139502,0.001902199,0.630532458,0.864328159,0.12757392,-0.021045071,0.000338201,2.53E-05,0.000839205,-0.02168124,0.03820161,0.620822372,1.028528237,1.018905842,0.541580721,0.01326074,-0.002830712,0,0,0,-0.005934181,0.035928734,0.941354592,0.826610924,0.114213852,-0.013838678,0,0.001071027,-0.026719686,0.104451833,0.780589359,1.00950223,0.848182428,0.342905824,0.027925312,-0.009997532,-0.000257864,0,0,0,-0.006298815,0.040479507,0.985860856,0.764074193,0.056255537,-0.011735856,8.13E-05,-0.010333265,0.063661663,0.612262172,1.051059811,0.904177458,0.231538535,-0.039870728,-0.009559639,0.000627042,0,0,0,0,-0.006306526,0.040574602,0.986702138,0.764018229,0.056194118,-0.011672198,-0.00270995,-0.030799377,0.485649425,1.033557404,1.010501787,0.454324074,-0.026920445,-0.002147467,7.67E-05,3.06E-06,0,0,0,0,-0.005804034,0.0343772,0.921199503,0.889366584,0.161780313,-0.017510191,-0.016543099,0.434550959,0.986340651,1.005976773,0.522806058,0.031567184,-0.008048235,2.90E-06,0,0,0,0,0,0,-0.002684334,-0.004872992,0.575950334,1.055595997,0.387624638,-0.069017242,0.204025123,0.919081887,0.997021616,0.541261754,0.001402505,-0.010409348,0.000447474,1.79E-05,0,0,0,0,0,0,-0.000783446,-0.016078619,0.260771242,0.902675143,0.835970795,0.452871187,0.787177202,1.03270241,0.766561462,0.065190626,-0.01566619,0.000319138,0,0,0,0,0,0,0,0,6.10E-05,-0.003367443,-0.034594652,0.594466299,1.051649274,1.002865213,1.033074125,0.876648455,0.232553939,-0.028764421,-0.000361179,0,0,0,0,0,0,0,0,0,1.84E-06,-0.000620098,-0.017465737,0.243340363,0.891181583,1.039454929,0.850031693,0.274849077,0.026606311,-0.005574324,7.71E-05,0,0,0,0,0,0,0,0,0,0,8.81E-05,-0.000138294,-0.011360931,0.100187611,0.149208756,0.087914017,-0.02430226,-0.005706249,0.000673661,0,0,0,0,0,0,0,0,0,0,0,0,0.000161697,-0.001412718,-0.016207724,-0.02143927,-0.01484358,-0.000746017,0.000110294,0,0,0,0,0,0,0,0,0,0,0,0,0,0,0,0,0,0,0,0,0,0,0,0,0,0,0,0
0,0,0,0,0,0,0,0,0,0,0,0,0,0,0,0,0,0,0,0,0,0,0,0,0,0,0,0,0,0,0,0,0,0,0,0,0,0,0,0,0,0,0,0,0,0,0,0,0,0,0,0,0,0,0,0,0,0,0,0,0,0,0,3.60E-05,-0.000280382,-0.005369026,-0.001838133,0.000217684,0,0,0,0,0,0,0,0,0,0,0,0,0,0,0,-0.000245455,0.002377162,0.033248009,-0.001867068,-0.003651502,0.000300245,0,0,0,0,0,0,0,0,0,0,0,0,0,0,-0.005429892,0.039000528,0.834651927,0.367119094,-0.023153714,-0.001703261,0,0,0,0,0,0,0,0,0,0,0,0,0,0,-0.005020221,0.024322917,0.843885195,0.845345197,0.100180775,-0.014156624,0,0,0,0,0,0,0,0,0,0,0,0,0,0,-0.003930231,0.011201847,0.705552651,1.037971869,0.195704464,-0.020827898,0,0,0.0001386,-0.000895774,-0.007265908,-0.006788961,-0.021421467,-0.04814072,-0.031411059,-0.005335698,-0.000104358,0,0,0,-0.003804126,0.009715652,0.691441023,1.035076117,0.196501026,-0.020727277,0.000114839,-0.0013245,-0.006002111,-0.011685571,0.025121392,0.020829419,0.160900191,0.411204231,0.256630097,0.020420445,-0.001462452,0,0,0,-0.003823529,0.009939645,0.69375771,1.034395289,0.196084478,-0.020067351,-0.017553598,-0.018331478,0.015162582,0.297423362,0.76380433,0.757154208,0.835695993,1.065499098,0.924215635,0.549152403,0.034198546,0,0,0,-0.003823529,0.009850797,0.700123621,0.972503438,0.141093446,-0.058706172,0.081196385,0.398468648,0.870850014,0.996650667,1.040525123,1.062562943,0.908862745,0.688251804,0.18224269,0.577037326,0.188122583,0,0,0,-0.00387306,0.010567368,0.706480596,0.942091878,0.315811337,0.339906761,0.742119741,1.008679296,1.021607401,1.033405572,0.865660522,0.578413875,0.19758718,0.001696998,-0.010850607,0.00787117,0.013770476,0,0,0,-0.003264339,0.002716767,0.636240403,1.015775634,0.933313044,0.979807455,1.026445807,0.985000034,0.800478663,0.459470189,0.136014652,-0.002691221,-0.024474542,-0.004855999,-0.000259945,-0.004204476,-0.002466675,0,0,0,-0.001044373,-0.022420564,0.372341588,1.025303462,1.023045517,0.903086703,0.572326134,0.3390625,0.135437857,-0.031190976,-0.016143961,-0.00551811,-8.78E-05,3.37E-05,0,0,0,0,0,0,-0.000111417,-0.013083265,0.11060883,0.510019965,0.374187236,0.167218222,0.013507285,-0.037278305,-0.013831529,0.000873894,5.96E-05,0,0,0,0,0,0,0,0,0,2.11E-05,0.000166667,-0.005802917,-0.007794935,-0.02348615,-0.026180726,-0.006585478,0.000574449,1.38E-05,0,0,0,0,0,0,0,0,0,0,0,0,5.79E-05,-0.000376174,-0.002269608,-0.001002048,5.41E-05,0,0,0,0,0,0,0,0,0,0,0,0,0,0,0,0,0,0,0,0,0,0,0,0,0,0,0,0,0,0,0,0,0,0,0,0,0,0,0,0,0,0,0,0,0,0,0,0,0,0,0,0,0,0,0,0,0,0,0,0,0,0,0,0,0,0,0,0,0,0,0
0,0,0,0,0,0,0,0,0,0,0,0,0,0,0,0,0,0,0,0,0,0,0,0,0,0.000787207,-0.008935015,-0.018025322,-0.000800824,9.79E-05,0,0,0,0,0,0,0,0,0,0,0,0,0,0,0,-0.032511159,0.369600285,0.654472939,0.016263096,-0.00256733,0,0,0,0,0,0,0,0,0,0,0,0,0,0,3.95E-05,-0.03884312,0.43676651,0.879758129,0.029317981,-0.00392242,0,0,0,0,0,2.81E-05,-0.000282373,-0.002482369,-0.001065666,9.45E-05,0,0,0,0,-0.000228248,-0.036217405,0.431196555,0.918933034,0.199373383,-0.018830423,0,0,0,0,7.17E-05,0.000651791,-0.015522603,-0.006663983,-0.000262119,6.81E-05,0,0,0,0,-0.00567065,-0.000267123,0.63351765,0.996969396,0.315019999,-0.029400276,0,0,0,4.98E-19,0.000117341,-0.015817283,0.159143212,0.548552885,0.21879102,-0.019710818,0,0,0,0,-0.013086091,0.063690036,0.7481122,0.957350461,0.204213474,-0.019734647,0,0,0,8.07E-05,-0.009673952,0.017609052,0.669717167,1.035892629,0.342107418,-0.031772961,0,0,0,0,-0.02350159,0.155932731,0.881908928,0.899502119,0.04042521,-0.005358866,0,0,0,-0.000697791,-0.024823353,0.337417485,0.974480912,0.619411325,0.04488946,-0.005741884,0,0,0,0,-0.023943627,0.159834865,0.888547658,0.778161867,0.010218801,-0.002709269,0,2.60E-05,0.001014278,-0.018784263,0.038197627,0.844474265,0.680185219,0.031206059,-0.015011914,0.000591469,0,0,0,0,-0.023923713,0.159512153,0.891098635,0.604350584,-0.021972273,0.000109358,4.57E-18,0.000380413,-0.027995546,0.13602468,0.724864822,0.825464052,0.129344788,-0.026294552,0.000519642,0,0,0,0,0,-0.023834865,0.158850728,0.888538722,0.609509957,-0.020850865,1.53E-05,-2.37E-17,-0.007959389,0.04628927,0.630011863,0.94764168,0.179379953,-0.023307156,0.00068281,2.45E-05,0,0,0,0,0,-0.024174939,0.161875987,0.89261603,0.603934868,-0.022248604,0.000611724,-0.007422556,-0.041966742,0.493221026,1.033170394,0.476291275,-0.015634225,-0.002377604,6.48E-05,0,0,0,0,0,0,-0.021463556,0.137758126,0.859910385,0.740074433,-0.005923848,-0.013879462,0.04839409,0.550361125,0.999439819,0.621018983,0.034491443,-0.011087654,9.49E-05,0,0,0,0,0,0,0,-0.006238664,0.002995507,0.665601903,0.965228877,0.155428922,-0.03555976,0.433560747,1.057552322,0.690725884,0.08886089,-0.018228741,0.000515897,1.48E-05,0,0,0,0,0,0,0,-0.001491115,-0.014690087,0.316898948,0.979070479,0.763885161,0.635744434,0.914295224,0.869941772,0.142983045,-0.026850575,0.001010604,0,0,0,0,0,0,0,0,0,0.000209559,-0.003404242,-0.003576968,0.583121832,0.990299854,1.021432394,0.76192453,0.199710801,-0.014579512,-0.001680624,0,0,0,0,0,0,0,0,0,0,0,0.000228503,-0.00662437,0.013088864,0.303974809,0.339990554,0.105404446,-0.021010961,-0.000580235,0.000162888,0,0,0,0,0,0,0,0,0,0,0,2.36E-18,0.000521789,-0.00501381,-0.03682728,-0.040604134,-0.015358526,0.000635522,3.91E-05,0,0,0,0,0,0,0,0,0,0,0,0,0,0,0,0,0,0,0,0,0,0,0,0,0,0,0,0,0,0,0,0,0,0,0,0,0,0,0,0,0,0,0,0,0,0,0
0,0,0,0,0,0,0,0,0,0,0,0,0,0,0,0,0,0,0,0,0,0,0,0,0,0,0,0,0,0,0,0,0,0,0,0,0,0,0,0,0,0,0,0,0,3.23E-18,1.61E-18,-0.003627842,1.61E-18,0,0,0,0,0,0,0,0,0,0,0,0,0,0,0,4.69E-05,0.001079504,-0.017615196,0.001066236,0.000597426,0,0,0,0,0,0,0,0,0,0,0,0,0,0,0,-0.000192096,-0.021666616,0.26875531,0.573130019,-0.009345384,0,5.36E-05,-2.91E-05,-0.021750948,-0.016568627,0.00145527,0,0,0,0,0,0,0,0,1.56E-19,-0.007224877,0.01272915,0.673145204,0.814699904,-0.02043624,9.33E-19,0.000919969,-0.015353009,0.147689607,0.139030927,-0.012163416,0,0,0,0,0,0,0,0,1.48E-05,-0.018732571,0.110505906,0.822804705,0.550573679,-0.020695125,8.88E-05,-0.016272382,0.164985958,0.765532354,0.291819938,-0.026141663,0,0,0,0,0,0,0,0,-0.000276742,-0.026846116,0.245913079,0.96583938,0.322043414,-0.020616771,-0.001572398,-0.02727863,0.487128327,0.858206516,0.038563111,-0.004731836,0.000217276,-0.012248991,-0.046210849,-0.052277934,-0.013820064,0,0,0,-0.000712112,-0.028599639,0.356662514,1.048404105,0.210157963,-0.020467388,-0.004429841,-0.012951372,0.64940928,0.672018008,-0.026240843,-0.022594176,-0.034082908,0.076866319,0.394573261,0.46082724,0.125007285,0,0,0,-0.000774101,-0.027560287,0.368449857,0.959559998,0.156737071,-0.017124796,-0.022178309,0.077659416,0.795552441,0.537470819,0.027293624,0.327381655,0.541290492,0.760515489,1.041095162,0.932499336,0.190031982,0,0,0,-0.002929892,-0.000910318,0.611323206,0.850513259,0.064842495,-0.06409215,-0.033760178,0.32054519,0.935794016,0.848260568,0.866617085,0.955758391,0.727863426,0.516197185,0.405361023,0.112864073,-0.001716452,0,0,0,-0.003627094,0.007588014,0.700482894,0.697155688,0.214890937,0.505607077,0.641193815,0.912120626,1.009112337,0.850436641,0.519403833,0.313258902,0.03635289,-0.033921773,-0.026554818,-0.010071078,-0.000767616,0,0,0,-0.006066915,0.037466539,0.944943999,0.940455988,0.919643531,1.010100077,0.963907675,0.909789586,0.908345325,0.174437707,-0.039659326,-0.040674708,-0.007939342,0.000321634,2.93E-05,0,0,0,0,0,-0.004653339,0.021275991,0.78023143,0.942125579,0.564224451,0.369395833,0.213367102,0.59796184,0.861743328,0.072472416,-0.017491319,0.000268076,0,0,0,0,0,0,0,0,-0.00041585,-0.003414386,0.112377502,0.201415748,0.009717534,-0.041831393,-0.026798237,0.591027505,0.662889706,0.017500713,-0.007264434,0,0,0,0,0,0,0,0,0,8.36E-05,0.000154105,-0.018333946,-0.028704657,-0.006021768,-0.00043607,-0.007407135,0.269904973,0.233501719,-0.024996382,-2.81E-05,0,0,0,0,0,0,0,0,0,0,0,0,0,0,6.23E-05,0.000426828,-0.017262714,-0.015730954,0.00123563,3.83E-05,0,0,0,0,0,0,0,0,0,0,0,0,0,0,0,0,0,0,0,0,0,0,0,0,0,0,0,0,0,0,0,0,0,0,0,0,0,0,0,0,0,0,0,0,0,0,0,0,0,0,0,0,0,0,0,0,0,0,0,0,0,0,0,0,0,0
0,0,0,0,0,0,0,0,0,0,0,0,0,0,0,0,0,0,0,0,0,0,0,0,0,0,0,0,0,0,0,0,0,0,0,0,0,0,0,0,0,0,0,0,0,0,0,0,0,0,0,0,0,0,0,0,0,0,0,0,0,0,0,0,7.81E-05,-0.000499898,-0.003149254,-0.001843076,7.61E-05,0,0,0,0,0,2.11E-05,-0.00015482,-0.000629238,-0.000335035,1.28E-05,0,0,0,0,7.35E-06,0.00010386,-0.002928036,0.002428122,-0.0098152,-0.005140251,0.000436581,0,0,0,7.08E-05,0.00021201,-0.015752928,-0.030742153,-0.023518932,-0.001041326,0.000145527,0,0,0,5.25E-05,-0.017454997,0.107587129,0.610751277,0.4456974,0.02577708,-0.003494775,0,0,9.81E-18,0.000740758,-0.027554211,0.122621596,0.356597273,0.22829352,-0.017731907,0.000927202,0,0,0,-0.001280535,-0.019719397,0.40166762,1.034516119,0.869765773,0.088376736,-0.009604779,7.78E-19,0.00025531,-0.002264991,-0.032064032,0.213680624,0.77321715,1.052636319,0.925368174,0.281799939,-0.026605052,0,0,0,-0.004399688,0.018826281,0.721056792,1.036158092,0.776289969,-0.012005897,-0.000761791,0.000163059,-0.003196975,-0.022127427,0.163690602,0.782302308,1.027890424,1.007170774,1.048100859,0.502810305,-0.045957581,0,0,0,-0.007055556,0.0543181,0.963689951,1.015528867,0.557401196,-0.022213814,0.000362609,-0.002342235,-0.020539233,0.324696574,0.877803973,1.006954163,1.014317351,0.926574925,0.575035567,0.117630293,-0.011848533,0,0,0,-0.0109519,0.12558124,0.965925824,0.980888889,0.173020056,-0.021780978,-0.022564066,-0.02745161,0.3190585,0.914582433,1.016976563,1.015604013,0.876338031,0.354610686,-0.003680428,-0.015886523,0.001116983,0,0,0,-0.024169118,0.365694036,1.000832159,0.891158105,0.074423994,-0.03534341,0.105126685,0.387047028,0.915305368,1.016856019,1.018177339,0.793236452,0.247873706,-0.02658924,-0.008293842,0.000415816,0,0,0,0,-0.033840074,0.541383068,1.033455167,0.736255072,0.210809775,0.453022518,0.810945074,0.978518621,1.020702138,1.008185289,0.724262459,0.159095673,-0.030572576,-0.001206495,0.000146294,2.55E-06,0,0,0,0,-0.045166065,0.74681043,1.041740332,0.960677357,0.918664279,0.993640241,1.03369028,1.021400931,0.927827613,0.545613862,0.050202176,-0.01468815,-0.000633382,6.48E-05,0,0,0,0,0,0,-0.034065206,0.545610941,0.992339359,1.030532067,1.027142306,1.022557292,0.899681713,0.611810985,0.174037786,-0.009146709,-0.012522638,-0.000634361,0.000162377,0,0,0,0,0,0,0,-0.004249336,0.054317793,0.263073597,0.548294628,0.696048962,0.494465788,0.174252451,0.016495455,-0.016608422,-0.001575439,0.000157441,0,0,0,0,0,0,0,0,0,0.000689594,-0.010539914,-0.028550211,-0.007304228,0.009962615,-0.011678802,-0.02571921,-0.007672794,-4.84E-05,5.87E-05,0,0,0,0,0,0,0,0,0,0,1.99E-06,5.77E-06,-0.000296058,-0.002456801,-0.003834587,-0.002032527,2.30E-06,1.84E-05,0,0,0,0,0,0,0,0,0,0,0,0,0,0,0,0,0,0,0,0,0,0,0,0,0,0,0,0,0,0,0,0,0,0,0,0,0,0,0,0,0,0,0,0,0,0,0,0,0,0,0,0,0,0,0,0,0,0,0,0,0,0,0,0,0,0,0,0,0
0,0,0,0,0,0,0,0,0,0,0,0,0,0,0,0,0,0,0,0,0,0,0,0,0,0,0,0,0,0,0,0,0,0,0,0,0,0,0,0,0,0,0,0,0,0,0,0,0,0,0,0,0,0,0,0,0,0,0,0,0,0,0,0,0,1.09E-18,0.00013174,-0.001520321,-0.011989022,-0.014895527,-0.00087546,0.000113051,0,0,0,0,0,0,0,0,0,0,0,0,0,0.000474877,-0.006427185,-0.01548702,0.146899067,0.199483915,0.008872702,-0.001368566,0,0,0,0,0,0,0,0,0,0,0,4.98E-19,0.000520833,-0.006189151,-0.005585086,0.434889103,0.911611469,0.95308798,0.09460483,-0.0091875,0,0,0,0,0,0,0,0,0,0,0,7.56E-05,-0.006097495,0.002788926,0.43886106,0.977932752,1.025266459,0.872841452,0.06695818,-0.007498162,0,0,0,0.000221269,-0.002127587,-0.016590572,-0.020089869,-0.005291394,0,0,0,-0.000951245,-0.020371129,0.334133138,0.982163538,1.010951767,0.986128402,0.385896468,-0.015469661,-0.001409135,0,3.30E-05,0.000517305,-0.011455098,-0.017591007,0.104188997,0.134899515,0.03534222,0,0,0,-0.004880106,0.022518553,0.813179058,1.012299786,1.006468941,0.612802798,0.018299462,-0.010149612,0.000144506,-0.000393686,-0.002218648,-0.022550705,0.043371409,0.369241268,0.906126636,1.042946112,0.278951185,0,0,0,-0.005330474,0.029261812,0.851781488,1.003297539,0.945526171,0.245640234,-0.031419781,0.001087623,-0.002642123,-0.025674385,-0.015325402,0.247189032,0.701157714,0.991994502,0.941518436,0.584008221,0.109915816,0,0,0,-0.000467576,-0.026182683,0.281374013,0.98789985,0.700242075,0.010459899,-0.001679943,-0.017235583,-0.028323717,0.264407366,0.505951014,0.936778561,1.049311155,0.783696198,0.226823526,-0.018336108,-0.006752145,0,0,0,-0.002359171,-0.008243634,0.537517548,1.019059215,0.25408281,-0.040868566,-0.032128949,0.144432615,0.54544024,0.956812027,1.051075129,0.809054722,0.418879783,0.082957891,-0.024916177,-0.002626753,-0.00029136,0,0,0,-0.004000601,0.012289263,0.722371931,0.906357007,0.1204014,0.126530529,0.474034691,0.90229458,1.04484472,0.936483999,0.464902521,0.08507978,-0.037773888,-0.014845094,0.000868925,6.52E-05,0,0,0,0,-0.006125817,0.038211363,0.954464478,0.90471252,0.714947566,0.938098039,1.004923986,0.951543981,0.643159722,0.256297372,-0.016276467,-0.014401297,-0.001271276,0.000132761,0,0,0,0,0,0,-0.004824091,0.023618447,0.792146174,0.982287803,0.959603597,0.751496732,0.389303939,0.191712435,0.040002179,-0.029422364,-0.000936053,0.000117017,0,0,0,0,0,0,0,0,-0.000179075,-0.001356669,0.046060509,0.099545564,0.086531124,0.02008044,-0.019302985,-0.030275463,-0.0099279,0.00051547,5.51E-05,0,0,0,0,0,0,0,0,0,3.17E-05,-4.37E-05,-0.006042739,-0.009567606,-0.008727223,-0.00453268,-0.001230137,0.000108558,2.45E-06,0,0,0,0,0,0,0,0,0,0,0,0,0,0,0,0,0,0,0,0,0,0,0,0,0,0,0,0,0,0,0,0,0,0,0,0,0,0,0,0,0,0,0,0,0,0,0,0,0,0,0,0,0,0,0,0,0,0,0,0,0,0,0,0,0,0,0,0
0,0,0,0,0,0,0,0,0,0,0,0,0,0,0,0,0,0,0,0,0,0,0,0,0,0,0,0,0,0,0,0,0,0,0,0,0,0,0,0,0,0,0,0,0,0,0,0,0,0,0,0,0,0,0,0,0,0,0,0,0,0,0,0,0,0,0,0,0,0,0,0,0,0,0,0,0,0,0,0,0,0,0,0,0,0,0,0,0,0,0,0,0,0,0,0,0,0,0,0,0,0,0,0,1.27E-17,0.00036169,-0.004123264,-0.003818723,0.000144676,0,0,0,0,0,7.75E-18,9.57E-05,-0.000963797,-0.008385648,-0.003599877,0.000319138,0,0,0,1.74E-05,0.000521174,-0.011434164,0.025604575,0.03562151,-0.001218682,0,0,0,0,0.000250204,-0.003219124,-0.017451065,-0.010391391,0.084075252,0.039334831,-0.003450946,0,0,0,8.10E-05,-0.020221454,0.115725052,0.757567075,0.531993165,-0.018095981,0,3.23E-18,0.000285353,-0.004616366,-0.023942053,-0.025465686,0.15040442,0.619650425,0.865663328,0.395938642,-0.036130305,0,0,0,-0.001695006,-0.02107547,0.560557649,0.910790475,0.238204839,-0.016017361,-0.000627706,-0.004566585,-0.023006502,0.006253448,0.155452189,0.499296177,0.906576814,0.832551454,0.335152222,0.04419407,-0.005208333,0,0,0,-0.018337623,0.264422028,0.969454197,0.482120915,-0.026506003,-0.019409756,-0.024538926,0.024681968,0.303763719,0.666830915,0.877617443,0.888792671,0.447169186,0.103635468,-0.022905202,-0.006316211,0.000468069,0,0,0,-0.038617647,0.654053002,0.840485311,0.071491336,-0.058858128,0.074740485,0.321780144,0.693377519,0.935346286,0.767438513,0.424834525,0.10095401,-0.023267174,-0.017988,-0.00093922,0.000232843,0,0,0,0,-0.039538246,0.656603792,0.93604793,0.616665986,0.60610768,0.788191517,0.89494681,0.752352805,0.341871919,0.044985155,-0.032390199,-0.009192913,-0.001198938,1.04E-05,1.10E-05,0,0,0,0,0,-0.012251131,0.168674891,0.703639256,0.772177636,0.756681804,0.561566691,0.213494864,0.037758296,-0.027873966,-0.011174795,0.000619624,0,0,0,0,0,0,0,0,0,0.000727124,-0.011674666,-0.021158258,-0.020781761,-0.020809894,-0.020955882,-0.017970622,-0.010542109,-0.001021752,0.000171212,0,0,0,0,0,0,0,0,0,0,0,0,0,0,0,0,0,0,0,0,0,0,0,0,0,0,0,0,0,0,0,0,0,0,0,0,0,0,0,0,0,0,0,0,0,0,0,0,0,0,0,0,0,0,0,0,0,0,0,0,0,0,0,0,0,0,0,0,0,0,0,0,0,0,0,0,0,0,0,0,0,0,0,0,0,0,0,0,0,0,0,0,0,0,0,0,0,0,0,0,0,0,0,0,0,0,0,0,0,0,0,0,0,0,0,0,0,0,0,0,0,0,0,0,0,0,0
0,0,0,0,0,0,0,0,0,0,0,0,0,0,0,0,0,0,0,0,0,0,0,0,0,5.53E-05,-0.000399135,-0.004828754,-0.011146344,-0.013876974,-0.014902982,-0.020272672,-0.008080932,0.00038637,0,0,0,0,0,0,0,0,0,3.67E-06,0.000747218,-0.005661153,-0.030867932,-0.004895685,0.053810332,0.079282846,0.08880488,0.137607823,0.045569732,-0.002554421,0,0,0,0,0,0,0,0,0,0.000104779,-0.007142463,0.019687006,0.293138719,0.563083615,0.743964086,0.830420956,0.862178666,1.031781471,0.504105078,-0.020382115,0,0,0,0,0,0,0,0,0,-0.002377196,-0.003180641,0.49412934,0.966134055,1.034414414,1.007064662,0.870332823,0.832163246,0.700155076,0.245643947,-0.012448597,0,0,0,0,0,0,0,0,0,-0.00327931,0.004234341,0.624618107,1.014915748,1.025393991,0.768370404,0.107716435,0.009476852,0.00900994,-0.014140255,3.20E-05,0,0,0,0,0,0,0,0,0,-0.000220792,-0.008253915,0.077010298,0.617653391,1.010166116,0.966508851,0.313012714,-0.030623587,-0.004420394,-0.000646682,6.03E-05,0,0,0,0,0,0,0,0,0,4.16E-05,0.000672211,-0.028017118,0.113095964,0.881551749,1.032653275,0.76802223,0.034407552,-0.005402093,0,0,0,0,2.45E-05,-0.002180448,-0.000697077,6.11E-05,0,0,0,0,1.23E-05,0.000661935,-0.029743839,0.514085986,1.020913926,0.984662394,0.257661101,-0.018244485,0,3.91E-05,-0.000106158,-0.006054075,-0.016418352,-0.013262012,-0.010545496,-0.000253881,0,0,0,0,0,-7.36E-17,-0.018874932,0.208349266,0.963570925,1.010683772,0.504501923,-0.034289624,-6.24E-05,-0.008795803,-0.027109222,0.044104269,0.221023608,0.558954758,0.272541973,-0.00980547,0,0,0,0,0,2.50E-18,-0.012164011,0.060577297,0.77089568,1.043578959,0.671152114,-0.027540135,-0.017272176,0.020433398,0.222494128,0.810800262,0.963765557,1.03096108,0.683450368,0.061702563,0,0,0,0,0,3.42E-19,-0.00675177,0.012771697,0.616302032,1.052470197,0.788350711,0.058168709,0.183296628,0.639552475,0.912930981,1.029810049,0.994884583,0.507838195,0.147783071,-7.01E-05,0,0,0,0,0,0,-0.012149763,0.063253174,0.769983558,1.022694482,0.9225551,0.787329077,0.918987566,1.035624431,1.045577212,0.837016173,0.291866227,-0.016518723,-0.023860286,-0.000334271,0,0,0,0,0,8.87E-19,-0.017093716,0.108140108,0.910904565,1.00054502,0.995704436,1.014103996,1.0293008,0.902697525,0.622391357,0.147307479,-0.031788518,-0.004837417,0.000381264,0,0,0,0,0,0,1.71E-19,-0.017003847,0.108110044,0.90829182,1.001680845,1.001416548,0.994418947,0.786425594,0.236982656,0.010236979,-0.015327036,0.000668301,0,0,0,0,0,0,0,0,-1.75E-16,-0.020522365,0.336925879,1.009214018,1.02128285,0.883334831,0.347818304,0.088065237,-0.023095044,-0.008015659,5.85E-05,3.95E-05,0,0,0,0,0,0,0,0,-3.65E-16,-0.01542756,0.503880532,0.871316602,0.830396872,0.359018859,0.00380719,-0.013844116,-0.000348754,5.62E-05,0,0,0,0,0,0,0,0,0,0,-6.03E-17,-0.001101158,0.071352765,0.091586207,0.080671752,0.00043659,-0.005865843,0.000556502,0,0,0,0,0,0,0,0,0,0,0,0,8.09E-18,0.000229779,-0.010242652,-0.015321181,-0.014090584,-0.003485839,0.00025531,0,0,0,0,0,0,0,0,0,0,0,0,0,0,0,0,0,0,0,0,0,0,0,0,0,0,0,0
0,0,0,0,0,0,0,0,0,0,0,0,0,0,0,0,0,0,0,0,0,0,0,0,0,0,0,0,0,0,0,0,0,0,0,0,0,0,0,0,0,0,0,0,0,0,0,0,0,0,0,0,0,0,0,0,0,0,0,0,0,0,0,0,0,2.88E-18,9.60E-05,-0.004059506,-0.003347529,-0.000190308,4.87E-05,0,0,0,0,0,0,0,0,0,0,0,0,0,0,0.000536152,-0.006560798,0.014829383,0.018536799,0.002772689,-0.00044087,0,0,0,0,0,0,0,0,0,0,0,0,0,0.00010723,-0.004034331,0.017517957,0.704936067,0.548544764,0.018558994,-0.006722426,0,1.86E-18,-7.12E-18,0.000566789,-0.003315206,-0.02589231,-0.041769003,-0.014331853,0.000859971,0,0,0,0,-0.001038603,-0.015329095,0.276571095,0.957965856,0.462272093,-0.024365128,-0.001715686,6.30E-05,-7.49E-05,-0.00580559,-0.022641612,0.016707261,0.276203959,0.458633039,0.146266936,-0.014388021,0,0,0,0,-0.004374771,-0.010799584,0.613183217,0.927987897,0.131425866,-0.015377465,0.000212792,0.000397966,-0.010826218,0.012659135,0.284176246,0.658167268,0.891554818,1.012002769,0.884989333,0.187624146,0,0,0,6.02E-05,-0.011866881,0.042037411,0.705701882,0.769331662,-0.00492562,-0.001216844,-0.000156658,-0.018989243,0.065356267,0.585719397,0.887525701,1.038811768,0.936130821,0.551333007,0.474577461,0.130998094,0,0,0,-0.000924786,-0.015128013,0.283909501,0.912178615,0.568075411,-0.022447781,4.77E-07,-0.007337231,0.076703312,0.454981282,1.042608337,1.042164131,0.893938998,0.360386387,-0.012129465,-0.048067725,-0.011460886,0,0,0,-0.002137255,-0.008281148,0.486330082,1.022009702,0.317943588,-0.020552219,-0.024969822,0.078792977,0.756319649,1.014641066,1.033678326,0.84570498,0.197347563,-0.029564628,-0.007419693,0.000597426,0,0,0,0,-0.002892463,0.000700368,0.579321878,0.933673747,0.115419724,-0.037779582,0.035800024,0.524731277,0.998374455,0.982082501,0.603383,0.17121172,-0.024687092,-0.001321283,0.000158983,0,0,0,0,0,-0.004423688,0.016941727,0.783186665,0.801553324,0.045462337,0.124361998,0.639874988,1.023911734,0.894344435,0.352786847,-0.002938663,-0.016246943,-0.000359851,8.07E-05,0,0,0,0,0,0,-0.005276757,0.02772338,0.868044798,0.845851069,0.432456755,0.821627604,1.04876074,0.739214359,0.223951065,-0.010461168,-0.009577036,-0.000524748,0.000113358,0,0,0,0,0,0,0,-0.003782782,0.008006638,0.699264331,1.061492715,1.01670682,1.013527795,0.710791411,0.103036816,-0.034433109,-0.000763065,0.000276586,0,0,0,0,0,0,0,0,0,-0.001556832,-0.007859426,0.365174854,0.81524617,0.740459877,0.379769284,0.017839444,-0.018381315,0.000719618,0,0,0,0,0,0,0,0,0,0,0,0.000101563,-0.000402114,-0.025064457,0.064547011,-0.009022376,-0.028599537,-0.004318423,0.000101665,2.50E-05,0,0,0,0,0,0,0,0,0,0,0,0,8.07E-05,0.000214423,-0.011585749,-0.003614418,0.000370959,0,0,0,0,0,0,0,0,0,0,0,0,0,0,0,0,0,0,0,0,0,0,0,0,0,0,0,0,0,0,0,0,0,0,0,0,0,0,0,0,0,0,0,0,0,0,0,0,0,0,0
0,0,0,0,0,0,0,0,0,0,0,0,0,0,0,0,0,0,0,0,0,0,0,0,0,0,0,0,0,0,0,0,0,0,0,0,0,0,0,0,0,0,0,0,0,0,0,0,0,0,0,0,0,0,0,0,0,0,0,0,0,0,0,6.13E-07,8.16E-05,-0.000715176,-0.002645782,-0.002759468,-0.002156761,-0.000289879,4.87E-05,0,0,0,0,0,0,0,0,0,0,0,0,7.24E-05,-0.000597358,-0.010282135,-0.005719482,-0.003604453,-0.008512697,-0.004124574,0.000491115,0,0,0,0,0,0,0,0,0,0,0,0,-0.00063654,-0.012246153,0.217322746,0.573830644,0.580505907,0.498768944,0.090619332,-0.013629902,0,0,0,0,0,0,0,0,0,0,0,0,-0.001880362,-0.018516493,0.551564253,1.052489481,1.04224483,0.958228299,0.197444615,-0.028522978,0,0,0,0,0,0,0,0,0,0,0,0,-0.035837563,0.579405854,0.977806976,1.012848895,0.912464597,0.307540527,0.020228673,-0.004934267,0,0,0,0,0.000163059,-0.001809955,-0.003710422,-0.001328931,0.000122294,0,0,0,-0.019242239,0.298724588,0.608163109,0.98037626,0.707395608,-0.039692266,-0.003596814,0.000530025,0,7.83E-05,-0.000495455,-0.003546875,-0.015605052,-0.019359937,-0.0103767,-0.010102805,0.000908905,0,0,0,0.001692708,-0.042384753,0.032223703,0.758736349,0.838444961,-0.028134872,0.000651042,6.63E-18,0.000582108,-0.01198616,-0.026236349,0.003391085,0.180510689,0.606064645,0.782195216,0.377879817,-0.034458827,0,0,0,0,-0.004840686,-0.008817147,0.646836959,0.917643084,0.033913909,-0.004253472,-0.006808279,-0.04018927,0.037425027,0.289034892,0.719802083,1.009407016,1.018743958,1.020808365,0.586079197,-0.053250528,0,0,0,0,-0.001746936,-0.029145935,0.522862234,0.938889619,0.179781029,-0.045910182,0.0569487,0.371187194,0.714098573,0.991026842,1.013612745,0.681152182,0.357260263,0.584996722,0.593924122,-0.052687568,0,0,0,0,0.000212792,-0.029373786,0.298890757,0.902881712,0.461352574,0.497845091,0.823968584,1.031659278,0.991388418,0.831637282,0.345690793,0.019902199,-0.048331754,0.437101682,0.279071634,-0.024409166,0,0,0,0,0,-0.020434624,0.211034433,0.965135101,1.061931934,1.05544327,0.954838661,0.66921601,0.271964334,0.08874149,-0.001946232,-0.011777982,-0.00113511,0.094563342,0.016759855,-0.001470163,0,0,0,0,0,-0.004801964,0.047920326,0.286387615,0.436744587,0.426109137,0.222361281,0.004571606,-0.034188832,-0.009611588,-0.001573138,0.000252757,8.94E-05,-0.009131303,-0.002546722,0.000223397,0,0,0,0,0,0.000611894,-0.0063077,-0.030900901,-0.020614005,-0.021396889,-0.027816687,-0.006813419,0.000858506,0,0,0,0,0,0,0,0,0,0,0,0,2.55E-06,-1.99E-05,-0.00028464,-0.001408905,-0.001324959,-0.000129902,1.38E-05,0,0,0,0,0,0,0,0,0,0,0,0,0,0,0,0,0,0,0,0,0,0,0,0,0,0,0,0,0,0,0,0,0,0,0,0,0,0,0,0,0,0,0,0,0,0,0,0,0,0,0,0,0,0,0,0,0,0,0,0,0,0,0,0,0,0,0,0
0,0,0,0,0,0,0,0,0,0,0,0,0,0,0,0,0,0,0,0,0,0,0,0,6.13E-05,-0.000502962,-0.001205916,-6.06E-05,1.53E-05,0,0,0,0,0,0,0,0,0,0,0,0,0,0,0.000156537,-0.000833639,-0.024967745,-0.032372763,-0.038350914,-0.039539256,-0.028826383,-0.000716644,0.000172435,0,0,0,0,0,0,0,0,0,0,0,-0.00136683,0.000816517,0.271655995,0.403253149,0.329492632,0.333095588,0.241492511,0.005623366,-0.001427696,0,0,0,0,0,0,0,0,0,0,0,-0.003042892,0.00224469,0.591862762,0.992140642,0.957302376,0.954909995,0.743958333,0.025415441,-0.004757353,0,0,0,0,0,0,0,0,0,0,0,-0.000109069,-0.019311377,0.143543692,0.835951117,0.304118089,0.07891556,0.075673373,0.002458163,-0.000476971,0,0,0,0,0,0,0,0,0,0,0,1.84E-05,-0.019510723,0.11854519,0.810059028,0.148231523,-0.029115145,-0.006974163,-0.000225592,4.40E-05,0,0,0,0,0,0,0,0,0,0,0,0,-0.019411765,0.121705325,0.811049488,0.150122815,-0.019906105,0,0,0,0,0,0,0,0,0,0,0,0,0,0,0,-0.019455882,0.121447542,0.818984783,0.233809007,-0.020165101,0,0,0,0,0,0,0,1.69E-05,-0.000127033,-0.0007572,-0.000152727,0,0,0,0,-0.019391544,0.119347358,0.835640217,0.38918034,-0.020777846,0,0,0,0,2.57E-05,0.000104473,-0.004098346,-0.023196487,-0.029393573,-0.027580014,-0.007590022,0,0,0,0,-0.010986213,0.044734324,0.734278391,0.472729455,-0.020924224,-2.22E-17,-1.65E-16,0.000676573,-0.007469715,-0.033951712,-0.039713014,-0.015383425,0.149274152,0.234512725,0.363349503,0.092072695,0,0,0,0,-0.001977328,-0.027748655,0.540637238,0.639800694,-0.035471133,-0.017937262,-0.020700402,-0.028674428,0.068093518,0.373914948,0.436867749,0.639639195,0.881048135,0.990071848,0.975429364,0.212176845,0,0,0,0,0.000271493,-0.041914516,0.443789355,0.842998587,0.120450654,0.141844163,0.340970184,0.60740619,0.843758472,0.938540673,0.858385444,0.591744748,0.476329033,0.442148884,0.172181016,0.018023131,0,0,0,0,0,-0.025088508,0.266606584,0.961958457,0.939607656,0.967181628,0.957165731,0.836228673,0.503030366,0.273969397,0.099295003,-0.02370481,-0.02126251,-0.02112667,-0.018120575,-0.003303377,0,0,0,0,0,-0.003418607,0.02203142,0.528230063,0.749820312,0.495674258,0.216963508,0.1137644,-0.028741966,-0.028228996,-0.010071147,0.000269353,4.21E-05,0,0,0,0,0,0,0,0,0.000543386,-0.00665705,-0.002766839,0.013795394,-0.013308687,-0.028160335,-0.019174326,-0.001574844,0.000303309,0,0,0,0,0,0,0,0,0,0,0,1.28E-06,8.60E-05,-0.002538115,-0.004195925,-0.001940666,-9.16E-05,1.47E-05,0,0,0,0,0,0,0,0,0,0,0,0,0,0,0,0,0,0,0,0,0,0,0,0,0,0,0,0,0,0,0,0,0,0,0,0,0,0,0,0,0,0,0,0,0,0,0,0,0,0,0,0,0,0,0,0,0,0,0,0,0,0,0,0,0,0,0,0
0,0,0,0,0,0,0,0,0,0,0,0,0,0,0,0,0,0,0,0,0,0,0,0,0,0,0,0,0,0,0,0,0,0,0,0,0,0,0,0,0,0,0,0,0,0,0,0,0,0,0,0,0,0,0,0,0,0,0,0,0,0,0,0.000823529,-0.014077665,-0.015962367,-0.001720639,0.000269047,0,0,0,0,0,0,0,0,0,0,0,0,0,0,0,-0.011740349,0.201404514,0.221208555,0.015697117,-0.002898781,0,0,0,0,0,0,0,0,0,0,0,0,0,0,0,-0.043480596,0.73672372,0.897233132,0.177123928,-0.023676216,2.98E-05,0,0,0,0,0,0,0,0,0,0,0,0,0,0,-0.037505872,0.618524323,0.975721371,0.29962934,-0.03266576,-0.000291905,0,0,0,0,5.16E-05,-9.68E-05,-0.009427083,-0.016992273,-0.019499307,-0.010531556,0.000957414,0,0,0,-0.027124862,0.420933513,1.027266452,0.468194988,-0.028449301,-0.00207,0,0,0,0.000439344,-0.002634677,-0.034495995,0.03675584,0.108073407,0.129001507,0.069377777,-0.006307071,0,0,0,-0.027326491,0.423007319,1.042575963,0.486063368,-0.030762657,-0.002036867,0,3.70E-05,7.48E-05,-0.010168409,-0.011903901,0.29428479,0.70623269,0.91944727,1.007264142,0.547945602,-0.049822985,0,0,0,-0.018960018,0.270859273,1.018385706,0.620667126,0.013928397,-0.006820874,0.000419118,-0.00255033,-0.025890744,0.044267237,0.499665458,0.959678717,1.040043113,0.880958299,0.979263755,0.518749319,-0.046986486,0,0,0,-0.008751481,0.088802117,0.925284773,0.743590261,0.052651747,-0.010688317,-0.005997872,-0.021599163,0.179598295,0.7500702,1.049011149,0.789292245,0.444003915,0.166284603,0.427982451,0.085154037,-0.007619315,0,0,0,-0.00428028,0.015917671,0.747352431,0.918428309,0.089941537,-0.040255991,0.000196198,0.421512272,0.885711227,0.996327249,0.618025786,0.11002148,-0.039208997,-0.005457618,0.000979186,-0.007169033,0.000619128,0,0,0,-0.00237684,-0.008202767,0.539441574,1.04992664,0.400781124,0.340678784,0.70882927,0.997232023,0.800799346,0.277253992,0.004738613,-0.023829899,0.001088419,-0.00076067,-0.002915942,2.85E-05,0,0,0,0,-0.000466708,-0.024079112,0.261470554,0.954779956,0.975266618,1.020093307,0.975142259,0.471307513,0.127492596,-0.03003589,-0.00752485,0.000642531,0,0,0,0,0,0,0,0,4.85E-05,-0.005966844,0.013712418,0.377539369,0.84523489,0.546144353,0.220921024,-0.023219193,-0.015606022,0.000933767,5.53E-05,0,0,0,0,0,0,0,0,0,0,0.000810662,-0.006820857,-0.014226767,0.025075534,-0.007709627,-0.030588388,-0.002485907,0.000257353,0,0,0,0,0,0,0,0,0,0,0,0,0,0.000128932,-0.001393229,-0.005108893,-0.002419833,-1.15E-05,2.30E-05,0,0,0,0,0,0,0,0,0,0,0,0,0,0,0,0,0,0,0,0,0,0,0,0,0,0,0,0,0,0,0,0,0,0,0,0,0,0,0,0,0,0,0,0,0,0,0,0,0,0,0,0,0,0,0,0,0,0,0,0,0,0,0,0,0,0,0,0,0
0,0,0,0,0,0,0,0,0,0,0,0,0,0,0,0,0,0,0,0,0,0,0,0,0,0,0,0,0,0,0,0,0,0,0,0,0,0,0,0,0,0,0,0,0,0,0,0,0,0,0,0,0,0,0,0,0,0,0,0,0,0,0,0,0,1.12E-18,1.33E-05,-0.001381619,-0.00037837,3.32E-05,0,0,0,0,0,0,0,0,0,0,0,0,0,0,0,0.000482537,-0.004984511,-0.017076149,-0.020410029,-0.002849605,0.00046875,0,0,0,0,0,0,0,0,0,0,0,0,0,2.61E-18,-0.002698632,0.024219941,0.402620426,0.21939968,0.006520799,-0.002810883,8.94E-06,0,0,0,0,0,0,0,0,0,0,0,0,0.000309436,-0.025538109,0.237248179,0.972701293,0.807231924,0.160992392,-0.021044475,-0.000101869,0,0,0,0,0,0,0,0,0,0,0,0,-0.004076373,-0.011245601,0.585298924,0.821958554,0.187625182,0.045935143,-0.00567593,-3.32E-05,0,0,0,0,0,0,0,0,0,0,0,9.21E-05,-0.024671926,0.146887783,0.877630668,0.337600978,-0.037984239,-0.004566823,0.000531897,3.57E-06,0,0,5.06E-05,-0.000376328,-0.001407016,-0.001371275,-0.001187755,-0.000222069,0,0,0,-0.001309794,-0.021617017,0.44544087,0.819456393,0.064100866,-0.012388685,8.82E-05,-0.000496017,-0.003964767,-0.007014186,-0.021115196,-0.031026961,-0.029143553,-0.020231362,-0.020535938,-0.023438028,-0.007055573,0,0,0,-0.004451593,0.020942504,0.78185735,0.43873012,-0.069405888,-0.043137085,-0.041520578,-0.037442198,-0.014358337,0.009516072,0.135430368,0.214656573,0.291456138,0.43726714,0.436272743,0.422053139,0.101721116,0,0,0,-0.00576588,0.036169509,0.911895323,0.682426249,0.442595169,0.458502519,0.459072491,0.483054007,0.61273686,0.685912332,0.847507064,0.933767565,0.969097375,1.011730596,0.963441037,0.970937891,0.224262783,0,0,0,-0.001544372,-0.0085732,0.367209008,0.832348304,0.900459133,0.936686506,0.910490349,0.817788801,0.492548323,0.379338697,0.324308273,0.162071766,0.129449829,0.128531144,0.113474664,0.112096276,0.020385074,0,0,0,0.000109783,-0.00057581,-0.017959559,-0.023275633,0.080919211,0.208278697,0.105368924,-0.017762714,-0.020319734,-0.020977029,-0.020434879,-0.019359001,-0.019198836,-0.019237813,-0.017595933,-0.017538977,-0.003600728,0,0,0,0,0,5.19E-18,0.000391476,-0.008521531,-0.019705712,-0.010672403,9.06E-05,4.98E-05,0,0,0,0,0,0,0,0,0,0,0,0,0,0,0,0,0,0,0,0,0,0,0,0,0,0,0,0,0,0,0,0,0,0,0,0,0,0,0,0,0,0,0,0,0,0,0,0,0,0,0,0,0,0,0,0,0,0,0,0,0,0,0,0,0,0,0,0,0,0,0,0,0,0,0,0,0,0,0,0,0,0,0,0,0,0,0,0,0,0,0,0,0,0,0,0,0,0,0,0,0,0,0,0,0,0,0,0
0,0,0,0,0,0,0,0,0,0,0,0,0,0,0,0,0,0,0,0,0,0,0,0,0,0,0,0,0,0,0,0,0,0,0,0,0,0,0,0,0,0,0,0,0,0,0,0,0,0,0,0,0,0,0,0,0,0,0,0,0,0,0,0,0,0,0,0,0.000104473,-0.001652778,-0.004298764,-0.000323019,5.75E-05,0,0,0,0,0,0,0,0,0,0,0,0,2.24E-18,0.000355392,-0.004230158,-0.024760008,-0.016869724,0.023646769,0.000778016,-0.000202601,0,0,0,0,0,0,0,0,0,0,2.18E-19,7.66E-05,0.000621255,-0.017815394,-0.011495251,0.14285866,0.465634515,0.719108473,0.064208078,-0.010737434,0,0,2.59E-19,9.18E-18,-2.28E-16,-5.89E-16,-1.41E-16,0,0,0,7.66E-05,-0.001039624,-0.021253915,0.141564542,0.602380593,0.900579368,0.954841844,0.444480903,0.030556934,-0.006011985,0,0.000101103,-8.46E-05,-0.010053785,-0.020674181,-0.021460716,-0.005576661,0,0,0,-0.000643675,-0.02103376,0.275016068,0.929451629,0.94316596,0.417620426,0.105518867,-0.00610965,-0.006861369,0.000673661,0.000723982,-0.011008418,-0.03769545,0.032930272,0.398288508,0.834946938,0.209266336,0,0,0,-0.004884498,0.023523999,0.822983013,0.816789114,0.19815616,-0.025272586,-0.018286952,-0.003526944,0.000247906,-0.00508846,-0.029462163,0.052197627,0.320457789,0.726436326,1.045941037,0.861692674,0.169209082,0,0,0,-0.005999336,0.03896424,0.956821078,0.478115928,-0.034633899,-0.003450112,0.000602039,-0.004609835,-0.026883766,0.032606787,0.336482928,0.74610803,0.999720401,0.891851801,0.501131799,0.123446725,-0.007725048,0,0,0,-0.003748928,0.00891539,0.72510963,0.596528374,-0.000346246,-0.007679262,-0.016681951,-0.007735379,0.20372115,0.70537721,1.006717235,0.826975048,0.471903254,0.139442776,-0.018762875,-0.020398097,-0.000924241,0,0,0,-0.002914726,-0.001416599,0.632895391,0.621556764,-0.01602114,-0.000492715,0.110503268,0.511488783,0.918783616,0.915097818,0.479362609,0.086212333,-0.03462883,-0.012006791,-0.001682055,2.27E-05,8.94E-06,0,0,0,-0.00370898,0.008391151,0.705404081,0.765323638,0.273622285,0.64519759,0.94357247,0.945664924,0.593005398,0.113095221,-0.013182334,-0.01746321,0.000437202,5.87E-05,0,0,0,0,0,0,-0.003975184,0.010823223,0.716324244,1.057614005,1.03157763,0.812422198,0.601760995,0.211311615,-0.036048254,-0.016128232,-0.003831699,0.000311819,6.13E-06,0,0,0,0,0,0,0,-0.002684028,0.00844921,0.487920122,0.545466248,0.35588186,0.098418199,-0.022475439,-0.020627128,0.001154208,0,0,0,0,0,0,0,0,0,0,0,-3.62E-05,0.000236928,0.006834304,-0.009023472,-0.024807505,-0.017763685,-0.003093444,6.59E-05,1.75E-05,0,0,0,0,0,0,0,0,0,0,0,1.47E-05,-5.09E-05,-0.002683058,-0.002379953,-0.000865487,2.91E-05,0,0,0,0,0,0,0,0,0,0,0,0,0,0,0,0,0,0,0,0,0,0,0,0,0,0,0,0,0,0,0,0,0,0,0,0,0,0,0,0,0,0,0,0,0,0,0,0,0,0,0,0,0,0,0,0,0,0,0,0,0,0,0,0,0,0,0,0,0,0,0
0,0,0,0,0,0,0,0,0,0,0,0,0,0,0,0,0,0,0,0,0,0,0,0,0,0,0,0,0,0,0,0,0,0,0,0,0,0,0,0,0,0,0,0,0,0,0,0,0,0,0,0,0,0,0,0,0,0,0,0,0,0,0,0,0,0,0,0,0,0,0,0,0,0,0,0,0,0,0,0,0,0,0,0,0,0,0,0,0,0,0,0,0,0,0,0,0,0,0,0,0,0,0,0.000145527,-0.00092933,-0.02350771,-0.009993702,0.001151604,0,0,0,0,0,0,9.33E-19,2.77E-18,-1.37E-16,-1.95E-16,-1.04E-17,1.30E-18,0,0,0,-0.001288297,0.005125102,0.248918079,0.108278186,-0.012443439,0,0,0,0,0,0.000199653,-0.002439917,-0.014436615,-0.020126294,-0.021330154,-0.010631127,0.00097018,0,0,0,-0.007033091,0.074540411,0.754410457,0.282180863,-0.033037446,0,0,0,0.000167135,0.000918961,-0.027758907,-0.030062523,0.081294977,0.290857639,0.36591979,0.083347941,-0.008004328,0,0,0,-0.022191687,0.34533912,0.90309392,0.227282203,-0.028509896,-0.001701951,-0.00198606,-0.006381179,-0.014571572,-0.037033447,0.199105409,0.515081172,0.837103962,1.001962997,1.064881697,0.553113086,-0.050374455,0,0,0,-0.039900582,0.67897069,0.830498468,0.076414607,-0.030731167,-0.015897144,-0.013866779,0.049793573,0.162080099,0.443972066,0.857251685,1.070955457,1.026966299,0.99405753,0.815546163,0.231666837,-0.022089461,0,0,0,-0.044393331,0.764011574,0.80777919,0.037558092,0.129209979,0.459554228,0.516584763,0.829325317,0.990317844,0.982271072,0.663127315,0.543068934,0.596572304,0.299754834,0.053381198,-0.014382404,0.00091699,0,0,0,-0.038850848,0.643655705,0.942000443,0.657720588,0.83226528,1.043565138,1.02736889,0.928833997,0.610354933,0.312053643,0.033810866,-0.02623703,-0.01579839,-0.021771446,-0.006610666,-0.000558364,7.53E-05,0,0,0,-0.024831081,0.383859759,0.904740787,0.937559092,0.821382016,0.591678505,0.299528743,0.10957552,0.006391759,-0.040106256,-0.007989381,-0.000794913,-0.00215034,0.000122294,0,0,0,0,0,0,-0.00280433,0.042830457,0.109733881,0.112771395,0.039428427,-0.023436989,-0.020147569,-0.017274306,-0.006167279,0.000216563,4.26E-05,0,0,0,0,0,0,0,0,0,0.000308926,-0.004766221,-0.011473226,-0.011708112,-0.005282007,0.00023829,0,0,0,0,0,0,0,0,0,0,0,0,0,0,0,0,0,0,0,0,0,0,0,0,0,0,0,0,0,0,0,0,0,0,0,0,0,0,0,0,0,0,0,0,0,0,0,0,0,0,0,0,0,0,0,0,0,0,0,0,0,0,0,0,0,0,0,0,0,0,0,0,0,0,0,0,0,0,0,0,0,0,0,0,0,0,0,0,0,0,0,0,0,0,0,0,0,0,0,0,0,0,0,0,0,0,0,0,0,0,0
0,0,0,0,0,0,0,0,0,0,0,0,0,0,0,0,0,0,0,0,0,0,0,0,0,0,0,0,0,0,0,0,0,0,0,0,0,0,0,0,0,0,0,0,0,0,0,0,0,0,0,0,0,0,0,0,0,0,0,0,0,0,0,0.001540594,-0.026873519,-0.023405739,0.001109069,2.57E-05,0,0,0,0,0,0,0,0,0,0,0,0,0,0,0,-0.024772723,0.433366694,0.3617364,-0.028188164,0.000725205,0,0,0,0,0,0,0,0,0,0,0,0,0,0,0,-0.04438031,0.762144233,0.82730576,0.051791565,-0.010138192,0,0,0,0,0,0,0,0,1.04E-18,-1.92E-16,-2.96E-17,2.59E-18,0,0,0,-0.043533956,0.729297828,0.977117017,0.275251345,-0.033773185,0,0,0,0,0,2.09E-05,0.000397433,-0.006996868,-0.019948427,-0.021976784,-0.01184215,0.001076559,0,0,0,-0.043448698,0.736223707,0.901115493,0.17023883,-0.022632316,0,0,0,0,0.000400291,-0.002184838,-0.035214677,0.015952264,0.134442355,0.368271298,0.114861043,-0.010335986,0,0,0,-0.043548662,0.740350677,0.881109613,0.140918709,-0.019529167,0,3.77E-05,-0.000175858,-0.001603911,-0.014363102,-0.019059504,0.242008834,0.6184455,0.994389927,1.087087529,0.599581546,-0.054448785,0,0,0,-0.043128166,0.732019795,0.886433143,0.149566534,-0.020439036,0.000292279,-0.004103554,-0.014913807,-0.020408582,0.120909377,0.618292024,0.949004034,1.055089393,1.012215227,0.812444084,0.239921024,-0.022846031,0,0,0,-0.031448734,0.508275906,0.965654156,0.282744077,-0.057498573,-0.03177017,-0.020479439,0.118233167,0.507275463,0.873346021,1.033596218,0.974726767,0.705575538,0.426400054,0.089103413,-0.018054449,0.000969754,0,0,0,-0.025418045,0.391638327,1.006852975,0.530258238,0.180515606,0.308389178,0.578506451,0.794949636,1.042783156,1.019780906,0.63477451,0.28193847,-0.005864634,-0.031182547,-0.008568801,-0.000418454,7.79E-05,0,0,0,-0.006691584,0.055504345,0.802856726,1.019476394,0.953105558,0.988865942,1.065661323,0.970632703,0.839386304,0.386859344,0.016910814,-0.040193734,-0.004147609,0.000370552,0,0,0,0,0,0,-0.000110294,-0.023441891,0.210272995,0.721932292,0.776325721,0.773134651,0.641784246,0.242126889,0.046354337,-0.017131894,-0.00926777,0.000461261,3.06E-05,0,0,0,0,0,0,0,5.11E-05,0.000285063,-0.017867034,0.035243294,0.086154237,0.085601392,0.00350834,-0.026393808,-0.006071112,-0.000280258,8.51E-05,0,0,0,0,0,0,0,0,0,0,0.000115809,-0.000241728,-0.010047794,-0.01559435,-0.015545956,-0.006191176,0.000335784,1.84E-05,0,0,0,0,0,0,0,0,0,0,0,0,0,0,0,0,0,0,0,0,0,0,0,0,0,0,0,0,0,0,0,0,0,0,0,0,0,0,0,0,0,0,0,0,0,0,0,0,0,0,0,0,0,0,0,0,0,0,0,0,0,0,0,0,0,0,0,0,0,0,0,0,0,0,0,0,0,0,0,0,0,0,0,0,0,0,0,0
0,0,0,0,6.13E-05,-8.38E-05,-0.005984052,-0.004820856,0.000182972,0,0,0,0,0,0,0,0,0,0,0,0,0,0,0,-0.000245098,-0.001977379,0.050300841,0.049890869,-0.001656965,0,0,0,0,0,0,0,0,0,0,0,0,0,0,0,-0.016248318,0.097741633,0.725957717,0.252066463,-0.018314072,0,0,0,0,0,0,0,0,0,0,0,0,0,0,0,-0.022249694,0.144180317,0.876245796,0.356735899,-0.020943457,0,0,0,0,0,0,0,0,0,0,0,0,0,0,0,-0.021652267,0.139775361,0.858800432,0.622112022,-0.020594533,0,0,0,0,0,0,0,0,0,0,0,0,0,0,0,-0.011342831,0.048585274,0.730766493,0.615750938,-0.020643893,0,0,0,0,0,0,0,0,0,0,0,0,0,0,0,-0.005984375,0.00139905,0.661814542,0.603110044,-0.020585172,0,0,0,0,0,0,0,1.53E-05,0.000183951,-0.003513923,-0.002126736,0,0,0,0,-0.006323529,0.004397446,0.666043951,0.558625748,-0.020584159,0,0,0,0,1.35E-05,0.000472463,-0.004506543,-0.036671049,-0.052908251,-0.017261679,-0.023561157,0,0,0,0,-0.006323529,0.004291088,0.667256434,0.533196754,-0.020626702,0,1.40E-19,6.54E-05,-0.000290602,-0.004993209,-0.031118328,0.003885366,0.302852924,0.441812876,0.536518757,0.43162854,0,0,0,0,-0.006323529,0.004319598,0.666931424,0.539330524,-0.020615298,0.000176471,-0.000861826,-0.010192436,-0.02674733,0.026581087,0.414903629,0.687640404,0.973769999,0.990984706,0.917114737,0.935396582,0,0,0,0,-0.006323529,0.004394914,0.666072815,0.709029188,-0.020539216,-0.000417586,-0.009803207,0.025062517,0.258834281,0.741547862,0.971329827,0.786781556,0.449903663,0.13562579,0.444887238,0.505654446,0,0,0,0,-0.006001838,0.00154565,0.662471746,0.626138186,-0.039909109,-0.03630576,0.193135263,0.690591844,0.961184216,0.8904968,0.412039028,0.08432821,-0.038004408,-0.021115476,0.094162156,0.06853622,0,0,0,0,-0.019160756,0.117637105,0.826074338,0.550094407,0.215379452,0.760936706,0.93823543,0.936680951,0.412539423,0.0765405,-0.020217276,-0.017091232,0.000965921,0.000984863,-0.012485834,-0.010199747,0,0,0,0,-0.025433517,0.172745353,0.892127928,0.970493916,0.890048747,0.805123792,0.478750374,0.146390693,-0.013342047,-0.017595146,-0.002249455,0.000317947,2.04E-06,0,0,0,0,0,0,0,-0.031682904,0.232913637,0.925926658,0.651884724,0.244247787,0.086696742,-0.024231805,-0.016383459,-0.000673892,0.000199993,0,0,0,0,0,0,0,0,0,0,-0.003969363,0.029459916,0.11426217,0.01432587,-0.027284212,-0.01666265,-0.001849571,0.00017739,0,0,0,0,0,0,0,0,0,0,0,0,0.000346507,-0.002551471,-0.010142821,-0.003939454,-0.000203738,3.57E-05,0,0,0,0,0,0,0,0,0,0,0,0,0,0,0,0,0,0,0,0,0,0,0,0,0,0,0,0,0,0,0,0,0,0,0,0,0,0,0,0,0,0,0,0,0,0,0,0,0,0,0,0,0,0,0,0,0,0,0,0,0,0,0,0,0,0,0,0,0,0
0,0,0,0,0,0,0,0,0,0,0,0,0,0,0,0,0,0,0,0,0,0,0,0,0,0,0,0,0,0,0,0,0,0,0,0,0,0,0,0,0,0,0,0,0,0,0,0,0,0,0,0,0,0,0,0,0,0,0,0,0,0,0,0,2.39E-05,0.000727175,-0.010562245,-0.03254265,-0.011994485,0.001085069,0,0,0,0,0,0,0,0,0,0,0,0,0,0,0.000212623,-0.015176011,0.141999098,0.517025295,0.192093035,-0.017316857,0,0,0,0,0,0,0,0,0,0,0,0,0,0,-0.006006434,0.003517242,0.625552832,1.031732332,0.396643519,-0.036531522,0,0,0,0,0,0,0.000161697,-3.31E-05,-0.016946232,-0.034220112,0,0,0,0,-0.018106311,0.10808638,0.812859545,0.927320958,0.138746766,-0.013990162,0,0,0,0,0,0.000217014,-0.003888378,-0.016877794,0.172960665,0.38303445,0,0,0,0,-0.021094839,0.13488754,0.849395697,0.897724742,0.03625107,-0.004985189,0,0,0,0,0.00081448,-0.006752527,-0.030471631,0.200421207,0.853088643,0.90592181,0,0,0,0,-0.02021875,0.127032203,0.840408054,0.782613734,0.016725218,-0.003276484,0,0,4.65E-05,-0.000144404,-0.011150429,0.01452919,0.367586857,0.948071963,0.809700266,0.183350524,0,0,0,0,-0.028901042,0.203754289,0.950523778,0.60211017,-0.024010927,0.000297862,0,0.000386029,-0.002416738,-0.024668777,0.001227788,0.398736213,0.989833282,0.76954408,0.148490009,-0.024965959,0,0,0,0,-0.037388787,0.278815325,1.055993107,0.355978167,-0.020580916,-1.83E-17,0.00097869,-0.013490434,-0.024004134,0.202918011,0.631009412,0.989298509,0.75382484,0.086548975,-0.028119894,-5.79E-05,0,0,0,0,-0.037414522,0.278903084,1.057907322,0.294063583,-0.021827512,-0.011687092,-0.031862234,0.089069989,0.409608947,0.921297709,0.99835129,0.530495932,0.054631144,-0.014837654,-0.000200163,3.57E-05,0,0,0,0,-0.037262749,0.277644205,1.055986626,0.265847117,-0.058098477,0.079814826,0.360069453,0.82015122,0.993745603,0.744710061,0.295089037,0.000708831,-0.015521789,0.00067244,6.11E-05,0,0,0,0,0,-0.037820159,0.282547913,1.054517123,0.551301482,0.406591231,0.765407016,1.034782697,0.780351188,0.427214528,0.051254596,-0.026422079,-0.005546024,0.000385008,0,0,0,0,0,0,0,-0.028568934,0.199700708,0.937597512,1.035707761,1.030669339,0.879985124,0.50155479,0.080011625,-0.0378749,-0.007200095,0.000659552,0,0,0,0,0,0,0,0,0,-0.002837929,-0.004257013,0.358128285,0.599748906,0.500347597,0.111164284,-0.022535301,-0.0146186,-0.000453814,8.58E-05,0,0,0,0,0,0,0,0,0,0,0.000285846,-0.000700776,-0.023655076,-0.036915179,-0.031416565,-0.009843801,-0.001450163,-1.55E-05,1.59E-05,0,0,0,0,0,0,0,0,0,0,0,0,0,0,0,0,0,0,0,0,0,0,0,0,0,0,0,0,0,0,0,0,0,0,0,0,0,0,0,0,0,0,0,0,0,0,0,0,0,0,0,0,0,0,0,0,0,0,0,0,0,0,0,0,0,0,0
0,0,0,0,0,0,0,0,0,0,0,0,0,0,0,0,0,0,0,0,0,0,0,0,0,0,0,0,0,0,0,0,0,0,0,0,0,0,0,0,0,0,0,0,0,0,0,0,0,0,0,0,0,0,0,0,0,0,0,0,0,0,0,0,3.68E-05,-0.000324755,-0.000461601,4.89E-05,0,0,0,0,0,0,0,0,1.53E-05,4.59E-06,-0.001821385,-0.000935968,0,0,0,0,-0.000436887,0.004065972,0.003127825,-0.001349007,8.27E-05,0,0,0,0,0,0,8.43E-05,-0.000475388,-0.016408524,-0.014229882,0.000904208,0,0,0,2.43E-05,-0.003257778,0.023919407,0.032408037,-0.009896814,0.000171398,0,0,0,0,3.83E-06,0.000182547,-0.001712708,-0.017854031,0.093670186,0.484435458,0.191340771,0,0,0,-0.000177441,-0.010644897,0.105472443,0.470483694,0.126071841,-0.010891885,0,0,0,0.000122294,-0.000342371,-0.016937721,-0.010695125,0.19681313,0.773735342,0.885915679,0.181104507,0,0,0,-0.003511424,0.007025312,0.650879584,1.031367012,0.480890817,-0.020943568,0,0,0.000342424,-0.002155226,-0.025649994,0.066909709,0.392819477,0.9799387,0.773049926,0.13132713,-0.001805131,0,0,0,-0.004437092,0.017221065,0.763070738,1.035331257,0.520508404,-0.020728537,-5.21E-05,-0.001526297,-0.00745818,-0.019486008,0.228082704,0.846154684,1.037334304,0.806920615,0.114618323,-0.028909654,-0.001864447,0,0,0,-0.003730647,0.008805436,0.683617698,1.033904922,0.520580796,-0.025397008,-0.020044815,-0.0188838,0.013048083,0.399329335,0.926031114,1.031671654,0.671655961,0.134787054,-0.015726054,-0.000601001,0,0,0,0,-0.00377405,0.009340737,0.688348601,1.033931985,0.447578727,-0.0270689,0.136133102,0.45193944,0.728843273,1.012375107,0.964396531,0.739949551,0.095723414,-0.025021565,-0.000516591,0.00018076,0,0,0,0,-0.003821793,0.009929568,0.693552594,1.02358187,0.547982077,0.537045479,0.843108354,1.046455746,1.034279412,0.773420434,0.282770033,0.091864941,-0.00616876,-0.0005505,3.91E-05,0,0,0,0,0,-0.006030584,0.037171317,0.934310753,0.99860875,0.983516076,1.049479332,0.993582712,0.849929188,0.435470357,0.054684289,-0.032905762,-0.01471857,-0.000233582,8.44E-05,0,0,0,0,0,0,-0.005378728,0.027851426,0.873027216,1.042814253,0.935976265,0.676540237,0.349498366,0.029167501,-0.017334984,-0.012977457,-0.000310628,6.38E-05,0,0,0,0,0,0,0,0,-0.000992034,-0.004463133,0.228127264,0.516339257,0.265325184,0.015824449,-0.020217235,-0.006401808,-0.000294033,7.13E-05,0,0,0,0,0,0,0,0,0,0,0.000130259,-0.000925466,-0.019756502,-0.012762459,-0.022067299,-0.008840142,-0.0012356,0.000204044,0,0,0,0,0,0,0,0,0,0,0,0,7.66E-07,4.85E-05,-0.00047498,-0.00209038,-0.000560668,4.80E-05,0,0,0,0,0,0,0,0,0,0,0,0,0,0,0,0,0,0,0,0,0,0,0,0,0,0,0,0,0,0,0,0,0,0,0,0,0,0,0,0,0,0,0,0,0,0,0,0,0,0,0,0,0,0,0,0,0,0,0,0,0,0,0,0,0,0,0,0,0,0,0
0,0,0,0,0,0,0,0,0,0,0,0,0,0,0,0,0,0,0,0,0,0,0,0,0,0,0,0,0,0,0,0,0,0,0,0,0,0,0,0,0,0,0,0,0,0,0,0,0,0,0,0,0,0,0,0,0,0,0,0,0,0,0,0,0,1.52E-18,5.41E-05,-0.002198035,-0.001704146,2.17E-05,1.29E-05,0,0,0,0,0,0,0,0,0,0,0,0,4.50E-05,0.000696385,-0.01420527,-0.03541939,-0.010417805,-0.010841878,-0.00562854,0.000668505,0,0,0,0,0,0,0,0,0,0,0,0,-0.000178258,-0.006913926,0.087064168,0.248243464,0.518256815,0.421877689,0.036741762,-0.00746875,0,0,0,0,9.07E-19,-5.89E-18,-1.92E-16,-1.76E-16,-2.35E-17,0,0,0,-0.003024101,0.000176539,0.605685866,1.017576763,1.038962265,0.888106924,0.158289624,-0.023957721,0,0,3.47E-05,0.000215142,-0.008561581,-0.017769778,-0.020377108,-0.020844567,-0.005170718,0,0,0,-0.003640241,0.007351667,0.676306884,1.023010578,1.014403956,0.874111906,0.161673257,-0.024175737,6.11E-05,0.000145228,-0.00781929,-0.020668134,0.032236898,0.121498478,0.355333296,0.339263211,0.060492965,0,0,0,-0.001361775,-0.020257166,0.42385049,1.027712623,1.016802413,0.84787306,0.143159978,-0.022011897,-0.002444955,-0.011281185,0.032440734,0.125802628,0.63639534,0.934881996,1.005573798,1.052140319,0.274444053,0,0,0,-0.004138429,0.013725984,0.728822406,1.014345452,1.03443072,0.678613256,0.018353911,-0.027394012,-0.015399816,0.110949988,0.653774118,0.854576661,1.005366013,1.020644404,1.037830245,0.853956206,0.149993532,0,0,0,-0.003887357,0.010563249,0.702040084,1.016682768,1.019844686,0.813966401,0.127324568,0.078582721,0.516925228,0.859262447,1.020128098,1.033429756,1.021081308,0.93157804,0.762224617,0.201360754,-0.019448649,0,0,0,-0.00308175,0.000588831,0.614569955,1.022001089,1.00152664,0.957689985,0.718659654,0.785509974,0.996816142,1.023737788,1.016479269,0.897506417,0.518591095,0.239893042,0.073960176,-0.019817385,0.00028222,0,0,0,-0.001173566,-0.023465054,0.41096395,1.042297807,0.99534253,1.000961233,1.030212282,1.033320645,1.031189379,0.944160331,0.557453138,0.136753326,-0.014962598,-0.033826383,-0.012245086,0.000509559,0,0,0,0,6.38E-05,-0.023451423,0.141370234,0.85495755,1.039827463,1.025525259,1.026267531,0.930934692,0.593388651,0.259353335,0.004435083,-0.01962163,-0.004215005,0.00030433,0,0,0,0,0,0,0,-0.000463848,-0.015433075,0.216888855,0.548053246,0.565428002,0.480932802,0.20815448,-0.003048407,-0.031644518,-0.002208435,0.000276586,0,0,0,0,0,0,0,0,0,0.000253676,-0.00117276,-0.015237575,-0.008693864,-0.005097154,-0.013930794,-0.028502791,-0.005365094,0.000711752,0,0,0,0,0,0,0,0,0,0,0,0,5.87E-05,-0.000616319,-0.002401349,-0.002625817,-0.001880413,-3.67E-05,1.07E-05,0,0,0,0,0,0,0,0,0,0,0,0,0,0,0,0,0,0,0,0,0,0,0,0,0,0,0,0,0,0,0,0,0,0,0,0,0,0,0,0,0,0,0,0,0,0,0,0,0,0,0,0,0,0,0,0,0,0,0,0,0,0,0,0,0,0,0,0
0,0,0,0,0,0,0,0,0,0,0,0,0,0,0,0,0,0,0,0,0,0,0,0,0,0,0,0,0,0,0,0,0,0,0,0,0,0,0,0,0,0,0,0,0,0,0,0,0,0,0,0,0,0,0,0,0,0,0,0,0,0,0,0,7.35E-06,0.000481413,-0.006295854,-0.007703773,-0.000494536,6.26E-05,0,0,0,0,0,0,0.00023846,-0.001446486,-0.022605954,-0.010526705,0,0,0,0,0.000372549,-0.009781693,0.069208606,0.074789909,0.000522791,-0.000273608,0,0,0,0,0,0.00066636,-0.010474197,-0.018216016,0.342216078,0.175680675,0,0,0,7.78E-20,-0.003614277,-0.010983915,0.53016939,0.833319354,0.107785437,-0.010960478,0,0,0,1.77E-18,0.000773591,-0.010209014,0.009753796,0.436723805,0.97502822,0.258104269,0,0,0,4.60E-06,-0.019632353,0.119849112,0.841576627,0.897413188,0.079133987,-0.008786084,0,0,2.85E-05,0.000207142,-0.01614328,0.020139825,0.49841282,1.01735272,0.609969482,0.043735158,0,0,0,-5.79E-05,-0.031952088,0.242980277,1.001100071,0.660361064,-0.017498607,-0.000285353,0,2.04E-05,0.000951912,-0.015587879,0.019122946,0.561671728,0.989212799,0.633006241,0.042100675,-0.011976292,0,0,0,-0.000629085,-0.029860771,0.348900888,1.061112898,0.437041736,-0.021954146,0.000104882,-1.29E-05,0.000381451,-0.024179508,0.064408446,0.599710223,1.012611145,0.579594141,0.023924796,-0.016442504,0.000338712,0,0,0,-0.003420598,0.00483444,0.651635825,1.031691738,0.251706191,-0.020459559,0.000670343,-0.005119179,-0.041699227,0.140002412,0.733598737,1.016698104,0.61955433,0.044755838,-0.015245472,0.000438794,0,0,0,0,-0.004706801,0.02069761,0.800458895,0.9256274,0.110100179,-0.016582925,-0.011860856,0.00922772,0.222482605,0.852690049,1.019423526,0.455241422,0.023904242,-0.0136803,0.000712975,2.45E-05,0,0,0,0,-0.006046875,0.0371731,0.966945449,0.690932207,0.031951714,-0.028937483,0.030811683,0.494935594,0.996386149,0.98879941,0.478279616,0.017706223,-0.013942964,0.000206801,1.83E-05,0,0,0,0,0,-0.006258357,0.040504549,0.997429681,0.521473034,-0.040956824,0.091766421,0.621802142,0.985856213,0.734671402,0.213488894,-0.00543175,-0.010411469,0.000983246,0,0,0,0,0,0,0,-0.006386183,0.042849316,0.994920718,0.607199261,0.381226305,0.862272161,0.972677424,0.411801709,-0.0033045,-0.023211617,-0.004855154,0.000463814,0,0,0,0,0,0,0,0,-0.004022621,0.01453879,0.697021855,0.981511149,1.008072048,0.808021225,0.320161765,-0.014582653,-0.00495641,0.000407647,0,0,0,0,0,0,0,0,0,0,-0.000157067,-0.00748012,0.075436904,0.398604048,0.419629482,0.054394608,-0.021494604,-0.004381791,0.000285999,0,0,0,0,0,0,0,0,0,0,0,2.82E-05,0.000316891,-0.007384855,-0.025727431,-0.02688221,-0.006574142,-0.000786714,8.93E-05,2.30E-06,0,0,0,0,0,0,0,0,0,0,0,0,0,0,0,0,0,0,0,0,0,0,0,0,0,0,0,0,0,0,0,0,0,0,0,0,0,0,0,0,0,0,0,0,0,0,0,0,0,0,0,0,0,0,0,0,0,0,0,0,0,0,0,0,0,0,0,0
0,0,0,0,0,0,0,0,0,0,0,0,0,0,0,0,0,0,0,0,0,0,0,0,0,0,0,0,0,0,0,0,0,0,0,0,0,0,0,0,0,0,0,0,0,0,0,0,0,0,0,0,0,0,0,0,0,0,0,0,0,0,2.81E-05,-0.000167382,-0.001905229,-0.001327155,7.89E-05,0,0,0,0,0,0,0,0,0,0,0,0,0,0,0,0.000511598,-0.004405297,-0.009997277,-0.015396157,-0.005586959,0.000660389,0,0,0,0,0,0,0,0,0,0,0,0,0,0,-0.008600954,0.058318168,0.451036577,0.386947985,0.031258085,-0.005507317,0,0,0,0,0,0,2.99E-18,3.19E-05,-0.000363817,-0.030704772,1.28E-05,0,0,0,-0.032926909,0.265955848,0.985877706,0.819501736,0.069180964,-0.012009294,0,0,0,0,0,3.98E-05,0.000259395,-0.010254715,-0.017359154,0.332747255,0.000286799,0,0,0,-0.049023057,0.420613747,1.060872315,0.546684128,-0.030866149,-0.000331949,0,0,0,0,0.000292896,-0.002005931,-0.024587053,0.042119274,0.549084356,0.863262768,-0.015550052,0,0,0,-0.050280054,0.434829606,1.040526195,0.286031301,-0.021102567,0.000130447,1.69E-06,3.90E-05,-0.000510978,-0.002481464,-0.016032011,-0.018881025,0.126236792,0.69047549,1.060593222,0.753126928,-0.02152148,0,0,0,-0.047302189,0.406905944,1.019584304,0.254370507,-0.029957108,-0.011323529,-0.010813062,-0.01959969,-0.029500323,-0.009331853,0.166962517,0.539519318,0.854913603,1.040338354,0.882483558,0.247952913,-0.016053071,0,0,0,-0.021373772,0.16035015,0.868607945,0.494336295,0.020890063,0.048145425,0.043269046,0.112760315,0.320071998,0.594030348,0.944373038,1.036683279,1.035051811,0.693488426,0.159668182,-0.026631235,-0.000547556,0,0,0,-0.002454853,-0.006490485,0.491573325,0.923214801,0.722464444,0.723085789,0.717105971,0.827580406,1.0355545,1.047610669,1.009762121,0.827397416,0.483863937,0.054357384,-0.020503625,-3.95E-05,0.000103145,0,0,0,0.000390528,-0.007462395,0.021376337,0.496352693,0.883013925,0.98847595,0.980831601,0.901727695,0.846315156,0.822586506,0.495913482,0.066854303,-0.00783546,-0.013162988,0.000674606,0,0,0,0,0,0,0.00044424,-0.006541565,-0.026894999,0.045646701,0.278754348,0.259368362,0.096863256,0.045370966,-0.002321878,-0.022593181,-0.013894676,-0.003924122,0.000272161,1.07E-05,0,0,0,0,0,0,0,0,0.000563811,-0.005831716,-0.026272455,-0.024571929,-0.010317096,-0.005800228,-0.001625902,0.000203824,0,0,0,0,0,0,0,0,0,0,0,0,0,0,0,0,0,0,0,0,0,0,0,0,0,0,0,0,0,0,0,0,0,0,0,0,0,0,0,0,0,0,0,0,0,0,0,0,0,0,0,0,0,0,0,0,0,0,0,0,0,0,0,0,0,0,0,0,0,0,0,0,0,0,0,0,0,0,0,0,0,0,0,0,0,0,0,0,0,0,0,0,0,0,0,0,0,0,0,0,0,0,0,0,0,0,0
0,0,0,0,0,0,0,0,0,0,0,0,0,0,0,0,0,0,0,0,0,0,0,0,0,0,0,0,0,0,0,0,0,0,0,0,0,0,0,0,0,0,0,0,0,0.000529942,-0.006041335,-0.006292789,0.000211977,0,0,0,0,0,0,0,0,0,0,0,0,0,0,0,0.000226103,-0.004734596,0.028366983,0.026722888,-0.001094941,0,0,0,0,0,0,0,0,0,0,0,0,0,0,0,-0.004107537,-0.00451537,0.516676573,0.568593582,-0.016319444,0,0,0,0,0,0,0,0,0,0,0,0,0,0,0,-0.000464767,-0.049376566,0.615530314,0.914630858,-0.021392804,0,0,0,0,0,0,0,0,0,0,0,0,0,0,0,0.000102022,-0.05267773,0.588971558,0.899598297,-0.020710614,0,0,0,0,0,0,0,0,0,0,0,0,0,0,0,0.000151339,-0.053090647,0.588093382,0.90941714,-0.020701527,0,0,0,0,0,0,0,0,0,0,0,0,0,0,3.22E-06,-0.008052543,0.018645493,0.690965125,0.797454989,-0.020713678,0,9.64E-19,9.34E-05,-0.001702591,-0.004714257,-0.005028391,-0.019597784,-0.02954759,-0.021751559,-0.005891902,-0.000544986,0,0,0,7.20E-06,-0.018351971,0.108514468,0.822437772,0.54863236,-0.02027342,-0.008098039,-0.021663909,-0.030342116,-0.016477229,0.02042099,0.02440162,0.284457023,0.470395969,0.325953538,0.04148812,-0.004588099,0,0,0,-0.000596201,-0.02621395,0.311234835,0.991279105,0.257869431,-0.052554432,0.023003268,0.13928205,0.19592082,0.465563301,0.812789607,0.851902165,1.004125511,0.992101852,0.983099497,0.790752077,0.156566398,0,0,0,-0.002361009,-0.008287446,0.544953465,0.939137238,0.20274661,0.273284961,0.64913317,0.866014706,0.956860107,1.042349765,0.872592525,0.778744349,0.510410454,0.32949886,0.563814782,1.045503847,0.258926811,0,0,0,-0.004473931,0.018029466,0.764953239,0.998922826,0.931680861,0.982766126,0.907676919,0.745068519,0.597327956,0.259067542,0.084052186,0.060310831,-0.014666799,-0.056041115,0.29972713,0.571080283,0.033093348,0,0,0,-0.006511183,0.041830933,1.002152812,0.97244201,0.714348002,0.503699023,0.145247141,-0.028584729,-0.021276382,-0.020422289,-0.015175313,-0.011872958,-0.003541837,-0.000693934,0.00235858,0.007222392,-0.007086227,0,0,0,-0.00258221,0.016443764,0.407835189,0.289447372,0.027030084,-0.050696061,-0.014443764,0.000679977,5.11E-05,0,0,0,0,8.51E-05,-0.000789817,-0.002425449,0.000212759,0,0,0,0.00013991,-0.000897127,-0.02116636,-0.025540816,-0.010497941,0.000560662,0,0,0,0,0,0,0,0,0,0,0,0,0,0,7.66E-06,-4.85E-05,-0.001240809,-0.000531046,6.11E-05,0,0,0,0,0,0,0,0,0,0,0,0,0,0,0,0,0,0,0,0,0,0,0,0,0,0,0,0,0,0,0,0,0,0,0,0,0,0,0,0,0,0,0,0,0,0,0,0,0,0,0,0,0,0,0,0,0,0,0,0,0,0,0,0,0,0,0,0,0,0,0,0
0,0,0,0,0,0,0,0,0,0,0,0,0,0,0,0,0,0,0,0,0,0,0,0,0,0,0,0,0,0,0,0,0,0,0,0,0,0,0,0,0,0,0,0,0,0,0,0,0,0,0,0,0,0,0,0,0,0,0,0,0,0,0,0,2.85E-05,-0.000251685,-0.000357741,3.79E-05,0,0,0,0,0,0,0,0,0,0,0,0,0,0,0,2.11E-05,0.000628676,-0.009409978,-0.019597052,-0.001603074,0.000300245,0,0,0,0,0,0,0,0.000300245,-0.005868595,-0.01014951,-0.000369792,0,0,0,-0.000111417,-0.010746562,0.115282407,0.196297249,-0.007661428,-0.001571351,6.48E-19,0,0,8.69E-19,0.000831036,-0.011423866,-0.047794969,-0.055038467,-0.000416904,0.039159552,-0.008645442,0,0,0,-0.001059181,-0.023748043,0.401465976,0.902183041,0.152703314,-0.016533565,7.66E-05,0,2.38E-05,0.00059007,-0.01690351,0.110009617,0.523523625,0.577860839,0.662631127,0.697679364,0.139471882,0,0,0,-0.001583659,-0.01790797,0.450042888,1.067550684,0.670829383,-0.004912067,-0.00143908,5.84E-18,0.000524846,-0.017464228,0.003550219,0.661031467,1.075995679,1.048215591,0.957587561,0.951905157,0.242804852,0,0,0,-0.004515676,0.018491439,0.76913191,1.028429875,0.791243631,0.00422132,-0.002227124,-0.00141973,-0.018983711,0.048962724,0.568830389,1.017223941,0.863433653,0.426467984,0.171435853,0.133305079,0.022798032,0,0,0,-0.004184283,0.01438894,0.732559028,1.03824486,0.504126004,-0.023511489,-0.008983115,-0.022408599,0.130787565,0.691693419,1.005644557,0.948844039,0.272697883,-0.046663228,-0.0174094,-0.013556475,-0.00241779,0,0,0,-0.00247498,-0.006781318,0.556828159,0.93796989,0.136291971,-0.039323938,0.038605341,0.487726494,0.879801334,1.053515942,0.890107911,0.285623877,-0.020284109,-0.00223223,5.41E-05,9.19E-06,0,0,0,0,-0.003893995,0.010825572,0.725610073,0.755434658,0.018057339,0.233693185,0.694656573,1.028160471,1.036360975,0.872418454,0.259600626,-0.019050449,-0.003517923,0.000138327,0,0,0,0,0,0,-0.003986181,0.011619481,0.719478313,0.961428957,0.804242669,0.938231914,1.073849619,0.947039087,0.590600821,0.128868365,-0.027052386,-0.001464932,0.000308181,0,0,0,0,0,0,0,-0.002455984,-0.005258851,0.527524476,1.03067979,1.040800603,0.842085972,0.681840993,0.268267191,-0.009194564,-0.018471696,-0.000879119,0.00011489,0,0,0,0,0,0,0,0,1.24E-05,-0.010102175,0.066611435,0.34802931,0.367225738,0.143194019,0.024765931,-0.02480833,-0.001524306,0.000275162,0,0,0,0,0,0,0,0,0,0,2.11E-05,0.000676777,-0.009254034,-0.026355239,-0.025534375,-0.019345639,-0.008964308,-5.48E-05,4.87E-05,0,0,0,0,0,0,0,0,0,0,0,0,1.65E-05,-9.64E-05,-0.00077068,-0.000887092,-0.00011106,1.15E-05,0,0,0,0,0,0,0,0,0,0,0,0,0,0,0,0,0,0,0,0,0,0,0,0,0,0,0,0,0,0,0,0,0,0,0,0,0,0,0,0,0,0,0,0,0,0,0,0,0,0,0,0,0,0,0,0,0,0,0,0,0,0,0,0,0,0,0,0,0,0
0,0,0,0,0,0,0,0,0,0,0,0,0,0,0,0,0,0,0,0,0,0,0,0,0,0,0,0,0,0,0,0,0,0,0,0,0,0,0,0,0,0,0,0,0,0,0,0,0,0,0,0,0,0,0,0,0,0,0,0,0,0,0,0,0.00017739,-0.001376736,-0.004395578,-0.000470068,7.61E-05,0,0,0,0,0,0,0,0,0,0,0,0,0,0,0,-0.001310968,0.010980664,0.02329485,-0.00025269,-0.000239822,0,0,0,0,0,0,0,0,0,0,0,0,0,0,0,-0.025863051,0.195000647,0.706126889,0.086512151,-0.013382523,0,0,0,0,0,0,0,1.81E-18,-1.01E-17,-1.14E-16,-6.33E-17,0,0,0,0,-0.023521752,0.157268263,0.871110941,0.272759111,-0.020202887,0,0,0,0,8.17E-06,0.00015659,-0.002610635,-0.009081563,-0.01680204,-0.020478111,-0.016810832,0,0,0,0,-0.020084383,0.125267994,0.846612823,0.36258398,-0.020857622,0,0,0,0,0.000757001,-0.013156822,-0.02000051,0.031858227,0.117959888,0.287885176,0.21270396,0,0,0,0,-0.013730086,0.069326746,0.764683585,0.364589193,-0.020782271,1.84E-05,6.48E-05,-0.002287071,-0.008525743,-0.040996936,0.063375817,0.454693015,0.71715928,0.942829158,0.864466316,0.61541556,0,0,0,0,-0.020667892,0.131933211,0.836715005,0.304918623,-0.020132864,-0.000382659,-0.023718307,-0.011881025,0.088804166,0.540408548,0.823286816,0.954830576,0.622113971,0.319204595,0.151214342,0.053147552,0,0,0,0,-0.023740809,0.15897646,0.876446844,0.307643084,-0.027413994,-0.037399391,0.141920088,0.586547045,0.894203372,0.877612898,0.588245898,0.149555556,0.00956313,-0.035415359,-0.02186232,-0.010931968,0,0,0,0,-0.023170956,0.157969431,0.823820295,0.137491643,0.028326389,0.411734647,0.897711925,0.905322678,0.523818536,0.138455338,-0.012169986,-0.016090686,-0.003520884,-0.000192104,-4.26E-05,6.38E-06,0,0,0,0,-0.025763728,0.18104621,0.841031637,0.38526657,0.741719151,0.937796564,0.646728204,0.204054139,-0.017100752,-0.022159003,-0.002318699,0.000418246,0,0,0,0,0,0,0,0,-0.030099265,0.213872226,0.952405007,0.991723347,0.757376123,0.258832006,-0.027385723,-0.016929466,-0.00455648,0.000243396,0,0,0,0,0,0,0,0,0,0,-0.01201011,0.070221592,0.556517497,0.454634068,0.071943134,-0.022874762,-0.000952717,0.00010723,0,0,0,0,0,0,0,0,0,0,0,0,0.000196691,-0.002200827,0.003294067,-0.014192264,-0.01576348,-0.000112745,0.000148897,0,0,0,0,0,0,0,0,0,0,0,0,0,5.51E-05,-0.00029182,-0.002918964,-0.001735304,7.81E-05,0,0,0,0,0,0,0,0,0,0,0,0,0,0,0,0,0,0,0,0,0,0,0,0,0,0,0,0,0,0,0,0,0,0,0,0,0,0,0,0,0,0,0,0,0,0,0,0,0,0,0,0,0,0,0,0,0,0,0,0,0,0,0,0,0,0,0,0,0,0,0
0,0,0,0,0,0,0,0,0,0,0,0,0,0,0,0,0,0,0,0,0,0,0,6.23E-05,-2.08E-05,-0.013159552,-0.011680113,0.000125861,9.36E-05,0,0,0,0,0,0,0,0,0,0,0,0,0,0,0.000615446,-0.017901125,0.073784446,0.060284997,-0.027818761,7.29E-05,0,0,0,0,0,0,0,0,0,0,0,0,0,0,-0.011386234,0.144429653,0.78838637,0.742932598,0.211021955,-0.018860805,0.000719975,0,0,0,0,0,0,0,0,0,0,0,0,0,-0.037340176,0.603629885,1.035329538,1.022085869,0.771205312,0.080531676,-0.014405893,-0.011407475,-0.030455882,-0.013884371,0.000686275,0,0,0,0,0,0,0,0,0,-0.010583487,0.141991932,0.579201746,0.965988171,1.023433003,0.553596882,-0.013173169,0.060540169,0.215591759,0.087257654,-0.004985532,0,0,0,0,0,0,0,0,0,0.000632455,-0.01941088,0.012767157,0.658276825,1.04710448,0.791613664,0.120923969,0.59379279,0.969754953,0.563589829,-0.020458708,0,0,0,0,0,0,0,0,0,8.56E-06,0.000442909,-0.033523603,0.288858995,0.953418505,1.00625214,0.30525923,0.73122515,1.039266387,0.69486982,-0.020788152,0,0,0,0,0,0,0,0,0,0,0.000113664,-0.024850456,0.249834372,0.934641219,1.044163824,0.288844856,0.354590278,1.048133732,0.672301068,-0.031626838,-0.005795037,-0.006268638,-0.005558875,-0.001075323,0.000102124,0,0,0,0,7.81E-05,-0.000534926,-0.037894472,0.266250017,0.942308117,1.035939849,0.335566245,0.545323785,1.034052849,0.786110907,0.103629579,0.032045292,0.040254374,0.030805164,-0.012899172,-0.002670377,0.000191483,0,0,0,-0.000424581,-0.012043828,0.148379749,0.76995767,1.013394939,0.992755617,0.965288807,0.983741711,0.995714069,0.99092626,0.961440972,0.950859035,0.959163858,0.887717439,0.296357619,-0.021729984,0.000425517,0,0,0,-0.003995609,0.011745472,0.715118464,1.018520561,0.999003438,1.0082596,1.013404105,1.002681066,0.989325776,0.992287055,1.002169118,1.015763719,1.007793096,1.014779752,0.903198759,0.280940308,-0.026486332,0,0,0,-0.004630875,0.021671423,0.766765674,0.986669945,0.911513329,0.562749786,0.494021204,0.701201932,1.022868496,0.795666631,0.362621207,0.606637911,0.902701429,0.99332124,0.961623,0.372188252,-0.034440266,0,0,0,-0.000243056,-0.007232094,0.096463184,0.359453891,0.269342618,-0.01785769,-0.045624234,0.383562602,1.048946078,0.675582426,-0.04270578,-0.013549071,0.169047947,0.413341163,0.292804767,-0.001220384,-0.00060849,0,0,0,3.06E-05,0.000587214,-0.009981362,-0.033360141,-0.025432531,-0.001416411,-0.023666207,0.39284906,1.051847733,0.666902661,-0.020680147,-0.00062083,-0.016634753,-0.038071895,-0.027507287,-0.000702104,0.000127655,0,0,0,0,0,0,0,0,-0.001133221,-0.02376411,0.40557387,1.052120541,0.293969161,-0.020528663,0,0,0,0,0,0,0,0,0,0,0,0,0,0,-0.003591299,0.014232945,0.639237371,0.558127196,0.064457676,-0.00709678,0,0,0,0,0,0,0,0,0,0,0,0,0,0,-0.000826556,0.007408636,0.116820146,0.005849537,-0.016598659,0.000847907,0,0,0,0,0,0,0,0,0,0,0,0,0,0,9.85E-05,-0.000716061,-0.015153186,-0.005678785,0.000664465,0,0,0,0,0,0,0,0,0,0,0,0,0,0,0,0,0,0,0,0,0,0,0,0,0,0,0
0,0,0,0,0,0,0,0,0,0,0,0,0,0,0,0,0,0,0,0,0,0,0,0,0,0,0,0,0,0,0,0,0,0,0,2.55E-05,-0.000258715,-0.002375735,-0.000911458,8.08E-05,0,0,0,0,0,0,0,0,0,0,0,0,0,0,0.000234805,-0.000812951,-0.016928376,-0.024832036,-0.010808518,0.000992367,0,0,0,0,0,0,0,0,0,0,0,0,0,0.000137868,-0.002625153,-0.017513889,0.147053649,0.467551058,0.184914216,-0.016664114,0,0,0,0,0,0,0,0,0,0,0,0,0.000286169,-0.003341605,-0.024765268,0.337621919,0.844800092,1.05617698,0.53196955,-0.048336652,0,0,0,0,0,0,0,0,0,0,0,7.47E-18,-0.000785129,-0.010953533,0.268322185,0.925878983,0.917772144,0.43797175,0.205239737,-0.01949423,0,0,0,0,0,0,0,0,0,0,3.11E-18,0.000401688,-0.029655946,0.157109069,0.874037463,0.938775037,0.336951048,-0.017874118,-0.017825946,0.001248468,0,0,0,0.000418246,-0.006696833,-0.014107456,-0.003703885,0.00045887,0,0,0.00060128,-0.017944641,0.052280304,0.735092315,0.958737872,0.275952027,-0.016779653,-0.00594172,0.000468795,0,0,0,0,-0.002389553,0.03770481,0.090246409,0.021002791,-0.002845685,1.53E-05,0.000159007,-0.005289965,0.021998417,0.528895666,1.033749336,0.498910692,-0.028863937,-0.004833946,0.000379112,0,0,0,0,0,-0.028274561,0.461531216,0.7998253,0.254765795,-0.027483439,-0.000136438,-0.002106005,-0.040283701,0.359998826,1.008043768,0.805652012,0.112065479,-0.018025854,-2.08E-05,0,0,0,0,0,0,-0.041522212,0.690985345,0.996898403,0.285666428,-0.035042803,-0.000315598,-0.025962878,0.273340993,0.928078636,0.935158983,0.228868941,-0.027346967,5.45E-05,2.11E-05,0,0,0,0,0,0,-0.02564328,0.394028969,1.025298356,0.477360311,-0.024476632,-0.024933841,0.094231005,0.77883975,1.027483762,0.48978658,-0.023051743,-0.000570176,8.00E-05,0,0,0,0,0,0,0,-0.00857354,0.087467677,0.887856963,0.748893237,0.029212458,0.061481272,0.632055308,1.01320754,0.641733164,0.043873987,-0.010445627,0.000132485,0,0,0,0,0,0,0,0,-0.003091759,-0.000738613,0.649205167,0.983270255,0.31295023,0.757546858,1.052090669,0.71165082,0.076895289,-0.021079247,0.000408497,0,0,0,0,0,0,0,0,0,-0.001728656,-0.016084014,0.468069019,1.016402676,0.906281287,1.0343886,0.757650242,0.121837469,-0.017582244,0.00075904,0,0,0,0,0,0,0,0,0,0,-0.000962214,-0.022569887,0.355169016,1.025324942,0.987015103,0.637597273,0.111933517,-0.030296398,0.00023172,5.14E-05,0,0,0,0,0,0,0,0,0,0,6.08E-05,-0.012419475,0.070466861,0.441417092,0.353039131,0.024380208,-0.016194444,0.000673203,2.91E-05,0,0,0,0,0,0,0,0,0,0,0,0,0.000914455,-0.006812706,-0.025633229,-0.027673432,-0.007161856,0.000672618,0,0,0,0,0,0,0,0,0,0,0,0,0,0,3.98E-05,-0.000211397,-0.002100865,-0.0011674,5.62E-05,0,0,0,0,0,0,0,0,0,0,0,0,0,0,0,0,0,0,0,0,0,0,0,0,0,0,0,0,0,0,0
0,0,0,0,0,0,0,0,0,0,0,0,0,0,0,0,0,0,0,0,0,0,0,0,0,0,0,0,0,0,0,0,0,0,0,0,0,0,0,0,0,0,0,4.89E-06,0.000101097,-0.00175533,-0.004321063,-0.000541858,8.15E-05,0,0,0,0,0,0,0,0,0,0,0,0,0,0,6.69E-06,1.55E-05,-0.001320244,-0.004324483,-0.017511465,0.000109954,0,0,0,0,0,0,0,0,0,0,0,0,0,0,-0.000778799,-0.018174224,0.292800705,0.771307547,0.366798388,-0.014989277,0,0,0,0,0,0,0,0,0,0,0,0,0,0,-0.002542892,-0.007013583,0.562957533,1.0731106,0.680981581,-0.021281999,0,0,0,0,0,0,0,0,0,0,0,0,0,0,-0.003645987,0.007839103,0.673712044,1.033269114,0.486293941,-0.02066602,4.90E-05,0.00021378,-0.007961601,-0.011444023,-0.000517429,6.81E-05,0,0,0,0,0,0,0,0,-0.00413645,0.013964728,0.727461698,1.018357079,0.313878396,-0.020279782,1.47E-05,-0.003564062,0.039151686,0.057949469,-0.006601851,0.000458603,0,0,0,0,0,0,0,0,-0.006253676,0.040075368,0.961870609,0.964464461,0.120594146,-0.018833742,-0.005416667,0.007439236,0.524368702,0.736961311,0.106147365,-0.010683041,-0.000297437,-0.001770578,-0.002168939,-0.001770578,-0.000297437,0,0,0,-0.006217678,0.039525684,0.958659569,0.968525174,0.125528464,-0.019680658,-0.012535233,0.028406744,0.706768808,1.026539769,0.320109869,-0.067595878,-0.030929347,-0.01486569,-0.010484676,-0.015665935,-0.005849077,0,0,0,-0.00620287,0.0394319,0.956456836,0.965981345,0.098199353,-0.051350439,-0.035612064,0.028425943,0.709067725,1.017491321,0.532611145,0.21811826,0.28649566,0.465634481,0.513505819,0.473913484,0.104490656,0,0,0,-0.006320823,0.040693644,0.968123502,0.99214454,0.505499725,0.418692317,0.586457738,0.659517616,0.910348975,1.00452521,1.012132693,1.014731345,1.020145135,1.038061819,1.045206372,1.034313385,0.254522314,0,0,0,-0.004627716,0.020072289,0.778666483,1.015932646,1.008207952,1.009368928,1.02506874,0.984402796,1.01459006,0.975550475,0.862533903,0.630228945,0.546197006,0.559791284,0.493826633,0.253509539,0.06467536,0,0,0,-0.000132761,-0.013744043,0.125824142,0.46186266,0.478050307,0.481725303,0.398672505,0.270276484,0.688766187,0.826892283,0.030397859,-0.026610924,-0.020615298,-0.020626702,-0.020726835,-0.020142633,-0.004800347,0,0,0,2.30E-05,0.001133578,-0.012776586,-0.042343665,-0.043351185,-0.043594686,-0.037604116,-0.029831818,0.085681577,0.237261271,0.004586312,-0.000688913,0,0,0,0,0,0,0,0,0,0,0,0,0,0,8.82E-05,0.000166513,-0.011842371,-0.023465071,-0.001018689,0.000122549,0,0,0,0,0,0,0,0,0,0,0,0,0,0,0,1.15E-05,-0.000130974,-0.000339774,4.60E-06,0,0,0,0,0,0,0,0,0,0,0,0,0,0,0,0,0,0,0,0,0,0,0,0,0,0,0,0,0,0,0,0,0,0,0,0,0,0,0,0,0,0,0,0,0,0,0,0,0,0,0,0,0,0,0,0,0,0,0,0,0,0,0,0,0,0
0,0,0,0,0,0,0,0,0,0,0,0,0,0,0,0,0,0,0,0,0,0,0,0,0,0,0,0,0,0,0,0,0,0,0,0,0,0,0,0,0,0,0,0,0,0,0,0,0,0,0,0,0,0,0,0,0,0,0,0,0,0,0,1.26E-05,3.17E-05,-0.002964971,-0.00286392,5.40E-05,2.09E-05,0,0,0,0,0,0,0,0.000278288,-0.003308976,-0.021363817,-0.008754647,0,0,0,-1.52E-05,-0.000718273,0.010103214,0.006243243,-0.002846653,0.000176845,0,0,0,0,0,0.000115809,0.000302083,-0.020140046,0.005791448,0.316336244,0.141443236,0,0,0,-0.002409212,-0.001018008,0.520265029,0.528736162,0.010345125,-0.005520663,0,0,0,0,2.68E-05,0.000201236,-0.016633459,0.076854984,0.598188517,0.999956359,0.26901474,0,0,0,-0.003864685,0.010034552,0.723949619,0.787839835,0.060180078,-0.011879425,0,0,0,0.000334271,-0.00258621,-0.031975303,0.133573138,0.747300705,1.037665216,0.707634974,0.096530331,0,0,0,-0.002321705,-0.008514652,0.540918702,0.911879832,0.100163406,-0.016118721,0,1.37E-18,0.000538095,-0.007151137,-0.023555297,0.194823149,0.833173094,0.993340331,0.564914571,0.03818692,-0.004870062,0,0,0,-0.001182955,-0.02253736,0.420140268,0.878099077,0.087056734,-0.014703329,0.000139706,-0.0006226,-0.012901195,-0.00651458,0.366827955,0.932203551,0.961613647,0.358311921,-0.017175971,-0.014735669,-0.000536152,0,0,0,-0.001347988,-0.020493685,0.45234889,0.714063334,0.034007837,-0.008739754,-0.00404136,-0.019011574,0.070918981,0.596944665,0.98594533,0.903443338,0.281480733,-0.028869332,-0.003223218,0.000344669,0,0,0,0,-0.003627502,0.007593359,0.70299229,0.678628915,0.02719457,-0.012367426,-0.029338048,0.267852635,0.843852805,1.030734241,0.695672726,0.146052611,-0.027658769,-0.002379391,0.000293506,0,0,0,0,0,-0.003688879,0.008358609,0.709000783,0.685525906,0.011223418,-0.010230443,0.40439951,0.907501004,0.999409688,0.504423926,0.064199653,-0.023005464,-0.000279514,8.76E-05,0,0,0,0,0,0,-0.004085341,0.013270182,0.762434607,0.555978082,0.077439916,0.581053395,1.027189712,0.880901309,0.336107442,-0.018582114,-0.015815872,0.001131222,0,0,0,0,0,0,0,0,-0.006281812,0.040245285,0.989922913,0.677713712,0.789755157,1.011873655,0.683279786,0.122770578,-0.030303649,-0.00471784,0.000362541,0,0,0,0,0,0,0,0,0,-0.00625623,0.039764025,0.959912735,1.018438862,0.890529449,0.353747175,0.030810798,-0.017499098,0.000607128,0,0,0,0,0,0,0,0,0,0,0,-0.002768638,0.017540526,0.433575623,0.361916258,0.112994154,-0.024949755,-0.01169053,0.000489583,3.68E-05,0,0,0,0,0,0,0,0,0,0,0,0.000177696,-0.001126328,-0.027756127,-0.02392356,-0.009985427,-0.000784314,0.000104677,0,0,0,0,0,0,0,0,0,0,0,0,0,0,0,0,0,0,0,0,0,0,0,0,0,0,0,0,0,0,0,0,0,0,0,0,0,0,0,0,0,0,0,0,0,0,0,0,0,0,0,0,0,0,0,0,0,0,0,0,0,0,0,0,0,0,0,0,0,0
0,0,0,0,0,0,0,0,0,0,0,0,0,0,0,0,0,0,0,0,0,0,0,0,0,0,0,0,0,0,0,0,0,0,0,0,0,0,0,0,0,0,0,0,0,0,0,0,0,0,0,0,0,0,0,0,0,0,0,0,0,0,0,0,0.00035386,-0.002108354,-0.016041411,-0.005508285,0.000406965,0,0,0,0,0,0,0,0,0,0,0,0,0,0,3.68E-06,-0.004725797,0.025812721,0.231276008,0.087500968,-0.006052219,0,0,0,0,0,0,0,0,0,0,0,0,0,0,-1.59E-05,-0.021419952,0.147215976,0.789485907,0.189365174,-0.018181849,0,0,0,0,0,0,0,0,0,0,0,0,0,0,-0.000167433,-0.030600746,0.262396548,0.915303888,0.118550762,-0.017760417,0,0,0,0,0,0,0,0,0,0,0,0,0,0,-0.001555532,-0.01858599,0.458873857,0.970170821,0.114278196,-0.017728758,0,0,0,0,0,0,0,0.00070523,-0.019399477,-0.037050671,-0.010163059,0,0,0,-0.003306679,0.003582006,0.644087674,0.95958798,0.117345145,-0.017977431,0,0,0,4.04E-05,-0.000134344,-0.002821895,-0.019570415,-0.048729916,0.142521911,0.308831716,0.085393757,0,0,0,-0.003474929,0.005551385,0.674464427,0.833321385,0.075983959,-0.01353588,0,1.87E-18,0.000327819,-0.004045188,-0.021476665,-0.004257744,0.290926607,0.723700146,0.84876296,0.974441347,0.256473686,0,0,0,-0.004169373,0.014205048,0.755124915,0.762479286,0.048927463,-0.011211278,0.000474452,-0.007679313,-0.031881553,-0.017595203,0.17146538,0.651230256,0.958075231,0.696563811,0.37708882,0.285717848,0.048571708,0,0,0,-0.002958691,-0.001348635,0.610695364,0.982714937,0.169305505,-0.039827836,-0.025911884,0.07150063,0.316959678,0.552155164,0.862020272,0.748994775,0.312376379,0.027188743,-0.032854246,-0.019328329,-0.003639144,0,0,0,-0.000538146,-0.023812914,0.275703633,0.962239666,0.831493742,0.3585208,0.533873823,0.800183781,0.919376826,0.559068618,0.298065866,0.068926868,-0.040296258,-0.007555134,0.00094703,0,0,0,0,0,5.67E-05,-0.003940462,-0.00851971,0.375409348,0.878626568,0.915120915,0.761430045,0.461447049,0.253939883,-0.009462432,-0.023385417,-0.010969499,3.06E-06,5.51E-05,0,0,0,0,0,0,0,0.000352328,-0.003887953,0.0009495,0.146015637,0.175673356,0.073199074,-0.034988545,-0.024324295,-0.000732492,0.000276586,0,0,0,0,0,0,0,0,0,0,0,0.000359988,-0.003589154,-0.022498166,-0.025759498,-0.014089461,-0.000579657,0.00010386,0,0,0,0,0,0,0,0,0,0,0,0,0,0,0,0,0,0,0,0,0,0,0,0,0,0,0,0,0,0,0,0,0,0,0,0,0,0,0,0,0,0,0,0,0,0,0,0,0,0,0,0,0,0,0,0,0,0,0,0,0,0,0,0,0,0,0,0,0,0,0,0,0,0,0,0,0,0,0,0,0,0,0,0,0,0,0,0
0,0,0,0,0,0,0,0,0,0,0,0,0,0,0,0,0,0,0,0,0,0,0,0,0,0,0,0,0,0,0,0,0,0,0,0,0,0,0,0,0,0,0,0,0,0,0,0,0,0,0,0,0,0,0,0,0,0,0,0,0,0,0,6.43E-06,0.00045098,-0.004782067,-0.013503421,-0.001850465,0.000241524,0,0,0,0,0,0,0,6.08E-05,-0.000927143,-0.002262612,-0.000221558,0,0,0,4.90E-06,-0.006943117,0.052832125,0.171151416,0.015489483,-0.002972154,0,0,0,0,0,0,0.000727635,-0.008269336,-0.020038268,-0.009958112,-0.00663111,0,0,0,-0.001200929,-0.02153382,0.406932394,0.96234501,0.203798221,-0.018007557,0,0,0,0,1.66E-05,0.000775718,-0.014290152,0.018957653,0.326437603,0.52711746,0.092436343,0,0,0,-0.001766442,-0.015602669,0.470575827,1.054305556,0.331993141,-0.020893587,0,0,0,4.48E-05,-3.89E-05,-0.018029429,0.059567844,0.541538416,0.986049913,1.077428326,0.280691823,0,0,0,-0.000388896,-0.032409502,0.319366754,1.053900286,0.324096042,-0.020669935,0,1.61E-18,0.000395418,-0.004035049,-0.030795677,0.041569205,0.649280349,1.023475229,0.883430198,0.561595243,0.080512277,0,0,0,-0.000434028,-0.031852873,0.324286152,1.053629493,0.324096042,-0.020669935,4.50E-05,0.000179177,-0.009970248,0.001998152,0.203472205,0.666573461,1.032784484,0.706583929,0.07116881,-0.032580848,-0.005770357,0,0,0,-0.000349265,-0.032898284,0.314893791,1.055884395,0.327181525,-0.020566687,-0.001368566,-0.029905927,0.054288705,0.510883032,0.911080219,1.036978486,0.705166037,0.091800534,-0.019198039,0.00017293,0,0,0,0,-0.001102431,-0.023609239,0.39793139,1.04062066,0.308401139,-0.020626668,-0.015356124,0.191552747,0.644281165,1.025701222,1.030057377,0.689127451,0.068126294,-0.01988271,0.000350373,7.97E-05,0,0,0,0,-0.003244996,0.002815734,0.639032458,0.941995421,0.139651835,-0.054011217,0.190679381,0.900254408,1.044752502,0.813829457,0.41622995,0.06487774,-0.016048696,-9.24E-06,3.30E-05,0,0,0,0,0,-0.003276161,0.003200101,0.643395941,0.922966705,0.323763974,0.530508795,0.935529415,0.952772241,0.645576176,0.114016606,-0.035235348,-0.012083639,0.000808263,2.69E-05,0,0,0,0,0,0,-0.004877247,0.022518519,0.811334065,1.022955048,1.026534555,1.02507307,0.955194053,0.248711601,-0.039937926,-0.013287439,-0.001722154,9.75E-05,9.19E-06,0,0,0,0,0,0,0,-0.005125664,0.031152488,0.801344635,0.816379936,0.812081991,0.678532016,0.225996783,-0.019133085,-0.000183007,0,0,0,0,0,0,0,0,0,0,0,-0.000198938,-0.00068093,0.048350201,0.047818083,0.033032422,0.049124251,-0.03106873,-0.001605699,0.000184743,0,0,0,0,0,0,0,0,0,0,0,3.34E-05,-9.94E-05,-0.006160437,-0.006270731,-0.005443571,-0.00589711,3.26E-05,4.96E-05,0,0,0,0,0,0,0,0,0,0,0,0,0,0,0,0,0,0,0,0,0,0,0,0,0,0,0,0,0,0,0,0,0,0,0,0,0,0,0,0,0,0,0,0,0,0,0,0,0,0,0,0,0,0,0,0,0,0,0,0,0,0,0,0,0,0,0,0,0
0,0,0,0,0,0,0,0,0,0,0,0,0,0,0,0,0,0,0,0,0,0,0,2.55E-06,7.27E-05,-0.001109069,-0.00231124,-0.000193123,3.57E-05,0,0,0,0,0,0,0,0,0,0,0,0,0,0,0.000112052,-0.000492285,-0.018629285,-0.026952173,-0.009336924,0.000577331,0,0,0,0,0,0,0,0,0,0,0,0,0,0,-0.001208487,-0.003968801,0.276709491,0.477451355,0.084281589,-0.00869247,0,0,0,0,0,0,0,0,0,0,0,0,0,0,-0.003457925,0.003052458,0.674559011,1.070482775,0.500806598,-0.020845248,0,0,0,0,0,0,0,0,0,0,0,0,0,0,-0.00157261,-0.009556679,0.375254391,0.94578799,0.614709161,-0.020761846,9.98E-18,0,0,0,0,0,1.52E-17,0.000263821,-0.01045913,-0.007518893,0.000659552,0,0,0,9.93E-05,-0.013667892,0.04742402,0.745925381,0.832931597,-0.020669935,4.99E-18,0,0,0,1.53E-05,0.000212418,-0.004172454,-0.019408871,0.098193188,0.064127519,-0.01328925,0,0,0,0,-0.010451877,0.040650079,0.715836272,0.916864155,0.107180795,-0.011214976,0,0,0,0.000514553,-0.010397456,-0.023699554,0.281199129,0.851136264,0.757643594,0.126363207,0,0,0,5.21E-06,-0.014947815,0.079230341,0.77598143,0.730452574,-0.020669424,4.99E-18,1.51E-18,0.000204759,-0.001802821,-0.027573325,0.032172947,0.504528578,0.904526076,1.054865833,1.09526057,0.293774272,0,0,0,3.78E-05,-0.025259225,0.162998196,0.903061938,0.404621279,-0.020755889,0.000275735,-0.001187194,-0.019980937,-0.017676851,0.303729405,0.740278527,1.030133749,0.901840057,0.417475117,0.372000153,0.101934606,0,0,0,-0.00128508,-0.021284569,0.416981618,1.041157816,0.168795062,-0.020420241,-0.001079963,-0.003804977,0.086918403,0.531313304,0.958318236,1.002681407,0.633605545,0.15448092,-0.030711294,-0.029998519,-0.007601818,0,0,0,-0.003215584,0.002388651,0.642136829,0.877091044,0.098268959,-0.016797896,-0.032908667,0.156545735,0.766032731,1.03625783,1.011908463,0.466879374,0.030688623,-0.018899714,-0.000777333,-0.000730852,-0.000225797,0,0,0,-0.005855652,0.035013826,0.936554241,0.778614474,0.050742092,-0.035811796,0.142334325,0.8701528,1.031095179,0.762262116,0.200316997,0.008729787,-0.015266245,0.000627217,0,0,0,0,0,0,-0.005983456,0.036578125,0.947114924,0.813715091,0.11909898,0.277789692,0.820671552,1.028519029,0.675761166,0.094590178,-0.030563725,-0.005104507,0.000611554,3.57E-06,0,0,0,0,0,0,-0.003803258,0.008706784,0.703153186,0.995264263,0.789202404,0.935477618,1.032430164,0.667627281,0.073835257,-0.011932708,-0.000447644,0,0,0,0,0,0,0,0,0,-0.000531607,-0.021201168,0.252877451,0.898849877,1.043637302,0.896069104,0.535422522,0.013771718,-0.019891953,9.48E-06,0.000137868,0,0,0,0,0,0,0,0,0,4.70E-05,-0.002208997,-0.008035709,0.213000749,0.448240101,0.171588423,0.001046279,-0.007778135,0.000230239,7.34E-06,0,0,0,0,0,0,0,0,0,0,0,0.000337532,-0.001589163,-0.019491307,-0.028069757,-0.023138784,-0.003528596,0.000393787,7.34E-06,0,0,0,0,0,0,0,0,0,0,0,0,0,5.53E-05,-0.000630617,-0.001953141,2.21E-05,0,0,0,0,0,0,0,0,0,0,0,0,0,0,0,0,0,0,0,0,0,0,0,0,0,0,0,0,0,0,0
0,0,0,0,0,0,0,0,0,0,0,0,0,0,0,0,0,0,0,0,0,0,0,0,0,0,0,0,0,0,0,0,0,0,0,0,0,0,0,0,0,0,0,0,0,0,0,0,0,0,0,0,0,0,0,0,0,0,0,0,0,0,0,1.21E-05,4.93E-05,-0.002920854,-0.004151808,-0.000299774,6.08E-05,0,0,0,0,0,0,0,0,0,0,0,0,0,0,4.93E-05,-0.001666548,0.003824108,0.015389451,-0.002815264,-6.31E-05,0,0,0,0,0,0,0,0,0,0,0,0,0,0,-0.002862132,0.003314338,0.565476563,0.71539231,0.078740505,-0.011613051,0,0,0,0,0,0,0,0,0,0,0,0,0,0,-0.004723192,0.020766799,0.795682002,1.015412105,0.207319514,-0.020108592,0,0,0,0,0,0,0,0,0,0,0,0,0,0,-0.005467368,0.030343613,0.873019292,1.008865008,0.212131809,-0.020211161,0,0,0,0,0,0,0,0.000232359,-0.003413865,-0.011873548,-0.003113611,0,0,0,-0.004170496,0.014289982,0.737001804,0.962421875,0.171739432,-0.018282612,6.99E-05,-0.00032981,-0.004036509,-0.005038981,-0.01111249,-0.019183211,-0.02707164,-0.037784058,-0.00581273,0.07078942,0.020152676,0,0,0,-0.003474929,0.005811802,0.663235447,0.932270101,0.139310244,-0.039285029,-0.034681679,-0.033666718,0.012508493,0.021317975,0.130716673,0.274962571,0.418569172,0.571804126,0.64235019,0.769944189,0.178696793,0,0,0,-0.00590819,0.035760144,0.92097389,1.00686123,0.456234934,0.122917977,0.239678479,0.317731362,0.717676351,0.892512841,0.92657438,0.985069598,0.994876174,1.03096458,1.047025532,0.916701338,0.17466585,0,0,0,-0.006373264,0.041019029,0.974563623,1.010354609,0.930743566,0.846012612,1.005446164,1.057226358,1.030462929,1.025067228,0.965330457,0.981614277,0.99461523,0.792574312,0.426017386,0.255038263,0.015005821,0,0,0,-0.004738137,0.023773032,0.773089509,0.951477705,0.964229621,0.978257103,0.908574949,0.867433384,0.746922262,0.647526999,0.311270128,0.238042647,0.258985552,0.071690667,-0.03635495,-0.034001366,-0.002568179,0,0,0,-0.000103656,-0.006943083,0.068137255,0.276187109,0.307680588,0.313609579,0.154977958,0.039429126,0.013256825,-0.01057463,-0.019042926,-0.019415339,-0.01992562,-0.012933177,-0.001151095,0.000212759,0,0,0,0,2.04E-05,0.000537003,-0.007716333,-0.026043794,-0.028796896,-0.029319853,-0.015399901,-0.005267055,-0.002972239,-0.000895551,2.98E-05,0,0,0,0,0,0,0,0,0,0,0,0,0,0,0,0,0,0,0,0,0,0,0,0,0,0,0,0,0,0,0,0,0,0,0,0,0,0,0,0,0,0,0,0,0,0,0,0,0,0,0,0,0,0,0,0,0,0,0,0,0,0,0,0,0,0,0,0,0,0,0,0,0,0,0,0,0,0,0,0,0,0,0,0,0,0,0,0,0,0,0,0,0,0,0,0,0,0,0,0,0,0,0,0,0,0
0,0,0,0,0,2.07E-18,0.000812738,-0.009241283,-0.029125391,-0.002162905,0.000474877,0,0,0,0,0,0,0,0,0,0,0,0,0,0,4.68E-05,-0.009369894,0.091095875,0.311012136,0.003529837,-0.018194955,0.000787377,0,0,0,0,0,0,0,0,0,0,0,0,0,-0.000118473,-0.019301343,0.387640044,0.957282928,0.79109117,0.473578805,-0.029328656,0,0,0,0,0,0,0,0,0,0,0,0,0,-0.003170105,0.015447134,0.716910695,1.018651654,1.024462861,0.538904412,-0.033761029,0,0,0,0,0,0,0,0,0,0,0,0,0,-0.021369911,0.223028748,0.896707754,1.004330559,0.975636387,0.26387117,-0.018551471,0,0,0,0,0,0,0,0,0,0,0,0,0,-0.018864039,0.194461806,0.920799702,1.005737524,0.970428088,0.223765336,-0.01634181,0,0,0,0,0,0,0,0,0,0,0,0,0,-0.033634174,0.36284135,0.971330816,1.007830593,0.831291326,0.093340618,-0.008791309,0,0,0,0,0,0,0,0,0,0,0,0,0,-0.036746871,0.398267838,0.985281282,1.014438279,0.747594201,0.00809486,-0.003881313,0,0,0,0,0,0,0,0,0,0,0,0,0,-0.033913314,0.36602405,0.972346062,1.011559317,0.76470578,0.018253166,-0.004484681,0,0,0,0,0,0,0,0,0,0,0,0,0,-0.039570568,0.43050994,0.993627213,1.019282186,0.589709082,-0.001570261,-0.00287837,0,0.000469669,-0.007738358,-0.011137868,-0.010863971,-0.009922649,-0.003937194,-0.000785539,0,0,0,0,0,-0.039481209,0.429441891,0.995324895,1.034054688,0.368474469,-0.026766612,-0.000246902,-0.005286253,-0.036273608,0.020357979,0.046354354,0.0443213,0.035808348,0.003434504,0.004379868,0,0,0,0,0,-0.036328125,0.393557156,0.981135536,1.032991047,0.355336601,-0.047803445,-0.028424428,0.039561762,0.339666088,0.623500783,0.712272416,0.709945619,0.70937759,0.4070008,0.039036186,0,0,0,0,0,-0.045207255,0.494758673,1.014942627,1.023772047,0.448345818,0.272051554,0.553621999,0.672030256,0.984680948,1.042080989,1.068396128,1.020624057,0.969060286,0.606066593,0.037520433,0,0,0,0,0,-0.044549122,0.487223243,1.013844421,0.992587316,1.003379187,1.011870711,1.019407884,1.016438656,0.931554024,0.817453772,0.636434862,0.434729082,0.153266615,-0.01952291,-0.001023625,0,0,0,0,0,-0.044666565,0.487842797,1.043853729,1.028579282,1.026042075,1.018760349,1.005310662,0.72296786,0.216123247,0.115986877,-0.004704708,-0.02231393,-0.017450369,0.000612745,0,0,0,0,0,0,-0.020399731,0.217716248,0.685894328,0.719033735,0.720768382,0.658045224,0.39369293,0.076564126,-0.032408361,-0.019655876,-0.005329657,-0.001774816,0.00022013,0,0,0,0,0,0,0,0.00130336,-0.013957567,-0.04187156,-0.043614685,-0.043698529,-0.040245047,-0.025750664,-0.007525172,0.000169016,2.55E-05,0,0,0,0,0,0,0,0,0,0,0,0,0,0,0,0,0,0,0,0,0,0,0,0,0,0,0,0,0,0,0,0,0,0,0,0,0,0,0,0,0,0,0,0,0,0,0,0,0,0,0,0,0,0,0,0,0,0,0,0,0,0,0,0,0
0,0,0,0,0,0,0,0,0,0,0,0,0,0,0,0,0,0,0,0,0,0,0,0,0,0,0,0,0,0,0,0,0,0,0,0,0,0,0,0,0,0,0,0,0,0,0,0,0,0,0,0,0,0,0,0,0,0,0,0,0,0,0,0,0,0,1.07E-05,5.70E-05,-0.001608252,-0.00416156,-0.0006178,4.96E-05,0,0,0,5.36E-05,-0.000611213,-0.001037972,2.14E-05,0,0,0,0,0,0,3.17E-18,0.000590788,-0.00912259,-0.017137629,0.020268008,-0.000331444,-3.95E-05,0,2.57E-05,0.000609069,-0.009743056,-0.025681373,-0.019576964,0.000498366,0,0,0,0,0,0,0.000531897,-0.012542722,0.025403724,0.460955848,0.722993379,0.138377264,-0.010465431,1.86E-17,0.000582006,-0.016328244,0.024978077,0.307002332,0.376589842,-0.007999728,0,0,0,0,0,0,-0.005638106,0.043363971,0.573556249,0.910684419,0.422481754,0.086963678,-0.006645016,-0.002459813,-0.026385893,0.097466759,0.673735243,1.018601307,0.657491354,-0.021722324,0,0,0,0,0,0,-0.017080853,0.174998386,0.964683254,0.611862677,-0.036838371,-0.016238841,-0.00635254,-0.03740963,0.299072194,0.878759172,0.883278335,0.377348559,0.020540602,-0.003564028,0,0,0,0,0,0,-0.02201074,0.232921347,0.961556483,0.500055317,-0.047726171,-0.008237439,0.001934419,0.400725697,0.908291752,0.723406573,0.082141953,-0.030110209,-0.009024126,0.000430624,0,0,0,0,0,0,-0.03070321,0.331964103,0.991882771,0.501549088,-0.069882591,0.015225337,0.534987405,0.981931162,0.557763668,0.057902012,-0.015287531,0.000277267,0,0,0,0,0,0,0,0,-0.036108558,0.393614515,1.013156822,0.48405142,0.064338303,0.663427185,0.900776042,0.373419873,-0.014822559,-0.01458027,0.000275735,5.06E-05,0,0,0,0,0,0,0,0,-0.031878064,0.344626566,0.978503085,0.726788126,0.781549905,0.837151569,0.223359852,-0.025796798,-0.004577393,0.000103248,1.56E-05,0,0,0,0,0,0,0,0,0,-0.035229234,0.380788424,1.003018591,0.99615067,0.658972559,0.115069028,-0.020714249,-0.002072239,0.000264971,0,0,0,0,0,0,0,0,8.19E-05,-0.000438164,-0.00610095,-0.048364447,0.444991609,0.839342176,0.399474197,0.030028765,-0.029128847,-0.007983405,-0.001122508,0.000126123,0,0,0,0,0,0,0,0,0.000500999,-0.008129068,0.051344414,0.098824942,0.119232264,0.118088864,-0.017473056,0.01641076,0.109217422,0.099928666,0.019910827,-0.001841469,0,0,0,0,0,0,0,0,-0.022283233,0.171784365,0.804342184,0.696668947,0.159698751,-0.038760905,-0.011714274,0.126428122,0.593941687,0.500652897,0.072606396,-0.008505072,0,0,0,0,0,0,0,0,-0.018486813,0.160890761,0.365908088,0.078979184,-0.01757501,0.001045769,0.000530842,-0.00697355,-0.032817402,-0.027688011,-0.004031582,0.000470792,0,0,0,0,0,0,0,0,0.002011219,-0.017378827,-0.041855204,-0.011977906,0.00082304,0,0,0,0,0,0,0,0,0,0,0,0,0,0,0,0,0,0,0,0,0,0,0,0,0,0,0,0,0,0,0,0,0,0,0,0,0,0,0,0,0,0,0,0,0,0,0,0,0,0,0,0,0
0,0,0,0,0,0,0,0,0,0,0,0.000187228,-0.001197464,-0.010432836,-0.003117766,0.000405944,0,0,0,0,0,0,0,0,0,0,0,0,0,0,0,-0.002134395,0.013651095,0.118934334,0.035542535,-0.004627757,0,0,0,0,0,0,0,0,0,0,0,0,0,0,0,-0.000695039,0.004445307,0.038729465,0.011573978,-0.001506971,0,0,0,0,0,0,0,0,0,0,0,0,0,0,0,7.49E-05,-0.000478986,-0.004173135,-0.001207584,1.24E-05,-0.002733252,-0.00447281,-0.000866268,8.30E-05,0,0,0,0,5.51E-05,0.000416667,-0.010971201,-0.01378623,-0.00033701,6.13E-05,0,0,0,8.27E-06,0.000381127,-0.005687755,-7.94E-05,0.018665022,-0.001027114,7.19E-05,0,0,0,1.53E-05,0.000993668,-0.017408173,0.046059964,0.070643658,-0.015956478,0.001214001,0,0,6.33E-18,0.000636693,-0.021208861,0.035369298,0.543759906,0.760790819,0.183909995,-0.017400259,0,0,0,0.000395731,-0.02640642,0.130504749,0.696362422,0.73923313,0.218998928,-0.020647382,0,0.00015659,-0.000499368,-0.020754902,0.073685015,0.614493396,0.995857588,0.991756927,0.30111877,-0.028291803,0,0,0,-0.011810923,0.15352897,0.729188968,1.047863248,0.980277287,0.283535713,-0.026738701,0.000193633,-0.00262525,-0.029715314,0.10166045,0.693523824,1.054254311,0.958793482,0.422201532,0.036101005,-0.004750367,0,0,0,-0.027691585,0.42872389,1.013004119,1.015750613,0.68354762,0.014190325,-0.002804228,-0.004216163,-0.02015271,0.226973082,0.793799769,1.03877548,0.934834048,0.362722086,-0.023251158,-0.00898012,0.000527642,0,0,0,-0.015043045,0.199807649,0.999553581,0.708219635,0.122560824,-0.01302502,-0.02067065,-0.009884736,0.420476341,0.910598545,1.05249857,0.834306424,0.232252451,-0.007201185,-0.004569422,0.000297862,0,0,0,0,-0.01067065,0.120482741,0.991295547,0.683577751,0.019696405,-0.034200742,0.091900957,0.557214852,0.992577172,1.027281671,0.774450283,0.177822883,-0.039145016,-0.003942862,0.000491623,0,0,0,0,0,-0.011343954,0.132477192,0.986335444,0.802723312,0.055759175,0.168070653,0.734682087,1.029018961,1.0351859,0.807117797,0.123340567,-0.023192844,-0.000211857,5.79E-05,0,0,0,0,0,0,-0.006441289,0.051314476,0.814258065,0.990587097,0.65513382,0.89974432,1.034600743,0.992333578,0.704528624,0.161559268,-0.022556069,0.000216817,7.34E-05,0,0,0,0,0,0,0,-0.004202768,0.014020612,0.745889485,1.01277325,1.020068247,1.024623996,0.794606464,0.355909909,-0.004417399,-0.018236619,-0.000295309,6.38E-05,0,0,0,0,0,0,0,0,-0.004408344,0.015768467,0.768786373,1.043416224,0.931645877,0.590601716,0.11522595,-0.040646735,-0.002214205,0.000366883,0,0,0,0,0,0,0,0,0,0,-0.002308977,0.001658139,0.459403169,0.65517916,0.222995529,-0.0111763,-0.0157003,-0.000176471,7.54E-05,0,0,0,0,0,0,0,0,0,0,0,0.000144761,-0.000157629,-0.028340942,-0.040187449,-0.016194152,-0.002342422,-0.000132557,4.04E-05,0,0,0,0,0,0,0,0,0,0,0,0,0,0,0,0,0,0,0,0,0,0,0,0,0,0,0,0,0,0,0,0,0,0,0,0,0,0,0,0,0,0,0,0,0,0,0,0,0,0,0,0,0,0,0,0,0,0,0,0,0,0,0,0,0,0,0,0,0
0,0,0,0,0,0,0,0,0,0,0,0,0,0,0,0,0,0,0,0,0,0,0,0,0,0,0,0,0,0,0,0,0,0,0,0,0,0,0,0,0,0,0,0,0,0,0,0,0,0,0,0,0,0,0,0,0,0,0,0,0,0,0,0,0.000113051,-0.000726716,-0.004483915,-0.004908738,-0.000895374,8.81E-05,2.68E-05,-0.000305607,-0.001183146,1.07E-05,0,0,0,0,0,0,0,0,0,0,-0.00010386,-0.000498264,0.017204504,0.031117718,0.00622983,-0.000320415,-0.001364634,-0.015371477,-0.018408663,-0.008128574,0.000750613,0,0,0,0,0,0,0,0,1.10E-18,-0.021929228,0.149644574,0.772086346,0.778467942,0.14118813,-0.014628013,-0.006455099,0.150389689,0.372038424,0.05586797,-0.005343222,9.57E-05,-0.000359562,-0.024474984,-0.037361281,-0.009807326,0,0,0,6.03E-05,-0.035923883,0.251891595,1.036092644,0.521453365,0.043216912,-0.028213508,0.152478214,0.810248077,0.9482525,0.255992562,-0.024418999,-0.016546245,-0.017098737,0.258766798,0.418539284,0.112488596,0,0,0,-0.001655813,-0.01554443,0.446509553,1.030993828,0.291208637,-0.028046723,-0.03467215,0.246850244,1.030542256,0.572912665,0.011343589,-0.048047114,0.132807944,0.505273871,0.950049659,0.930603165,0.214768762,0,0,0,-0.003052288,0.00028428,0.611043147,1.039862507,0.312704333,-0.021118617,-0.028462265,0.297529718,1.013671058,0.424025892,0.025794441,0.365907561,0.880382064,1.032760042,0.785328751,0.190111741,-0.023736298,0,0,0,-0.001097375,-0.021934453,0.381139144,1.029061172,0.316773165,-0.022951491,-0.008941891,0.515216299,1.023225252,0.531683958,0.673222954,1.028393519,0.993555317,0.595116217,0.097551703,-0.024977873,0.001509736,0,0,0,-0.00232644,-0.008019863,0.526340669,1.034500477,0.311746532,-0.021088916,-0.028980171,0.31409135,0.993633459,0.996518062,0.97158335,0.712725541,0.182339614,0.032611962,-0.022124098,0.000121868,2.30E-05,0,0,0,-0.002859018,-0.001976835,0.599133851,0.922925041,0.162061354,-0.035786203,0.016734205,0.702612711,1.005502808,0.955872705,0.396205065,0.051690768,-0.018094073,-0.005147263,0.000276538,2.50E-05,0,0,0,0,-0.003422761,0.00500817,0.666946568,0.842513809,0.025441778,0.157015358,0.657367718,1.0272779,1.007100115,0.515139713,-0.022084013,-0.013754484,0.000403979,4.28E-05,0,0,0,0,0,0,-0.006314849,0.040672658,0.974614226,0.898970078,0.470687973,0.810648403,1.047546518,0.951332227,0.906369043,0.149039752,-0.020658701,0.000336159,0,0,0,0,0,0,0,0,-0.006218699,0.038533378,0.961376668,1.031154616,1.05376313,0.956894387,0.594002264,0.675470673,0.797010655,0.055732763,-0.012010825,0,0,0,0,0,0,0,0,0,-0.002218597,-0.00231684,0.461642395,0.831762102,0.648523416,0.317580304,-0.011550007,0.376322253,0.384029837,-0.013121917,-0.002315325,0,0,0,0,0,0,0,0,0,0.000147518,-0.004996783,0.007035692,0.097885059,0.006151349,-0.024372243,-0.005284722,0.002366166,0.012559011,-0.003499195,0.00018127,0,0,0,0,0,0,0,0,0,0,0.000506298,-0.003707961,-0.015070319,-0.004675352,0.000305736,0.000300844,-0.002657454,-0.003777261,0.000400291,0,0,0,0,0,0,0,0,0,0,0,0,0,0,0,0,0,0,0,0,0,0,0,0,0,0,0,0,0,0,0,0,0,0,0,0,0,0,0,0,0,0,0,0,0,0,0
0,0,0,0,0,0,0,0,0,0,0,0,0,0,0,0,0,0,0,0,0,0,0,0,0,3.83E-05,-0.000293607,-0.006820791,-0.00413637,0.000303309,6.13E-06,0,0,0,0,0,0,0,0,0,0,0,0,0,7.34E-06,0.001230739,-0.015152919,0.01273706,0.003827096,-0.004244935,0.000398068,0,0,0,0,0,0,0,0,0,0,0,0,0,0.000124694,-0.015502247,0.149656233,0.624566399,0.413543692,0.003027744,-0.004007047,0,0,0,0,0,3.88E-05,-0.000727192,-0.001106005,9.70E-05,0,0,0,9.19E-07,-0.002147672,-0.029490128,0.555460529,1.095115772,0.736399697,0.045871204,-0.011289828,0,0,0,0,0.000375306,-0.003978928,-0.025758581,-0.008387459,0.000748911,0,0,0,3.37E-06,-0.016110192,0.08898846,0.782675756,1.053512749,0.533735549,-0.028009276,-0.002079044,0,0,6.53E-19,0.000390625,-0.004138157,-0.00708861,0.329761594,0.285384668,-0.02505787,0,0,0,-8.89E-05,-0.031245183,0.243495098,0.983853996,0.982643271,0.350653544,-0.034140829,0.000157169,0,0,0.000179739,-0.006284892,-0.013506944,0.40807181,1.053129934,0.603047045,-0.054077308,0,0,0,-0.000674555,-0.029679147,0.357302155,1.059305267,0.899707875,0.12639942,-0.012907987,0,0,9.76E-05,-0.001611329,-0.029164934,0.391539701,0.993110299,1.06915613,0.545261778,-0.049718553,0,0,0,-0.003215431,0.00191265,0.635729371,1.040323683,0.762902161,-0.009327768,-0.001002094,1.56E-19,0.000106209,-0.000479699,-0.028822951,0.275424462,0.951285267,1.027061989,0.779777594,0.153234273,-0.015265863,0,0,0,-0.005928871,0.037937636,0.884460138,1.028368175,0.554918589,-0.022374132,0.000138293,7.66E-05,-0.001583606,-0.030405541,0.223962146,0.866743311,1.045258238,0.778216673,0.143786298,-0.027723397,0.001357826,0,0,0,-0.015296211,0.203932581,0.980768348,1.017455525,0.286377118,-0.020618022,7.66E-05,-5.53E-05,-0.022137459,0.173346242,0.8328061,1.042751617,0.859429756,0.18601428,-0.036373772,-0.000228588,7.66E-06,0,0,0,-0.024998009,0.380450572,1.004195636,0.920343256,0.108220347,-0.022575231,-0.010223141,-0.025539045,0.147913092,0.767648588,1.038215703,0.981555147,0.293166394,-0.029469278,0.000112613,6.84E-05,0,0,0,0,-0.035203722,0.565865979,1.040479784,0.741603668,0.052504502,-0.012920862,0.024799488,0.29365264,0.834653194,1.042216717,0.97205383,0.437987207,-0.022813956,-0.001893268,7.81E-05,0,0,0,0,0,-0.043941176,0.723472069,1.062646957,0.867421484,0.598965832,0.576337486,0.697735243,0.930688096,1.051633102,0.892324049,0.375378796,-0.002172437,-0.007531999,0.000198632,0,0,0,0,0,0,-0.017916871,0.266814662,0.76504233,0.923036816,1.002389595,0.998265591,0.991324908,0.960212027,0.632976971,0.178976159,-0.006321232,-0.004998553,0.000474877,0,0,0,0,0,0,0,0.000728962,-0.015089035,0.017342133,0.050003591,0.062176056,0.060800654,0.061620813,0.057613222,0.00565739,-0.024582076,-0.003660301,0.000352328,0,0,0,0,0,0,0,0,6.31E-05,-0.000780688,-0.00448703,-0.006667637,-0.007496127,-0.007401961,-0.007458027,-0.007206699,-0.003432343,-5.77E-05,3.42E-05,0,0,0,0,0,0,0,0,0,0,0,0,0,0,0,0,0,0,0,0,0,0,0,0,0,0,0,0,0,0,0,0,0,0,0,0,0,0,0,0,0,0,0,0,0,0,0,0,0,0,0,0,0,0,0,0,0,0,0,0,0,0,0,0,0,0
0,0,0,0,0,0,0,0,0,0,0,0,0,0,0,0,0,0,0,0,0,0,0,0,0,0,0.000175313,-0.000991093,-0.010285437,-0.016601477,-0.003060321,0.000231822,0,0,0,0,0,0,0,0,0,0,0,0,0,1.12E-17,-0.000603828,-0.010385756,0.044940433,0.105300589,0.015778199,-0.001255045,0,0,0,0,0,0,0,0,0,0,0,0,0,-9.52E-17,-0.013747277,0.195316844,0.725314713,0.890623468,0.195270544,-0.014279769,0,0,0,0,0,0,0,0,0,0,0,0,0,-2.43E-16,-0.021254085,0.419611886,1.042783054,0.98658752,0.258524561,-0.018321844,0,0,0,0,0,0,0,0,0,0,0,0,0,-2.34E-16,-0.020676062,0.405669765,1.016859937,0.983546347,0.26183764,-0.018468648,0,0,0,0,0,0,0,0,0,0,0,0,0,-2.39E-16,-0.020736315,0.41128589,1.023103809,0.906371102,0.157023335,-0.012504596,0,0,0,0,0,0,0,0,0,0,0,0,0,-8.00E-17,-0.018546091,0.212474216,0.966384541,0.814916059,0.023241986,-0.004896407,0,0,8.07E-05,-0.000570299,-0.00210183,-0.010299768,-0.015278627,0.001345237,0,0,0,0,0,-4.07E-17,-0.018162105,0.164453803,0.958109783,0.827566806,0.022722784,-0.00491008,6.36E-05,-0.0003654,-0.003493362,-0.014396378,-0.023435628,0.052290452,0.122026825,-0.010671977,0,0,0,0,0,-3.53E-16,-0.020409178,0.54135733,0.989087929,0.441952802,-0.010844431,-0.001822406,0.000419062,-0.005451576,-0.006176181,0.288738766,0.727602005,0.828466328,0.484908258,-0.043882761,0,0,0,0,0,-5.15E-16,-0.020774612,0.733135404,0.948928496,0.18577405,-0.029819632,0.001092337,-0.03131913,0.080137204,0.636075555,1.01374006,1.0673173,0.931893183,0.377362728,-0.035016255,0,0,0,0,0,-4.85E-16,-0.020775803,0.714816728,0.810331053,0.101303666,-0.023980784,-0.02996938,0.120756271,0.676141885,1.010499472,0.774374268,0.47691328,0.185497619,-0.020096337,0.000976988,0,0,0,0,0,-5.76E-16,-0.019985087,0.824482595,0.650793418,-0.021736646,0.042357612,0.324986836,0.850380667,0.970369159,0.551492516,0.073983089,-0.028029942,-0.023053405,-0.000672109,0.000112103,0,0,0,0,0,0.000704657,-0.022729439,0.769521371,0.404386591,0.113657544,0.597793437,0.964526859,0.755892561,0.346855511,-0.022728928,-0.015108422,-0.002433619,-0.000111593,3.57E-05,0,0,0,0,0,0,-0.011169833,0.11234358,0.831706073,0.588526535,0.747002791,0.915502281,0.444638259,0.054645126,-0.010241013,-0.002499064,0.000283395,0,0,0,0,0,0,0,0,0,-0.022957091,0.240658105,0.949094734,1.018941415,0.895293743,0.321951253,-0.0332636,-0.012116608,-0.002611486,0.000268076,0,0,0,0,0,0,0,0,0,0,-0.015649254,0.163717916,0.792206715,0.594346507,0.204062806,0.021758408,-0.004359732,-4.59E-06,1.74E-05,0,0,0,0,0,0,0,0,0,0,0,-0.000913385,0.009548378,0.079915396,0.014945783,-0.024074385,-0.005338042,0.000380335,0,0,0,0,0,0,0,0,0,0,0,0,0,0.000217014,-0.00226971,-0.013668589,-0.006695942,-0.000165952,7.66E-05,0,0,0,0,0,0,0,0,0,0,0,0,0,0,0,0,0,0,0,0,0,0,0,0,0,0,0,0,0
0,0,0,0,0,0,0,0,0,0,0,0,0,0,0,0,0,0,0,0,0,0,0,0,0,0,0,0,0,0,0,0,0,0,0,0,0,0,0,0,0,0,0,0,0,0,0,0,0,0,0,0,0,0,0,0,0,0,0,0,0,0,0,0,0,0,0,0,0,0,0,0,0,0,0,0,1.89E-05,-0.00018339,-0.00079233,-0.000131383,0,0,0,0,0,0,0,0,0,0,0,0,0,0,0,0.000176164,-0.001463099,-0.022405239,-0.028053292,-0.007492051,0,0,0,0,8.96E-18,0.000319138,-0.003127553,-0.024776473,-0.015194376,0.000735294,6.13E-05,0,0,5.29E-18,0.000574449,-0.004438998,-0.022307411,0.185533984,0.371231907,0.083916854,0,0,0,5.00E-05,0.000142633,-0.014719158,0.014475422,0.260937861,0.15856907,-0.009281386,-0.000474877,0,4.89E-05,0.000237949,-0.018047215,0.009571164,0.349336363,0.887790007,1.029103111,0.23811392,0,0,0,-0.000183136,-0.012996311,0.114005017,0.634355832,0.985501632,0.690010378,0.042187402,-0.010482757,0.00022013,-0.000222113,-0.033716012,0.12541276,0.558062367,0.992157423,1.044795219,0.679638077,0.091258696,0,0,0,-0.003918454,0.010720367,0.705601988,1.043894387,1.01827436,0.543615792,0.013534007,-0.006312551,-0.004245813,-0.023773389,0.191420071,0.760834082,1.047961363,0.931928241,0.508028328,0.04846184,-0.011877723,0,0,0,-0.004410029,0.016991456,0.770749285,0.900117817,0.356106627,0.045827853,-0.012136217,-0.02160415,-0.01426457,0.29175944,0.884197815,1.052253421,0.82590739,0.237289267,-0.032416908,-0.010270969,0.000659552,0,0,0,-0.00362837,0.007396957,0.702388787,0.710433619,0.014018759,-0.023000562,-0.023312381,0.136079299,0.563618873,0.990503564,1.019294969,0.568605358,0.072199687,-0.028371204,-0.003056846,0.000431985,0,0,0,0,-0.00370098,0.008292484,0.708682087,0.728505072,0.021079247,-0.019431611,0.326749881,0.852781505,1.039390642,0.910483657,0.397609375,0.044976443,-0.01746441,-0.000211295,7.09E-05,0,0,0,0,0,-0.003648394,0.007643917,0.684499783,0.932547372,0.220945113,0.503510813,0.989363594,1.035758989,0.810826692,0.242038776,-0.034078343,-0.010795218,0.00100159,1.10E-05,0,0,0,0,0,0,-0.004212674,0.014519727,0.737633425,1.019254408,0.991481578,1.03120658,0.954004136,0.541271412,0.055788909,-0.024513201,-0.002284178,0.000212759,0,0,0,0,0,0,0,0,-0.00399806,0.011587282,0.716070449,1.033987711,1.00382127,0.771241575,0.263823751,0.002307513,-0.01144533,0.000690453,2.55E-05,0,0,0,0,0,0,0,0,0,-0.00094184,-0.006192487,0.231879902,0.535191176,0.346184963,0.071090959,-0.02772629,-0.007202155,0.000462163,0,0,0,0,0,0,0,0,0,0,0,6.91E-05,0.00028028,-0.015775123,-0.033597273,-0.023141229,-0.007418862,-0.000250511,8.62E-05,4.60E-07,0,0,0,0,0,0,0,0,0,0,0,0,0,0,0,0,0,0,0,0,0,0,0,0,0,0,0,0,0,0,0,0,0,0,0,0,0,0,0,0,0,0,0,0,0,0,0,0,0,0,0,0,0,0,0,0,0,0,0,0,0,0,0,0,0,0,0,0
0,0,0,0,0,0,0,0,0,0,0,0,0,0,0,0,0,0,0,0,0,0,0,0,0,0,0,0,0,0,0,0,0,0,0,0,0,0,0,0,0,0,0,0,0,0,0,0,0,0,0,0,0,0,0,0,0,0,0,0,0,0,0,0,0,0.000815717,-0.009266493,-0.014499817,-0.000605086,8.17E-05,0,0,0,0,0,0,0,0,0,0,0,0,0,0,0.000705882,-0.017202155,0.115756417,0.202255717,0.007100184,-0.001007625,0,0,0,0,0,0,0,0,0,0,0,0,0,0,-0.004282169,-0.013203499,0.631937245,0.883996117,0.081107877,-0.008905229,0,0,0,0,0,1.66E-17,0.000544662,-0.005054829,-0.015522876,0.001361656,0,0,0,0,-0.03034712,0.215739073,0.977750596,0.481943137,-0.026519097,0.000490196,0,0,0,9.75E-05,-0.000421603,-0.016446589,-0.02736877,0.036274,0.160101273,-0.017901859,0,0,0,0,-0.038431882,0.287398292,1.076283631,0.150164563,-0.020833333,0,0,0,0,0.000808212,-0.023522737,0.082538132,0.349489473,0.874863855,0.840880926,0.151114151,0,0,0,8.81E-05,-0.038586346,0.268267463,1.079911918,0.144541991,-0.021352635,0,9.96E-19,0.000326287,-0.001963791,-0.046960478,0.225117953,0.919680556,0.99839791,0.879080636,0.829214001,0.121109562,0,0,0,-0.001195108,-0.022760332,0.429166411,0.832457108,0.070197199,-0.012940155,0,0.001462929,-0.021064134,-0.014562781,0.430199244,0.966464137,0.921030535,0.344562415,0.509842648,0.735618787,0.051018604,0,0,0,-0.005054892,0.024843665,0.882171075,0.441212214,-0.049665423,5.68E-05,0.000455304,-0.032037633,0.077562636,0.50916259,0.996570313,0.824198955,0.173330014,-0.03704439,0.082422836,0.227373179,-0.019698887,0,0,0,-0.006338082,0.040669679,1.022809011,0.424732945,-0.052263666,-0.002198563,-0.022135927,0.178772638,0.744098669,1.04551119,0.501589001,0.07539374,-0.013194376,-0.000832567,-0.006850261,-0.01562597,0.000786305,0,0,0,-0.006483582,0.042464178,1.035504362,0.460709714,-0.065796233,-0.041720578,0.255223646,0.94530988,0.950264716,0.35828746,-0.001429212,-0.019283763,-2.61E-05,7.83E-05,0,0,0,0,0,0,-0.004319291,0.015183943,0.769473907,0.876397484,0.25760699,0.397739277,0.929898676,0.763286714,0.152484426,-0.042317883,-0.005775123,0.000544662,0,0,0,0,0,0,0,0,-0.000194087,-0.027210121,0.22775897,0.975585835,0.945650605,1.019385655,0.833608813,0.087518536,-0.027584031,0.001946517,0,0,0,0,0,0,0,0,0,0,5.88E-05,-0.001484375,-0.04158175,0.470293233,1.005465992,0.564695568,0.039720997,-0.019159739,0.000579402,0,0,0,0,0,0,0,0,0,0,0,0,0.000175551,-0.005426743,0.040432275,0.250078251,0.035437891,-0.012253183,0.00022646,2.93E-05,0,0,0,0,0,0,0,0,0,0,0,0,0,0.000652236,-0.007174595,-0.031493233,-0.007174595,0.000652236,0,0,0,0,0,0,0,0,0,0,0,0,0,0,0,0,0,0,0,0,0,0,0,0,0,0,0,0,0,0,0,0,0,0,0,0,0,0,0,0,0,0,0,0,0,0,0,0,0,0
0,0,0,0,0,0,0,0,0,0,0,0,0,0,0,0,0,0,0,0,0,0,0,0,0,0,0,0,0,0,0,0,0,0,0,0,0,0,0,0,0,0,0,0,0,0,0,0,0,0,0,0,0,0,0,0,0,0,0,0,0,0,0,3.83E-06,0.000290084,-0.002959201,-0.009203789,-0.001176623,0.000175143,0,0,0,0,0,0,0,0,0,0,0,0,0,0,6.69E-05,-0.004201219,0.018127638,0.093003387,0.011858516,-0.001761812,0,0,0,0,0,0,0,0,0,0,0,0,0,0,-0.00120864,-0.021041973,0.403022263,0.971520731,0.11415707,-0.018505923,0,0,0,0,0,0,0,0,0,0,0,0,0,0,-0.003308058,0.003378421,0.641541956,1.015296875,0.243617515,-0.01983524,0,0,0,0,9.70E-06,3.35E-05,-0.001976614,-0.006516885,-0.013828421,-0.012652165,-0.002344771,0,0,0,-0.003186275,0.002091503,0.624744745,1.031829845,0.400710476,-0.020484455,0,0,0,0,0.000823499,-0.013573998,-0.024426491,0.010439444,0.07883224,0.065749969,0.007940973,0,0,0,-0.003181066,0.002027267,0.626600048,1.004238766,0.201742727,-0.019513106,-8.07E-06,-0.000331036,-0.000574091,-0.004957044,-0.033832618,0.083859273,0.416243345,0.614864481,0.81855506,0.816007353,0.192939577,0,0,0,-0.003135621,0.001466776,0.619509566,1.028872651,0.37395294,-0.022998502,-0.013045411,-0.026273233,-0.028126549,0.030345634,0.373937874,0.747597324,1.018045564,1.058673713,1.042408313,0.885358081,0.164797658,0,0,0,-0.004609273,0.019641816,0.781002706,1.010581614,0.297438411,-0.029471286,0.064808619,0.252422539,0.336395391,0.699869638,1.002495404,1.055733184,0.884513072,0.726756076,0.546373891,0.215793113,-0.017293062,0,0,0,-0.006352788,0.04114517,0.973306628,0.969660199,0.125435605,0.359273625,0.742880089,0.959191313,1.003408565,1.041453994,0.809140574,0.529717439,0.198789505,0.027403969,-0.027559669,-0.016920939,0.000142361,0,0,0,-0.00625,0.039877451,0.959191465,0.988254454,0.801545925,0.987006594,1.037256176,0.960657077,0.875865962,0.517744148,0.109889867,-0.018656904,-0.019856304,-0.007857354,-0.000673661,0.000130447,0,0,0,0,-0.006442555,0.041440717,0.984644659,1.028140846,1.043205621,0.848206308,0.505313725,0.275940598,0.110641033,-0.019804703,-0.014690564,-0.003772467,-0.000474537,4.65E-05,0,0,0,0,0,0,-0.003214154,0.01442739,0.547786016,0.580795037,0.34464268,0.145806832,-0.014906761,-0.028893263,-0.011622532,-0.000107007,0.000119145,0,0,0,0,0,0,0,0,0,6.81E-05,-0.001122583,-0.004219771,-0.003610703,-0.028693082,-0.019818321,-0.003442368,0.000288909,1.01E-05,0,0,0,0,0,0,0,0,0,0,0,1.35E-05,-3.02E-05,-0.002571385,-0.002757047,-0.000655497,-0.000105699,1.28E-05,0,0,0,0,0,0,0,0,0,0,0,0,0,0,0,0,0,0,0,0,0,0,0,0,0,0,0,0,0,0,0,0,0,0,0,0,0,0,0,0,0,0,0,0,0,0,0,0,0,0,0,0,0,0,0,0,0,0,0,0,0,0,0,0,0,0,0,0,0,0
0,0,0,0,0,0,0,0,0,0,0,0,0,0,0,0,0,0,0,0,0,0,0,0,0,0,0,0,0,0,0,0,0,0,0,0,0,0,0,0,0,0,0,0,0,0,0,0,0,0,0,0,0,0,0,0,0,0,0,0,0,0,0,0,0,0,0,0,0,0,0,0,0,0,0,0,0,0,0,0,0,0,0,4.69E-05,0.00026011,-0.011502757,-0.021643382,-0.009151889,-0.003175551,0.000314032,0,0,0,0,0,0,0,0,0,0,0,0,0,-0.000220027,-0.002760604,0.066099537,0.138465431,0.028362174,-0.012074312,-0.008443117,0.000934436,4.26E-18,0,0,0,0,0,0,0,0,0,0,0,-0.002671364,0.0011907,0.528834338,0.858011625,0.709604412,0.48749549,0.041137238,-0.016722495,0.000407986,0,0,0,0,0.000175313,-0.001545493,-0.005765761,-0.000102975,0,0,0,-0.004569932,0.018472375,0.784652107,0.977819375,0.898370232,0.954045544,0.810096697,0.091513459,-0.008575323,0,0.000439036,-0.00605438,-0.022934654,-0.043337512,-0.036894469,0.007235182,-0.008890231,0,0,0,-0.00626394,0.039907527,0.991070057,0.674597188,0.088558508,0.260116745,0.554851614,0.172291411,-0.014191125,-0.009572836,-0.031796211,0.015971031,0.172981447,0.345877536,0.487464042,0.578801215,0.092881281,0,0,0,-0.006210989,0.043490673,0.965232775,0.427220486,-0.034952628,-0.025896259,-0.062413909,-0.038048356,-0.006482452,0.101991086,0.425154259,0.72366556,0.898658769,1.020332261,1.044063583,0.696453908,0.118923015,0,0,0,-0.006215482,0.03996521,1.002997753,0.408589869,-0.083587332,-0.060956614,0.070291888,0.384393484,0.591958538,0.957126833,1.05918287,0.993154667,0.7881763,0.646920956,0.417643339,-0.000313419,-0.001310611,0,0,0,-0.006245251,0.039850439,1.001412241,0.504897467,0.30278002,0.577488783,0.760031829,1.040004493,1.024898608,0.750231204,0.449301998,0.305016629,0.045140472,-0.017889195,-0.029936866,-0.003090074,-0.000493719,0,0,0,-0.006194101,0.03779602,0.967184464,0.984154013,0.970975026,0.999866326,0.913113985,0.615888587,0.226226238,0.064073181,-0.046666972,-0.037948514,-0.009332273,-0.002187844,0.000292896,0,0,0,0,0,-0.003025174,0.012532595,0.515484409,0.664184028,0.467323913,0.273740468,0.040732911,-0.029694649,-0.020134293,-0.011233915,-0.000573597,8.51E-05,0,0,0,0,0,0,0,0,2.81E-06,-0.000532493,0.003980971,0.00813317,-0.034386677,-0.027073972,-0.005390455,0.00078125,0,0,0,0,0,0,0,0,0,0,0,0,2.76E-05,-6.43E-05,-0.005134804,-0.006789216,-0.000770454,0.000122549,0,0,0,0,0,0,0,0,0,0,0,0,0,0,0,0,0,0,0,0,0,0,0,0,0,0,0,0,0,0,0,0,0,0,0,0,0,0,0,0,0,0,0,0,0,0,0,0,0,0,0,0,0,0,0,0,0,0,0,0,0,0,0,0,0,0,0,0,0,0,0,0,0,0,0,0,0,0,0,0,0,0,0,0,0,0,0,0,0,0,0
0,0,0,0,0,0,0,0,0,0,0,0,0,0,0,0,0,0,0,0,0,0,0,0,0,0,0,0,0,0,0,0,0,0,0,0,0,0,0,0,0,0,0,0,0,0,0,0,0,0,0,0,0,0,0,0,0,0,0,0,0,0,0,0,0,0,4.08E-05,1.96E-05,-0.004824244,-0.004398029,8.99E-05,1.70E-05,0,0,0,0,0,0,0,0,0,0,0,0,0.000264706,-0.001848039,-0.008680283,-0.01843871,0.030586227,0.026234698,-0.006147621,0.000176317,0,0,0,0.000367647,-0.003636642,-0.021037667,-0.020088542,-0.001731311,0,0,0,0.000202972,-0.003095231,-0.018555317,0.017693304,0.11526295,0.652625408,0.625466197,0.032579606,-0.004608456,0,3.73E-18,0.000459559,-0.004881536,-0.000228418,0.133528155,0.123841673,0.000981396,0,0,0,-0.002194904,0.00460786,0.402138344,0.652901229,0.786181379,1.027974094,0.94131781,0.149123162,-0.012210325,0,0.000385519,-0.010719805,-0.00626651,0.393791531,0.839350719,0.848829129,0.18370755,0,0,0,-0.006255809,0.038970435,0.965074532,1.039057672,1.037363831,0.887762967,0.564807624,0.030409278,-0.004264145,0.000634608,-0.019293088,0.047377655,0.532247649,0.987855604,1.04041956,0.956541672,0.204714834,0,0,0,-0.003771599,0.011642004,0.673838695,0.926474265,0.539166378,0.170733847,-0.003525327,-0.006700878,0.000344499,-0.016225235,0.059438334,0.503893093,1.005690921,1.014774289,0.92176277,0.486200044,0.019012374,0,0,0,-0.00158798,-0.015104252,0.434610856,0.938407441,0.156988895,-0.036385059,-0.00121909,0.000615502,-0.030192028,0.119411748,0.698631825,0.984575027,1.019146021,0.875578653,0.281555753,0.019036033,-0.009322661,0,0,0,-0.002374387,-0.007816687,0.534883885,1.04036232,0.557396203,-0.020079657,-0.008712691,-0.041128064,0.094796279,0.75605044,1.030643348,1.017797301,0.667114924,0.150139314,-0.018279728,-0.009877621,0.000719975,0,0,0,-0.002354779,-0.0080144,0.532527131,1.038261421,0.484595631,-0.043160573,0.06390979,0.412252962,0.748076644,1.04277117,0.931097733,0.547403612,0.046790918,-0.019711193,-0.000781613,0.00016442,0,0,0,0,-0.002233093,-0.009355611,0.51808545,1.032533002,0.226548952,0.110809554,0.661768613,1.001123476,1.000206083,0.911474496,0.580956969,0.031375487,-0.017757582,0.000490247,0,0,0,0,0,0,-0.003316738,0.004002025,0.636222835,1.011541582,0.685937572,0.866715703,1.016659603,1.05345595,0.822106107,0.118693575,0.005871034,-0.009044033,0.000181951,2.40E-05,0,0,0,0,0,0,-0.006106413,0.037468069,0.946911884,1.020909331,1.046942933,1.027188896,0.765472733,0.292023693,0.161666633,-0.004015548,-0.004920428,0.000287224,0,0,0,0,0,0,0,0,-0.00458364,0.024943934,0.745968222,0.728495864,0.637495941,0.455605477,0.071957346,-0.040259004,-0.024543454,-0.000830989,0.00028799,0,0,0,0,0,0,0,0,0,-0.000300705,-0.002313062,0.087976971,0.051714035,-0.049639487,-0.029156812,-0.007422437,9.63E-05,3.94E-05,0,0,0,0,0,0,0,0,0,0,0,5.87E-05,8.32E-05,-0.013528189,-0.009781909,0.001073952,0,0,0,0,0,0,0,0,0,0,0,0,0,0,0,0,0,0,0,0,0,0,0,0,0,0,0,0,0,0,0,0,0,0,0,0,0,0,0,0,0,0,0,0,0,0,0,0,0,0,0,0
0,0,0,0,0,0,0,0,0,0,0,0,0,0,0,0,0,0,0,0,0,0,0,0,0,0,0,0,0,0,0,0,0,0,0,0,0,0,0,0,0,0,0,0,0,0,0,0,0,0,0,0,0,0,0,0,0,0,0,0,0,0,0,0,0,0,0,0,0,0,0,0,0,0,0,0,5.31E-05,-0.000313073,-0.003209865,-0.001060713,0,0,0,0.000161765,-0.000892157,-0.027183517,-0.015060355,0.000756696,7.66E-05,0,0,0,0,0,0,9.96E-05,-0.00103639,-0.016125617,0.000699857,0.002690581,0,0,0,-0.001248928,0.007598601,0.205575861,0.084800739,-0.014134327,0.000199993,0,0,0,0,2.96E-19,0.000199142,-0.001532288,-0.016455185,0.162449129,0.639974588,0.193795667,0,0,0,-0.003998723,0.014150616,0.719354439,0.72703588,0.075574019,-0.010859205,0,0,0,0,0.000361009,-0.007416088,-0.012503064,0.149264536,0.79583938,1.075823649,0.279331836,0,0,0,-0.004898802,0.022949737,0.842896539,0.692388865,0.039020049,-0.008818943,0,0,0,0.001230163,-0.013199421,-0.016362698,0.343392119,0.893723656,0.833350292,0.635633705,0.061737139,0,0,0,-0.003348243,0.004244758,0.672820193,0.666433755,0.022020539,-0.007766204,0,8.04E-05,-0.000239737,-0.02256558,0.041591044,0.517403084,0.955344839,0.572293352,0.057198884,0.038604984,-0.006153833,0,0,0,-0.001040543,-0.02432564,0.406963831,0.855812194,0.079348376,-0.013877315,0.000810662,-0.006360447,-0.030463491,0.124389803,0.70582244,0.943988783,0.46162723,0.034517242,-0.014044899,-0.005656318,6.21E-05,0,0,0,-0.000653799,-0.029006638,0.36431153,0.853737915,0.078398761,-0.013569496,-0.007600405,0.002942998,0.301044526,0.884588803,0.822256315,0.243776586,-0.027797079,-0.012020527,0.000738351,3.98E-05,0,0,0,0,-0.000710784,-0.028291565,0.370506587,0.852270935,0.078280237,-0.025872906,-0.026403884,0.460458589,0.95203222,0.657257399,0.103654276,-0.01428045,-0.002773284,0.000153493,0,0,0,0,0,0,-0.000710784,-0.028397351,0.371726387,0.8504922,0.04740679,0.03376296,0.507424653,0.973055097,0.485727464,0.020271198,-0.020553161,-0.000444591,0.000183441,0,0,0,0,0,0,0,-0.000711244,-0.028294169,0.368688964,0.86424406,0.276992513,0.697503047,0.923583878,0.443860652,-0.005953295,-0.013017373,0.000240843,1.28E-05,0,0,0,0,0,0,0,0,-0.000731771,-0.028880464,0.365576117,1.009993719,0.941193456,0.832250545,0.250707516,-0.016708844,-0.004405876,0.000387265,0,0,0,0,0,0,0,0,0,0,-0.000462265,-0.02420498,0.263628166,0.944104456,0.789011302,0.242106379,-0.037754613,-0.004557496,0.00029565,0,0,0,0,0,0,0,0,0,0,0,2.83E-05,-0.00445001,0.016542773,0.241356788,0.098838697,-0.02464922,0.000430351,9.44E-05,9.19E-07,0,0,0,0,0,0,0,0,0,0,0,0,0.000601688,-0.003317435,-0.03032571,-0.014846978,0.000798989,0,0,0,0,0,0,0,0,0,0,0,0,0,0,0,0,0,0,0,0,0,0,0,0,0,0,0,0,0,0,0,0,0,0,0,0,0,0,0,0,0,0,0,0,0,0,0,0,0,0,0
0,0,0,0,0,0,0,0,0,0,0,0,0,0,0,0,0,0,0,0,0,0,0,0,0,0,0,0,0,0,0,0,0,0,0,0,0,0,0,0,0,0,0,0,0,0,0,0,0,0,0,0,0,0,0,0,0,0,0,0,0,0,0,0,0,0,0,0,0,0,0,0,0,0,0,0,0,0,0,0,0,0,0,0,0,0,0,0,0,0,0,0,0,0,0,0,0,0,0,0,0,0,0,1.56E-19,0.000857843,-0.005705338,-0.032114651,-0.009304553,0.000748911,0,0,0,0,0,0,0,0,0,0,0,0,0,0,3.01E-05,-0.009375851,0.05598669,0.344282918,0.097222562,-0.008106958,0,0,0,0,0,0,0,0,0,0,0,0,0,0,-0.000291723,-0.029357938,0.270818947,1.005841622,0.465256444,-0.020835541,0,0,4.48E-05,0.000657796,-0.00973666,-0.034126208,-0.045281481,-0.045053198,-0.045570546,-0.041629775,-0.00880437,0,0,0,-0.002241932,-0.009997481,0.531742902,0.974351511,0.294453888,-0.018278799,-0.001083742,-0.003926471,-0.016138668,-0.046241847,0.049098482,0.280357077,0.388226341,0.387065104,0.391618242,0.359674717,0.077966725,0,0,0,-0.003463848,0.005639604,0.68393236,0.686839682,0.012818593,-0.041218614,-0.024077172,0.005853962,0.212382915,0.671197872,0.807343393,0.95793784,0.999421194,0.985659875,0.998113611,0.864969022,0.149147008,0,0,0,-0.004323989,0.017225337,0.769875477,0.653994758,0.06888415,0.274927049,0.411080185,0.832431696,1.017549122,0.884163151,0.718991592,0.528959678,0.24482935,0.136774561,0.081186832,0.288603724,0.044310134,0,0,0,-0.002182955,-0.010956172,0.522079997,1.01698589,0.758044736,1.001150582,0.894505174,0.678366983,0.51222326,0.143631409,-0.05133861,-0.032524101,-0.017341299,-0.011383885,-0.008390964,-0.019257098,-0.003056781,0,0,0,-0.000182117,-0.02347421,0.194866224,0.903411738,0.9416269,0.437861142,0.083529904,0.025544362,-0.014788686,-0.023603805,0.000854531,0,0,0,0,0,0,0,0,0,2.96E-05,-0.004217899,0.008595707,0.302148693,0.222215088,-0.029222665,-0.015118804,-0.00833895,-0.003551368,0.00031236,8.51E-06,0,0,0,0,0,0,0,0,0,0,0.000405944,-0.001543352,-0.028381161,-0.021315716,0.000816993,0,0,0,0,0,0,0,0,0,0,0,0,0,0,0,0,0,0,0,0,0,0,0,0,0,0,0,0,0,0,0,0,0,0,0,0,0,0,0,0,0,0,0,0,0,0,0,0,0,0,0,0,0,0,0,0,0,0,0,0,0,0,0,0,0,0,0,0,0,0,0,0,0,0,0,0,0,0,0,0,0,0,0,0,0,0,0,0,0,0,0,0,0,0,0,0,0,0,0,0,0,0,0,0,0,0,0,0,0,0,0
0,0,0,0,0,0,0,0,0,0,0,0,0,0,0,0,0,0,0,0,0,0,0,0,3.68E-05,-0.000252417,-0.001286254,-0.001093514,2.89E-05,0,0,0,0,0,0,0,0,0,0,0,0,0,0,0,0.000979577,-0.006745903,-0.034039226,-0.028362806,0.00076281,0,0,0,0,0,0,0,0,0,0,0,0,0,0,2.50E-05,-0.012538654,0.081185083,0.428807496,0.360964205,-0.009652437,0,0,0,0,0,0,0,0,0,0,0,0,0,0,-0.000288654,-0.025624064,0.235071044,0.98240448,0.80739892,-0.021674156,0,0,0,0,0,0,0,0,0,0,0,0,0,0,-0.002164777,-0.010195381,0.51018556,1.039332925,0.75796217,-0.020669935,0,0,0,0,0,0,7.52E-18,-7.38E-17,-3.96E-16,-6.06E-16,-1.60E-16,0,0,0,-0.002242494,-0.009606362,0.521920445,1.043505719,0.767025125,-0.020669935,0,0,0,0,0,0.000251225,-0.001193661,-0.014414318,-0.021177456,-0.021594669,-0.005770357,0,0,0,-0.002166799,-0.010482026,0.513158232,1.043232865,0.606009605,-0.020669935,0,0,0,0,0.000412132,-0.007206596,-0.026098219,0.16603218,0.590763285,0.850197013,0.231229635,0,0,0,-0.002753115,-0.0032508,0.577066636,1.039714971,0.28937331,-0.020669935,0,6.22E-20,5.06E-05,-0.000108587,-0.007735396,0.009183126,0.260960801,0.849132047,1.057571151,0.908976631,0.182632591,0,0,0,-0.00376154,0.009186445,0.686984988,1.03366442,0.298927887,-0.020669935,0,0.000597426,-0.006659007,-0.027229917,0.008127621,0.498161475,0.930462827,1.004798066,0.685666334,0.233732298,-0.010020255,0,0,0,-0.006135366,0.038463627,0.945731975,1.019421467,0.298927887,-0.020535897,-0.000764655,-0.025086806,0.008332397,0.220524167,0.679352328,1.014089035,0.928255038,0.301966759,-0.010675506,-0.015973243,-0.002325538,0,0,0,-0.006360498,0.041123843,0.971299837,1.019963031,0.284330711,-0.043298526,-0.01195287,0.197474809,0.507042399,0.944634018,1.043461618,0.814852345,0.29997852,-0.014909603,-0.005660389,-0.000657169,7.40E-05,0,0,0,-0.003232644,0.002136922,0.6336496,1.041869896,0.671706156,0.404570475,0.727453987,0.931651023,1.016511387,0.855478769,0.587986323,0.121086092,-0.025211212,-0.002456687,0.000302659,0,0,0,0,0,-0.000510621,-0.014054364,0.185016442,0.805545837,1.048184423,1.044679909,1.009200606,0.901632778,0.616828346,0.107794916,-0.031754493,-0.013323461,-0.001630413,0.000153186,0,0,0,0,0,0,5.62E-05,-0.00070224,-0.024493141,0.199169662,0.548303405,0.574061887,0.41696395,0.168894642,0.015441006,-0.012026976,0.000298203,0,0,0,0,0,0,0,0,0,0,0.0001875,-0.000679688,-0.013379408,-0.007798483,-0.004252383,-0.015383851,-0.025188215,-0.007310968,7.15E-05,6.74E-05,0,0,0,0,0,0,0,0,0,0,0,5.74E-05,-0.000600746,-0.002438598,-0.002698734,-0.001526757,6.74E-06,7.35E-06,0,0,0,0,0,0,0,0,0,0,0,0,0,0,0,0,0,0,0,0,0,0,0,0,0,0,0,0,0,0,0,0,0,0,0,0,0,0,0,0,0,0,0,0,0,0,0,0,0,0,0,0,0,0,0,0,0,0,0,0,0,0,0,0,0,0,0,0
0,0,0,-0.002241932,-0.002942028,0.506215499,0.466290016,-0.009562747,-0.00335563,0,0,0,0,0,0,0,0,0,0,0,0,0,0,-0.003684334,0.007988834,0.715619077,0.639556424,0.012509019,-0.006717218,0,0,0,0,0,0,0,0,0,0,0,0,0,0,-0.002609199,-0.004952084,0.571880189,0.912528739,0.101027551,-0.016209422,0,0,0,0,0,0,0,0,0,0,0,0,0,0,-0.002430709,-0.006612864,0.54398269,0.948614362,0.105291927,-0.017676164,0,0,0,0,0,0,0,0,0,0,0,0,0,0,-0.000494128,-0.026761761,0.296265353,0.954738579,0.279159482,-0.019129051,0,0,0,0,0,0,0,0,0,0,0,0,0,0,7.17E-05,-0.032706801,0.221636932,0.98877308,0.569611665,-0.020659382,0,0,0,0,0,0,0,0,0,0,0,0,0,0,0,-0.031981005,0.230918079,0.989560372,0.876708094,-0.020632319,0,0,0,0,0,0,0,0,0,0,0,0,0,0,0,-0.031897089,0.230307417,0.987018025,0.797817467,-0.020580082,0,0,0,0,0,0,0,0,0,0,0,0,0,0,0,-0.031981005,0.230932121,0.989400293,0.563137663,-0.020626702,0,1.40E-05,-0.000141187,-0.0008289,-0.000920139,-0.000906863,-0.000906863,-0.000920139,-0.0008289,-0.000141187,1.40E-05,0,0,0,0,-0.031960478,0.23077931,0.988817555,0.691043866,-0.020538092,-0.000152574,-0.014311666,-0.022343563,-0.02542414,-0.026015591,-0.025922896,-0.025861009,-0.026033667,-0.026068937,-0.017056798,-0.001853026,0,0,0,0,-0.031898591,0.230318593,0.987524459,0.860720262,-0.043017055,-0.036396089,0.071091742,0.176219482,0.35360002,0.378476375,0.374821129,0.374446368,0.378585835,0.359175975,0.127512136,-0.001117885,0,0,0,0,-0.031999081,0.231066687,0.985054892,0.889118615,0.205363358,0.411438981,0.755913722,0.885023369,1.025767719,1.049051198,1.045272569,1.042829725,1.046951253,1.024869774,0.842004647,0.184185866,0,0,0,0,-0.031940198,0.230628338,0.968885203,0.987252821,0.923447016,1.002959419,1.037097856,0.945293778,0.89933384,0.903045602,0.902678957,0.898218258,0.930459164,0.995877031,0.984328588,0.261458206,0,0,0,0,-0.033304841,0.240474588,1.008815564,1.040224648,1.05367162,0.899060475,0.540387766,0.214046381,0.134905918,0.145668062,0.14536586,0.137057121,0.228278186,0.430084723,0.204655671,0.035408922,0,0,0,0,-0.008908701,0.064324653,0.269911288,0.27779422,0.28259421,0.175075214,-0.000591673,-0.024469346,-0.013645574,-0.014597801,-0.014569291,-0.013834423,-0.021846065,-0.039542654,-0.019844431,-0.003612217,0,0,0,0,0.001196691,-0.008640625,-0.03625674,-0.037315641,-0.037821691,-0.02569424,-0.004896446,0.000389706,0,0,0,0,0,0,0,0,0,0,0,0,0,0,0,0,0,0,0,0,0,0,0,0,0,0,0,0,0,0,0,0,0,0,0,0,0,0,0,0,0,0,0,0,0,0,0,0,0,0,0,0,0,0,0,0,0,0,0,0,0,0,0,0,0,0,0,0,0,0,0,0,0,0,0,0,0,0,0,0,0,0,0,0,0,0,0,0
0,0,0,0,0,0,0,0,0,0,0,0,0,0,0,0,0,0,0,0,0,0,0,0,0,0,0,0,0,0,0,0,0,0,0,0,0,0,0,0,0,0,0,0,0,0,0,0,0,0,0,0,0,0,0,0,0,0,0,0,0,0,0,0,0,0,0,0,0,0,0,0,0,0,0,0,0,0,0,0,0,0,0,4.60E-05,9.50E-05,-0.010533088,-0.011700368,-0.000313685,0.000128676,0,0,0,0,0,0,0,0,0,0,0,0,0,0,-0.000271906,-0.000561938,0.063722852,0.053243464,-0.003348926,-0.000200504,0,0,0,0,1.40E-19,1.07E-18,-3.61E-17,-7.71E-17,-7.47E-17,-7.79E-17,-2.08E-17,0,0,0,-0.002016187,-0.004674139,0.450994434,0.697498979,0.070987832,-0.011884191,0,0,0,0,7.81E-05,-0.000191483,-0.014263174,-0.021020221,-0.020588235,-0.021488971,-0.005747549,0,0,0,-0.003111165,0.000343647,0.62413769,1.038911174,0.295849869,-0.020355197,0,0,0.000305736,-0.001870873,-0.016664425,-0.038728548,0.122983979,0.232361196,0.225139882,0.240412641,0.06643125,0,0,0,-0.005034569,0.025034195,0.827641765,0.987749592,0.130658656,-0.01939168,0.000165441,-0.000795037,-0.011688623,-0.006160012,0.103694342,0.33293624,0.836415611,1.024978299,1.017668155,1.034147127,0.261608252,0,0,0,-0.006235039,0.039845503,0.958524254,0.979565564,0.130369023,-0.018825674,-0.009290135,-0.025498315,0.090943883,0.37059615,0.812543964,0.986653186,1.021517191,0.982047301,0.979508394,0.578330763,0.048495813,0,0,0,-0.006382864,0.041614447,0.975168505,0.979205355,0.108015725,-0.054579878,0.00130467,0.344536203,0.838031812,1.013642925,1.058536833,0.946381247,0.537087776,0.30410158,0.286697291,0.033436836,-0.011707193,0,0,0,-0.004520629,0.018562023,0.771386983,1.004028459,0.369890037,0.300272706,0.604998519,1.015600558,1.034496868,0.918539756,0.556729116,0.296277131,-0.010701865,-0.023782782,-0.019822826,-0.004707874,0.000232792,0,0,0,-0.002395286,-0.007558243,0.537308864,1.01920361,0.948317691,0.961793802,1.032193143,0.958047572,0.827286902,0.308580844,-0.022091486,-0.025976621,-0.003866842,0.000306959,0,0,0,0,0,0,-0.000734528,-0.021594924,0.298408395,0.956744451,1.025368208,0.993751889,0.903066364,0.403567096,-0.012753472,-0.020760976,-0.004495336,-0.000815972,0.000125613,0,0,0,0,0,0,0,7.02E-05,-0.008888906,0.025193321,0.523864073,0.836705699,0.40986489,0.182380889,-0.003496528,-0.003810985,0.000315927,0,0,0,0,0,0,0,0,0,0,0,0.000700368,-0.006932938,-7.98E-05,0.024353777,-0.015795411,-0.025016442,-0.003863358,0.000311581,0,0,0,0,0,0,0,0,0,0,0,0,1.65E-05,7.09E-05,-0.002635723,-0.005063287,-0.001476818,-6.37E-05,2.02E-05,0,0,0,0,0,0,0,0,0,0,0,0,0,0,0,0,0,0,0,0,0,0,0,0,0,0,0,0,0,0,0,0,0,0,0,0,0,0,0,0,0,0,0,0,0,0,0,0,0,0,0,0,0,0,0,0,0,0,0,0,0,0,0,0,0,0,0,0,0
0,0,0,0,0,0,0,0,0,0,0,0,0,0,0,0,0,0,0,0,0,0,0,0,0,0,0,0,0,0,0,0,0,0,0,0,0,0,0,0,0,0,0,0,0,0,0,0,0,0,0,0,0,0,0.000117402,-0.000639599,-0.005915372,-0.007593328,-0.002396967,0.000224206,0,0,0,0,0,0,0,0,0,0,0,0,0,1.75E-05,-9.60E-05,-0.004387459,0.015243719,0.027526497,0.004287684,-0.000428071,0,0,0,0,0,0,0,0,0,0.000540441,-0.003609681,-0.020057598,-0.013355448,0.001101409,-0.031812143,0.136019897,0.701720861,0.776507005,0.312391919,-0.02880753,0,0,0,0.000117443,6.81E-06,-0.02363494,-0.04060883,-0.012703739,0.000816142,-0.003397774,0.020762493,0.128460512,0.070196843,-0.036556049,0.065074449,0.670678343,1.038404633,1.080403826,0.550827036,-0.050199993,0,0,0,-0.000758783,-0.009080712,0.248548305,0.442090142,0.138942647,-0.008876634,-0.021802219,0.165384702,0.785577138,0.691583065,0.225227448,0.642919986,1.035797794,1.01681873,0.81518215,0.235006553,-0.0224303,0,0,0,-0.012836972,0.162872607,0.908480307,1.027977593,0.327740258,-0.021107612,-0.033249324,0.302375226,1.043146835,1.012777875,0.939368758,1.025122396,0.977834254,0.631543489,0.107802805,-0.007907597,-0.000166881,0,0,0,-0.028122549,0.436546058,1.015880208,0.979882625,0.212651424,-0.020778493,-0.030349231,0.409494179,1.034469754,0.998498465,1.039896821,0.856561104,0.344356924,-0.025139604,-0.015710054,-0.002155671,0.000225524,0,0,0,-0.032451593,0.515868975,1.034103843,0.750560815,0.046335181,-0.038134906,0.095907322,0.746619707,1.016279786,0.99516666,0.733769012,0.190154769,-0.022912769,-0.001692028,0.00017325,0,0,0,0,0,-0.028441176,0.443013072,1.018520033,0.832853503,0.043166928,0.202260927,0.681873587,0.999894387,1.015987507,0.842254223,0.040938028,-0.020691925,-0.002757949,0.00020675,0,0,0,0,0,0,-0.026927696,0.415518178,1.00277325,0.963657305,0.601422401,0.861037326,1.051200334,1.00547869,1.016350439,0.704760966,-0.027645527,-0.000215431,7.90E-05,1.53E-07,0,0,0,0,0,0,-0.018854816,0.268860863,0.982251369,1.003134605,1.040319097,1.025547827,0.706795059,0.760006081,1.030642843,0.505492571,-0.020751634,0,0,0,0,0,0,0,0,0,-0.028521906,0.443995302,1.009148165,1.010966588,0.977108828,0.534389178,0.064591299,0.591650037,1.042526859,0.489416792,-0.020751634,0,0,0,0,0,0,0,0,0,-0.018100286,0.258896327,0.924875187,0.975912173,0.415561195,-0.003396157,-0.031694342,0.453012051,1.054436683,0.493547552,-0.020751634,0,0,0,0,0,0,0,0,0,-0.000635417,0.001487388,0.123805504,0.147059675,0.001438333,-0.010283395,-0.027941176,0.33675177,1.052041292,0.500086404,-0.021049496,0,0,0,0,0,0,0,0,0,0.000122702,-0.001380515,-0.010752911,-0.012189747,-0.002387948,0.000181117,-0.018120728,0.127202836,0.742410743,0.290884544,-0.017788331,0,0,0,0,0,0,0,0,0,0,0,0,0,0,9.78E-06,-0.000670988,-0.000882964,0.060294729,0.007632991,-0.001871102,0,0,0,0,0,0,0,0,0,0,0,0,0,0,0,0.000220588,-0.001165577,-0.011695261,-0.003312136,0.000313181,0,0,0,0,0,0,0,0,0,0,0,0,0,0,0,0,0,0,0,0,0,0,0,0,0,0
0,0,0,0,0,0,0,0,0,0,0,0,0,0,0,0,0,0,0,0,0,0,0,0,0,0,0,0,0,0,0,0,0,0,0,0,0,0,0,0,0,0,0,0,0,0,0,0,0,4.40E-05,-0.000195263,-0.002743875,-0.003462681,-0.000387265,4.08E-05,0,0,0,0,0,0,0,0.00034487,-0.003188113,-0.003491728,0.000123162,1.10E-05,0,0,2.11E-05,0.000239209,-0.004937006,-0.009024126,-0.005078295,0.00046041,0,0,0,0,0,0,0,-0.002938731,0.027559743,0.022615349,-0.00185723,-2.85E-05,0,0,-0.007896446,0.030898369,0.536021735,0.718385003,0.156975933,-0.015133102,0,0,0,0,0,0,0,-0.041328931,0.377975014,0.492675143,-0.0063606,-0.002002757,0,0,-0.006507966,0.008316789,0.639206019,0.888270658,0.067138736,-0.007614634,0,0,0,0,0,0,0,-0.050454119,0.4590112,0.645721814,-0.008855103,-0.002517412,0,0,-0.003616728,-0.012626889,0.547929602,0.883294573,0.142666973,-0.01407867,0,0,0,0,0,0,0,-0.049830148,0.446635227,0.754594612,0.093870749,-0.008448952,0,0,-0.007075639,0.014025824,0.634079379,0.950597771,0.19098666,-0.018454116,0,0,0,0,0,0,0,-0.049700379,0.428522774,1.048618515,0.347063334,-0.023175296,0,0,0.000140931,-0.041737132,0.446174428,0.984854878,0.37333027,-0.03416905,4.47E-05,-0.000509344,-0.000200817,1.79E-05,0,0,0,-0.049700379,0.430217014,1.023488562,0.246569138,-0.026588542,0.000917207,0,0,-0.040645425,0.450013276,0.98296431,0.357831291,-0.047356209,-0.028506315,-0.026594312,-0.024076084,0.000475048,0,0,0,-0.05056663,0.438776978,1.016500545,0.306154173,0.00856456,-0.044585592,-0.017086652,-0.022725184,-0.084938385,0.424258919,0.995188282,0.447632387,0.031471031,0.190393331,0.293173798,0.218294335,-0.00701474,0,0,0,-0.040860544,0.341299871,1.008841231,0.970073274,0.618822508,0.384934708,0.173889825,0.238167382,0.444717967,0.708671535,1.006928173,0.896868566,0.741423509,0.938128336,1.010542416,0.767100234,-0.020897501,0,0,0,-0.004053355,0.017279276,0.346737394,0.791949387,0.938408952,1.02064898,0.96010074,0.981001794,1.036721037,1.010809384,1.00681951,0.925462884,0.906930516,0.858371601,0.671001165,0.20443656,-0.012392653,0,0,0,0.000688924,-0.005843971,-0.019053734,0.014387255,0.167256349,0.579109375,0.633880208,0.632111826,0.54714968,0.528793182,0.760517865,0.200107911,0.036029242,0.042794373,-0.005519472,-0.017232957,0.000430624,0,0,0,0,2.17E-05,-3.79E-05,-0.003332227,-0.014445295,-0.021198042,-0.020500238,-0.020195976,-0.025557904,0.002374098,0.108105594,0.000614192,-0.006875936,-0.005567045,-0.001366762,0.00017325,0,0,0,0,0,0,0,2.30E-05,-0.000188419,-0.003108414,-0.00359375,-0.003628676,-0.002407475,-0.005074142,-0.017779442,-0.002011336,0.000191483,0,0,0,0,0,0,0,0,0,0,0,0,0,0,0,0,0,0,0,0,0,0,0,0,0,0,0,0,0,0,0,0,0,0,0,0,0,0,0,0,0,0,0,0,0,0,0,0,0,0,0,0,0,0,0,0,0,0,0,0,0,0,0,0,0,0,0,0,0,0,0,0,0,0,0,0,0,0,0,0,0,0,0,0,0
0,0,0,0,0,0,0,0,0,0,0,0,0,0,0,0,0,0,0,0,0,0,0,0,0,0,0,0,0,0,0,0,0,0,0,0,0,0,0,0,0,0,0,0,0,0,0,0,0,0,0,0,0,0,0,0,0,0,0,0,0,0,0,5.36E-06,0.000118617,-0.001943117,-0.005351103,-0.004977732,-0.001331444,0.000126379,0,0,0,0,0,0,0,0,0,0,0,0,0,0.000861264,-0.015719686,-0.010247515,0.028393995,0.023592716,-0.00294344,-0.000942555,0.000115809,0,0,0,0,0,0,0,0,0,0,0,0,-0.006507915,0.07561717,0.460382847,0.863585767,0.824007209,0.289407237,-0.018372549,-0.000862132,0,0,0,0,0,0,0,0,0,0,0,0,-0.037308466,0.60446475,1.00994201,1.009977073,1.023242581,0.535219924,-0.016121936,-0.003287684,0,0,3.83E-05,-0.000532578,-0.001803002,-0.006387357,-0.011015144,-0.001117409,0.00011489,0,0,0,-0.020699931,0.303526236,0.966998407,1.001821369,0.994862286,0.430794182,-0.035200936,-0.000443011,0,4.88E-05,0.00057198,-0.016936173,-0.032992591,0.009644582,0.050253068,-0.017991776,0.001512117,0,0,0,-0.009806781,0.106115383,0.935791888,1.012097529,0.925041274,0.19624566,-0.01966682,0.000138378,-0.000343648,-0.006900503,-0.037015029,0.181137783,0.476726086,0.606946487,0.758756437,0.274582142,-0.025341265,0,0,0,-0.008323376,0.079291922,0.930316466,1.019253762,0.723667146,0.013616864,-0.01754119,-0.036181543,-0.034049156,0.054656251,0.413450231,0.806074091,1.049292569,1.029167075,1.070632363,0.600558449,-0.054547079,0,0,0,-0.016598192,0.228637102,0.964336891,1.021437143,0.648952482,-0.058083452,0.076947849,0.25164197,0.344411135,0.745477083,1.010127281,1.00905319,1.00446909,1.018326917,1.070093046,0.556226086,-0.050649765,0,0,0,-0.024473958,0.371191023,0.99125594,1.010243277,0.723745499,0.361270153,0.750073955,1.013398199,1.01891505,1.010308946,1.006816925,1.014795939,0.919654208,0.795119179,0.619332494,0.190365945,-0.018149169,0,0,0,-0.029322082,0.45840367,1.016609036,0.995121275,0.967761476,0.975886633,1.026654488,1.009024788,1.029578238,1.023248838,0.932939274,0.825430153,0.262085134,0.059416402,0.013718007,-0.018398914,0.001484092,0,0,0,-0.014739073,0.201392548,0.835434624,1.018566687,1.022362266,1.033943015,0.987591231,0.90416539,0.743273506,0.644097401,0.22449423,0.063894931,-0.015040765,-0.013531539,-0.006846099,-0.000359988,5.53E-05,0,0,0,0.000241013,-0.030465295,0.222180113,0.767874183,0.60569864,0.491839971,0.360015778,0.182549649,0.065554398,0.022018602,-0.017473448,-0.007964835,-0.000208078,4.98E-05,0,0,0,0,0,0,0.000110294,-0.001364277,-0.013402574,0.017122021,-8.45E-05,-0.013368328,-0.02115368,-0.026977141,-0.013447559,-0.008086095,-0.000405944,5.36E-05,0,0,0,0,0,0,0,0,0,0.000111213,-0.000710478,-0.004455219,-0.003012821,-0.001952002,-0.001031607,1.87E-05,4.44E-06,0,0,0,0,0,0,0,0,0,0,0,0,0,0,0,0,0,0,0,0,0,0,0,0,0,0,0,0,0,0,0,0,0,0,0,0,0,0,0,0,0,0,0,0,0,0,0,0,0,0,0,0,0,0,0,0,0,0,0,0,0,0,0,0,0,0,0,0
0,0,0,0,0,0,0,0,0,0,0,0,0,0,0,0,0,0,0,0,0,0,0,0,0,0,0,0,0,0,0,0,0,0,0,0,0,0,0,0,0,0,0,0,0,0,0,0,0,0,0,0,0,0,0,0,0,0,0,0,0,0,0,0,0,0,0,0,0,0,0,0,0,0,0,0,0,0,0,0,0,0,0,0,0,5.60E-19,2.80E-19,-0.000629204,2.80E-19,0,0,0,0,0,0,0,0,0,0,0,0,0,0,1.56E-20,0.000390625,-0.001450589,-0.027703738,-0.028582932,0.000799973,0.000137868,-0.001175279,-0.002216095,2.55E-05,1.70E-05,0,0,0,0,0,0,0,0,0,4.24E-05,-0.004203772,0.005446198,0.302405535,0.396838235,-0.00898012,-0.000931373,0.008712214,0.006163875,-0.004030444,0.000194036,0,0,0,0,0,0,0,0,0,-0.000138091,-0.022262885,0.185442094,0.779116526,0.384399916,-0.016849089,-0.027322368,0.214529048,0.648778773,0.058023303,-0.010727413,0,0,0,0,0,0,0,0,0,-0.002955627,-0.000477209,0.662221882,0.517385825,-0.022866033,-0.003657748,-0.027415135,0.19237723,0.911865945,0.298413198,-0.022392327,-0.007232996,-0.01238557,-0.020677951,-0.024189903,-0.008839359,0.000819547,0,0,0,-0.013926164,0.19986346,0.837503932,0.162088848,-0.035973055,-0.006111247,-0.024007966,0.079421228,0.798919492,0.460691642,-0.023153527,0.074878728,0.164161663,0.307770408,0.377411218,0.139069564,-0.012879136,0,0,0,-0.035037377,0.586214308,0.857751685,0.195724673,0.009812499,0.005185764,0.000192198,0.144602397,0.76233044,0.859023701,0.543864328,0.78794361,0.91159312,0.987724163,0.95626527,0.394556951,-0.036411526,0,0,0,-0.0399471,0.655468886,1.011897433,0.846776757,0.694178658,0.672532612,0.674655161,0.845734511,1.009157101,0.938706059,0.409893365,0.314243277,0.264307547,0.355645561,0.263307125,0.00270127,-0.000865077,0,0,0,-0.006897548,0.095399342,0.362332729,0.503629421,0.709331271,0.744345964,0.557285526,0.283178342,0.717659611,0.78919185,-0.022860292,-0.040391851,-0.032118136,-0.041909828,-0.032330427,-0.0025213,0.000295544,0,0,0,0.00072406,-0.011619009,-0.021151961,-0.020782271,-0.020751634,-0.020751634,-0.028073325,-0.00938254,0.678486741,0.478477776,-0.022490809,0.000140421,0,0,0,0,0,0,0,0,0,0,0,0,0,0,-0.009289828,0.043591248,0.555184453,0.209760762,-0.015387561,0,0,0,0,0,0,0,0,0,0,0,0,0,0,0,-0.0003894,0.002677168,0.013581938,-0.00189376,-0.000305011,0,0,0,0,0,0,0,0,0,0,0,0,0,0,0,5.97E-05,-0.00030816,-0.003253166,-0.001015246,8.78E-05,0,0,0,0,0,0,0,0,0,0,0,0,0,0,0,0,0,0,0,0,0,0,0,0,0,0,0,0,0,0,0,0,0,0,0,0,0,0,0,0,0,0,0,0,0,0,0,0,0,0,0,0,0,0,0,0,0,0,0,0,0,0,0,0,0,0
0,0,0,0,0,0,0,0,0,0,0,0,0,0,0,0,0,0,0,0,0,0,0,0,0,4.26E-05,-0.000263821,-0.009316443,-0.010712827,-0.002559062,0.000352328,0,0,0,0,0,0,0,0,0,0,0,0,0,0,0.000991093,-0.012320635,0.03863125,0.049983083,0.011142891,-0.001701622,6.11E-06,0,0,0,0,0,0,0,0,0,0,0,0,2.85E-05,-0.012672964,0.126103741,0.672402284,0.731051181,0.178640199,-0.024014774,-2.00E-05,0,0,0,0,0,0,0,0,0,0,0,0,-0.000441483,-0.035347835,0.431783956,1.022885991,1.000944155,0.319688045,-0.024293505,-0.000725184,0,0,0,0,0,0,0,0,0,0,0,0,-0.000428922,-0.047979218,0.576143706,1.071883484,0.60004456,0.007551147,-0.00454679,-7.29E-05,0,0,0,0,0,0,0,0,0,0,0,0,-0.007553309,0.014980954,0.666818815,1.055788594,0.482679483,-0.049156063,0.000357281,6.28E-06,0,0,0,0,8.51E-05,-0.003265936,-0.004170071,-0.004084967,0,0,0,0,-0.018769108,0.114118955,0.813190368,0.981640575,0.308771639,-0.028898384,0,0,0,0,0.000154091,0.000320411,-0.020862786,-0.017153738,-0.011162407,-0.011593494,0,0,0,0,-0.018967525,0.11587163,0.816997889,0.96916045,0.271257149,-0.025607639,0,0,6.60E-05,-0.00034329,-0.004854167,-0.026939849,0.145364107,0.497206851,0.546197781,0.542676471,0,0,0,0,-0.022945159,0.151007404,0.868765625,0.946918491,0.219207006,-0.021041837,5.13E-18,0.00051777,-0.009619053,-0.026090993,0.003141391,0.359519659,0.81845367,1.037735722,1.048541905,1.036424394,0,0,0,0,-0.036982537,0.275004238,1.044489311,0.935283009,0.234123519,-0.021921381,-0.001990996,-0.029377468,0.022103665,0.25809518,0.656617528,0.982226273,1.029633936,0.966244514,0.880461959,0.469562551,0,0,0,0,-0.037438419,0.279031199,1.054679398,0.867540459,0.101085495,-0.035655893,0.001782322,0.255550364,0.642471872,0.951918386,1.04498269,0.959021769,0.561951525,0.301180632,0.227609239,0.013222392,0,0,0,0,-0.037352941,0.278276144,1.057738661,0.796700564,0.024635325,0.303365554,0.562218468,0.95105207,1.058821817,0.989716328,0.728315448,0.376114661,0.000923237,-0.038614978,-0.029201215,-0.004398109,0,0,0,0,-0.037352941,0.278276144,1.044726477,0.913189587,0.705153867,0.976327699,1.0500657,0.97574023,0.713612878,0.367682292,0.008907101,-0.02275114,-0.005961244,8.87E-05,5.11E-05,0,0,0,0,0,-0.038334559,0.286533497,1.053191279,1.010931525,1.047344516,0.953853231,0.628233762,0.300566364,0.036042338,-0.020952138,-0.004299428,0.000372328,8.94E-06,0,0,0,0,0,0,0,-0.030627451,0.219861656,0.945701559,0.95732534,0.699850133,0.271494077,-0.004809538,-0.02470767,-0.011120164,-0.001404378,0.000168505,0,0,0,0,0,0,0,0,0,-0.003628064,0.014807632,0.24057227,0.294722205,0.02558815,-0.022012357,-0.003196998,-0.000601256,4.39E-05,3.57E-06,0,0,0,0,0,0,0,0,0,0,0.000557662,-0.003016438,-0.028514074,-0.03315196,-0.007016122,0.000317965,3.67E-05,0,0,0,0,0,0,0,0,0,0,0,0,0,0,1.28E-05,-0.000145527,-0.000222168,5.11E-06,0,0,0,0,0,0,0,0,0,0,0,0,0,0,0,0,0,0,0,0,0,0,0,0,0,0,0,0,0,0,0
0,0,0,0,0,0,0,0,0,0,0,0,0,0,0,0,0,0,0,0,0,0,0,0,0,0,0,0,0,0,0,0,0,0,0,0,0,0,0,0,0,0,0,0,0,0.002598753,-0.028586279,-0.053776108,-0.036325058,-0.002845787,0.000616363,0,0,0,0,0,0,0,0,0,0,0,0,0,0.000155331,-0.023631332,0.242886591,0.460920536,0.311905842,0.024582108,-0.005306985,0,0,0,0,0,0,0,0,0,0,0,0,0,-0.000989277,-0.045794424,0.612206546,1.127688299,0.765829487,0.060476597,-0.013041973,0,0,0,0,0,0,0,0,0,0,0,0,8.87E-19,-0.023820466,0.158497583,0.873709491,1.017949805,0.546387629,0.010731362,-0.006087929,0,0,0,0,0,0,0,0,0,0,0,0,4.39E-05,-0.025223278,0.161337129,0.887951831,0.993670526,0.368812772,-0.037998928,0.00038511,0,0,0,0,0,9.70E-05,-0.000900391,-0.002765012,0.000242545,0,0,0,-0.001299835,-0.016383403,0.376218543,0.977856929,0.962470652,0.314794631,-0.029430873,0,0,0,0,0,0.000580898,-0.006605418,-0.024113729,-0.015724441,-0.01084704,0,0,0,-0.002037429,-0.012198308,0.500018008,1.047010502,0.863476282,-0.028909995,0.000719124,0,5.82E-05,-8.65E-05,-0.004968699,-0.017304585,-0.048343239,0.007452002,0.287999572,0.429847426,0.066249132,0,0,0,-0.003967933,0.011852056,0.708300109,1.03229582,0.514339509,-0.020718273,0.00046875,-0.00263174,-0.023029514,-0.037118034,0.03145178,0.24272949,0.700934964,0.758839427,0.954303415,0.95946989,0.200110635,0,0,0,-0.002304943,-0.008604235,0.526595316,1.041169867,0.705853172,-0.020052254,-0.012779054,-0.015473771,0.138398608,0.307008564,0.681259293,0.943458691,1.03277674,1.032049173,0.944410304,0.526544441,0.047414488,0,0,0,-0.002077563,-0.011425126,0.501945602,1.043303462,0.853146257,-0.049154412,0.071989464,0.453886932,0.856600456,1.028087029,1.019663024,1.014213337,1.038589444,0.730757115,0.230084536,-0.044301334,-0.003372447,0,0,0,-0.002203538,-0.010935109,0.52504231,1.038059326,0.969415067,0.845140927,0.88281856,0.993737533,1.044534789,1.048477521,0.998869865,0.738833041,0.163947064,0.055483928,-0.030807775,3.67E-05,0,0,0,0,-0.001193576,-0.014319972,0.334532458,0.930064321,1.01043372,1.018576695,1.020654548,0.990391885,0.754520561,0.590742105,0.401741302,0.058190785,-0.023750511,-0.011875851,0.0001386,9.53E-05,0,0,0,0,0.000108507,-0.004969073,-0.029452036,0.592905365,0.992827766,0.953173747,0.957854252,0.532618073,0.062663926,-0.050128018,-0.038750426,-0.006909126,0.000202546,3.57E-05,0,0,0,0,0,0,0,0.000628676,-0.007591112,0.01452245,0.041611108,0.039126753,0.03870515,-0.003165424,-0.017004953,-0.000352207,0.000171569,0,0,0,0,0,0,0,0,0,0,0,0.000322968,-0.003552645,-0.006477875,-0.006195517,-0.00620001,-0.002551522,0.000165594,0,0,0,0,0,0,0,0,0,0,0,0,0,0,0,0,0,0,0,0,0,0,0,0,0,0,0,0,0,0,0,0,0,0,0,0,0,0,0,0,0,0,0,0,0,0,0,0,0,0,0,0,0,0,0,0,0,0,0,0,0,0,0,0,0,0,0,0
0,0,0,0,0,5.19E-19,0.000451048,-0.003637404,-0.023529412,-0.006382336,0.000850184,0,0,0,0,0,0,0,0,0,0,0,0,0,0,2.07E-19,-0.004711329,0.030888807,0.253192913,0.071886659,-0.009471507,0,0,0,0,0,0,0,0,0,0,0,0,0,0,-1.05E-16,-0.019379221,0.267054432,0.84142184,0.154955193,-0.023026782,0,0,0,0,0,0,0,0,0,0,0,0,0,0,0.000228503,-0.023533241,0.553186275,0.728266136,0.040348039,-0.010490809,0,0,0,0,0,0,0,0,0,0,0,0,0,0,-0.002556509,0.008427968,0.783824192,0.723900599,0.042843001,-0.010713235,0,0,0,0,0,0,0,0,0,0,0,0,0,4.60E-05,-0.017517276,0.175339478,0.947206477,0.604647399,-0.001701627,-0.005227941,0,0,0,0,0,0,0,0,0,0,0,0,0,-0.000465686,-0.031512034,0.400339988,0.950365643,0.313299803,-0.032019676,0.000330882,0,0,0,0,0,0,0,0,0,0,0,0,0,-0.001098202,-0.040705247,0.585188928,0.888963678,0.071846932,-0.008070995,0,0,0,0,0,0,0,0,0,0,0,0,0,0,-0.009463542,0.031533837,0.712474622,0.63140545,-0.025432666,0.000404242,0,0,0,0,0,0,0,0,0,0,0,0,0,0,-0.028750306,0.202306202,0.949841214,0.40401881,-0.020661935,0,0,0,0,0,0,0,0,0,0,0,0,0,0,0,-0.03751011,0.280694649,1.048620013,0.330114073,-0.035732656,-0.01139791,0.000453176,-0.007718461,-0.014460445,-0.026339529,-0.040836908,-0.039624183,-0.039624183,-0.039624183,-0.040142463,-0.031084899,0,0,0,0,-0.03816636,0.285474112,1.065036935,0.561188326,0.134647246,0.109266238,-0.025836142,0.067157118,0.147980107,0.287642123,0.452799905,0.438970588,0.43876634,0.442707357,0.454826389,0.352427832,0,0,0,0,-0.017579797,0.106808307,0.753603519,1.010581952,0.95351708,0.906982763,0.757660817,0.861283784,0.920189372,0.924476343,0.977200107,0.972883291,0.974778851,0.938203593,0.887382547,0.760273565,0,0,0,0,0.000603554,-0.016988443,0.11224069,0.502547474,0.635750102,0.628847699,0.633588133,0.635899544,0.498454761,0.348453414,0.346779259,0.347385621,0.353206699,0.24088772,0.063677237,0.042856584,0,0,0,0,1.53E-05,0.000981669,-0.012498894,-0.024777594,-0.020478622,-0.020498366,-0.020498366,-0.020257353,-0.025657841,-0.032220775,-0.031852107,-0.031862745,-0.032373366,-0.022520824,-0.00699423,-0.004850048,0,0,0,0,0,1.40E-18,7.35E-05,-0.002079308,-0.003602941,-0.003529412,-0.003529412,-0.003602941,-0.001869573,7.35E-05,0,0,0,0,0,0,0,0,0,0,0,0,0,0,0,0,0,0,0,0,0,0,0,0,0,0,0,0,0,0,0,0,0,0,0,0,0,0,0,0,0,0,0,0,0,0,0,0,0,0,0,0,0,0,0,0,0,0,0,0,0,0,0,0,0,0,0,0,0,0,0,0,0,0,0,0,0,0,0,0,0,0,0,0,0,0
0,0,0,0,0,0,0,0,0,0,0,0,0,0,0,0,0,0,0,0,0,0,0,0,0,0,0,0,0,0,0,0,0,0,0,0,0,0,0,0,0,0,0,0,0,0,0,3.91E-05,-9.46E-05,-0.004772737,-0.006589214,-0.004997758,-0.000444226,8.15E-05,0,0,0,0,0,0,0,0,0,0,2.94E-05,-1.94E-06,-0.002787582,-0.017360228,-0.024707346,0.006343376,0.018170752,0.007099503,-0.007584485,-9.02E-06,0,0,0,0,0,0,0,0,0,0,0.000337623,-0.004240162,0.00215785,0.23551705,0.392401876,0.661849639,0.770435985,0.686290424,0.162766907,-0.012824925,0,0,0,0,0,0,0,0,0,0,-0.008779718,0.034145867,0.584031131,0.978624546,1.011568389,1.026657799,1.019332227,1.038883953,0.734284256,-0.021232469,0,0,0,0,0,0,0,0,0,0,-0.015602328,0.096545377,0.650124694,0.804236493,0.776159144,0.774727209,0.97718544,0.987267667,0.463350726,-0.019475252,0,0,0,0,0,0,0,0,0,9.78E-06,-0.00041417,-0.004050895,0.063426481,0.122621002,0.243113934,0.674541923,0.921034015,0.647062798,0.046407435,-0.010467877,0,0,0,0,0,0,0,0,0,0.000521804,-0.016919952,0.024416718,0.477826168,0.735477712,0.931823904,0.837225354,0.265735635,0.014580967,-0.010160613,0.000372753,6.62E-05,-0.000362439,-0.003053105,-0.022611492,-0.008744638,0.000774867,0,0,0,-0.009069904,0.112706206,0.599533292,1.002821861,0.940732916,0.527673781,0.191753949,-0.030287463,-0.004206938,0.000478986,0.000285846,-0.003683517,-0.024465584,0.000184164,0.334827225,0.116754493,-0.010270289,0,0,0,-0.025653033,0.392127859,1.013991166,0.864734596,0.231163001,-0.024874438,-0.014149697,-0.001225797,0.000122243,0.000326118,-0.003709184,-0.014635434,0.242606379,0.621955865,1.025431716,0.574814219,-0.051773982,0,0,0,-0.035410692,0.576938011,0.99640094,0.397337861,-0.049105808,-0.013599894,-0.000923356,0.000871426,-0.007285709,-0.022454242,-0.010781641,0.389093342,0.945830644,1.026414454,0.951625019,0.405120421,-0.03740511,0,0,0,-0.02068923,0.303830035,0.985012892,0.861930907,0.461751472,0.018709949,-0.045968061,-0.056872274,0.005003788,0.346003186,0.785521908,0.97653554,1.006296998,0.636679864,0.180264591,0.018271609,-0.002417859,0,0,0,-0.005801164,0.05136489,0.612622719,1.014511591,1.006957132,0.682132064,0.436351835,0.403766561,0.641279156,0.971056384,1.02871858,0.764097597,0.364431168,0.047974588,-0.027217602,-0.005684913,0.000536152,0,0,0,0.000383987,-0.017662616,0.045197134,0.60684101,0.888689074,0.979143876,1.052526297,1.046443508,0.952845571,0.8866258,0.6933838,0.109781778,-0.04629165,-0.00656604,0.000835677,0,0,0,0,0,1.84E-05,0.000546569,-0.010061121,0.001028748,0.036652263,0.26985369,0.527548203,0.405878013,0.175911169,0.014182174,0.01064774,-0.01198332,-0.000154105,5.42E-05,0,0,0,0,0,0,0,2.94E-05,-3.22E-06,-0.003028339,-0.006254433,-0.01627822,-0.010929432,-0.024446895,-0.013760927,-0.004622773,-0.003850388,-0.000255004,6.07E-05,0,0,0,0,0,0,0,0,0,0,0,3.91E-05,-0.000258448,-0.002258775,-0.000196894,1.83E-05,0,0,0,0,0,0,0,0,0,0,0,0,0,0,0,0,0,0,0,0,0,0,0,0,0,0,0,0,0,0,0,0,0,0,0,0,0,0,0,0,0,0,0,0,0,0,0,0
0,0,0,0,0,0,0,0,0,0,0,0,0,0,0,0,0,0,0,0,0,0,0,0,0,0,0,0,0,0,0,0,0,0,0,0,0,0,0,0,0,0,0,0,0,0,0,0,0,0,0,0,0,0,0,0,0,0,0,0,0,0,0,0,0,0,0,0,0,0,0,0,0,0,0,0,0,0,0,0,0,0,0,0,0,0,0,0,0,0,0,0,0,0,0,0,0,0,0,0,0,0,0,0,0,0,0,0,0,0,0,0,0,3.69E-18,-4.74E-17,7.45E-05,-0.000682955,-0.012594608,-0.00469984,0.000414879,0,0,0,0.00018944,-0.002813862,-0.010149782,-0.001832618,0.000244588,0,0,0.000208504,-0.002286731,-0.006121846,-0.005315053,-0.015106209,-0.021845129,-0.013021599,0.122123198,0.042707908,-0.003738171,0,0,0,-0.000933869,0.014141087,0.048782357,0.0040325,-0.000688306,0,0.000300844,-0.002085473,-0.010099619,0.005337521,-0.004561473,0.14377237,0.404504471,0.633049407,0.939740043,0.478390353,-0.043294284,0,0,0,-0.011888123,0.17218784,0.678662446,0.165994638,-0.020785129,5.99E-05,-0.003069291,-0.011743566,0.32754376,0.615299094,0.579723584,0.868507013,1.043430317,0.952969295,0.857646294,0.356429313,-0.03289888,0,0,0,-0.026003217,0.413824244,0.923221422,0.228287258,-0.028916677,-0.015002196,-0.033816568,0.064420735,0.730688572,1.072845566,1.043148727,0.854435951,0.361513872,0.19327691,0.123095845,0.006950657,-0.000904225,0,0,0,-0.03125674,0.515073938,0.876307173,0.152804228,-0.056321287,0.066738715,0.305553002,0.88252514,1.009036356,0.980741086,0.425255702,0.033504102,-0.027220469,-0.02962643,-0.020007643,-0.003863358,0.000382966,0,0,0,-0.040454044,0.68843556,0.827797998,0.195020084,0.405519003,0.777906965,0.973964222,0.751068593,0.884256332,0.794555647,0.000853877,-0.009972597,-0.000763072,7.64E-05,0,0,0,0,0,0,-0.044989707,0.747883936,1.006414469,0.908162342,0.967487513,0.778759682,0.377792606,0.054442627,0.663709116,0.812874626,0.001174704,-0.001898958,0,0,0,0,0,0,0,0,-0.03725194,0.611602209,0.935133902,0.706870932,0.329742367,0.052353792,-0.028558517,-0.046156216,0.484529208,0.556653945,-0.017040782,2.55E-05,0,0,0,0,0,0,0,0,-0.006304279,0.102631604,0.181612251,0.056830729,-0.031329304,-0.007477362,0.000736145,-0.011471099,0.122095929,0.098690025,-0.00431781,0,0,0,0,0,0,0,0,0,0.000971507,-0.015867953,-0.026688725,-0.012014706,0.000111899,0.000104167,0,0.001198683,-0.013664982,-0.013992754,0.000479473,0,0,0,0,0,0,0,0,0,0,0,0,0,0,0,0,1.15E-05,-0.000130974,-4.27E-05,4.60E-06,0,0,0,0,0,0,0,0,0,0,0,0,0,0,0,0,0,0,0,0,0,0,0,0,0,0,0,0,0,0,0,0,0,0,0,0,0,0,0,0,0,0,0,0,0,0,0,0,0,0,0,0,0,0,0,0,0,0,0,0,0,0,0,0,0,0
0,0,0,0,0,0,0,0,0,0,0,0,0,0,0,0,0,0,0,0,0,0,0,0.000147569,-0.002130991,-0.007650293,-0.004175007,5.50E-05,3.40E-05,0,0,0,0,0,0,0,0,0,0,0,0,0,0,-0.000392412,0.00568709,0.021266815,-0.00269297,-0.004585653,0.000389303,0,0,0,0,0,0,0,0,0,0,0,0,0,0,-0.012550143,0.180984801,0.643363443,0.47731701,0.034490644,-0.007133715,0,0,0,0,0,0,0,0,0,0,0,0,0,0,-0.019568015,0.279660182,1.032156778,0.817771906,0.071183808,-0.01318219,0,0,0,0,0,0,0,0,0,0,0,0,0,0,-0.028672794,0.447510825,1.038713423,0.563416411,-0.004818444,-0.004814985,0,0,0,0,0,1.15E-17,0.0003085,-0.003440308,-0.009138522,-0.002059504,0.000191483,0,0,0,-0.042261336,0.694369332,1.067366251,0.552934232,-0.007494344,-0.004526654,0,0,0,0,6.13E-05,1.02E-05,-0.015884991,0.018128319,0.082465639,0.0116362,-0.001106345,0,0,0,-0.021370969,0.314861009,1.02430367,0.557798466,-0.007044148,-0.004575163,0,0,0,0.00070295,-0.005805308,-0.03970578,0.154468852,0.651691499,0.882847017,0.386246654,-0.035234329,0,0,0,-0.025499387,0.3898606,1.032932836,0.555480494,-0.007574905,-0.004517974,0,6.22E-20,9.80E-05,-0.006129591,0.032774357,0.210424309,0.717409688,1.062134293,1.039755547,0.484315428,-0.04440785,0,0,0,-0.035693627,0.574905842,1.055989719,0.561043505,-0.005161225,-0.00477805,0,3.06E-05,-0.000944138,-0.038254131,0.240231533,0.853537786,0.974059368,0.515375051,0.781562122,0.226004051,-0.020365264,0,0,0,-0.019157118,0.275306049,0.982922386,0.840061632,0.070261523,-0.014442913,5.88E-18,-4.68E-06,-0.013454436,0.193079556,0.807096984,1.058713406,0.713814219,0.053508068,0.368422829,0.049521378,-0.004279854,0,0,0,-0.007895578,0.078712793,0.800239975,0.991755583,0.275487631,-0.029407169,-0.005655637,-0.020130974,-0.002336006,0.768661252,1.052633544,0.749060764,0.180464069,-0.021635315,-0.023675146,-0.003823785,0.000335733,0,0,0,-0.000454578,-0.034385285,0.373885373,1.053347924,0.694852633,0.05179246,-0.003623273,0.109430228,0.52307745,1.002444224,0.98833938,0.355550001,-0.020581815,-0.001032316,0,0,0,0,0,0,-0.000119996,-0.025071827,0.194964171,0.915323734,1.014070598,0.697459491,0.584919322,0.900053785,0.98963797,1.021065947,0.48723303,-0.002180181,-0.004155859,1.51E-05,0,0,0,0,0,0,1.79E-05,-0.005081325,0.002961925,0.472953108,1.015873334,1.055673339,1.0431154,1.031231481,1.027079214,0.618549828,0.069524101,-0.012809351,0.00022595,1.15E-05,0,0,0,0,0,0,0,0.000431373,-0.009213252,0.040870217,0.644008822,0.794966554,0.925263685,0.817724401,0.571330355,0.046631898,-0.020228588,0.000969329,0,0,0,0,0,0,0,0,0,1.29E-05,0.000158667,-0.002938828,-0.022834577,0.051099197,0.255203023,0.08073029,-0.024054432,-0.005156231,0.000272842,1.02E-05,0,0,0,0,0,0,0,0,0,0,2.04E-05,-0.000171212,-0.001701237,-0.010091313,-0.031644858,-0.013240797,-0.001171579,-4.27E-05,2.04E-05,0,0,0,0,0,0,0,0,0,0,0,0,0,0,0,0,0,0,0,0,0,0,0,0,0,0,0,0,0,0,0,0,0,0,0,0,0,0,0,0,0,0,0,0,0,0
0,0,0,0,0,0,0,0,0,0,0,0,0,0,0,0,0,0,0,0,0,0,0,0,0,0,0,0,0,0,0,0,0,0,0,0,0,0,0,0,0,0,0,0,0,0,0,0,0,0,0,0,0,0,0,0,0,0,0,0,0,0,0,9.79E-05,-0.001775582,-0.000250357,1.90E-05,0,0,0,0,0,0,0,6.71E-05,0.00025623,-0.010264655,-0.034811871,-0.006936785,0.000638276,0,0,0,0.00026057,-0.004375357,-0.007104967,0.000401757,0,0,0,0,0,0,6.89E-05,-0.000337623,-0.023701014,0.123197287,0.559723479,0.100794696,-0.009250749,0,0,0,-0.021682292,0.390190155,0.112490673,-0.007318525,0,0,0,0,0,9.69E-18,0.000794016,-0.033448546,0.131744826,0.7874375,1.036474359,0.357533871,-0.033164828,0,0,0,-0.039260621,0.708229337,0.172465788,-0.011548713,0,0,0,0,2.55E-05,0.000557967,-0.024251174,0.222809743,0.796264314,0.815471201,0.724112568,0.288632642,-0.026482077,0,0,0,-0.039695487,0.707543211,0.331470418,-0.02120205,9.76E-05,0,0,9.81E-18,0.000623191,-0.032597441,0.090352309,0.800552277,0.826337542,0.146127672,0.271188096,0.17546803,-0.015424786,0,0,0,-0.04172498,0.73207438,0.555566942,-0.024930487,-0.000780645,0,1.47E-05,0.000210937,-0.012010025,0.106920189,0.605676845,0.921768536,0.2335088,-0.030434998,-0.011143213,-0.005815121,0.000523386,0,0,0,-0.043889144,0.760405144,0.758037275,-0.03253976,-0.001665444,5.67E-05,0.000591605,-0.011211346,0.003770578,0.640181981,1.032208231,0.524431304,-0.006528152,-0.002393484,0,0,0,0,0,0,-0.035451031,0.594458606,0.855105835,0.130046449,-0.01579267,1.25E-05,-0.011288263,0.021257302,0.51941408,1.023497955,0.738089001,0.070037718,-0.016846286,0.000158344,0,0,0,0,0,0,-0.022332057,0.332859664,1.029730052,0.478849639,-0.043067377,-0.020557938,0.003503217,0.518381621,0.999414624,0.847410182,0.207716963,-0.013322117,-0.000919781,1.03E-05,0,0,0,0,0,0,-0.007908412,0.071516228,0.949015582,0.810269931,0.21230714,0.064894708,0.510531844,1.011512219,0.931589689,0.220210331,-0.030888739,-0.000536464,0.000176104,0,0,0,0,0,0,0,-0.001727175,-0.017282731,0.493292313,1.038070278,0.92968995,0.82916825,1.005507132,0.961362371,0.433712963,-0.006079264,-0.005730018,0.000102124,0,0,0,0,0,0,0,0,0.000190206,-0.016130804,0.055440172,0.673700197,0.964622858,0.965590227,0.692468818,0.249951644,0.011014263,-0.008181943,0.000438283,0,0,0,0,0,0,0,0,0,0,0.000735907,-0.008089393,0.00414774,0.156400592,0.14996555,-0.001478911,-0.025052832,-0.006028544,0.000748441,0,0,0,0,0,0,0,0,0,0,0,4.23E-05,-8.75E-05,-0.003447508,-0.012625097,-0.012245455,-0.003202206,-0.000375511,3.88E-05,0,0,0,0,0,0,0,0,0,0,0,0,0,0,0,0,0,0,0,0,0,0,0,0,0,0,0,0,0,0,0,0,0,0,0,0,0,0,0,0,0,0,0,0,0,0,0,0,0,0,0,0,0,0,0,0,0,0,0,0,0,0,0,0,0,0,0,0
0,0,0,0,0,0,0,0,0,0,0,0,0,0,0,0,0,0,0,0,0,0,0,0,0,8.94E-05,-0.000839971,-0.00944757,-0.0050577,0.000446793,0,0,0,0,0,0,0,0,0,0,0,0,0,0,0,0.000709561,-0.009111685,0.040763492,0.029430364,-0.002556714,0,0,0,0,0,0,0,0,0,0,0,0,0,0,0,-0.014966725,0.159633629,0.67421448,0.307143672,-0.027467576,0,0,0,0,0,0,0,0,0,0,0,0,0,0,8.82E-05,-0.045356192,0.501344414,0.915776551,0.145275906,-0.014307598,0,0,0,0,0,0,0,0,0,0,0,0,0,0,-0.000220282,-0.046914216,0.560027727,0.792486751,-0.026883425,0.000643808,0,0,0,0,0,0,0,0,0,0,0,0,0,0,-0.007258272,0.013633051,0.666640727,0.711556534,-0.020702019,4.47E-05,0,0,0,0,0,0,0,0,0,0,0,0,0,0,-0.01115354,0.046715618,0.730642367,0.544004612,-0.020722929,0,0,0,0,0,0,0,0,0,0,0,0,0,0,0,-0.010735294,0.043057428,0.724977022,0.530490977,-0.020708401,0,2.18E-19,1.89E-05,-0.000351545,-0.001041616,-0.002414369,-0.006138021,-0.013602737,-0.014416249,-0.014302645,-0.014059538,0,0,0,0,-0.01034375,0.039627298,0.719735958,0.537559364,-0.020686887,-1.99E-05,-0.001338235,-0.008568185,-0.023688921,-0.025050773,-0.007000051,0.050129085,0.176397144,0.193505378,0.19060272,0.206368192,0,0,0,0,-0.013504596,0.067623417,0.758980528,0.492389086,-0.045448955,-0.031084729,-0.034707125,0.019276178,0.235037894,0.41513431,0.593290186,0.810981567,0.996203329,0.974534501,0.985301624,0.793056219,0,0,0,0,-0.023016544,0.15163797,0.873651552,0.46315069,0.247296977,0.353409501,0.546358303,0.700841946,0.929247194,0.847617868,0.50924406,0.397306713,0.395292688,0.407761183,0.375421875,0.141290748,0,0,0,0,-0.029449676,0.206830405,0.958093908,0.9599908,0.919746749,0.866005259,0.843707486,0.5279122,0.172419827,0.067728775,-0.021362103,-0.04839392,-0.046032316,-0.028677669,-0.043879173,-0.018912804,0,0,0,0,-0.025610294,0.186329027,0.767210257,0.528955081,0.356173066,0.079032203,0.006055539,-0.019461465,-0.020681145,-0.01326474,-0.002786458,0.000270799,5.62E-06,-0.00151475,-6.74E-19,0,0,0,0,0,-0.002202206,0.014904888,0.080313317,-0.0179007,-0.03532867,-0.008029514,-0.002163756,-0.000127655,3.06E-05,0,0,0,0,0,0,0,0,0,0,0,0.000452206,-0.003174939,-0.015020527,-0.002965024,0.000327819,0,0,0,0,0,0,0,0,0,0,0,0,0,0,0,0,0,0,0,0,0,0,0,0,0,0,0,0,0,0,0,0,0,0,0,0,0,0,0,0,0,0,0,0,0,0,0,0,0,0,0,0,0,0,0,0,0,0,0,0,0,0,0,0,0,0,0,0,0,0,0,0,0,0,0,0,0,0,0,0,0,0,0,0,0,0,0,0,0,0,0
0,0,0,0,0,0,0,0,0,0,0,0,0,0,0,0,0,0,0,0,0,0,0,0,0,0,0,0,0,0,0,0,0,0,0,0,0,0,0,0,0,0,0,0,0,0,0,0,0,0,0,0,0,0,0,0,0,0,0,0,0,0,0,0,2.57E-05,-6.52E-05,-0.002104422,-0.003317792,-0.003212827,-0.003208027,-0.003200674,-0.003705219,-0.001388855,8.07E-05,0,0,0,0,0,0,0,0,0,0,0.000719363,-0.006408412,-0.008462742,0.003082206,0.002216776,0.002834048,0.007238766,0.011901433,0.007408347,-0.000293437,0,0,0,0,0,0,0,0,0,0,-0.011526654,0.069579453,0.498618651,0.645801809,0.657459576,0.662312432,0.633672215,0.700329776,0.236641342,-0.014923237,0,0,0,0,0,0,0,0,0,0,-0.017839767,0.105046824,0.807545684,1.007785812,0.713218018,0.57689311,0.385020476,0.425728265,0.120688483,-0.009100967,0,0,0,0,0,0,0,0,0,0,-5.78E-05,-0.045608516,0.523093042,0.911649031,0.090471597,-0.011098848,-0.04306128,-0.037273603,-0.010664261,0.000680771,0,0,0,0,0,0,0,0,0,0,-0.000848652,-0.033891953,0.479651416,0.904437039,0.0605136,-0.012340431,1.82E-05,-0.000829078,-0.000244588,2.72E-05,0,0,0,0,0,0,0,0,0,0,-0.011913297,0.052525276,0.749660607,0.672360024,0.001667177,-0.001995677,0,0,0,0.00023989,-0.004084559,-0.005506127,0.000313419,0,0,0,0,0,0,0.000153186,-0.029631332,0.180138123,0.899190921,0.257308066,-0.031211533,-0.010725592,-0.010102635,-0.021294169,-0.029066538,-0.034794084,-0.011589171,0.000651859,-0.03567933,-0.044265419,-0.02897646,-0.002120353,0,0,0,-0.001680964,-0.014484103,0.467846116,0.732166394,0.060475827,0.079552015,0.114676266,0.110803888,0.242557955,0.331407454,0.369483711,0.594733915,0.616193185,0.368908241,0.50132961,0.329678905,0.024235856,0,0,0,-0.004880559,0.021742727,0.827551024,0.939267916,0.784869499,0.822171844,0.855069708,0.765091755,0.67853838,0.704472944,0.608510796,0.557600077,0.544727539,0.761215384,0.907414548,0.692301527,0.12920468,0,0,0,-0.001801471,0.003958333,0.334211346,0.479418318,0.422648808,0.299414999,0.299171773,0.120394199,-0.002943985,-0.01302077,-0.013070023,-0.019591673,-0.019902471,0.053516136,0.076234662,0.007012612,-0.002667228,0,0,0,0.000163399,-0.00034552,-0.030464069,-0.043317249,-0.037215241,-0.026559947,-0.026628881,-0.010915373,-0.00048892,0.000122294,0,4.60E-05,6.21E-05,-0.005849163,-0.008240424,-0.001631859,0.000159569,0,0,0,0,0,0,0,0,0,0,0,0,0,0,0,0,0,0,0,0,0,0,0,0,0,0,0,0,0,0,0,0,0,0,0,0,0,0,0,0,0,0,0,0,0,0,0,0,0,0,0,0,0,0,0,0,0,0,0,0,0,0,0,0,0,0,0,0,0,0,0,0,0,0,0,0,0,0,0,0,0,0,0,0,0,0,0,0,0,0,0,0,0,0,0,0,0,0,0,0
0,0,0,0,0,0,0,0,0,0,0,0,0,0,0,0,0,0,0,0,0,0,0,0,0,0,0,0,0,0,0,0,0,0,0,0,0,0,0,0,0,0,0,0,0,0,0,0,0,0,0,0,0,0,0,0,0,0,0,0,0,0,0,0,0,0.00059232,-0.006636029,-0.023623578,-0.003081087,0.000291054,0,0,0,0,0,0,0,0,0,0,0,0,0,0,0,-0.008303547,0.093039216,0.363234428,0.042883391,-0.004053054,0,0,0,0,0,0,0,0,0,0,0,0,0,0,5.79E-18,-0.030981924,0.345966265,0.892595882,0.193595792,-0.018069172,0,0,0,0,0,0,0,0,0,0,0,0,0,0,0.000560662,-0.049964171,0.501072729,0.922210078,0.125087146,-0.012551913,0,0,0,0,0,0,0,0,0,0,0,0,0,0,-0.010215544,0.037611712,0.725094065,0.925467907,0.067284932,-0.007748699,0,0,0,0,0,0,0.000167135,-0.007271956,-0.004763361,0.000417839,0,0,0,0,-0.028765319,0.202323921,0.95144327,0.791010558,-0.023666939,0.000269676,-2.42E-05,-0.000739941,-0.004108373,-0.012665696,-0.022126736,-0.031464205,-0.037936411,0.026291716,0.012246783,-0.007755957,0,0,0,0,-0.029552696,0.209290577,0.961094431,0.598353274,-0.020193185,-0.007235907,-0.027183721,-0.025787667,0.008861509,0.155567028,0.337003285,0.519630225,0.616416939,0.773331618,0.568151467,0.048781403,0,0,0,0,-0.025845588,0.176507013,0.915623298,0.568762026,-0.059949449,0.012892378,0.193180079,0.336644778,0.818016914,1.019100677,0.961850303,0.86842499,0.799842916,0.814136806,0.932239022,0.260435866,0,0,0,3.68E-05,-0.030373775,0.208504817,0.959268876,0.646597774,0.349426658,0.635650361,0.939058755,1.031533139,0.903703036,0.607908105,0.340118396,0.152299496,0.041347597,0.052471906,0.203129919,0.085117375,0,0,0,-0.000105173,-0.029617932,0.232793132,0.956686353,0.975848388,1.005923406,0.966988538,0.651360574,0.439752014,0.157484505,0.002338707,-0.031964096,-0.022082161,-0.008874078,-0.01015332,-0.026122457,-0.010156129,0,0,0,-0.003093035,0.000671024,0.615871034,1.035212861,0.928257222,0.559721201,0.268993311,0.011419867,-0.024195602,-0.016231843,-0.006094431,-0.000675551,0.000125613,0,0,0,0,0,0,0,-0.004754289,0.022385008,0.792538246,0.949826474,0.36036814,-0.035813249,-0.028352652,-0.002833946,0.000283395,0,0,0,0,0,0,0,0,0,0,0,-0.000688164,0.001999915,0.127943798,0.127285097,-0.007149559,-0.005241353,0.000306373,0,0,0,0,0,0,0,0,0,0,0,0,0,5.71E-05,-0.000196436,-0.010278697,-0.011044935,-0.00165301,0.000175654,0,0,0,0,0,0,0,0,0,0,0,0,0,0,0,0,0,0,0,0,0,0,0,0,0,0,0,0,0,0,0,0,0,0,0,0,0,0,0,0,0,0,0,0,0,0,0,0,0,0,0,0,0,0,0,0,0,0,0,0,0,0,0,0,0,0,0,0,0,0,0
0,0,0,0,0,0,0,0,0,0,0,0,0,0,0,0,0,0,0,0,0,0,0,0,0,0,0,0,0,0,0,0,0,0,0,0,0,0,0,0,0,0,0,0,0,0,0,0,0,0,0,0,0,0,0,0,0.000603318,-0.007455423,-0.027328686,-0.005621459,0,0,0,0,0,0.000105954,-0.000873928,-0.006351148,-0.02199806,-0.025066993,-0.00214328,0.000224877,0,0,7.26E-05,-7.59E-05,-0.012150854,0.034304197,0.212576117,0.041324942,0,0,0,1.19E-05,0.000558517,-0.00692196,-0.02035432,0.048667587,0.325719686,0.383559606,0.019073138,-0.00269521,0,5.42E-05,-0.000376838,-0.014576372,0.053245472,0.629606213,0.944157578,0.240037939,0,0,0,0.000168913,-0.006388412,-0.006232945,0.329563862,0.824197954,0.994099963,0.986893621,0.268724929,-0.018854933,9.81E-18,0.000202665,-0.021073427,0.110826797,0.713217303,1.036774337,0.934291854,0.186494928,0,0,0,-0.003203789,0.009419033,0.562055981,0.941702819,1.015374849,1.024445278,0.81298235,0.125756468,-0.010474809,0.000316436,-0.017847256,0.070909978,0.723548952,1.0271827,0.899387612,0.297657084,0.014693134,0,0,0,-0.006056673,0.036730277,0.944086717,1.011260412,0.986039184,0.571832239,0.107518871,-0.017314181,0.000517407,-0.028168508,0.113565098,0.708359779,1.040707031,0.880225735,0.269192708,-0.040604966,-0.003818077,0,0,0,-0.002439645,-0.006969873,0.541693832,1.036433415,0.761605537,0.033932036,-0.020425398,-0.000134055,-0.016556951,0.085858438,0.667498213,1.029379476,0.926914845,0.33635432,-0.017750109,-0.004033905,9.79E-05,0,0,0,-0.003442606,0.005405501,0.6516811,1.024689406,0.327832895,-0.026980103,0.000601631,-0.014636029,0.047420445,0.731391114,1.023626736,0.960064304,0.401346729,0.000540288,-0.006288523,0.000293607,0,0,0,0,-0.006249336,0.03996761,0.975033956,0.815176726,0.07169561,-0.013327461,-0.0204968,0.096200027,0.719405229,1.047387523,0.913692232,0.269075146,-0.027020782,-0.006562806,0.000645714,0,0,0,0,0,-0.006253268,0.039995575,0.978854796,0.778913211,0.063158385,-0.030842099,0.045952682,0.664945942,1.025918624,0.972986323,0.404003421,0.000466929,-0.00690671,0.000150735,0,0,0,0,0,0,-0.006092291,0.038086775,0.957365374,0.815958685,0.047785724,0.063758849,0.654351993,1.039891753,0.959294362,0.391134998,-0.014100424,-0.006631507,0.000631038,0,0,0,0,0,0,0,-0.004073938,0.013153322,0.720297692,1.016608047,0.399384469,0.708843597,1.040845027,0.888849911,0.312400906,-0.035741239,-0.005780229,0.000382966,0,0,0,0,0,0,0,0,-0.001325776,-0.020718614,0.420446827,1.024119587,0.94572106,1.008209116,0.907972018,0.297015455,-0.010600797,-0.002947393,0.000161697,0,0,0,0,0,0,0,0,0,-0.000254493,-0.027193355,0.244202819,0.944944036,1.020387877,0.952260519,0.464360396,-0.012343342,-0.006120711,0.000447597,0,0,0,0,0,0,0,0,0,0,2.18E-05,-0.026399408,0.17591105,0.914446317,0.982190443,0.400077325,-0.008464614,-0.007387561,0.000206801,0,0,0,0,0,0,0,0,0,0,0,0,-0.009165953,0.052900242,0.434617083,0.45179723,-0.007497775,-0.00674203,0.000645714,0,0,0,0,0,0,0,0,0,0,0,0,0,0.000539216,-0.003690768,-0.018842933,-0.019000958,-0.003888378,0.000378711,0,0,0,0,0,0,0,0,0,0,0,0,0,0,0,0,0,0,0,0,0,0,0,0,0,0,0,0,0,0
0,0,0,0,0,0,0,0,0,0,0,0,0,0,0,0,0,0,0,0,0,0,0,0,0,0,0,0,0,0,0,0,0,0,0,0,0,0,0,0,0,0,0,0,0,0,0,0,0,0,0,0,0,0,0,0,0,0,0,0,0,0,0,0,0,0,2.09E-05,-6.47E-05,-0.001552134,-0.00384421,-0.019173203,-0.031502553,-0.019983796,-0.01370047,-0.000945159,0.000220588,0,0,0,0,0,0,0,0,0,0.000727635,-0.00782101,-0.029906292,-0.017574993,0.004951491,0.275246307,0.539788637,0.364463842,0.24908301,0.017170394,-0.004007353,0,0,0,0,0,0,0,0.000285948,-0.001818661,-0.049991915,0.015192164,0.226109684,0.443276127,0.786288211,1.01334152,0.546126974,0.02674344,0.024832431,0.001942827,-0.000453431,0,0,0,0,0,0,0,-0.003259804,0.020732741,0.487831053,0.654099009,0.960972664,1.020547198,1.028758255,0.673344158,0.134085172,-0.021064368,-0.002341452,-0.000157527,3.68E-05,0,0,0,0,0,0,0,-0.004032754,0.025674079,0.610938931,0.726681631,0.976393788,1.025786607,0.764155134,0.06020824,-0.017050569,0.000748105,2.45E-05,0,0,0,0,0,0,0,0,0,0.000114379,-0.000472869,-0.036333725,0.145799871,0.905568515,0.99681107,0.33478942,-0.030828023,-0.001326831,9.38E-05,0,0,1.91E-05,-0.000121272,-0.004059914,-0.004949959,-0.001300041,0,0,0,0,-0.003144608,-0.000120404,0.33654776,0.975482587,0.839019914,0.123654514,-0.020283531,1.42E-05,7.34E-05,2.36E-05,-0.012476716,-0.012406812,-0.017184147,0.015386569,0.023527437,0.006921398,0,0,0,0,-0.01632935,0.093257523,0.767006723,1.051318841,0.57977851,-0.012628047,-0.003816176,-0.004043573,-0.009891141,-0.025127536,0.060687143,0.0530016,0.125629579,0.703218632,0.851806798,0.221084082,0,0,0,0,-0.033542892,0.244524544,0.998072474,0.981257898,0.355364345,-0.044441738,-0.019624489,0.025799632,0.083623697,0.263019778,0.700463627,0.731235362,0.824431696,0.932409332,0.660166582,0.119306287,0,0,0,0,-0.030996392,0.220527462,0.98183494,1.003065729,0.438223014,0.0394003,0.116684433,0.620509984,0.904461994,0.959325462,1.050067873,1.067125117,0.924156357,0.278897396,0.007829396,-0.007990757,0,0,0,0,-0.002991728,-0.01139008,0.447215329,0.988750679,0.957950283,0.814958469,0.857911135,1.016119451,1.040577025,0.934434794,0.761977618,0.576467014,0.230550637,-0.025789053,-0.009468273,-0.000445432,0,0,0,0,0.00032935,-0.006573819,0.026669901,0.237857218,0.691407782,0.806614158,0.95123366,0.896573308,0.495468149,0.184594771,0.081854933,-0.014040458,-0.024881553,0.000658605,0.000157441,0,0,0,0,0,0,0.000712316,-0.007940325,-0.028720904,0.007436683,0.019457721,0.169958725,0.128070874,-0.022298537,-0.029305964,-0.015142157,-0.003861826,0.000283088,0,0,0,0,0,0,0,0,0,4.80E-05,-0.000177632,-0.003672641,-0.004628523,-0.013306781,-0.010897672,-0.001459225,0.000102635,0,0,0,0,0,0,0,0,0,0,0,0,0,0,0,0,0,0,0,0,0,0,0,0,0,0,0,0,0,0,0,0,0,0,0,0,0,0,0,0,0,0,0,0,0,0,0,0,0,0,0,0,0,0,0,0,0,0,0,0,0,0,0,0,0,0
0,0,0,0,0,0,0,0,0,0,0,0,0,0,0,0,0,0,0,0,0,0,0,0,0,0,0,0,0,0,0,0,0,0,0,0,0,0,0,0,0,0,0,0,0,0,0,0,0,0,0,0,0,0,0,0,0,0,0,0,0,0,0,3.46E-05,0.000777063,-0.01307021,-0.0301755,-0.00413808,0.000535641,0,0,0,0,0,0,0,0,0,0,0,0,0,0,-0.000502042,-0.012924564,0.202919952,0.472579231,0.05750997,-0.008265761,0,0,0,0,0,0,0,0,0,0,0,0,0,0,-0.00164328,-0.017561309,0.463277625,1.034995421,0.247787188,-0.019996426,0,0,0,0,0,0,0,0,0,0,0,0,0,0,-0.002286663,-0.009065904,0.530501106,1.000790986,0.164605058,-0.019178581,0,0,0,0,0,0,0,0,0,0,0,0,0,0,-0.003829899,0.010001104,0.699313641,0.980870599,0.120788368,-0.018819385,0,0,0,0,0,0,0.000478986,-0.005354449,-0.009319787,-0.002829073,0.000264971,0,0,0,-0.003901552,0.010825946,0.708519131,0.97120338,0.12178677,-0.018469329,0,2.17E-05,-0.000113103,-0.003182198,-0.007369179,-0.019208895,-0.039083827,0.009662905,0.043934545,-0.008948615,-0.00927434,0,0,0,-0.005303105,0.028212248,0.874002757,0.806468529,0.0714259,-0.012894301,-0.000848958,-0.017930028,-0.03253399,0.001868028,0.063313011,0.274592507,0.554127383,0.724228452,0.799350838,0.590892344,0.10204262,0,0,0,-0.006286969,0.040284688,0.990031216,0.70770624,0.036839373,-0.030942896,-0.03316459,0.101611435,0.261743447,0.62023117,0.907725116,1.017420241,1.03235289,0.899291513,0.951656442,1.065213065,0.279845231,0,0,0,-0.006274357,0.040108609,1.000135706,0.575876736,0.025671684,0.199960801,0.457857792,0.803638004,1.01121475,1.054099948,0.960970792,0.733710835,0.461802015,0.166201065,0.550159543,0.781553462,0.107604184,0,0,0,-0.006180853,0.038466974,0.963711715,0.91456487,0.808253598,0.954279483,1.006421806,0.994818342,0.70437365,0.401191924,0.189652209,0.040207272,-0.022633301,-0.028645948,0.159819401,0.13427454,-0.017066722,0,0,0,-0.002877145,0.001982639,0.561435798,0.933459508,0.929871829,0.824963337,0.481312874,0.302186598,0.054815751,-0.030714368,-0.018470861,-0.01047675,-0.00249966,0.000326968,-0.009452326,-0.012356175,-0.000133612,0,0,0,2.63E-05,-0.006960682,0.045986077,0.191459984,0.188796047,0.112413603,-0.019041803,-0.032497396,-0.006626583,0.00085606,0,0,0,0,0,0,0,0,0,0,2.39E-05,0.000675858,-0.009768995,-0.027618873,-0.02722759,-0.018669118,-0.002476716,0.000419118,0,0,0,0,0,0,0,0,0,0,0,0,0,0,0,0,0,0,0,0,0,0,0,0,0,0,0,0,0,0,0,0,0,0,0,0,0,0,0,0,0,0,0,0,0,0,0,0,0,0,0,0,0,0,0,0,0,0,0,0,0,0,0,0,0,0,0,0,0,0,0,0,0,0,0,0,0,0,0,0,0,0,0,0,0,0,0,0,0
0,0,0,0,-0.007204963,0.052571453,0.216687551,0.036201082,-0.004428956,0,0,0,0,0,0,0,0,0,0,0,0,0,0,0,-0.034504596,0.263805181,0.900458078,0.123401563,-0.016394165,0,0,0,0,0,0,0,0,0,0,0,0,0,0,0,-0.03786566,0.293312272,0.944736439,0.114512513,-0.016467089,0,0,0,0,0,0,0,0,0,0,0,0,0,0,0,-0.037688113,0.280981516,1.06519887,0.227784436,-0.020772059,0,0,0,0,0,0,0,0,0,0,0,0,0,0,0,-0.032259498,0.233284058,0.994129051,0.491759525,-0.020669935,0,0,0,0,0,0,0,0,0,0,0,0,0,0,0,-0.02370435,0.157713593,0.886714427,0.56567272,-0.020669935,1.94E-18,0,0,0,0,0,0,0,0,0,0,0,0,0,0,-0.02273652,0.14916442,0.874595112,0.551909013,-0.021591605,8.08E-05,0,0,0,0,0,0,0,0,0,0,0,0,0,0,-0.029311789,0.207245968,0.956022363,0.776129283,0.010582358,-0.002741429,0,0,0,0,0,0,0,0,0,0,0,0,0,0,-0.018272059,0.10972835,0.816968784,0.895784365,0.023225848,-0.003850507,0,0,0,0,0,0,0,0,0,0,0,0,0,0,-0.018382353,0.110702614,0.817934538,0.893059853,0.03516876,-0.004898131,0.000206801,-0.00185815,-0.01123242,-0.024387255,-0.023970588,-0.023970588,-0.024371936,-0.020393176,-0.00229473,0.000245098,0,0,0,0,-0.018382353,0.110702614,0.812356516,0.945102778,0.191927594,-0.025388923,-0.029173049,-0.024805794,0.047306656,0.163665067,0.160065359,0.160065359,0.163589325,0.12764322,-0.02332627,-0.011792365,0,0,0,0,-0.018382353,0.110702614,0.816072644,0.908233969,0.104653884,0.043322015,0.288464393,0.47251251,0.716645503,0.887460001,0.881070261,0.881070261,0.88659535,0.838892829,0.504671926,0.089714478,0,0,0,0,-0.018404366,0.110897062,0.802026636,0.999748259,0.867581733,0.881674004,0.977772716,1.030902582,1.033516978,0.948738331,0.950845868,0.950845868,0.948608903,1.007900937,1.048412723,0.620207679,0,0,0,0,-0.01897886,0.114637766,0.820917535,1.046193439,1.046791837,0.972910097,0.800512221,0.757417858,0.459932823,0.225451219,0.235457516,0.235457516,0.224011608,0.539786325,0.867762987,0.656041735,0,0,0,0,-0.0049856,0.012777131,0.412878762,0.584521711,0.279955933,0.218768229,0.104378762,0.077235005,-0.026967392,-0.024149135,-0.02246732,-0.02246732,-0.025025191,0.042403897,0.146082329,0.081803105,0,0,0,0,0.000672794,-0.00591025,-0.008120762,-0.00392855,-0.035836006,-0.030899663,-0.017671262,-0.014607537,-0.001529901,0.000257353,0,0,0.000358456,-0.009219763,-0.022520221,-0.014060662,0,0,0,0,0,0.000154463,-0.001756281,-0.002765837,-6.92E-05,1.15E-05,0,0,0,0,0,0,0,0,0,0,0,0,0,0,0,0,0,0,0,0,0,0,0,0,0,0,0,0,0,0,0,0,0,0,0,0,0,0,0,0,0,0,0,0,0,0,0,0,0,0,0,0,0,0,0,0,0,0,0,0,0,0,0,0,0,0,0,0,0,0
0,0,0,0,0,0,0,0,0,0,0,0,0,0,0,0,0,0,0,0,0,0,0,0,0,0,0,0,0,2.76E-05,0.000450027,-0.007877008,-0.015381558,-0.011250851,0.000372072,6.43E-05,0,0,0,0,0,0,0,0,0,0,0,0,0,0.000720007,-0.010208512,0.0320016,0.092870093,0.086629724,-0.001802108,-0.000597102,0,0,0,0,0,0,0,0,0,0,0,0,8.79E-05,-0.009505719,0.022879459,0.567390948,0.873806187,0.485196504,-0.025815462,-0.00183364,0,0,0,0,0,0,0,0,0,0,0,0,-0.001019506,-0.020785165,0.363424871,0.996336312,0.906771619,0.151040731,-0.016709218,0.000160846,0,0,0,0,0,0,0,0,0,0,0,0.000244588,-0.007245404,0.021759515,0.814131978,1.038727856,0.439411952,-0.026301062,0.00048509,0,0,0,0,0,0,0,0,0,0,0,1.53E-05,-0.001984734,-0.009436547,0.418428819,1.007853962,0.746532322,0.083230487,-0.011598754,6.13E-05,0,0,0,0,0,0,0,0,0,0,7.45E-19,0.000534528,-0.029328498,0.162683034,0.888983616,1.035161428,0.451314476,-0.024924278,-0.002672978,0.001085973,-0.008522686,-0.025833843,-0.002527448,0.00042803,0,0,0,0,0,4.60E-06,0.000304075,-0.00990111,-0.008395958,0.580055896,1.049815989,0.708236724,0.041656778,-0.009982777,0.000363698,-0.012621426,0.05484569,0.213979133,0.02232196,-0.003651961,0,0,0,0,0,0.000538909,-0.007512612,0.005169118,0.490741647,0.972799479,0.970068593,0.273761319,-0.027621102,0.001483633,-0.010065513,-0.008704061,0.458647995,0.689844346,0.044520963,-0.009649544,0,0,0,0,0,-0.005447917,0.004007319,0.549779786,1.026488287,1.016715703,0.694544884,0.031118192,-0.004454725,-0.009651461,-0.001388565,0.473611571,0.949674309,0.453356192,0.003571552,-0.004541973,0,0,0,0,0,-0.01102114,0.047357656,0.696346133,0.953145323,0.724109511,0.281439049,-0.028660267,-0.015512629,0.02061531,0.534292909,0.905374966,0.333845367,-0.019272859,-0.003263626,0.00024646,0,0,0,0,0,-0.00098294,-0.038555212,0.548590899,0.817129041,0.149359263,0.062164965,-0.027996922,0.004194964,0.479600753,1.026422418,0.487066178,-0.026593919,-0.004537473,0.000294116,4.08E-06,0,0,0,0,0,-0.000132659,-0.017200742,0.206746375,0.701677554,0.107797658,-0.042991881,0.120107554,0.648634293,0.975564065,0.525808653,0.019429551,-0.010486537,0.000178973,0,0,0,0,0,0,0,0.000435355,-0.011039011,0.075730171,0.292631415,0.011378268,0.196293352,0.798223175,0.981168964,0.358936006,0.01825223,-0.010829419,0.000734869,1.28E-06,0,0,0,0,0,0,0,-0.003578431,-0.004343767,0.44079376,0.683277418,0.690451627,0.905705644,0.809077427,0.329142089,-0.018033645,-0.011959933,0.000758272,0,0,0,0,0,0,0,0,0,-0.015591605,0.088893042,0.735503319,1.021279487,0.797450674,0.449620592,0.083092252,-0.006316074,-0.003715656,0.000260927,0,0,0,0,0,0,0,0,0,0,-0.00260395,0.017257552,0.096731126,0.130871922,0.061770158,-0.011523582,-0.017290011,-0.001661826,0.000263606,0,0,0,0,0,0,0,0,0,0,0,0.000346201,-0.002160267,-0.014314917,-0.019636718,-0.012076014,-0.003242783,0.00032935,4.60E-06,0,0,0,0,0,0,0,0,0,0,0,0,0,0,0,0,0,0,0,0,0,0,0,0,0,0,0,0
0,0,0,0,0,0,0,0,0,0,0,0,0,0,0,0,0,0,0,0,0,0,0,0,0,0,0,0,0,0,0,0,0,0,0,0,0,0,0,0,0,0,0,0,0,0,0,0,0,0,0,0,0,0,0,0,0,0,0,0,0,0,0,0.000158854,-0.002760672,-0.002595282,0.000114277,3.67E-06,0,0,0,0,0,0,0,0,0,0,0,0,0,0,0,-0.00060626,0.011074329,0.002117239,-0.002868668,0.000277608,0,0,0,0,0,0,0,0,0,0,0,0,0,0,0,-0.027746987,0.479637936,0.495933109,-0.016174071,-0.001264522,3.68E-18,0,0,0,0,0,0,0,0,0,0,0,0,0,0,-0.033281046,0.547812023,0.927282084,0.189870507,-0.028679188,0.000319989,0,0,0,0,0,0,0,3.40E-06,-3.16E-05,-9.70E-05,8.51E-06,0,0,0,-0.011781368,0.147799264,0.874475273,0.602472059,-5.92E-05,-0.00607072,0,0,0,0,0,0,0.000234397,-0.001904733,-0.017898893,-0.021777037,0.001918491,0,0,0,-0.001400633,-0.023046603,0.490208963,0.974466452,0.168348586,-0.020694785,0.000232333,0,0,5.87E-05,-0.000366728,-0.002636387,-0.01384072,-0.015401212,0.128522414,0.193830082,-0.017006655,0,0,0,0.000176164,-0.02008752,0.088048339,0.806593886,0.65252096,0.000550688,-0.002495132,0.000204044,-0.001029412,-0.016567201,-0.026018229,-0.006957346,0.14633284,0.565342831,0.895302356,0.558383289,-0.050298288,0,0,0,0,0.000366115,-0.042333112,0.431426675,0.966566504,0.250709048,-0.057510434,-0.036227601,-0.035667467,0.080490009,0.264361724,0.628881689,0.900390523,0.819211278,0.542702482,0.185313947,-0.017664505,0,0,0,0,7.63E-05,-0.013515557,0.125025888,0.8426368,0.787421228,0.390029667,0.378647263,0.517736332,0.803392153,0.911517957,0.727863,0.360308007,0.081290765,-0.029951949,-0.013805998,0.001159109,0,0,0,0,0,0.000514655,-0.022436747,0.256638912,0.844276918,0.886075935,0.942666779,0.935549203,0.743749226,0.263933255,0.028608207,-0.033226835,-0.014117443,-0.000285574,0.000154906,0,0,0,0,0,0,8.51E-05,-0.00121698,-0.010724356,0.012856073,0.101940104,0.306520204,0.137688334,0.000559666,-0.021091708,-0.009540101,-0.000733932,8.78E-05,0,0,0,0,0,0,0,0,0,5.96E-05,-0.000369431,-0.002823734,-0.010194972,-0.028095639,-0.013648472,-0.001910847,0.000212759,0,0,0,0,0,0,0,0,0,0,0,0,0,0,0,0,0,0,0,0,0,0,0,0,0,0,0,0,0,0,0,0,0,0,0,0,0,0,0,0,0,0,0,0,0,0,0,0,0,0,0,0,0,0,0,0,0,0,0,0,0,0,0,0,0,0,0,0,0,0,0,0,0,0,0,0,0,0,0,0,0,0,0,0,0,0,0,0,0,0,0,0,0,0,0,0,0,0,0,0,0,0,0,0,0,0
0,0,0,0,0,0,0,0,0,0,0,0,0,0,0,0,0,0,0,0,0,0,0,0,0,0,0,0,0,0,0,0,0,0,0,0,0,0,0,0,0,0,0,0,0,0,0,0,0,0,0,0,0,0,0,0,0,0,0,0,0,0,0,0,0,3.27E-19,2.66E-05,-0.000601229,-0.000872141,-1.48E-05,9.19E-06,0,0,0,0,0.000168505,-0.001478248,-0.016697342,-0.022531914,-0.005916054,0,0,0,0,0,0.000628064,-0.006712282,-0.023939862,-0.025762289,-0.008206767,0.00105576,0,0,0,0.000678309,-0.006132149,-0.013423611,0.22968995,0.34072755,0.092996834,0,0,0,1.40E-05,0.001458248,-0.018787446,0.003383204,0.290341846,0.363592439,0.061305181,-0.009391238,0,0,0.00014425,-0.00583301,-0.012685304,0.404543369,0.96223294,0.990553939,0.236648114,0,0,0,-0.000107996,-0.016770067,0.134064713,0.6336106,0.965326169,1.06593413,0.269927543,-0.036714767,0.00013957,-0.000834658,-0.009125391,-0.026827836,0.373786714,0.959258289,1.045303748,0.629021906,0.034918896,0,0,0,-0.002143461,-0.009611121,0.498557217,1.031740672,1.014445213,0.704285887,0.10799857,-0.017278342,-0.000467775,0.002536296,0.01148669,0.282694889,0.920793282,1.011411445,0.523188302,0.070688194,-0.01175409,0,0,0,-0.001430045,-0.00417099,0.296704368,0.852319393,0.82197315,0.070588235,-0.015691142,0.000972273,-0.015316211,0.047131538,0.590938691,0.907811581,1.005246834,0.493960257,-0.006857565,-0.016149237,0.000322542,0,0,0,-0.000477788,-0.02458798,0.268680045,0.980337486,0.374911778,-0.031002349,0.001814406,-0.011856618,0.008429756,0.428283363,1.013773216,1.013772297,0.490847648,0.011322542,-0.010705077,0.000523386,0,0,0,0,-0.00334421,0.003746477,0.65546024,0.910147348,0.149700056,-0.015962095,-0.012527216,0.039127808,0.53777434,0.995564728,1.03412306,0.662132506,0.001445738,-0.012597171,0.000953895,0,0,0,0,0,-0.005422998,0.02973812,0.89933015,0.6606891,0.020329991,-0.012209542,-0.031419067,0.446526569,1.042101392,0.845585365,0.531014723,0.147226954,-0.009961635,-0.000394965,0,0,0,0,0,0,-0.006315071,0.040736857,1.007166561,0.535056425,-0.0165622,-0.031336149,0.299001009,0.894288978,0.776754651,0.208694875,-0.011760544,-0.017281042,8.15E-07,7.46E-05,0,0,0,0,0,0,-0.006221712,0.039607298,0.991016289,0.59584729,0.009298388,0.363877621,0.929009634,0.884676096,0.200133204,-0.024580191,-0.006210001,-0.000154037,6.13E-05,0,0,0,0,0,0,0,-0.006281403,0.040241473,0.986592354,0.718383902,0.43182001,0.970425279,0.993112847,0.340003081,-0.017576406,-0.002089295,0.000127655,0,0,0,0,0,0,0,0,0,-0.003881179,0.010386557,0.702289607,1.016817759,1.017716716,0.991362575,0.331275157,-0.03168059,-0.003276552,0.000300844,0,0,0,0,0,0,0,0,0,0,-0.000372396,-0.017003932,0.189374217,0.73755656,0.784368554,0.345919662,0.019952427,-0.008170394,0.000140778,0,0,0,0,0,0,0,0,0,0,0,6.24E-05,-0.001398435,-0.005099007,0.052564867,0.064195781,-0.020381507,-0.006439148,0.00081448,0,0,0,0,0,0,0,0,0,0,0,0,0,0.000251225,-0.001525565,-0.010991456,-0.01232624,-0.001711431,0.000174462,0,0,0,0,0,0,0,0,0,0,0,0,0,0,0,0,0,0,0,0,0,0,0,0,0,0,0,0,0,0
0,0,0,0,0.000972733,-0.007145714,-0.028706257,-0.004076475,0.000578704,0,0,0,0,0,0,0,0,0,0,0,0,0,0,0,-0.010598958,0.078050194,0.310618702,0.043712038,-0.006229575,0,0,0,0,0,0,0,0,0,0,0,0,0,0,0,-0.024813807,0.176283733,0.800666945,0.120955868,-0.017161958,0,0,0,0,0,0,0,0,0,0,0,0,0,0,0,-0.023630515,0.162213542,0.827052696,0.183710645,-0.018609069,0,0,0,0,0,0,0,0,0,0,0,0,0,0,0,-0.023705882,0.157998179,0.883643638,0.313483942,-0.020561513,0,0,0,0,0,0,0,0,0,0,0,0,0,0,0,-0.022682904,0.148387,0.877353145,0.413963947,-0.020791462,0,0,0,0,0,0,0,0,0,0,0,0,0,0,0,-0.013371017,0.066231567,0.759302117,0.51146286,-0.020751634,0,0,0,0,0,0,0,0,0,0,0,0,0,0,0,-0.010400514,0.039992119,0.722005795,0.587423372,-0.020751634,0,0,0,0,0,0,0,0,0,0,0,0,0,0,0,-0.012933824,0.062354371,0.753987541,0.537351158,-0.020757761,0,0,0,0,0,2.11E-05,2.77E-05,-0.002179228,-0.019549753,-0.028892514,-0.029504902,0,0,0,0,-0.009648284,0.033321895,0.712852192,0.610145819,-0.020761846,0,0,0,0,8.64E-05,-0.000264706,-0.016454248,-0.009610447,0.294902606,0.486598363,0.505048049,0,0,0,0,-0.004397365,-0.009950266,0.611659058,0.804624353,-0.025217269,0.000499983,8.66E-19,0.000204248,-0.003182198,-0.017479201,-0.038058041,0.090120609,0.539167228,0.90355066,0.737299786,0.630971252,0,0,0,0,0.000282169,-0.047283735,0.505097001,0.880194499,0.037127332,-0.006236469,-0.009587248,-0.022503234,0.015376123,0.178390489,0.407781778,0.775984341,0.759485362,0.293638271,-0.012640046,-0.039820551,0,0,0,0,0,-0.025328921,0.281310468,0.873526128,0.194021442,-0.058823954,0.040723031,0.247870857,0.722719583,0.88020717,0.789407569,0.407924412,0.047997398,-0.029355245,-0.004778138,0.000387265,0,0,0,0,0,-0.002263753,0.007979984,0.755000459,0.728448053,0.432521633,0.721256672,1.019856992,0.775287442,0.305058977,-0.003596558,-0.024198836,-0.011428207,-0.000518222,0.00014808,0,0,0,0,0,0,0.000276586,-0.016569308,0.241911595,0.787759515,1.017262357,0.722264587,0.323045939,0.080198898,-0.03186283,-0.001244638,0.000352328,0,0,0,0,0,0,0,0,0,1.29E-17,-4.68E-05,-0.020665926,0.056205729,0.18458078,0.018188419,-0.030090516,-0.013862969,0.000217184,3.06E-05,0,0,0,0,0,0,0,0,0,0,2.96E-19,6.69E-05,-0.000395214,-0.006571844,-0.014166973,-0.00428508,-0.00047983,-4.59E-05,1.02E-05,0,0,0,0,0,0,0,0,0,0,0,0,0,0,0,0,0,0,0,0,0,0,0,0,0,0,0,0,0,0,0,0,0,0,0,0,0,0,0,0,0,0,0,0,0,0,0,0,0,0,0,0,0,0,0,0,0,0,0,0,0,0,0,0,0,0
0,0,0,0,0,0,0,0,0,0,0,0,0,0,0,0,0,0,0,0,0,0,0,0,0,0,0,0,0,0,0,0,0,0,0,0,0,0,0,0,0,0,0,0,0,0,0,0,0,0,0,0,0,0,0,0,0,0,0,0,0,0,0,0,0,0,0,0,0,0,0,0,0,0,0,0,-5.91E-19,-0.001328319,-5.91E-19,0,0,0,0.000880519,-0.008,-0.011455882,2.70E-05,5.15E-05,0,0,0,0,0,0,0,0,0.000436581,-0.004977022,-0.010720857,0.000174632,0,0,0,-0.005199543,0.04735512,0.065570159,-0.000394318,-0.000284875,0,0,0,0,0,0,0,0.000145527,-0.003652642,0.025158378,0.34216206,-0.000946861,0,0,0,-0.039874037,0.361397774,0.534784041,0.000205729,-0.002456648,0,0,0,0,0,0,0.000143995,-0.002892157,-0.025011489,0.255496664,0.804060271,-0.008553241,0,0,0,-0.047659464,0.428522601,0.701844044,0.003993892,-0.003328289,0,0,0,0,0,0,0.000352513,-0.032675441,0.217235284,0.853995217,0.803524159,-0.02021269,0,0,0,-0.02725531,0.223491609,0.790060185,0.106325708,-0.01100771,0.000229913,0,0,9.80E-19,9.60E-05,-0.00092806,-0.031093801,0.254244349,0.947649714,0.908429977,0.226169184,-0.016227362,0,0,0,-0.027115894,0.214056407,0.917924411,0.456047505,-0.031105818,-0.014327891,-0.001022059,-0.000219975,-0.004319853,-0.025876668,-0.03240405,0.130769301,0.812926454,0.73212226,0.193592201,-0.004347611,-0.001873298,0,0,0,-0.006557417,0.023892463,0.673167705,0.948654225,0.367974571,0.029209673,-0.031619792,-0.034052254,-0.012798288,0.155295786,0.490399664,0.838449227,0.63359632,0.046218137,-0.025786186,-0.002930578,0.000333946,0,0,0,0.000473279,-0.013943985,0.106807053,0.747973992,1.003904088,0.723251787,0.467963065,0.405226001,0.634581546,0.907572287,0.945109861,0.392822968,-0.006680675,-0.013117187,-2.29E-05,5.26E-05,0,0,0,0,0,0.000550324,-0.026735355,0.124788176,0.546529408,0.814966357,0.936637112,0.909843327,0.72861782,0.553042986,0.187733625,-0.018519339,-0.006531277,0.000733765,0,0,0,0,0,0,0,5.31E-05,9.87E-05,-0.011369315,-0.024188794,0.024136806,0.219048203,0.210271225,-0.004243856,-0.022864754,-0.016156428,-0.002724163,0.000276586,0,0,0,0,0,0,0,0,0,0,2.46E-18,0.000276586,-0.003917662,-0.020640999,-0.01970784,-0.001415696,0.000168505,0,0,0,0,0,0,0,0,0,0,0,0,0,0,0,0,0,0,0,0,0,0,0,0,0,0,0,0,0,0,0,0,0,0,0,0,0,0,0,0,0,0,0,0,0,0,0,0,0,0,0,0,0,0,0,0,0,0,0,0,0,0,0,0,0,0,0,0,0,0,0,0,0,0,0,0,0,0,0,0,0,0,0,0,0,0,0,0,0,0,0,0,0,0,0,0,0,0,0,0,0,0,0,0,0,0,0,0
0,0,0,0,0,0,0,0,0,0,0,0,0,0,0,0,0,0,0,0,0,0,0,0,0,0,0,0,0,0,0,0,0,0,0,0,0,0,0,0,0,0,0,0,0,0,0,0,0,0,0,0,0,0,0,0,0,0,0,0,0,0,0,0.000516544,-0.007633119,-0.026131791,-0.013447355,-0.004339815,-0.00128896,-0.000169628,3.03E-05,0,0,0,0,0,0,0,0,0,0,0,0,-0.006549786,0.092587674,0.399526569,0.171981788,0.017755459,-0.021039709,-0.018304977,-0.000386336,0.000102941,0,0,0,0,0,0,0,0,0,0,0,-0.038519097,0.626677781,1.024451848,0.948255838,0.749326159,0.460175296,0.190094005,-0.003320789,-0.000862081,-1.58E-16,2.33E-18,0,0,0,0,0,0,0,0,0,-0.023398693,0.353702342,0.951199278,1.008221507,0.729282744,0.582464052,0.352914879,0.001474282,-0.015057207,-0.018202818,-0.001828023,0.000195738,0,0,0,0,0,0,0,0,-0.002070594,-0.014972484,0.564845298,1.036263758,0.33992012,-0.022669378,0.005024,-0.015998023,0.146845267,0.314931042,0.015374934,-0.001816579,0,0,0,0,0,0,0,0,-0.000399306,-0.03279439,0.331522808,1.049077768,0.332993661,-0.025778442,-0.022414624,0.110303173,0.809051147,0.791323411,0.039931356,-0.008291565,-0.001129391,-0.000533292,-0.000250754,-7.91E-06,1.28E-06,0,0,0,-0.000612745,-0.02951297,0.342755957,1.049062619,0.46047119,-0.04419807,-0.068570159,0.267705389,1.049657935,0.610952163,-0.022960121,-0.003108762,-0.023129664,-0.030971746,-0.031265932,-0.007163416,0.000688913,0,0,0,-0.000612745,-0.029601818,0.343417382,1.049132404,0.459531868,0.153951695,0.306203891,0.690710478,1.021651229,0.908293384,0.62871344,0.579507574,0.404759855,0.338692776,0.276722769,0.035513429,-0.003682853,0,0,0,-0.000612745,-0.029496119,0.342630515,1.031768144,0.75005403,0.878028152,1.050786118,1.029683875,0.996093716,0.998235464,0.987210427,0.945959099,0.979460631,1.05100691,1.046741572,0.42728605,-0.039400361,0,0,0,-0.000635981,-0.030499147,0.354998013,1.061359504,1.044203901,0.933048065,0.737262087,0.721607541,0.940248886,0.938728772,0.325462,0.086354545,0.156083357,0.531328574,0.732522513,0.331331105,-0.030278865,0,0,0,-0.000420292,-0.02137951,0.241347614,0.769603486,0.613035462,0.233016833,-0.00566202,-0.040606107,0.499100201,0.914248094,0.158831444,-0.034535931,-0.018278697,-0.020447644,-0.021644042,-0.011795343,0.001072304,0,0,0,-1.68E-05,-0.001613579,0.013829657,0.069996698,0.014977562,-0.025289777,-0.001309317,-0.009153731,0.072316091,0.67903092,0.164334576,-0.014666309,0,0,0,0,0,0,0,0,5.51E-06,0.000356618,-0.003586091,-0.014030025,-0.007102238,0.000306373,0,0.000831036,-0.009582738,0.048722501,0.003436989,-0.000272331,0,0,0,0,0,0,0,0,0,0,0,0,0,0,0,1.15E-05,-9.83E-05,-0.005764084,-0.000926777,8.17E-05,0,0,0,0,0,0,0,0,0,0,0,0,0,0,0,0,0,0,0,0,0,0,0,0,0,0,0,0,0,0,0,0,0,0,0,0,0,0,0,0,0,0,0,0,0,0,0,0,0,0,0,0,0,0,0,0,0,0,0,0,0,0,0,0,0
0,0,0,0,0,0,0,0,0,0,0,0,0,0,0,0,0,0,0,0,0,0,0,0,0.000113358,-6.94E-05,-0.011755685,-0.020807686,-0.007922283,0.000727635,0,0,0,0,0,0,0,0,0,0,0,0,0,0,-0.000699829,-0.002499796,0.102257501,0.477232041,0.153268059,-0.013749185,0,0,0,0,0,0,0,0,0,0,0,0,0,0,-0.006109375,0.005250783,0.617800092,1.031488881,0.386970656,-0.035654105,0,0,0,0,0,0,0,0,0,0,0,0,0,0,-0.008076287,0.01908912,0.683097784,1.024004219,0.3772612,-0.034926471,0,0,0,0,0,0,0,0,0,0,0,0,0,0,-0.027627451,0.192163399,0.924328976,0.996608016,0.377410131,-0.034926471,0,0,0,2.55E-06,5.28E-05,-0.000862949,-0.002776501,-0.003080711,-0.007266136,-0.003237762,0,0,0,0,-0.024791973,0.167116677,0.888727975,1.000876,0.377410131,-0.034926471,0,0,0.000256818,-0.00199857,-0.009092797,-0.009200878,0.010588661,0.015752093,0.068344737,0.016918318,0,0,0,0,-0.026225083,0.179775811,0.906721461,0.997512961,0.377410131,-0.034926471,0,8.56E-05,-0.001117886,-0.003183778,0.026967375,0.495718835,0.838892541,0.875810106,0.85991864,0.697398292,0,0,0,0,-0.019749081,0.122571129,0.825411663,1.00626921,0.377410131,-0.034926471,2.94E-05,-0.000525684,-0.029509804,0.205878132,0.662704708,0.972703602,1.048152863,0.81020897,0.390740077,0.733519608,0,0,0,0,-0.012297488,0.056748723,0.731852771,1.016184012,0.377410131,-0.034805147,0.000121034,-0.025359664,0.109377811,0.707732639,1.054477124,1.025545207,0.743768536,0.157947784,-0.056164573,0.066130276,0,0,0,0,-0.01491636,0.07956296,0.768372345,1.013884167,0.377285029,-0.035041599,-0.013772178,0.142451117,0.876276157,1.035637323,0.91254439,0.419698768,-0.0016218,-0.018316875,0.000815325,-0.013144608,0,0,0,0,-0.011530331,0.053610345,0.680873162,1.002669072,0.374396106,-0.058514025,0.045072729,0.689660131,1.041630794,0.939545632,0.313302628,-0.036217967,-0.005010417,-0.000202397,5.92E-05,0,0,0,0,0,-0.00969885,0.037163555,0.659967201,1.016030495,0.383634143,0.068378888,0.702952336,1.018638797,1.006369606,0.428086724,-0.025760415,-0.004574008,0.000143696,0,0,0,0,0,0,0,-0.017550551,0.102499745,0.798695534,1.04661245,0.767896531,0.724354439,1.027559266,0.918644761,0.456390299,0.002089716,-0.006394421,0.000425177,2.04E-06,0,0,0,0,0,0,0,-0.003567096,-0.013585291,0.537761404,1.027481146,1.035512238,1.052436751,0.916370387,0.332285658,-0.03844491,-0.00598235,0.000287224,0,0,0,0,0,0,0,0,0,0.000367341,-0.024059879,0.213661339,0.855963152,0.928587674,0.876450776,0.263738239,-0.026595741,-0.004361013,0.000428922,0,0,0,0,0,0,0,0,0,0,6.43E-06,-0.000417671,-0.00082935,0.195984808,0.24163477,0.186957006,-0.003447798,-0.002343035,0.000172435,0,0,0,0,0,0,0,0,0,0,0,0,0.00017325,-0.001363581,-0.025225259,-0.030281684,-0.024413599,-0.001524194,0.000192002,0,0,0,0,0,0,0,0,0,0,0,0,0,0,0,0,0,0,0,0,0,0,0,0,0,0,0,0,0,0,0,0,0,0,0,0,0,0,0,0,0,0,0,0,0,0,0,0
0,0,0,0,0,0,0,0,0,0,0,0,0,0,0,0,0,0,0,0,0,0,0,1.01E-19,2.86E-18,-4.73E-17,-5.10E-17,5.46E-18,0,0,0,0,0,0,0,0,0,0,0,0,0,0,0,-0.000227213,-0.006426036,0.106283019,0.114503451,-0.01227885,0,0,0,0,0,0,0,0,0,0,0,0,0,0,0,-5.06E-20,-1.43E-18,2.36E-17,2.55E-17,-2.73E-18,0,0,0,0,0,0,0,0.000132761,-0.0013077,-0.009516836,-0.006134753,0.000287122,0,0,0,0,0,9.43E-18,0.000520833,-0.014464045,-0.023914216,-0.00507935,0.000722426,0,0,1.75E-05,0.000650429,-0.009251055,-0.016403356,0.097997755,0.065228282,-0.00409198,0,0,0,0,2.43E-18,0.001106345,-0.016136472,0.080028943,0.160472478,0.030368941,-0.00503382,2.43E-05,7.82E-18,0.000526144,-0.014753659,0.010950844,0.381719686,0.965227348,0.611967218,-0.014722103,0,0,0,2.04E-06,0.000523216,-0.016602669,0.10624966,0.704137945,0.864401399,0.228097069,-0.024203482,-0.000147144,-0.000165097,-0.020528782,0.073076865,0.552614737,0.971070772,1.045969012,0.585473839,-0.019013378,0,0,0,1.65E-05,-0.006170662,0.007045167,0.553367491,1.04150397,0.987522709,0.289238752,-0.023296475,-0.000841792,-0.032399787,0.121557111,0.661873191,1.006924011,1.041676382,0.932967857,0.250322381,-0.02050713,0,0,0,-0.000325929,-0.027437006,0.261173083,0.973698444,0.97328766,0.470080933,0.014615264,-0.006785863,-0.028153799,0.202136786,0.779929653,1.044259872,0.982315836,0.785031046,0.422345264,-0.02671875,0.000438964,0,0,0,-0.001291258,-0.021686921,0.421254664,1.053322661,0.52570951,-0.000279548,-0.012139621,-0.02040722,0.197806577,0.815827168,1.045092252,0.942221405,0.415742851,0.08547966,0.002196031,-0.00119247,0,0,0,0,-0.001792943,-0.01499457,0.474179126,1.014376021,0.193395041,-0.029926862,-0.035083742,0.321888668,0.915226137,1.029635173,0.858652352,0.306646974,-0.025777539,-0.017646752,-0.004307203,0.000257353,0,0,0,0,-0.00184809,-0.01433495,0.481397825,1.002782918,0.176989099,-0.021654105,0.365540696,0.927602737,1.035370966,0.812668681,0.20743687,-0.045460597,-0.000931934,9.42E-05,7.34E-06,0,0,0,0,0,-0.00058849,-0.029786104,0.339541448,1.046846032,0.264892087,0.40071554,0.923032693,1.052526055,0.788874859,0.153721792,-0.013910545,8.03E-05,0,0,0,0,0,0,0,0,-0.000697304,-0.028527982,0.352403935,1.029195738,0.796004596,1.004801692,1.015319138,0.650368345,0.152952529,-0.030224087,-0.002287582,0.000199993,0,0,0,0,0,0,0,0,-0.000820057,-0.026993498,0.36563123,1.027582023,1.027562693,0.966112507,0.520845758,0.019036254,-0.022526876,0.001458614,3.83E-05,0,0,0,0,0,0,0,0,0,-0.002720537,-0.005430164,0.586748723,1.080879119,0.877887265,0.316748281,0.009657714,-0.014313385,0.000532067,0,0,0,0,0,0,0,0,0,0,0,-0.000938164,-0.004256519,0.22008461,0.444294935,0.223473275,-0.031491473,-0.003249336,0.000328023,8.58E-06,0,0,0,0,0,0,0,0,0,0,0,0.000111288,0.00047654,-0.025895805,-0.051825853,-0.028142828,0.001027272,0,0,0,0,0,0,0,0,0,0,0,0,0,0,0,0,0,0,0,0,0,0,0,0,0,0,0,0,0,0,0,0,0,0,0,0,0,0,0,0,0,0,0,0,0,0,0,0,0,0,0
0,0,0,0,0,0,0,0,0,0,0,0,0,0,0,0,0,0,0,0,0,0,0,0,0,0,0,0,0,0,0,0,0,0,0,0,0,0,0,0,0,0,0,0,0,0.000876442,-0.009392198,-0.027891019,-0.02954425,-0.021226611,-0.000414577,0.000121071,0,0,0,0,0,0,0,0,0,0,0,0,0.000753676,-0.012673441,0.054372447,0.218494456,0.234687466,0.163096865,-0.001440615,-0.000685509,0,0,0,0,0,0,0,0,0,0,0,0,-0.011494792,0.058600916,0.614797522,0.922252082,0.932610856,0.787953959,0.100316908,-0.008969107,0,0,0,0,0,0,0,0,0,0,0,0.000122549,-0.030826083,0.192453823,0.952987779,1.069632149,0.992173424,0.545781931,0.010071776,-0.003280586,0,0,0,0,0,0,0,0,0,0,0,-0.001344975,-0.017415339,0.394462537,1.008757353,0.557871401,0.306003676,0.025429245,-0.008163892,0.000124949,0,0,0,0,0,0,0,0,0,0,0,-0.002596307,-0.005656516,0.570836866,0.971014057,0.098258261,-0.050294865,-0.006551099,0.000745587,8.56E-06,0,0,0,0,0,0,0,0,0,0,0,-0.002503064,-0.006487949,0.581401484,0.69845418,0.028518677,-0.009157135,5.11E-05,0,0,0,0,0,0,0,0,0,0,0,0,0,-0.0025,-0.006519608,0.580392157,0.705457516,0.032187844,-0.008823529,0,0,0,0,9.19E-05,-0.001002145,-0.009651348,-0.003279105,0.000388896,0,0,0,0,0,-0.002381281,-0.007983813,0.568494264,0.694910641,-0.002230341,-0.027629272,-0.001874404,-0.003267974,-0.002608422,-0.023685167,-0.036253659,-0.027594141,0.034437006,-0.011377451,-0.038677643,-0.027414811,-0.003390523,0,0,0,-0.003897825,0.010432241,0.723924888,0.823652471,0.404501617,0.184582227,0.000616575,0.016503268,0.008984375,0.249259271,0.382116268,0.407352362,0.682399697,0.483836686,0.380508897,0.299811326,0.036816789,0,0,0,-0.002653174,-0.003821491,0.559518025,1.020458705,1.017559402,0.95425426,0.883847937,0.867122417,0.864115507,0.941147622,0.997627135,1.019093902,1.045575751,1.010140027,0.992386213,0.962630362,0.228836897,0,0,0,-0.000118719,-0.011728196,0.097506723,0.513734511,0.740978694,0.751355392,0.836020595,1.042106686,1.047640455,1.050631174,0.927619213,0.740693764,0.574327444,0.528038484,0.462513503,0.350175654,0.050946181,0,0,0,1.91E-05,0.000989328,-0.01414037,-0.0026811,0.064118428,0.064805675,0.120733558,0.266115502,0.269823121,0.277858543,0.194300807,0.064125732,0.010480137,-0.005999234,-0.033880345,-0.03271395,-0.004587929,0,0,0,0,0,0.000413603,-0.004433211,-0.013124006,-0.01322212,-0.019541054,-0.035999387,-0.036419118,-0.037328788,-0.027873468,-0.013123468,-0.006305453,-0.00420098,-0.00079797,0.000104167,0,0,0,0,0,0,0,0,0,0,0,0,0,0,0,0,0,0,0,0,0,0,0,0,0,0,0,0,0,0,0,0,0,0,0,0,0,0,0,0,0,0,0,0,0,0,0,0,0,0,0,0,0,0,0,0,0,0,0,0,0,0,0,0,0,0,0,0,0,0,0,0,0,0,0,0,0,0,0,0,0
0,0,0,0,0,0,0,0,0,0,0,0,0,0,0,0,0,0,0,0,0,0,0,0,0,0,0,0,0,0,0,0,0,0,0,0,0,0,0,0,0,0,0,0,0,0,0,0,0,0,0,0,0,0,0,0,0,0,0,0,0,0,0,0,0,1.53E-05,0.000354882,-0.009013901,-0.018662429,-0.001193066,0.000284926,0,0,0,0,0,0,0,0,0,0,0,0,0,0,0.001228043,-0.022356345,0.101826329,0.300144931,0.02236843,-0.004897365,0,0,0,0,0,0.000284926,-0.00357252,-0.011236213,-0.001479779,0,0,0,0,7.75E-18,-0.011590669,0.113357247,0.754624438,0.602019591,0.003382523,-0.005696998,0,0,0,6.35E-18,0.000212759,-0.003865741,-0.005338228,0.044326151,-0.001354507,0,0,0,0,0.00049326,-0.050570023,0.510198802,0.993592172,0.274817028,-0.028969822,0.000326287,0,0,3.93E-05,0.000155399,-0.011290679,-0.008160743,0.44836958,0.764377468,0.183323972,0,0,0,4.89E-05,-0.012094697,0.044308375,0.733972847,0.870961864,0.03290403,-0.004706205,0,0,0,0.000459368,-0.019964484,0.062922017,0.606798609,1.009247801,0.874695946,0.193120117,0,0,0,-0.000336601,-0.025173339,0.243746221,0.958885655,0.527857031,-0.025351307,0.000399986,0,3.78E-05,0.000237557,-0.01391299,0.072607775,0.663899186,0.95316905,0.562651577,0.052940836,-0.014016885,0,0,0,-0.002323683,-0.008813368,0.535803377,1.009233184,0.232701752,-0.019392702,0,6.91E-18,0.000299905,-0.017654091,0.026564457,0.560318781,1.014163484,0.501872821,0.010244198,-0.013822338,0.00072338,0,0,0,-0.003656658,0.007843273,0.694838337,0.820060866,0.069090572,-0.013131127,0.000314032,-0.000731464,-0.037034995,0.069707139,0.688438283,1.011513923,0.499298254,-0.009380515,-0.010390628,0.000349946,0,0,0,0,-0.00416779,0.014196861,0.760288654,0.700439457,0.033941085,-0.014367851,-0.0191202,-0.012930368,0.272447746,0.73742163,0.960573461,0.478305641,-0.023112507,-0.005139655,0.0002079,1.63E-05,0,0,0,0,-0.006062431,0.037564103,0.973719647,0.610521908,-0.027766386,-0.011352557,0.143727189,0.66478196,0.962708512,0.84752905,0.273529361,-0.010135271,-0.004640098,0.000136511,0,0,0,0,0,0,-0.006376328,0.040984205,0.993221763,0.816704895,0.413495475,0.562017276,0.890471388,0.935810202,0.509408224,0.085080341,-0.025097529,-0.00459695,0.000276927,1.48E-05,0,0,0,0,0,0,-0.002825112,0.003158922,0.537018433,0.939267446,0.989531817,1.010142157,0.740913909,0.182260281,-0.003798203,-0.015366509,0.000655297,0,0,0,0,0,0,0,0,0,9.57E-05,-0.003580014,0.003602924,0.109397314,0.142347964,0.141875255,0.048522144,-0.028474077,-0.004791003,0.000616363,0,0,0,0,0,0,0,0,0,0,1.06E-05,0.000140778,-0.002948478,-0.009926624,-0.01170789,-0.011841759,-0.00604759,0.000109886,2.60E-05,0,0,0,0,0,0,0,0,0,0,0,0,0,0,0,0,0,0,0,0,0,0,0,0,0,0,0,0,0,0,0,0,0,0,0,0,0,0,0,0,0,0,0,0,0,0,0,0,0,0,0,0,0,0,0,0,0,0,0,0,0,0,0,0,0,0,0,0
0,0,0,0,0,0,0,0,0,0,0,0,0,0,0,0,0,0,0,0,0,0,0,0.000478452,-0.00716316,-0.021288807,-0.012973516,-0.000295544,0.000142974,0,0,0,0,0,0,0,0,0,0,0,0,0,0,-0.003303015,0.049464096,0.148166198,0.073846663,-0.008346518,-0.000438221,0,0,0,0,0,0,0,0,0,0,0,0,0,0,-0.023983456,0.360779616,1.033707261,0.764538807,0.092880981,-0.011559777,0,0.000463388,-0.005215737,-0.010241022,-0.001721048,0.000167228,0,0,0,0,0,0,0,0,-0.012934385,0.164099758,0.923017157,1.010133,0.38960431,-0.020382966,0,-0.004938981,0.056174854,0.114134191,-0.001538348,-0.002613341,0.000259191,0,0,0,0,0,0,0,-0.005160182,0.024609103,0.874360941,1.021867068,0.603295626,-0.020688147,7.37E-18,-0.043616813,0.484873792,0.90593302,0.355420973,-0.016353792,-0.00164614,0,0,0,0,0,0,0,-0.005505362,0.030619281,0.879074142,1.021371426,0.863916677,-0.020636744,0.000340074,-0.05556347,0.574733881,1.082098314,0.683666037,0.040825385,-0.010331495,0,0,0,0,0,0,0,-0.005519445,0.030985895,0.877713505,1.019749348,0.849353786,-0.020604032,-0.010413355,0.040230813,0.700004501,1.059051897,0.72965919,0.0603278,-0.012697811,0,0,0,0,0,0,0,-0.005465329,0.030077444,0.876569972,1.01906953,0.833957408,-0.020590669,-0.018462674,0.110989158,0.799959218,1.046114797,0.717351528,0.05423252,-0.018146344,-0.008585784,-0.026082355,-0.015678871,0.001395272,0,0,0,-0.005469414,0.03012323,0.877008425,1.018627162,0.709752541,-0.020453891,-0.022213627,0.119018195,0.834051334,1.023540435,0.483845061,-0.026256144,0.031643655,0.082635008,0.396944292,0.242877434,-0.02153331,0,0,0,-0.015427543,0.208595027,0.944172947,0.982542943,0.432771935,-0.0248053,-0.03157741,0.342047318,0.948773216,1.003274123,0.561695568,0.478306509,0.952461874,0.958747209,1.03951101,0.570222035,-0.051776535,0,0,0,-0.025534773,0.390699806,0.992414709,0.992253847,0.329766605,0.00209729,0.183841282,0.839664624,1.007767463,0.988051598,0.984923169,1.014634464,1.015974043,1.014434743,1.062228099,0.579405127,-0.052678207,0,0,0,-0.033472239,0.535005248,1.004846572,0.999654094,0.783381018,0.708584138,0.914311314,0.99011708,0.995382934,1.031597679,1.040568906,0.959321165,0.849431688,0.58785625,0.392286056,0.214050589,-0.019618034,0,0,0,-0.040806424,0.667397025,1.032734613,0.995146514,1.01953783,1.032023489,1.021402335,1.002363937,0.975342235,0.638946078,0.555762783,0.319836686,0.078784978,-0.027715993,-0.021615507,-0.011795343,0.001072304,0,0,0,-0.019953176,0.296910454,0.849782901,0.964749319,0.753756981,0.720999626,0.728002996,0.902916479,0.509705644,-0.023347754,-0.057596933,-0.029862388,-0.008721831,0.000625511,0,0,0,0,0,0,-0.000244485,-0.005173254,0.10185306,0.183640319,0.034358091,0.004227788,0.077259566,0.647487013,0.170376583,-0.029063685,0.000530535,0,0,0,0,0,0,0,0,0,0.000116268,-0.001301164,-0.009342116,-0.014135263,-0.00533901,-0.017158956,0.19737534,0.67998349,0.040860039,-0.00812049,7.66E-06,0,0,0,0,0,0,0,0,0,0,0,0,0,0,-0.002128378,0.034804023,0.082070543,-0.014063379,0.000966557,0,0,0,0,0,0,0,0,0,0,0,0,0,0,0,0.000288501,-0.004576865,-0.012770629,0.000712316,0,0,0,0,0,0,0,0,0,0,0,0,0,0,0,0,0,0,0,0,0,0,0,0,0,0,0,0
0,0,0,0,0,0,0,0,0,0,0,0,0,0,0,0,0,0,0,0,0,0,0,0,0,0,0,0,0,0,0,0,0,0,0,0,0,0,0,0,0,0,0,0,0,0,0,0,0,0,0,0,0,0,0,0,0,0,0,0,0,0,0,0,0,0,2.20E-05,0.001677113,-0.01654422,-0.044158548,-0.028521497,-0.000604013,0.000238474,0,0,0,0.000114379,0.000962761,-0.023351001,-0.013849009,0,0,0,0,0,0,0.000194887,-0.032438089,0.253369621,0.725674428,0.469859086,0.010070517,-0.003939097,0,0,6.89E-05,-0.001546501,-0.045692542,0.352147382,0.230576865,0,0,0,0,0,2.37E-17,-0.005438794,-0.011913073,0.568756638,1.075594295,0.73023526,0.028456955,-0.007419592,1.87E-19,8.43E-05,0.000529769,-0.031525565,0.232463193,0.938864192,0.3006154,0,0,0,0,0.000122549,-4.00E-05,-0.030883715,0.251661299,0.924939372,1.020636625,0.514646616,-0.032733132,3.51E-05,0.00013174,-0.002060355,-0.029389468,0.223886421,0.866220429,1.0748686,0.282342984,0,0,0,0.000125963,-0.001010558,-0.038440358,0.199907855,0.822044033,1.024654264,0.893711562,0.182604222,-0.014251254,0.000185501,-0.001242815,-0.03172975,0.237632825,0.867761795,1.062166425,0.71633812,0.087345315,0,0,0,-0.000940155,-0.006125647,0.207230273,0.786487269,1.027025838,1.024131059,0.608773233,-0.010312296,-0.002214154,-0.002521147,-0.025947763,0.233910352,0.880638872,1.001127859,0.625655854,0.092613103,-0.017533786,0,0,0,-0.005005464,0.023894897,0.828081461,1.01438174,1.002227488,0.941223584,0.255955321,-0.024009549,-0.010784569,-0.014737356,0.299133085,0.864491711,1.005034926,0.489419033,0.009924381,-0.017187074,0.00103188,0,0,0,-0.005616422,0.032407067,0.886130617,0.997639774,1.02173719,0.750486417,0.074140948,-0.02123315,0.015148863,0.304800134,0.937359783,0.928157816,0.456599333,-0.00297309,-0.012900667,0.000471303,0,0,0,0,-0.00116585,-0.008899067,0.28102405,0.86025,0.999398227,0.390656539,-0.043307955,-0.02138797,0.379781318,0.957407685,0.874158616,0.265592899,-0.009160948,-0.005344363,0.000300385,1.07E-05,0,0,0,0,-6.91E-05,-0.027966756,0.210423987,0.947750347,0.892167465,0.056349602,0.044506033,0.473015402,0.978107378,0.877515022,0.234549889,-0.027131826,-0.0056983,0.000300844,0,0,0,0,0,0,-0.002577206,-0.005659314,0.560003472,1.042644233,0.679135091,0.177664199,0.736985703,1.018780399,0.861886455,0.235308266,-0.030673849,-0.001622413,0.000300245,0,0,0,0,0,0,0,-0.005530586,0.030989362,0.879946334,1.008085716,0.774427272,0.812255906,1.023868498,0.680138378,0.148755242,-0.014308052,-0.001591095,0,0,0,0,0,0,0,0,0,-0.006532118,0.043287973,0.988203976,1.011650667,1.037213475,1.04419664,0.668083555,0.048100303,-0.027620115,-0.001394052,0.000297181,0,0,0,0,0,0,0,0,0,-0.003419067,0.004973329,0.664249523,0.859799292,0.451532007,0.370190002,0.080099622,-0.017236894,6.95E-05,2.45E-05,0,0,0,0,0,0,0,0,0,0,3.32E-05,-0.005490451,0.038990257,0.090956901,-0.034257337,-0.046450715,-0.012329705,0.001159757,2.08E-05,0,0,0,0,0,0,0,0,0,0,0,2.91E-05,0.000388583,-0.009252451,-0.015177866,-0.001472626,0.000209355,0,0,0,0,0,0,0,0,0,0,0,0,0,0,0,0,0,0,0,0,0,0,0,0,0,0,0,0,0,0,0
0,0,0,0,0,0,0,0,0,0,0,0,0,0,0,0,0,0,0,0,0,0,0,0,0,0,0,0,0,0,0,0,0,0,0,0,0,0,0,0,0,0,0,0,0,0,0,0,0,0,0,0,0,0,0,0,0.000297583,-0.003919924,-0.009402389,9.58E-05,0,0,0,0,0,8.94E-06,-7.74E-05,-0.002113652,-0.000856516,-5.24E-05,1.29E-05,0,0,0,1.19E-05,0.000721661,-0.011483932,0.004591741,0.046075487,-0.010748434,0,0,0,0,0,0.001031029,-0.011302339,-0.010718343,-0.019668539,-0.003948529,0.000574755,0,0,4.04E-05,0.000175551,-0.021756587,0.104714052,0.538661659,0.77409758,0.166020714,0,0,0,0,5.51E-18,-0.008959269,0.093883187,0.502072768,0.317777693,0.039989702,-0.006862745,0,8.69E-19,-3.17E-05,-0.006499847,0.019620098,0.599898965,1.04609258,0.969895748,0.211289148,0,0,0,0,0.000465686,-0.041202938,0.395734018,1.035042344,0.85090722,0.130150871,-0.020744792,1.53E-05,0.000400004,-0.008867051,0.004289948,0.614882778,0.960911509,0.934188782,0.406876345,0.032227771,0,0,0,0,-0.008858078,0.030199153,0.640463223,1.040022574,0.561490461,-0.00847973,-0.004273878,0.000522298,-0.008385622,-0.01428074,0.544809136,1.030735464,1.023293961,0.488783652,-0.018064762,-0.004606722,0,0,0,1.03E-05,-0.027503421,0.188798169,0.921549241,0.994603308,0.374226154,-0.03869647,0.000528748,-0.007205797,5.71E-05,0.466989447,0.967235396,0.988861894,0.596894982,0.032885346,-0.013071385,7.15E-06,0,0,0,-4.02E-05,-0.033326065,0.251447951,1.004635978,0.938557353,0.237124779,-0.022123315,-0.004031233,-0.028538382,0.378789542,0.98172338,1.006978758,0.511467354,0.029973941,-0.007552349,5.11E-05,0,0,0,0,-0.001602328,-0.017381025,0.450936989,1.043707874,0.891277686,0.085091912,-0.013107945,-0.012004545,0.311406607,0.954556327,1.015703465,0.467188317,-0.014031335,-0.014004647,0.000316436,7.66E-05,0,0,0,0,-0.004080525,0.013100371,0.721940615,1.03101617,0.816318502,-0.004270918,-0.035433807,0.252992681,0.908294169,1.028599102,0.593664948,0.033889995,-0.014214205,0.000257506,0,0,0,0,0,0,-0.006255299,0.03994281,0.958804761,1.01856785,0.539935612,0.0269252,0.431924368,0.936687525,1.019940738,0.564996253,0.030018939,-0.016919527,0.001262077,0,0,0,0,0,0,0,-0.006297896,0.040443355,0.963664471,1.007733218,0.636551591,0.70997035,1.050657152,0.979420871,0.482589546,0.002420475,-0.014558653,0.000736145,0,0,0,0,0,0,0,0,-0.005614788,0.031334525,0.894307377,1.021046398,1.029322999,1.003706138,0.790488324,0.339306951,0.002864822,-0.009594391,0.000578704,0,0,0,0,0,0,0,0,0,-0.001688725,-0.006647876,0.381275769,0.843338848,0.712677751,0.385814321,0.071610856,-0.025304943,-0.006642463,0.000763116,0,0,0,0,0,0,0,0,0,0,0.000116728,-0.004738358,0.006543709,0.155172845,0.032266333,-0.026802951,-0.007814083,-0.000674939,8.27E-05,0,0,0,0,0,0,0,0,0,0,0,0,0.000506298,-0.003188211,-0.020983246,-0.007695028,0.000165097,3.06E-05,0,0,0,0,0,0,0,0,0,0,0,0,0,0,0,0,0,0,0,0,0,0,0,0,0,0,0,0,0,0,0,0,0,0,0,0,0,0,0,0,0,0,0,0,0,0,0,0,0,0
0,0,0,0,0,0,0,0,0,0,0,0,0,0,0,0,0,0,0,0,0,0,0,0,0,0,0,0,0,0,0,0,0,0,0,0,0,0,0,0,0,0,0,0,0,0,0,0,0,0,0,0,0,0,0,0,0,0,0,0,0,0,0,0,5.42E-05,-0.000292637,-0.002731005,-0.003820574,-0.002454044,-9.78E-05,3.22E-05,0,0,0,0,0,0,0,0,0,0,0,0,0,0.00071538,-0.006680028,-0.005012766,0.008901934,0.000849571,-0.002555641,0.000248468,0,0,0,0,0.000176164,-0.001723346,-0.011686132,-0.02033027,-0.018206801,0,0,0,0,-0.016368566,0.109848056,0.587666837,0.701742625,0.477155637,0.032099026,-0.007566789,0,0,1.40E-19,1.12E-17,-0.000641255,0.005870013,0.055569263,0.127198597,0.10915191,0,0,0,0,-0.036890012,0.273044424,1.044165458,1.031071247,0.912543692,0.18044327,-0.026406863,0,0,0.000117443,-0.001359613,-0.021076048,0.109898557,0.67167696,0.843830304,0.814023216,0,0,0,0,-0.026484958,0.182275624,0.900956562,1.029121149,0.821365364,0.126280047,-0.020145836,0,0.000156211,-0.001047093,-0.027808946,0.136336031,0.712335565,1.009118591,0.967326121,0.737795629,0,0,0,0,-0.015153186,0.082178309,0.758636472,1.060027363,0.677040186,0.023762766,-0.00855239,0.000410539,-0.007285883,-0.031121766,0.259319104,0.673282833,0.962678036,0.84991064,0.215684062,0.083823274,0,0,0,0,-0.014791667,0.078984886,0.754418743,1.057395591,0.669112626,0.025553479,-0.008366422,-0.022977533,0.041657376,0.402467031,0.887716776,1.056969788,0.751698359,0.222444101,-0.034443423,-0.009166071,0,0,0,0,-0.015228248,0.082564764,0.769779582,1.005887907,0.378502264,-0.02809758,-0.002695959,0.095785982,0.777830059,0.985079436,0.859670922,0.458938674,0.024144267,-0.02579267,-0.000177356,0,0,0,0,0,-0.010834865,0.046539437,0.678859954,1.033385105,0.546872958,-0.020519744,-0.029505072,0.584994332,0.913006298,0.38228862,0.122088712,0.003412497,-0.007467473,-0.000173658,6.94E-05,0,0,0,0,0,0.000678733,-0.03023224,0.246764893,0.95163145,0.950447512,0.794847013,0.391372481,0.461326128,0.268078602,-0.037512892,-0.019614416,-0.003348824,0.000276385,0,0,0,0,0,0,0,-0.01803462,0.134024118,0.493943355,0.920025784,1.011212231,0.893266016,0.505542688,0.027930334,-0.024447468,-0.001461227,0.000165952,0,0,0,0,0,0,0,0,0,-0.026887255,0.188258953,0.877949176,1.024457014,0.919592439,0.282905671,0.031917773,-0.009916735,0.000652236,0,0,0,0,0,0,0,0,0,0,0,-0.019134498,0.130137187,0.672078482,0.865545602,0.348083367,-0.017637476,-0.013684436,0.000633272,0,0,0,0,0,0,0,0,0,0,0,0,0.001167279,-0.010692657,-0.009750221,0.158166521,-0.019517923,-0.001122821,0.000284007,0,0,0,0,0,0,0,0,0,0,0,0,0,0,0.000275162,-0.003120541,-0.021405001,-0.000354653,4.08E-05,0,0,0,0,0,0,0,0,0,0,0,0,0,0,0,0,0,0,0,0,0,0,0,0,0,0,0,0,0,0,0,0,0,0,0,0,0,0,0,0,0,0,0,0,0,0,0,0,0,0
0,0,0,0,0,0,0,0,0,0,0,0,0,0,0,0,0,0,0,0,0,0,0,0,0,0,0,0,0.000105188,-0.000525259,-0.017213031,-0.021286765,-0.009128925,0.000428922,0,0,0,0,0,0,0,0,0,0,0,0,0,3.91E-05,-0.000581662,-0.03162884,0.334650578,0.850933394,0.300267174,-0.017693089,0,0,0,0,0,0,0,0,0,0,0,0,0,0.00037259,-0.016935389,0.170675892,0.909958606,1.050458129,0.394255772,-0.021421569,0,0,0,0,0,0,0,0,0,0,0,0,0.000327819,-0.013531552,0.050077155,0.715288773,1.033937296,0.8451322,0.119620107,-0.014638991,0,0,0,0,0,0,0,0,0,0,0,2.85E-18,-0.002048952,-0.024678638,0.396472358,0.991584065,1.030681083,0.467222529,-0.02844722,-0.002541701,0,0,0,0,0,0,0,0,0,0,0,-2.92E-17,-0.013340312,0.106337678,0.811797045,1.032569921,0.752994298,0.106674139,-0.018057305,0.000207823,0,0,0,0,0,0,0,0,0,0,0,-1.42E-16,-0.020342118,0.29834874,1.007087478,0.988182011,0.251891484,-0.026604144,0.00088479,0,0,0,0,0,0,0,0,0,0,0,0,5.87E-05,-0.021344805,0.365297311,1.035591708,0.734647178,0.027340057,-0.005745251,8.56E-05,5.51E-06,0.000160846,-0.001358915,-0.017068832,-0.035076383,-0.004587929,0.000446793,0,0,0,0,0,8.51E-06,-0.020740911,0.615138634,0.998299275,0.276687789,-0.030670905,-0.000232077,1.47E-05,0.000505821,-0.012688113,-0.020551164,0.240980613,0.593496783,0.07998749,-0.007699738,0,0,0,0,0,-0.00954776,0.08795207,0.912035893,0.801906982,0.087393297,-0.017620711,0.000167143,0.000265277,-0.018010842,0.033934862,0.456491183,0.94538431,0.761856511,0.077489702,-0.008563538,0,0,0,0,0.000315564,-0.031535863,0.306219958,0.972206579,0.523232043,-0.019349792,-0.00605787,-0.016402505,-0.025770759,0.112437806,0.635607367,1.007111537,0.720842439,0.120377074,-0.016823683,0.000491473,0,0,0,0,-0.001534487,-0.032488297,0.533125331,0.984415748,0.28451366,-0.061886643,-0.014002079,0.080736551,0.339586425,0.83499949,1.016870949,0.591291121,0.056404447,-0.014183183,-0.00043924,0,0,0,0,0,-0.020951593,0.133059283,0.854697219,0.816631167,0.058529395,0.218479048,0.477655365,0.86455593,1.049077001,0.959656573,0.496474435,-0.017396786,-0.01413123,-0.000414781,0.00013957,0,0,0,0,0,-0.029272059,0.206236741,0.950008323,0.899466678,0.736158378,0.929008408,1.02303508,1.015933789,0.838050477,0.340652403,0.004780195,-0.004810781,4.91E-05,0,0,0,0,0,0,0,-0.018117953,0.113603503,0.736987541,0.999293615,0.955377774,0.784124677,0.55994904,0.414596337,0.051205176,-0.020153918,-0.00734918,0.000412071,1.93E-05,0,0,0,0,0,0,0,0.000104167,-0.011939338,0.118892974,0.334923889,0.255341912,0.10121458,-0.037259498,-0.027532578,-0.006540041,-0.000909263,9.99E-05,1.84E-06,0,0,0,0,0,0,0,0,0.000102727,0.00049896,-0.01665403,-0.040132037,-0.03163752,-0.015054829,0.000264156,6.60E-05,0,0,0,0,0,0,0,0,0,0,0,0,0,0,0,0,0,0,0,0,0,0,0,0,0,0,0,0,0,0,0,0,0,0,0,0,0,0,0,0,0,0,0,0,0,0,0,0
0,0,0,0,0,0,0,0,0,0,0,0,0,0,0,0,0,0,0,0,0,0,0,0,0,0,0,0,0,0,0,0,0,0,0,0,0,0,0,0,0,0,0,0,0,0,0,0,0,0,0,0,0,0,0,0,0,0,0,0,0,0,0,0,0,0,0,0,0,0,0,0,0,0,0,0,0,0,0,0,0,0,0,0.000313419,-0.00487837,-0.013602635,-0.001973039,0.000278831,0,0,0,0,0,0,0,0,0,0,0,0,0,0,0.000387265,-0.004423798,0.007681985,0.067794986,-0.000460665,-0.000333048,4.56E-18,0,0,0,0,0,0,0,0,0,0,0,0,0,-0.00395418,0.011488834,0.447029088,0.746101307,0.214483337,-0.028524316,0.000190632,8.88E-05,-0.000772059,-0.001211703,-0.001609019,-0.002413535,-0.002390727,-0.002303241,-0.000742613,8.97E-05,0,0,0,0,-0.02037661,0.148242258,0.861487862,1.06269224,0.601436703,0.007428167,-0.032777574,-0.027532,-0.027430598,-0.027496586,-0.027094963,-0.027310138,-0.027438241,-0.027612205,-0.026501315,-0.003382949,0.000513636,0,0,0,-0.022256329,0.166687092,0.861707261,1.039155263,0.671558585,0.027238137,0.195410199,0.206116353,0.304971763,0.356581716,0.399076152,0.494486894,0.492819291,0.484498383,0.291988596,-0.007362011,-0.003943015,0,0,0,-0.023909339,0.182263157,0.873008068,1.018079214,0.902241626,0.751459242,0.887323495,0.892345792,0.944590482,0.971784535,0.989741365,1.038795003,1.042249183,1.034857009,0.950332397,0.493359983,-0.018327717,0,0,0,-0.041497289,0.348062364,0.992682121,0.996510502,1.006461142,1.030600057,1.012068015,1.011291054,1.006898897,1.004364379,0.999725246,0.994003676,0.997061275,0.995231039,1.025519199,0.772181627,-0.021020901,0,0,0,-0.015703396,0.107117375,0.778771191,0.99877017,0.939426317,0.945772152,0.94127451,0.94103799,0.943363766,0.944244145,0.940959806,0.94103799,0.945571283,0.945465669,0.918608201,0.247172065,-0.018127894,0,0,0,-4.15E-05,-0.010316233,0.176463556,0.309241096,0.109385522,0.120716822,0.119774979,0.119725449,0.120212486,0.120396845,0.119709077,0.119725449,0.120674758,0.120792721,0.111820401,-0.002683151,-0.002128939,0,0,0,0.000154906,-0.000668743,-0.01402148,-0.019978724,-0.018154105,-0.018335473,-0.018218954,-0.018212827,-0.01827308,-0.018295888,-0.018210801,-0.018212827,-0.01833027,-0.018337929,-0.01738477,-0.002218621,0.00033701,0,0,0,0,0,0,0,0,0,0,0,0,0,0,0,0,0,0,0,0,0,0,0,0,0,0,0,0,0,0,0,0,0,0,0,0,0,0,0,0,0,0,0,0,0,0,0,0,0,0,0,0,0,0,0,0,0,0,0,0,0,0,0,0,0,0,0,0,0,0,0,0,0,0,0,0,0,0,0,0,0,0,0,0,0,0,0,0,0,0,0,0,0,0,0,0,0,0,0,0,0,0,0,0,0,0,0,0,0,0,0,0,0,0,0,0,0,0,0,0,0
0,0,0,0,0,0,0,0,0,0,0,0,0,0,0,0,0,0,0,0,0,0,0,0,0,0,0,0,0,0,0,0,0,0,0,0,0,0,0,0,0,0,0,0,0,0,0,0,0,0,0,0,0,0,0,0,0,0,0,0,0,0,0,0,9.83E-05,0.000218903,-0.013587214,-0.019770902,-0.000889246,0.000116166,0,0,0,0,0,0,0,0,0,0,0,0,0,0,6.65E-05,-0.016531403,0.180584627,0.290507997,0.00342116,-0.000859545,0,0,0,0,0,0,0,0,0,0,0,0,0,0.000135315,-0.021759872,0.111262902,0.83494361,0.917755051,0.114674309,-0.011864702,0,0,0,0,0,0,0,0,0,0,0,0,0,-0.001412888,-0.019276586,0.430344567,0.987280365,0.869938666,0.285738613,-0.026744196,0,0,0,0,0,0,0,0,0,0,0,0,0,-0.004302108,0.015727787,0.767897286,0.792467524,0.190855815,0.030257209,-0.003734645,0,0,0,0,0,0,0,0,0,0,0,0,0,-0.006062551,0.037561598,0.961594244,0.749190853,0.037063885,-0.016597392,0.00047658,0,0,0,0,2.48E-05,-0.00021921,-0.000311581,3.30E-05,0,0,0,0,0,-0.00374423,0.008824363,0.696635927,0.919247583,0.130566205,-0.023808721,-0.001009498,0.000441176,-0.003002451,-0.006157515,-0.012554534,-0.01840288,-0.024599724,-0.02527114,-0.022828666,-0.003390012,0.000344669,0,0,0,-0.00168607,-0.016537241,0.461379323,1.052818661,0.535311358,-0.007629783,-0.028360652,-0.037309964,-0.015521599,0.002610812,0.059142702,0.105475388,0.213398233,0.239452376,0.142015086,-0.015766102,-0.011876191,0,0,0,0.000110141,-0.018651297,0.08893156,0.794186921,0.973370565,0.632503064,0.418713916,0.356822151,0.498189423,0.656217303,0.744295139,0.816785233,0.930586091,0.952862745,0.879547223,0.563671279,0.09635289,0,0,0,0,0.000534732,-0.024491816,0.198160423,0.605292671,1.022826339,1.020655039,1.004246311,1.034479757,1.010640124,0.748966716,0.619462296,0.71748011,0.4529051,0.432194421,0.718187667,0.214512878,0,0,0,0,0.000119485,-1.29E-05,-0.019600014,0.01376583,0.395310117,0.524557292,0.51518876,0.51901297,0.303965985,0.074739158,-0.030007915,-0.020669935,-0.020673339,-0.020976689,-0.018284484,-0.003532646,0,0,0,0,0,0,0.000582959,-0.003096847,-0.036415782,-0.047321793,-0.046364379,-0.047002655,-0.028480545,-0.008372055,0.000819121,0,0,0,0,0,0,0,0,0,0,0,0,0,0,0,0,0,0,0,0,0,0,0,0,0,0,0,0,0,0,0,0,0,0,0,0,0,0,0,0,0,0,0,0,0,0,0,0,0,0,0,0,0,0,0,0,0,0,0,0,0,0,0,0,0,0,0,0,0,0,0,0,0,0,0,0,0,0,0,0,0,0,0,0,0,0,0,0,0,0,0,0,0,0,0,0,0,0,0,0,0,0,0,0,0
0,0,0,0,0,0,0,0,0,0,0,0,0,0,0,0,0,0,0,0,0,0,0,0,0,0,0,0,0,0,0,0,0,0,0,0,0,0,0,0,0,0,0,0,0,0,0,0,0,0,0,0,0,0,0,0,0,0,0,0,0,0,0,0,0,0,0,0,0,0,0,0,0,0,0,0,0,0,0,0,0,0,0,0,0,0,0,0,0,0,0,0,0,0,0,0,0,0,0,0,0,0,0,7.00E-19,1.18E-17,0.00159569,-0.017718546,-0.042873048,-0.018881485,-0.003081597,0.000482537,0,0,0,9.33E-19,1.37E-17,0.000702104,-0.014183159,-0.02462597,-0.00149229,0,0,0,0.000119996,-0.000824312,-0.036189577,0.184737711,0.471826889,0.209632949,0.03550126,-0.0054856,0,0,0.000218035,-0.003190019,-0.008586942,-0.0260609,0.140360751,0.26252851,0.013533582,0,0,0,-0.001720374,-0.006570666,0.382508663,0.89565813,1.05355569,0.590910532,0.015610639,-0.006967103,6.93E-05,0.000362459,-0.011424677,-0.0117644,0.013946928,0.39387902,0.882686466,0.971630267,0.221573146,0,0,0,-0.0048678,0.031068985,0.760929892,0.62003576,0.491988708,0.151976869,-0.011790135,-0.00027017,-0.001546705,-0.01766153,0.04179679,0.428799207,0.678852243,0.962948972,0.977948056,0.613669918,0.088539539,0,0,0,-0.004946895,0.027452887,0.819816074,0.572657203,0.002730694,-0.021199942,0.001154956,-0.011421892,-0.026870813,0.188531178,0.739414777,1.00145835,1.04597835,0.739182224,0.278028192,0.022004613,-0.015732656,0,0,0,-0.00639471,0.041215516,1.009291173,0.666346354,0.022335871,-0.02860529,-0.04385449,0.057460342,0.411394489,0.869308766,0.971115945,0.621440223,0.407513242,0.057975388,-0.029758843,-0.008967014,0.000796569,0,0,0,-0.004948325,0.023817334,0.839005157,0.76700914,0.043015453,0.195487013,0.408035063,0.702059062,1.013559402,0.868394905,0.358830865,-0.009754715,-0.033239022,-0.00658027,-0.000217174,5.36E-05,0,0,0,0,-0.001356957,-0.020098617,0.438110401,0.836874482,0.502777825,0.939668498,1.029180238,0.954736932,0.69460358,0.187086423,-0.024008347,-0.005822785,0.000682402,0,0,0,0,0,0,0,-0.002539114,-0.006107979,0.55423366,1.04123235,1.027891257,0.838121783,0.674252349,0.292514417,-0.021816959,-0.016560339,-0.002334389,0.000242545,0,0,0,0,0,0,0,0,-0.001709099,-0.011764246,0.438325793,0.832063964,0.515275553,0.133846916,0.028728826,-0.025626991,-0.000482877,0.00017325,0,0,0,0,0,0,0,0,0,0,2.42E-05,-0.001442504,0.006728418,0.023396923,-0.008068753,-0.019576321,-0.009276314,-0.000178309,5.51E-05,0,0,0,0,0,0,0,0,0,0,0,7.35E-06,0.000115196,-0.002403084,-0.005009702,-0.002274418,-5.87E-05,1.28E-05,0,0,0,0,0,0,0,0,0,0,0,0,0,0,0,0,0,0,0,0,0,0,0,0,0,0,0,0,0,0,0,0,0,0,0,0,0,0,0,0,0,0,0,0,0,0,0,0,0,0,0,0,0,0,0,0,0,0,0,0,0,0,0,0,0,0,0,0,0,0
0,0,0,0,0,0,0,0,0,0,0,0,0,0,0,0,0,0,0,0,0,0,0,0,0,0,0,0.000591089,-0.004789284,-0.017263412,-0.017049462,-0.001958572,0.000301659,0,0,0,0,0,0,0,0,0,0,0,0,0,0,-0.004462189,0.024784422,0.319199126,0.472896131,8.70E-05,-0.002756477,0,0,0,0,0,0,0,0,0,0,0,0,0,4.90E-05,-0.030769231,0.244520629,0.890212571,0.715639076,0.071562245,-0.01163752,0,0,0,0,0,0,0,0,0,0,0,0,3.73E-19,-8.37E-05,-0.031698871,0.264874319,0.924625868,0.319266953,-0.007342303,-0.001384778,0,0,0,0,0,0,0,0,0,0,0,0,-5.70E-20,-0.008863017,0.037996498,0.631140489,0.981947151,0.255996766,-0.020318117,0.000242143,0,0,0,0,0,0,0,0,0,0,0,0,-3.39E-17,-0.018134191,0.156291003,0.954802322,0.912256161,0.167016646,-0.013062194,0,0,0,0.000221269,-0.002321623,-0.00955186,-0.005712486,0.000447985,0,0,0,0,0,5.10E-05,-0.021674955,0.314327046,1.058568274,0.552427252,-0.003005228,-0.002708053,0,6.60E-05,9.54E-05,-0.014873629,-0.015980596,0.035899894,0.023919428,-0.001957931,0,0,0,0,0,0.000107656,-0.021983507,0.593598559,1.000715363,0.336003047,-0.023645016,-0.000769506,-6.44E-05,-0.002134753,-0.024108456,0.07132644,0.378334644,0.72814483,0.414704299,-0.031809419,0,0,0,0,2.21E-05,-0.008788177,0.076774459,0.8554851,0.809568644,0.090558926,-0.01831233,0.000380072,-0.016516092,-0.023472546,0.35379325,0.812797539,0.975651229,1.070986422,0.58565402,-0.044276195,0,0,0,0,-9.53E-05,-0.029260723,0.325374643,0.997599976,0.612516595,0.011516204,-0.00789037,-0.031129323,0.111215639,0.540580542,0.934008493,0.968692232,0.567645527,0.327159699,0.115103877,-0.008462912,0,0,0,0,-0.000992341,-0.037007659,0.523564117,0.979419204,0.277239805,-0.049615128,-0.005798935,0.223472392,0.764895235,1.043016493,0.648152199,0.238905331,0.011350916,-0.026557825,-0.008906999,0.000645323,0,0,0,3.67E-06,-0.015500183,0.083485454,0.786205821,0.955793997,0.213884439,0.160167237,0.552606175,0.898763113,0.892741934,0.420256189,0.090842387,-0.035241361,-0.005452947,0.000435683,2.04E-05,0,0,0,0,-2.71E-05,-0.022832567,0.155621766,0.867451729,0.984989418,0.720602975,0.858562908,0.971279786,0.601333521,0.191785988,-0.022411918,-0.009914301,2.33E-05,5.11E-05,0,0,0,0,0,0,-0.000150786,-0.033727618,0.278376379,1.021876413,1.023511322,1.035990298,0.845076695,0.346582074,0.002813249,-0.016038652,-0.000328414,7.45E-05,0,0,0,0,0,0,0,0,-0.000159824,-0.031954078,0.266647484,0.988262306,0.845735226,0.481429534,0.186109647,-0.020089359,-0.006713286,-0.000421609,3.98E-05,0,0,0,0,0,0,0,0,0,-3.87E-05,-0.007305743,0.056667977,0.283807972,0.156537952,-0.033036339,-0.012915186,-0.001122089,5.39E-05,7.34E-06,0,0,0,0,0,0,0,0,0,0,4.89E-06,0.000937589,-0.007381273,-0.034910521,-0.021137326,0.000253964,-9.91E-05,1.47E-05,0,0,0,0,0,0,0,0,0,0,0,0,0,0,0,0,0,0,0,0,0,0,0,0,0,0,0,0,0,0,0,0,0,0,0,0,0,0,0,0,0,0,0,0,0,0,0,0,0
0,0,0,0,0,0,0,0,0,0,0,0,0,0,0,0,0,0,0,0,0,0,0,0,0,0,0,0,0,0,0,0,0,0,0,0,0,0,0,0,0,0,0,0,0,5.10E-05,-0.000434145,-0.006505952,-0.004806979,-8.68E-05,5.14E-05,0,0,0,0,0,0,0,0,0,0,0,0,0,0,0.000604235,-0.00736877,0.018487628,0.015589852,-3.75E-05,-0.00013174,0,0,0,0,0,0,0,0,0,0,0,0,0,3.86E-05,-0.017796994,0.182639893,0.74760091,0.520086125,0.012844499,-0.005946691,0,0,0,0,0,0,0,0,0,0,0,0,0,-0.000203125,-0.031517787,0.360845384,1.035814072,0.759010587,0.059372192,-0.01279565,0,0,0,0,0,0,0,0,0,0,0,0,0,-0.001795956,-0.030589035,0.53268956,1.051200675,0.597954963,-0.004347767,-0.005006127,0,0,0,0,0,0.000241694,-0.004460682,-0.011843001,-0.011601307,0,0,0,0,-0.003766968,-0.019052186,0.629373055,1.03030575,0.396258696,-0.032394861,-0.000422832,0,0,0,3.67E-05,0.000328156,-0.009107864,0.000250284,0.059473116,0.060843015,0,0,0,0,-0.015645527,0.086527318,0.773638548,0.989718621,0.317238307,-0.030462878,8.27E-05,0,0,0.000176011,-0.002188419,-0.016676437,0.021049088,0.474514118,0.783439645,0.762826014,0,0,0,0,-0.023877145,0.159239941,0.881305147,0.934621873,0.195326031,-0.018947015,2.15E-18,0.000291054,-0.003689617,-0.022457108,-0.015600133,0.177209321,0.663767582,0.988867725,0.848353554,0.457712708,0,0,0,0,-0.037032169,0.275442657,1.053307768,0.737489792,0.000557598,-0.001862064,0.000202121,-0.003798594,0.003309367,0.108769557,0.507802049,0.919784229,0.869371255,0.339889392,0.071023369,-0.020788314,0,0,0,0,-0.037504902,0.279618464,1.06031907,0.697615364,-0.035267991,-0.011584542,-0.016901808,-0.011003285,0.367328126,0.852496732,1.025573019,0.628188045,0.140776178,-0.010140333,-0.010535522,-0.001312755,0,0,0,0,-0.037345604,0.278211328,1.056681427,0.463973736,0.043268449,0.039822334,0.240071033,0.827511363,0.935498475,0.857443779,0.318507552,0.017512094,-0.026471149,-0.001257012,0.000301659,0,0,0,0,0,-0.038222426,0.285701287,1.055857979,0.848077976,0.76608238,0.774805794,0.856809947,0.910728503,0.416845352,0.063865571,-0.029682394,-0.008387629,0.000545854,0,0,0,0,0,0,0,-0.024298407,0.164172113,0.858998332,1.010247306,1.024229575,0.866185185,0.428094924,0.148663263,0.012524119,-0.011442844,0.000787207,0,0,0,0,0,0,0,0,0,-0.000564338,-0.004435117,0.104194785,0.294402762,0.399460018,0.078530246,-0.025013736,-0.025387102,-0.005044637,0.000401348,0,0,0,0,0,0,0,0,0,0,0.000148897,-0.000586346,-0.009529054,-0.020289583,-0.026053768,-0.008030688,-0.001031403,0.000103401,0,0,0,0,0,0,0,0,0,0,0,0,0,0,0,0,0,0,0,0,0,0,0,0,0,0,0,0,0,0,0,0,0,0,0,0,0,0,0,0,0,0,0,0,0,0,0,0,0,0,0,0,0,0,0,0,0,0,0,0,0,0,0,0,0,0,0,0
0,0,0,0,0,0,0,0,0,0,0,0,0,0,0,0,0,0,0,0,0,0,0,0,0,0,0,0,0,0,0,0,0,0,0,0,0,0,0,0,0,0,0,0,0,0,0,0,0,0,0,0,0,0,0,0,0,0,0,0,0,0,0,0,0,0,0,0,0,0,0,0,8.07E-05,-0.00049954,-0.00457358,-0.011797386,-0.003262663,-0.000208817,5.00E-05,0,0,0,0,0,0,0,0,0,0,0,8.40E-19,0.000566789,-0.005372386,-0.025922947,0.022816908,0.142298271,0.000804773,-0.022999674,0.000145697,0,0,0,0,1.15E-18,3.91E-18,0.000393604,-0.004248792,-0.011258289,-0.011904276,-0.005280246,0.000352328,-0.005734273,-0.004473489,0.287806015,0.714720946,0.972106584,0.68089328,0.203211498,-0.011120813,0,0,0,0,0.00032935,-0.004469465,-0.024538824,0.028064662,0.108636606,0.116056134,0.040027488,-0.02464665,-0.019585716,0.426548347,0.991976154,0.949552117,0.658751855,0.906333691,0.820498077,-0.02118396,0,0,0,5.86E-05,-0.003207727,0.009317479,0.420923271,0.804221427,0.928626488,0.940362806,0.804115116,0.413652267,0.531530309,0.964418885,0.797152684,0.224051727,-0.013701184,0.503505276,0.874079799,-0.016704374,0,0,0,0.000172435,-0.025123162,0.352384549,1.010667892,0.782488051,0.548165654,0.543991949,0.709881996,1.002296245,1.024279361,0.958413878,0.263291769,-0.070109511,-0.063022638,0.47372212,0.793392731,-0.016490332,0,0,0,-0.010329787,0.055862881,0.770772961,0.896064304,0.181822015,-0.051564721,-0.078802049,0.265885842,0.969312245,1.004429228,0.978097475,0.688623979,0.298724248,0.421294645,0.864771395,0.415790394,-0.020663637,0,0,0,-0.040376666,0.338744179,1.007613681,0.55706827,0.136257166,0.187886705,0.136540952,0.771193032,0.979805743,0.524339614,0.388025305,0.808855511,0.970203023,0.995016544,0.788599129,0.112313569,-0.0138654,0,0,0,-0.050371367,0.436305487,1.030500068,0.253070704,0.05453108,0.114923566,0.696953568,1.030556849,0.541832635,0.020477533,-0.043665719,0.067296552,0.338981209,0.348779293,0.106249796,-0.012130009,-0.000315904,0,0,0,-0.050490791,0.43455935,1.038562092,0.797762848,0.553433462,0.693790783,1.022784351,0.645835066,0.038397402,-0.014445905,0.001876975,-0.01162366,-0.040105173,-0.041282459,-0.015581509,0.00039663,0.000118218,0,0,0,-0.042181322,0.354591282,0.994786169,1.012280212,1.004949142,1.031389772,0.67427211,0.045465771,-0.01910769,0.000434283,0,0,0,0,0,0,0,0,0,0,-0.007144022,0.044624728,0.389292943,0.956613579,1.021798798,0.812548442,0.105971882,-0.022428173,0.001048049,3.83E-06,0,0,0,0,0,0,0,0,0,0,0.001100648,-0.023243004,0.154704878,0.961263191,0.782612149,0.112599194,-0.027038909,0.00125783,0,0,0,0,0,0,0,0,0,0,0,0,0,-0.003904259,0.04384375,0.384476937,0.157969346,-0.016671711,-0.000779378,1.79E-05,0,0,0,0,0,0,0,0,0,0,0,0,0,0.000320717,-0.003686152,-0.026418562,-0.020493355,0.000552841,0.0001386,0,0,0,0,0,0,0,0,0,0,0,0,0,0,1.33E-05,-0.000154548,-0.001528288,-3.57E-05,1.22E-05,0,0,0,0,0,0,0,0,0,0,0,0,0,0,0,0,0,0,0,0,0,0,0,0,0,0,0,0,0,0,0,0
0,0,0,0,0,0,0,0,0,0,0,0,0,0,0,0,0,0,0,0,0,0,0,0,0,0,0,0,0,0,0,0,0,0,0,0,0,0,0,0,0,0,0,0,0,0,0,0,0,0,0,0,0,0,0,0,0,0,0,0,0,0,0,0,0,0,0,0,0,0,0,0,0,0,0,0,0,0,0,0,0,0,0,0,0.000165441,-0.001461397,-0.002077206,0.00022013,0,0,0,0,0,0,0,0,0,0,0,0,0,0,0,0.000759549,-0.011724026,-0.033649408,-0.030489685,-0.033665396,-0.001451014,0.000212759,1.09E-17,0,1.07E-17,-8.07E-17,-4.04E-16,-4.63E-16,-1.60E-16,1.66E-17,2.07E-19,0,0,0,0.000211977,-0.009778816,0.098252315,0.534989277,0.580852737,0.345454561,-0.00481056,-0.017232775,-0.000215993,-0.001933892,-0.011098882,-0.018793743,-0.019171092,-0.019869281,-0.016901212,-0.002099384,0.000280842,0,0,0,-0.000688306,-0.026040622,0.524312469,1.004127346,0.908764726,0.95293204,0.688713397,0.161862049,-0.036855764,-0.019301394,0.040740203,0.229750044,0.626152708,0.687011231,0.286723567,-0.019344762,-0.00180401,0,0,0,-0.016228038,0.111399952,0.840788467,0.516345963,0.018639995,0.403716964,0.941422539,0.854712078,0.212755327,0.363416701,0.76811694,0.870012476,0.605701934,0.73237757,0.923408122,0.222679705,-0.01686666,0,0,0,-0.038924626,0.330760808,0.880950572,0.605408616,0.228724826,-0.059625949,0.271782799,0.881366881,0.921075725,0.956386846,0.672483066,0.171668999,-0.016195908,0.117961925,0.840632149,0.576607405,-0.021130344,0,0,0,-0.048458277,0.423378745,0.868044101,0.973925245,0.368680896,-0.05356824,0.244584933,0.829816602,0.957070415,1.006840057,0.41450019,-0.036686223,-0.040342014,0.053418284,0.746052322,0.806412991,-0.020751634,0,0,0,-0.018344136,0.139302951,0.663057104,1.019715925,0.682030637,0.560341099,0.992721524,0.673187602,0.226690002,0.63120641,0.993197774,0.61777948,0.149673526,0.069724997,0.807156386,0.577212541,-0.020930351,0,0,0,0.000966557,-0.014785017,0.037878993,0.698305291,0.98420947,0.934720521,0.464470483,0.041025522,-0.041855289,0.050374135,0.424477612,0.920742717,0.86420879,0.724626969,0.950747642,0.246435979,-0.019371068,0,0,0,9.78E-05,-0.001065411,-0.011645306,0.134855409,0.29670624,0.224433625,-0.015721507,-0.009551675,0.000503983,-0.010634532,-0.01520058,0.170184011,0.530359256,0.727770595,0.467809079,0.024380767,-0.006795513,0,0,0,0,5.74E-05,0.000279565,-0.013616983,-0.027670973,-0.02128217,-0.000421262,8.51E-05,0,0.000199993,-0.000449686,-0.018608915,-0.017486673,0.035552185,-0.013825555,-0.006498461,0.000634021,0,0,0,0,0,0,0,0,0,0,0,0,0,0,0.000200368,-0.002978554,-0.010023897,-0.002893382,0.000352207,0,0,0,0,0,0,0,0,0,0,0,0,0,0,0,0,0,0,0,0,0,0,0,0,0,0,0,0,0,0,0,0,0,0,0,0,0,0,0,0,0,0,0,0,0,0,0,0,0,0,0,0,0,0,0,0,0,0,0,0,0,0,0,0,0,0,0,0,0,0,0,0,0,0,0,0,0,0,0,0,0,0
0,0,0,0,0,0,0,0,0,0,0,0,0,0,0,0,0,0,0,0,0,0,0,0,0,0,0,0,0,0,0,0,0,0,0,0,0,0,0,0,0,0,0,0,0,0,0,0,0,0,0,0,0,0,0,0,0,0,0,0,0,0,0,0,0,0,0,0,0,0,0,0,0,3.22E-06,-5.67E-06,-0.000640829,-0.000524101,7.34E-06,4.08E-06,0,0,0,0,0,0,0,0,0,0,0,0,0,0,0.000739737,-0.01146104,-0.02732101,-0.024621868,-0.007710346,0.000473516,0,0,0,0,0,5.60E-19,8.79E-18,-1.60E-16,-3.70E-16,-8.91E-17,8.30E-18,0,2.33E-18,0.000672618,-0.011314032,0.060621,0.327877894,0.278968018,0.022246834,-0.00399646,0,0,0,0,0,0.000471814,-0.003091129,-0.017772842,-0.021141956,-0.020314032,-0.012090482,-4.83E-05,0.000409518,-0.010325031,0.017911646,0.601424615,1.040099282,0.976863885,0.582015273,-0.018434606,0,0,0,0,5.50E-05,-0.003888957,-0.000493169,0.294448946,0.56656945,0.240866743,0.052787527,-0.0260448,-0.004657168,-0.01489615,0.518106359,1.07162918,0.65802308,0.558326335,0.903989241,-0.01755313,0,0,0,0,-0.000233915,-0.026355545,0.233810185,0.950946827,1.029500921,1.019179126,0.781210461,0.210626566,-0.0593165,0.27872279,0.987260025,0.763915867,0.116627417,0.657760638,0.788762977,-0.019706904,0,0,0,0.000154091,-0.005014706,0.003323836,0.717280654,0.887571385,0.341806405,0.455719669,0.942309351,0.84850611,0.476744587,0.881127111,0.795668011,0.109212623,0.405071027,0.94893333,0.279281046,-0.01928462,0,0,0,0.000432514,-0.025667211,0.332060951,0.888152829,0.248588048,-0.055454068,-0.03296378,0.297719073,0.954229048,1.02989054,0.766580093,0.121674632,0.295580236,0.988805607,0.54686409,-0.012413103,-0.005138548,0,0,0,-0.021664832,0.162815376,0.838665714,0.932238766,0.537113647,0.132917499,-0.046282305,0.196943559,0.926364958,1.040247906,0.716802566,0.494540339,0.95634021,0.763767463,0.091653595,-0.01870205,0.000363562,0,0,0,-0.048348176,0.411926321,1.051581332,1.003939148,0.996778821,0.286445976,0.307695382,0.846775492,0.764812584,0.628278505,0.931011167,0.964674069,0.679759641,0.118151777,-0.016692501,0.000720036,0,0,0,0,-0.021664832,0.164879,0.788780433,1.017072015,0.908365111,0.736149209,0.941475269,0.617061632,0.081433653,-0.019953789,0.208125263,0.26972869,0.022910199,-0.019663331,-9.77E-05,8.97E-05,0,0,0,0,0.000432514,-0.018581376,0.187997106,0.944881196,1.039880498,0.926528287,0.406054092,0.030255651,-0.014575589,-0.000405433,-0.019910182,-0.025105528,-0.003880719,0.000612745,0,0,0,0,0,0,0.000154091,-0.003758119,0.001766391,0.488942249,0.587215176,0.191611991,-0.026116558,-0.0118253,0.000568321,3.22E-05,0,0,0,0,0,0,0,0,0,0,0,0.000210018,-0.001372089,-0.030792739,-0.036416667,-0.014400147,-0.000864481,0.000140421,0,0,0,0,0,0,0,0,0,0,0,0,0,0,0,0,0,0,0,0,0,0,0,0,0,0,0,0,0,0,0,0,0,0,0,0,0,0,0,0,0,0,0,0,0,0,0,0,0,0,0,0,0,0,0,0,0,0,0,0,0,0,0,0,0,0,0,0,0,0
0,0,0,0,0,0,0,0,0,0,0,0,0,0,0,0,0,0,0,0,0,0,0,0,0,0,0,0,0,0,0,0,0,0,0,0,0,0,0,0,0,0,0,0,0,0,0,0,0,0,0,0,0,0,0,0,0,0,0,0,0,0,0,0,0,0,0,0,0,0,0,0,0,0,0,0,0,0,0,0,0,0,0,0,0,0,0,0,0,0,0,0,0,0,0,0,0,0,0,0,0,0,0,0,2.61E-18,4.26E-05,-0.000280842,-0.008789898,-0.008208231,-0.001180811,0.000191483,3.83E-05,0.000969437,-0.011738324,-0.042075589,-0.008687364,0.00062934,2.07E-17,2.59E-19,0,0,0,0,2.76E-05,0.000333946,-0.008367885,-0.016937806,0.079400385,0.072880413,-0.0072989,-0.017332516,-0.011966231,-0.030757936,0.112988664,0.458991779,0.077846882,-0.022356941,-0.001037972,0.000222971,0,0,0,0,0.000206372,-0.011036138,0.027806279,0.480342424,0.885694311,0.883856311,0.670296105,0.116200878,0.045131127,0.352034131,0.776842414,1.032388508,0.840319935,0.31982517,-0.017956252,-0.001626853,0,0,0,0.000102727,-0.004713695,0.014698478,0.586680096,1.003420871,1.026137863,0.882296569,0.872184879,0.858412377,0.752678156,0.98701298,1.032391646,0.927218937,1.020697849,0.799315223,0.068585718,-0.012835478,0,0,0.00020527,-0.001388957,-0.03631924,0.388584729,0.991052185,1.025227924,0.833515246,0.249938691,0.494637221,1.012373519,1.019255208,0.997757412,0.714239788,0.47392773,0.993857367,0.774577104,0.062111359,-0.012067844,0,0,-0.00107707,-0.014373242,0.222673492,0.775104933,1.018941942,0.899400003,0.375068179,0.565484886,0.952185389,1.01919184,1.015073478,0.784595614,0.087330355,0.608694121,1.040343239,0.571846831,0.006496881,-0.005820398,0,0,-0.0106987,0.049158157,0.73467676,1.045036254,0.767663586,0.323521616,0.630740407,1.043143519,0.985945432,0.810141255,0.968698546,0.791595125,0.16496681,0.855956853,0.947256247,0.228052339,-0.033394888,0.000371732,0,0,-0.015311239,0.092173957,0.865050107,1.007797549,0.787214749,0.798518643,1.043539665,0.910686767,0.419009349,0.067057686,0.569979363,1.008360926,0.91826011,1.013534422,0.681084206,0.01278802,-0.0055337,0,0,0,-0.008803275,0.033246046,0.663392055,1.0358846,1.030964971,1.03234215,0.658433394,0.146268467,-0.02470435,-0.023438947,0.062568338,0.574473931,1.002870472,0.941975626,0.239031829,-0.021809487,0.000476948,0,0,0,-0.000297692,-0.012117576,0.125928496,0.475919305,0.593664828,0.354120217,0.040274432,-0.022097631,0.00038254,0.00087614,-0.014365383,0.032036709,0.338403952,0.275216452,-0.006142174,-0.000954299,0,0,0,0,0.000110294,0.00022869,-0.014560662,-0.0146915,-0.002165407,-0.025070789,-0.008673209,0.000438283,7.66E-06,3.73E-18,0.000418369,-0.006929905,-0.021863732,-0.022648472,-0.002044492,0.000207006,0,0,0,0,0,2.94E-05,-0.00017739,-0.001829912,-0.002873264,-0.000848295,-5.84E-05,1.33E-05,0,0,1.33E-05,-6.57E-05,-0.000907884,-0.000582159,1.67E-05,2.14E-06,0,0,0,0,0,0,0,0,0,0,0,0,0,0,0,0,0,0,0,0,0,0,0,0,0,0,0,0,0,0,0,0,0,0,0,0,0,0,0,0,0,0,0,0,0,0,0,0,0,0,0,0,0,0,0,0,0,0,0,0,0,0,0
0,0,0,0,0,0,0,0,0,0,0,0,0,0,0,0,0,0,0,0,0,0,0,0,0,0,0,0,0,0,0,0,0,0,0,0,0,0,0,0,0,0,0,0,0,0,0,0,0,0,0,0,0,0,0,0,0,0,0,0,0,0,0,0,0,0,0,0,0,0,0,0,0,0,0,0,0,0,0,0,0,0,0,0,0,0,0,0,0,0,0,0,0,0,0,0,0,0,0,0,0,0,0,1.09E-18,3.93E-18,-2.52E-16,-4.35E-16,-7.44E-17,7.83E-18,0,0,0,0,0,0,0,0,0,0,0,0,0,0,0.000394199,-0.005787548,-0.017588678,-0.02119264,-0.013103318,-0.001220384,0.000270289,-0.000935117,-0.003271548,-0.01182959,-0.014369383,-0.014406148,-0.010056679,-0.001847767,-0.000101402,2.89E-05,0,0,0,0.000126922,-0.004002996,0.014310277,0.396520253,0.637104072,0.154895732,-0.030559564,-0.01010823,-0.026435021,-0.019980688,0.060487189,0.084048398,0.084389599,0.043401971,-0.026100852,-0.005638502,0.000510069,0,0,0,5.10E-05,-0.029437943,0.45475337,0.942961823,1.044490758,0.825171569,0.303133238,0.020781522,0.314428071,0.527496085,0.77510502,0.859979779,0.857005106,0.719953806,0.416236009,0.033816209,-0.007271072,0,0,0,-0.019849986,0.143403203,0.874107656,0.882152284,0.457926947,0.674975032,0.939382506,0.763234494,0.947489107,1.007411016,0.763235328,0.554842678,0.636460512,0.973478503,1.020247311,0.5461061,-0.0199343,0,0,0,-0.049510008,0.427093767,1.041455457,0.340214103,0.001008,0.468114138,1.045553394,1.06596201,1.050968427,0.73875194,0.228378735,-0.004107656,-0.077107809,0.300627928,0.999654854,0.868222929,-0.020802185,0,0,0,-0.049841833,0.431429926,1.014775054,0.297988528,0.60325257,1.017319293,0.724918216,0.494237337,0.734631485,0.923421688,0.954176009,0.645696266,0.526521752,0.606507268,0.963737728,0.87529816,-0.020992647,0,0,0,-0.05082274,0.435543666,1.066052597,0.971253159,0.950469168,0.564988218,0.044259865,-0.027709463,0.039816304,0.223997697,0.806168037,0.918393563,0.974932127,0.974067642,0.886165413,0.400366612,-0.017923919,0,0,0,-0.039048958,0.334096882,0.843051624,0.627977992,0.253468256,0.005743039,-0.013672045,-0.002472426,-0.010909586,-0.018613154,0.050213505,0.062529786,0.246810492,0.266553819,0.057862371,-0.005528974,-0.001365911,0,0,0,-0.00494028,0.042155416,0.114251787,0.008781267,-0.022304296,-0.002891376,0.000285097,0,4.54E-18,0.000165952,-0.006240403,-0.007238051,-0.023365162,-0.025114039,-0.006906148,-0.001063705,0.000157441,0,0,0,0.000851168,-0.007271752,-0.019131127,-0.006522059,-0.000143076,5.87E-05,0,0,0,0,0,0,0,0,0,0,0,0,0,0,0,0,0,0,0,0,0,0,0,0,0,0,0,0,0,0,0,0,0,0,0,0,0,0,0,0,0,0,0,0,0,0,0,0,0,0,0,0,0,0,0,0,0,0,0,0,0,0,0,0,0,0,0,0,0,0,0,0,0,0,0,0,0,0,0,0,0,0,0,0,0,0,0,0,0,0,0,0
0,0,0,0,0,0,0,0,0,0,0,0,0,0,0,0,0,0,0,0,0,0,0,0,0,0,0,0,0,0,0,0,0,0,0,0,0,0,0,0,0,0,0,0,0,0,0,0,0,0,0,0,0,0,0,0,0,0,0,0,0,0,0,0,1.47E-05,-0.000117136,-0.000330167,-2.78E-05,5.11E-06,0,0,0,0,0,0,0,0,0,0,0,0,0,0,0.000118566,-0.00049663,-0.020064202,-0.027244111,-0.018669337,0.000206631,3.06E-05,0,0,0,0,0,0,0,0,0,0,0,0,0,-0.000197151,-0.010530535,0.153767667,0.259777557,0.122234638,-0.015075997,0.000888906,7.58E-32,8.71E-18,-1.38E-16,-4.92E-16,-5.29E-16,-2.20E-16,-1.37E-17,2.86E-18,0,0,0,0,8.15E-05,-0.011054466,0.121726631,0.810572627,0.989723465,0.776135689,0.118514178,-0.01540739,2.25E-05,-0.012135246,-0.020835372,-0.020469261,-0.020542279,-0.020784654,-0.018063725,-0.002617606,0.000333606,0,0,0,0.00058091,-0.035243264,0.468815258,0.969870521,0.832429596,1.024960415,0.523870749,-0.044192162,-0.03112898,0.05213806,0.322316411,0.738531263,0.775422832,0.406564704,0.131626344,-0.007014604,-0.002060658,0,0,0,-0.01377237,0.086452393,0.839809266,0.774430692,0.087395067,0.751244191,0.906893127,0.2196362,0.247742068,0.801494809,0.839487842,0.627684283,0.677234477,0.902663705,0.960413365,0.301691176,-0.018370438,0,0,0,-0.027595695,0.217934947,0.924252979,0.617387119,-0.053166445,0.234001518,1.007547369,0.867192606,0.92759118,0.703345741,0.128484621,-0.024468648,-0.005870251,0.295939525,0.95248029,0.806452737,-0.020998434,0,0,0,-0.029923362,0.240499506,0.93379439,0.540067725,-0.075264842,0.005846633,0.70458284,1.064186564,0.888698717,0.154599418,-0.051523124,-0.00347658,-0.025928275,0.058282782,0.790811683,0.907402538,-0.020751634,0,0,0,-0.037540255,0.310788484,0.986777727,0.794817793,0.43290322,0.270057699,0.82635832,1.039611724,1.006841418,0.619158939,0.107503329,-0.031248979,-0.035796262,0.375665526,0.995882081,0.711269482,-0.021025667,0,0,0,-0.018266539,0.134817867,0.738365317,0.887001804,0.945797206,0.968749254,0.868095845,0.309748244,0.587774602,0.990942362,0.751279094,0.451425203,0.520907712,0.950212911,1.002082501,0.230703753,-0.019243848,0,0,0,0.000621662,-0.005818644,-0.027245013,0.160742851,0.845874557,0.978115531,0.224867239,-0.044804687,-0.018102448,0.365579214,0.813259787,1.01265979,1.017704623,0.866788126,0.352911475,0.00105635,-0.00407901,0,0,0,1.02E-05,-0.003554143,0.003837401,0.671633783,1.02915979,0.439416011,-0.034503847,0.001339103,-0.0033101,-0.005653084,0.097314843,0.243234137,0.247319036,0.139734801,-0.030390965,-0.002747408,0.000395731,0,0,0,0,-0.002751123,0.004280093,0.540521889,0.598196061,0.027830228,-0.009378234,7.66E-05,0.000306373,-0.0028125,-0.017019384,-0.033421569,-0.033879289,-0.021817096,-0.00024663,0.000161428,0,0,0,0,0,1.84E-05,-0.002262255,0.016353077,0.021379425,-0.005240869,0.000150463,0,0,0,0,0,0,0,0,0,0,0,0,0,0,1.47E-05,0.0002079,-0.004932942,-0.005956545,0.000139126,4.08E-05,0,0,0,0,0,0,0,0,0,0,0,0,0,0,0,0,0,0,0,0,0,0,0,0,0,0,0,0,0,0,0,0,0,0,0,0,0,0,0,0,0,0,0,0,0,0,0,0,0,0,0
0,0,0,0,0,0,0,0,0,0,0,0,0,0,0,0,0,0,0,0,0,0,0,0,0,0,0,0,0,0,0,0,0,0,0,0,0,0,0,0,0,0,0,0,0,0,0,0,0,0,0,0,0,0,0,0,0,0,0,0,0,0,0,6.28E-06,1.26E-05,-0.001247906,-0.003703533,-0.004212629,-0.001460121,-0.000229013,3.68E-05,0,0,0,0,0,0,0,0,0,0,0,0.000528311,-0.00355816,-0.028249915,-0.022404497,0.008286288,0.014580803,-0.019579163,-0.02904376,-0.002797488,0.000268382,0,0,0,0,0,0,0,0,0,0,-0.002862908,0.015309743,0.197420615,0.417220333,0.683779225,0.762419371,0.458422352,0.257139876,-0.004940359,-0.008164982,-0.030888638,-0.040291394,-0.036472375,-0.015479473,-0.001292722,0.000234397,3.27E-18,0,0,0,-0.026777139,0.208785063,0.898011829,1.059725831,1.019842865,0.750681366,0.837073632,0.952948376,0.255510978,0.042239907,0.344569796,0.458670003,0.41214197,0.162369792,-0.005840482,-0.006331614,0.000398284,0,0,0,-0.026901275,0.210211569,0.914418066,0.883011886,0.403669082,0.052700936,0.056715007,0.652212133,0.838440969,0.76785343,0.905867132,0.866412804,0.883282734,0.89564162,0.526817598,0.013175742,-0.006331275,0,0,0,-0.026298561,0.211132625,0.838431849,0.225908258,-0.035585665,-0.010877223,-0.035554364,0.313189798,1.01165431,0.892763497,0.225026174,-0.002153629,0.079421058,0.45988191,0.96457164,0.285973989,-0.020310798,0,0,0,-0.047681709,0.421096729,0.841077563,0.012978928,-0.004335648,0.000222983,-0.018412377,0.241523642,0.859752911,0.260344141,-0.016321678,-0.004877281,-0.017576525,-0.011892736,0.641524663,0.58497442,-0.019588099,0,0,0,-0.044958624,0.394130344,0.845758442,0.02363654,-0.004974503,-0.00013697,-0.030444461,0.540333044,0.772210086,0.002646242,-0.009223432,0.000367647,0.000618566,-0.043402284,0.424729984,0.702863282,-0.015175313,0,0,0,-0.021476091,0.163023335,0.845089886,0.392037548,-0.043817249,-0.043050902,0.150454078,0.880427254,0.890943134,0.147235924,-0.028355346,0.000401688,0.000206801,-0.029050075,0.307749438,0.808566372,-0.010889331,0,0,0,-0.003251552,-3.62E-05,0.526804842,0.855567224,0.290485848,0.159843301,0.633529225,0.595488107,0.670438374,0.624113774,0.007249938,-0.018102911,-0.000178652,-0.042662821,0.486368727,0.653551588,-0.016970534,0,0,0,0.000354653,-0.005029105,-0.011709899,0.439697117,0.801601818,0.819919082,0.49308398,0.036928853,0.131697185,0.874247038,0.557457452,0.050025803,-0.038604201,0.112832516,0.811800551,0.327230511,-0.020110294,0,0,0,0,0.000224673,-0.004088882,-0.018697406,0.093341503,0.113780709,-0.024525378,-0.010380396,-0.019661509,0.36285655,0.969411969,0.683372413,0.256283786,0.715552985,0.676928666,0.030426263,-0.008696385,0,0,0,0,0,0.000358456,-0.002109375,-0.016467525,-0.018686254,-0.001934743,0.000548713,-0.00315128,-0.017237983,0.359104857,0.789012306,0.907192334,0.698508851,0.13705627,-0.022363438,0.000223992,0,0,0,0,0,0,0,0,0,0,0,0.000163399,-0.002049973,-0.026150279,0.088598278,0.226535658,0.038328568,-0.016001634,0.000893665,3.57E-05,0,0,0,0,0,0,0,0,0,0,0,0,0.000105988,0.000266047,-0.013679426,-0.028262606,-0.008061229,0.00055277,0,0,0,0,0,0,0,0,0,0,0,0,0,0,0,0,0,0,0,0,0,0,0,0,0,0,0,0,0,0,0,0,0,0,0,0,0,0,0,0,0,0,0
0,0,0,0,0,0,0,0,0,0,0,0,0,0,0,0,0,0,0,0,0,0,0,0,0,0,0,0,0,0,0,0,0,0,0,0,0,0,0,0,0,0,0,0,0,0,0,0,0,0,0,0,0,0,0,0,0,0,0,0,0,0,0,0,0,0,0,0,0,0,0,0,0,0,0,0,0,0,0,0,0,0,0,0,0,0,0.000346201,-0.002185704,-0.018703738,-0.021022978,-0.010031863,0.000636029,0,0,0,0,0,0,0,0,0,0,0,1.40E-05,0.000163824,-0.002422471,-0.029927832,-0.027018263,0.114132557,0.133882183,0.039899425,-0.043671007,-0.004007684,0.000672318,0,0,0,0,0,0,0,0,0.000334271,-0.002468256,-0.017928836,0.00654199,0.281288467,0.534881358,0.796521123,0.834042228,0.660640812,0.404749098,0.029414652,-0.008197849,8.61E-05,-0.001344465,-0.000924905,0.000101912,0,0,0,0,-0.000622404,-0.010631854,0.249659733,0.66163397,0.973843453,1.040140851,1.035538146,1.033617922,1.023331244,0.949917978,0.303722449,-0.031875246,-0.021395275,-0.025876391,-0.024634646,-0.017383783,0.000432106,0,0,0,-0.030820187,0.248181509,0.904615332,1.030496579,0.923101597,0.833373792,0.838258187,0.851059641,1.00164968,1.014176334,0.851971808,0.17671572,0.14848812,0.356828891,0.295506672,0.115028807,-0.003173169,0,0,0,-0.052332151,0.449921262,1.071557853,1.026629051,0.604232503,0.149687742,0.126514382,0.141754613,0.716258698,1.013446861,0.978634381,0.863695738,0.859170888,0.96628028,0.948271548,0.721969617,-0.017768246,0,0,0,-0.029459459,0.236922283,0.868221661,1.005026808,0.982471422,0.650962473,-0.004163331,0.289298969,0.761404293,1.007495949,1.000135798,0.982679517,0.967699176,1.001088763,1.026029871,0.876482121,-0.021120302,0,0,0,-0.000759447,-0.024335478,0.503795037,1.006836193,1.004233456,0.954477396,0.645493839,0.907554619,1.019280518,0.993813725,1.004237546,0.673778033,0.720815308,1.004687074,1.027136421,0.786738633,-0.021073325,0,0,0,0.000263606,-0.028841772,0.402499355,1.006134551,1.007821277,0.999713884,1.048810536,1.016539481,0.99869991,0.993801364,0.992496592,0.920214881,0.942787035,1.019506747,0.84226939,0.224963721,-0.014636752,0,0,0,0,-0.004069649,0.025754936,0.556939304,0.929023472,1.016949421,0.76331667,0.477474469,0.536027097,0.946970537,1.012121958,1.012451219,1.025016578,0.831538739,0.203729388,-0.033554584,-0.00034552,0,0,0,0,0.000136846,-0.00640785,0.015212623,0.256254136,0.371575948,0.11262951,-0.033702019,0.004008868,0.600970333,0.887514251,0.865888378,0.800265778,0.2072596,-0.018258664,-0.000473279,6.81E-05,0,0,0,0,2.76E-05,0.000332721,-0.007731124,-0.021766595,-0.024019183,-0.01564922,-0.001870864,-0.006355545,0.007963218,0.030635302,0.02931907,0.02094007,-0.015252536,-0.001347784,0.000212792,0,0,0,0,0,0,0,4.72E-05,-0.000533854,-0.000969539,-0.000112081,3.72E-05,4.46E-05,-0.00331153,-0.005551802,-0.005398386,-0.004759549,-0.000565002,5.16E-05,0,0,0,0,0,0,0,0,0,0,0,0,0,0,0,0,0,0,0,0,0,0,0,0,0,0,0,0,0,0,0,0,0,0,0,0,0,0,0,0,0,0,0,0,0,0,0,0,0,0,0,0,0,0,0,0,0,0,0,0,0,0,0
0,0,0,0,0,0,0,0,0,0,0,0,0,0,0,0,0,0,0,0,0,0,0,0,0,0,0,0,0,0,0,0,0,0,0,0,0,0,0,0,0,0.000167135,-0.001551128,-0.004763361,0.000417839,0,0,0,0,0,0,0,0,0,0,0,0,0,0,0,0,-0.001577138,0.014636888,0.044948427,-0.003942844,0,0,0,0,0,0,0,0,0,0,0,0,0,0,0,0,-0.001109579,0.010297634,0.031623009,-0.002773948,0,0,0,0,0,0,9.50E-05,-0.000206372,-0.007890319,-0.023715993,-0.032992953,-0.010292279,8.71E-05,9.50E-05,0,0,0.000125613,-0.00116577,-0.003579963,0.000314032,0,0,0,0,0,2.24E-17,0.000152505,-0.010781851,0.019466759,0.157687074,0.23924549,0.0455537,-0.005773562,-2.20E-05,0,0,0,0,4.19E-05,-0.000203908,-0.007064781,-0.006631434,-0.000547776,0.000103826,0.000499387,-0.003334695,-0.030814951,0.126325364,0.664623315,0.888546501,1.006287343,0.628274425,0.052589071,-0.010077274,0,0,0,0,0.000889385,-0.017655518,0.015964953,0.011387581,-0.034688291,-0.017379948,-0.00383851,-0.025454119,0.322778033,0.897962839,0.950510612,0.553592308,0.30728658,0.941573944,0.15266679,-0.020595539,0,0,5.62E-06,0.00111089,-0.022506944,0.150820891,0.633090976,0.63045527,0.348770603,0.112888463,-0.051027063,0.404969839,0.955048305,0.700170533,0.17344104,-0.045340244,0.169967439,0.955733235,0.156135655,-0.02091316,0,0,8.70E-05,-0.018566762,0.125228809,0.776416905,0.955006196,0.89378799,0.998888974,0.747483269,0.453403986,0.913088576,0.617387646,0.029180731,-0.060423237,-0.038350422,0.464709423,0.995260076,0.119483613,-0.018368396,0,0,-0.001345656,-0.03151492,0.413734154,0.997444478,0.314829402,0.051621664,0.491677673,0.988553088,1.02834455,0.898017123,0.329082925,0.187267828,0.197905093,0.413688249,0.978144727,0.66269201,0.025633026,-0.008121766,0,0,-0.008869145,0.032116302,0.70662003,0.672541275,-0.019078499,-0.024710818,0.487627509,0.994115434,0.926471473,0.984550722,0.998166122,0.960842641,0.962889195,1.035321657,0.726029412,0.12336392,-0.018602279,0.000124932,0,0,-0.014192586,0.085396364,0.839054971,0.305903822,0.056963723,0.573622084,1.030028567,0.628469793,0.112112378,0.218309503,0.321012155,0.545984609,0.59328022,0.36352452,0.060926973,-0.02664817,0.001701237,4.08E-05,0,0,-0.020004766,0.14497921,0.923040782,0.714456172,0.858273693,0.989647808,0.613270793,0.04460078,-0.024921449,-0.019320874,-0.020800483,-0.020701527,-0.020751974,-0.021042007,-0.010403901,0.000657169,0,0,0,0,-0.009247515,0.04418231,0.619450708,0.87290145,0.797036594,0.349751617,0.042749854,-0.010948819,0.000648914,0,0,0,0,0.000452206,-0.003994485,-0.005677696,0.000601688,0,0,0,0.000136166,-0.002476458,0.006505293,0.026724077,0.018810543,-0.016005055,-0.013355142,0.000523897,0,0,0,0,0,-0.003994485,0.03528462,0.050152982,-0.005314908,0,0,0,4.19E-05,-0.000140333,-0.00331827,-0.005203482,-0.004585121,-0.001201746,0.000150422,0,0,0,0,0,0,-0.005677696,0.050152982,0.071286629,-0.007554523,0,0,0,0,0,0,0,0,0,0,0,0,0,0,0,0,0.000601688,-0.005314908,-0.007554523,0.000800582,0,0,0,0,0,0,0,0,0,0,0,0,0,0,0,0,0,0,0,0,0,0,0,0,0,0,0,0,0,0,0,0,0,0,0,0,0,0,0,0,0,0
0,0,0,0,0,0,0,0,0,0,0,0,0,0,0,0,0,0,0,0,0,0,0,0,0,0,0,0,0,0,0,0,0,0,0,0,0,0,0,0,0,0,0,0,0,0,0,0,0,0,0,0,0.000341712,-0.001726387,-0.028663732,-0.017863112,0.001070075,0,0,0,0,0,0,0,0,0,0,0,0,0,3.73E-19,0.00026297,-0.003976142,-0.009303939,0.225468052,0.14925463,-0.00886009,0,0,0,0,0,0,0,0,0,0,0,0,0,7.53E-18,-0.003376566,-0.014075761,0.405412463,0.933942981,0.436731652,-0.02749229,0,0,0,0,0,0,0,0,0,0,0,0,0,0.000265948,-0.02086797,0.241961175,0.964735856,1.037688453,0.442252655,-0.028548407,0,0,0,0,0,0,0,0,0,0,0,0,0.000254289,-0.004209984,-0.001187109,0.736712901,0.785532816,0.838573342,0.45706781,-0.02821538,0,0,0,0,0,0,0,0,0,0,0,2.69E-05,-0.001106865,-0.031633715,0.404326142,0.957783961,0.249165885,0.602998077,0.468225545,-0.027476866,0,0,0,0,0,0,0,2.30E-05,-1.40E-05,-0.001914318,-0.014235457,-0.026186683,-0.034613749,0.137495336,0.860827699,0.65234309,-0.049968546,0.654818049,0.476733932,-0.028051062,0,0,0,0,0,0,5.33E-05,0.000250306,-0.014214069,-0.01534392,0.199142649,0.42556313,0.209553615,0.590115196,0.95614808,0.212131368,0.381551539,0.900852839,0.328101273,-0.021409978,0,0,0,0,0,0,7.16E-05,-0.013411084,0.079209474,0.541880498,0.887244405,0.793135042,0.897892923,1.035304245,0.892550637,0.776745428,0.889586465,0.429179892,-0.004013736,-0.0020769,0,0,0,0,0,0,-0.006088797,0.050819683,0.729654139,0.822609903,0.264751148,0.154557887,0.854515353,0.826674871,0.466124268,0.429814486,0.220513293,-0.002387612,-0.006289675,0.000211397,0,0,0,0,0,0,-0.028679324,0.467397765,0.881056266,0.174414941,-0.03445494,0.587540204,0.944573363,0.187734618,-0.045556795,-0.038278148,-0.024969274,-0.002774194,0.000506298,0,0,0,0,0,0,0,-0.037752247,0.654876668,0.655192215,-0.086913092,0.422843749,1.02052468,0.462641272,-0.024675517,-0.003387323,-0.000825826,-0.000215312,2.13E-05,0,0,0,0,0,0,0,0,-0.024027522,0.388111247,0.783836448,0.37623189,0.925236164,0.710103996,0.063011029,-0.014853571,9.29E-05,0,0,0,0,0,0,0,0,0,0,0,-0.003844465,0.012108439,0.659355341,1.048094873,0.841109481,0.124061121,-0.017961125,0.000332108,8.27E-06,0,0,0,0,0,0,0,0,0,0,0,-0.003442606,0.003567419,0.684364294,0.920860635,0.244337063,-0.027467865,0.000450317,5.42E-05,0,0,0,0,0,0,0,0,0,0,0,0,-0.001944275,-0.004135142,0.455770675,0.392630821,-0.038998133,-0.001800103,0,0,0,0,0,0,0,0,0,0,0,0,0,0,8.94E-05,-0.000323904,-0.015975797,-0.016510757,-0.001392286,0.00025531,0,0,0,0,0,0,0,0,0,0,0,0,0,0,0,0,0,0,0,0,0,0,0,0,0,0,0,0,0,0,0
0,0,0,0,0,0,0,0,0,0,0,0,0,0,0,0,0,0,0,0,0,0,0,0,0,0,0,0,0,0,0,0,0,0,0,0,0,0,0,0,0,0,0,0,0,0,0,0,0,0,0,0,0,0,0,0,0,0,0,0,0,0,0,0,0,1.40E-05,-0.00016008,-0.00061142,5.62E-06,0,0,0,0,0,0,0,0,0,0,0,0,0,0,1.19E-05,0.000415135,-0.004759276,-0.02379713,-0.025313498,-0.016660573,-0.004035233,0.000238051,0.000326287,-0.004566161,-0.022749081,-0.029348039,-0.011657782,-0.0001731,9.54E-05,0,0,0,0,0,0.000230188,-0.006450759,-0.001392361,0.192594414,0.305183373,0.092996681,0.003269063,-0.002057683,-0.003217507,0.003715367,0.148254136,0.206807904,0.055436564,-0.01247515,0.000252945,5.11E-05,0,0,0,0.000183441,-0.004819393,0.010683211,0.496275599,0.90446841,0.990260674,0.793173322,0.398286884,-0.018808755,-0.013056917,0.452999521,0.870076219,0.956675381,0.668085955,0.141957465,-0.016225592,-0.00019744,0,0,0,-8.18E-05,-0.024073774,0.377581394,0.998742323,0.998516622,0.929043933,1.038814255,0.965618028,0.334747666,0.196354086,0.941081957,1.016315716,0.948940066,1.032726805,0.673790476,0.032521318,-0.00927364,0,0,0,-0.018523093,0.131048883,0.843971746,1.049503455,0.667839154,0.173224525,0.699698955,1.036177509,0.861598822,0.791508749,1.027748393,0.601352362,0.277153612,0.950447202,0.9909928,0.161886032,-0.019578057,0,0,0,-0.042919979,0.361566415,1.000513991,1.019757217,0.775891187,0.028961195,0.133806798,0.84402662,1.026465601,1.029862592,0.880165216,0.09423046,-0.011621528,0.658200078,1.034558058,0.514662332,-0.020646446,0,0,0,-0.050915169,0.436986332,1.062181168,0.964913875,0.416420667,-0.007144939,-0.055124745,0.51602742,1.012133204,1.018049462,0.356669503,-0.030876532,-0.026375443,0.384588491,1.052153646,0.803120524,-0.020712316,0,0,0,-0.040659981,0.340191517,1.005934147,0.88091825,0.173518689,-0.047977151,0.078410097,0.723864958,1.021631315,1.022338763,0.340173012,-0.036849112,-0.026303394,0.466857128,1.048057972,0.868561412,-0.020716912,0,0,0,-0.018645676,0.132386181,0.858567442,0.920600787,0.181265287,0.013284917,0.652769149,1.017317612,0.962450929,0.994897918,0.860251499,0.125613391,0.112764937,0.867940701,1.035869886,0.565844821,-0.021112742,0,0,0,-0.00950267,0.046621494,0.774878421,1.026493022,0.592288246,0.581768239,1.020305436,0.940772263,0.331336789,0.638308755,1.048647086,0.814501736,0.752208214,1.02370784,0.900006025,0.144346218,-0.016332721,0,0,0,9.21E-05,-0.025061649,0.364178173,0.99908078,1.036088252,1.041359606,0.881476375,0.366823087,-0.031584712,0.104479507,0.710262763,1.005659995,1.013574976,0.901969005,0.355347971,-0.01069757,-0.00296841,0,0,0,8.07E-05,-0.004286663,0.020697168,0.473076236,0.819322151,0.735318797,0.215270204,-0.018504766,-0.003689389,-0.017976767,0.019543978,0.267934811,0.278820925,0.116955389,-0.013053956,-0.003154988,0.00030433,0,0,0,0,0.000314491,-0.007013991,-0.00127662,0.070125579,0.045438917,-0.018068236,-0.00109952,0.000176624,0.000100643,-0.004400707,-0.018820364,-0.019418199,-0.010327257,-0.001259549,0.00012046,6.13E-06,0,0,0,0,0,0.000403571,-0.002943215,-0.012154009,-0.009166017,0.000248665,0,0,0,0,0,0,0,0,0,0,0,0,0,0,0,0,0,0,0,0,0,0,0,0,0,0,0,0,0,0,0,0,0,0,0,0,0,0,0,0,0,0,0,0,0,0,0,0,0,0,0
0,0,0,0,0,0,0,0,0,0,0,0,0,0,0,0,0,0,0,0,0,0,0,0,0,0,0,0,0,0,0,0,0,0,0,0,0,0,0,0,0,0,0,0,0,0,0,0,0,0,0,0,0,0,0,0,0,0,0,0,0,0,0,0,0,0,0,0,0,0,0,6.43E-05,7.92E-05,-0.007183875,-0.021125511,-0.02643893,-0.017936479,-0.000628592,0.00018893,0,0,0,0,0,0,0,0,0,0,0,8.43E-05,-0.000984988,-0.02624628,0.067554756,0.314490315,0.411654378,0.253806441,-0.007938934,-0.001983932,0,0,0,0,0,0,0,0,0,0,7.65E-18,0.000266374,-0.015765761,0.187347217,0.76036026,0.992422828,1.004563096,0.961838167,0.189468649,-0.018500136,0,0,0,0,0,0,0,0,0,4.08E-06,0.000727805,-0.018829912,0.099950725,0.828269316,0.990447219,0.470854048,0.393561138,0.876957397,0.623989221,-0.020869587,0,0,0,0,0,0.000315519,-0.001604908,-0.017389426,-0.020748019,-0.000640007,-0.017860666,0.056539905,0.693352068,0.9788503,0.329946258,-0.041139052,0.006566148,0.725027992,0.913909262,-0.020728194,0,0,0,0,0.000511183,-0.009575419,-0.019931458,0.123395952,0.151726693,-0.030966742,-0.026661663,0.503528408,1.03091636,0.452532391,-0.027674326,-0.029097614,0.087655586,0.818805998,0.726588976,-0.020875715,0,0,0,0.000271493,-0.009245149,0.073562721,0.575974009,0.80972406,0.902120157,0.608844924,0.481686649,0.94949697,0.547560475,-0.019876432,-0.012577563,0.022014842,0.534971218,0.943952836,0.255284402,-0.018245847,0,0,0,-0.000961233,-0.022753523,0.512741677,1.014873928,0.808961261,0.738226003,0.909317589,1.006536016,1.013578704,0.711374898,0.627387048,0.624295905,0.727654208,0.90399343,0.410808381,0.001249898,-0.004592525,0,0,0,-0.018754637,0.134212044,0.853109103,0.822019012,0.111301845,-0.061515905,0.54668253,1.01977531,0.763914097,0.708152284,0.712359447,0.648542994,0.518540118,0.229431339,-0.016064542,-0.004375535,0.000330882,0,0,0,-0.03805573,0.31810128,0.976010456,0.44410946,-0.031489391,0.072247725,0.786141736,0.822300813,0.0746615,0.032064531,0.035388139,0.013593565,-0.021693062,-0.028623986,-0.001239146,0.000292896,0,0,0,0,-0.050163467,0.436066313,1.004154208,0.160298849,-0.057867936,0.491192403,0.972568287,0.244243141,-0.036642344,-0.009688266,-0.009167312,-0.006839086,-0.002899306,-2.04E-06,1.53E-05,0,0,0,0,0,-0.051224573,0.446453091,1.002958504,0.137646276,0.288303802,0.956408558,0.559009532,-0.006204521,-0.005323546,3.96E-05,0,0,0,0,0,0,0,0,0,0,-0.037885533,0.314765472,0.964894778,0.879509634,0.926955372,0.752251692,0.064584678,-0.015015131,0.000755515,0,0,0,0,0,0,0,0,0,0,0,-0.002305246,-0.006446078,0.469557258,0.813129613,0.608088814,0.092836768,-0.016762919,0.000652318,0,0,0,0,0,0,0,0,0,0,0,0,0.000468634,-0.0061887,0.024255992,0.067836105,0.018301384,-0.015104584,0.000367902,0,0,0,0,0,0,0,0,0,0,0,0,0,0,0.000402369,-0.00640608,-0.01279582,-0.007032782,8.66E-05,5.79E-05,0,0,0,0,0,0,0,0,0,0,0,0,0,0,0,0,0,0,0,0,0,0,0,0,0,0,0,0,0,0,0
0,0,0,0,0,0,0,0,0,0,0,0,0,0,0,0,0,0,0,0,0,0,0,0,0,0,0,0,0,0,0,0,0,0,0,0,0,0,0,0,0,0,0,0,0,0,0,0,0,0,0,0,0,1.22E-05,0.000715014,-0.008981289,-0.010797766,0.001152058,0,0,0,0,0,0,0,0,0,0,0,0,0,9.19E-06,0.000271799,-0.002155893,-0.03481713,0.041046875,0.058200027,-0.033666687,0.0008798,0,0,0,0,0,0,0,0,0,0,0,0,0.000376838,-0.006729954,-0.00613928,0.432391612,0.804520935,0.805103162,0.341989744,-0.014454316,0,0,0,0,0,0,0,0,0,0,0,2.33E-18,-0.004472358,-0.001425849,0.462900378,1.011270084,0.863727311,0.933262851,0.864950522,-0.021394676,0,0,0,0,0,0,0.000140421,-0.00157867,-0.005678699,-0.000574449,5.53E-05,0.000378711,-0.019841197,0.108661659,0.888847035,0.712780042,0.089628693,0.591406369,0.906849242,-0.02067402,0,0,0,0,9.17E-05,-0.000162651,-0.017553249,-0.022339642,0.003645284,-0.033527323,-0.020353991,-0.017045728,-0.010552379,0.454573995,0.869574348,0.127795375,0.126732485,0.828855615,0.850031023,-0.021004206,0,0,0,0,-0.000213695,-0.007213388,0.10806233,0.354024323,0.589766945,0.345220775,0.143936768,0.07342899,0.351023489,0.925637527,0.393516731,0.199111077,0.851009634,0.961529429,0.371306255,-0.018419969,0,0,0,0.000212792,-0.011457465,0.108336006,0.789510281,0.947291224,0.94320467,0.934959729,0.85913431,0.810277931,0.90870641,0.965257209,0.719306883,0.904018025,0.883809675,0.320356413,0.004934097,-0.003551198,0,0,0,-0.000605764,-0.033050586,0.646222597,0.968986043,0.384763089,0.115609467,0.215556781,0.572339069,0.991692079,1.001064236,0.969581414,0.992607673,0.704437126,0.134879562,-0.027907424,-0.006925829,0.000523897,0,0,0,-0.016334026,0.110550415,0.854952308,0.824434368,0.05720704,-0.023402837,-0.033444649,0.145069887,0.961929075,0.735563436,0.319929103,0.31008015,0.083887068,-0.020223278,-0.000752808,0.000128409,0,0,0,0,-0.027390249,0.216660535,0.914301377,0.55630989,-0.029660481,-0.005999486,-0.004666392,0.532962442,0.975592006,0.337852004,-0.053913454,-0.040205217,-0.01282785,0.000921691,3.06E-05,0,0,0,0,0,-0.045230525,0.386996936,1.008381757,0.325900071,-0.024365945,-0.029482644,0.291582516,0.949079725,0.592096405,0.013171705,-0.006480066,0.000120847,0,0,0,0,0,0,0,0,-0.050725612,0.440945687,1.019830712,0.087771514,-0.051642838,0.220231578,0.815131621,0.908503047,0.123784024,-0.016158565,0.000560515,0,0,0,0,0,0,0,0,0,-0.047103665,0.405954487,1.002809487,0.127300994,0.278359341,0.872610455,0.985710359,0.422034484,-0.014316449,-0.001519097,0,0,0,0,0,0,0,0,0,0,-0.013855937,0.104691585,0.53778028,0.250581495,0.859140131,0.754523987,0.403590976,0.001588695,-0.007167228,0.000145067,0,0,0,0,0,0,0,0,0,0,0.001698797,-0.017429069,0.010780543,0.029361267,0.099392198,0.045748877,-0.004998879,-0.006959459,0.000726428,0,0,0,0,0,0,0,0,0,0,0,0,0.000352328,-0.005889502,-0.004574993,-0.015491558,-0.01048826,-0.003450095,0.000331904,0,0,0,0,0,0,0,0,0,0,0,0,0,0,0,0,0,0,0,0,0,0,0,0,0,0,0,0,0,0
0,0,0,0,0,0,0,0,0,0,0,0,0,0,0,0,0,0,0,0,0,0,0,0,0,0,0,0,0,0,0,0,0,0,0,0,0,0,0,0,0,0,0,0,0,0,0,0,0,0,0,0,0,0,0,0,0,0,0,0,0,0,0,0,0,0,0,0,0,0,0,0,0,0,0,0,0,0,0,0,0,0,0,0,0,0,0,0,0,0,0,9.19E-06,0.000310933,-0.003126838,-0.016626838,-0.025327512,-0.02570864,-0.013255167,0.000523897,0,0,0,0,0,0.000153186,-0.000587214,-0.010348584,-0.015307162,-0.014676096,-0.003631791,0.00078508,-0.002538552,-0.026877183,-0.017618481,0.094546654,0.172051522,0.174341588,0.077194757,-0.003551198,0,0,0,0,7.76E-05,-0.001949891,-0.007346644,0.097134566,0.153803181,0.14651348,0.02233941,-0.019844686,0.010077189,0.250203195,0.534092303,0.796359869,0.901252111,0.90404136,0.603308739,-0.018419969,0,0,0,0,0.000267824,-0.024840712,0.151766523,0.735952434,0.938300056,0.92087206,0.386722548,0.011434698,0.335193972,0.917461117,1.052461834,0.959931311,0.896021208,1.020867593,0.867955901,-0.021004206,0,0,0,3.67E-05,-0.01047983,0.118392123,0.813856703,1.019399323,0.946493213,0.97128816,0.974955082,0.730196844,0.932856822,1.004493447,0.76245144,0.247529735,0.334741405,0.976492664,0.80097263,-0.020702104,0,0,0,-0.000406017,-0.024807292,0.448921143,1.011593614,0.997119264,0.436868333,0.405359103,0.955745575,1.023206274,1.016729065,0.685332657,0.033884906,0.040908854,0.721432428,1.019533105,0.526901217,-0.020662275,0,0,0,-0.002118544,-0.023280569,0.726612898,1.055959065,0.710421569,0.023630763,0.026271599,0.783386132,1.034714308,1.018069649,0.352670668,0.13101954,0.614460138,1.030417245,0.857322832,0.106183384,-0.014769029,0,0,0,-0.017334393,0.120082687,0.833378217,1.046805573,0.483986588,-0.060053555,0.351602754,0.998871017,0.876347784,0.91857758,0.936127315,0.915591452,1.010139519,0.982526127,0.451696249,0.000145021,-0.004523591,0,0,0,-0.048069111,0.410186957,1.043841534,0.959812193,0.312891681,-0.072679391,0.398700233,0.65439303,0.111717521,0.225790021,0.590628685,0.820853767,0.752904318,0.391741861,0.009099099,-0.008168137,0.000387265,0,0,0,-0.050719905,0.435200606,1.06260289,0.948713388,0.285374762,-0.037595237,0.015396327,-0.005540918,-0.017465278,-0.017873434,-0.018064048,0.020416156,0.007998111,-0.019578568,-0.0054856,0.00049733,1.36E-05,0,0,0,-0.033377359,0.27046041,0.96523509,0.984053802,0.334318423,-0.028772828,-0.003047301,-0.001410165,0.000160846,5.11E-05,-0.000239493,-0.003605835,-0.002541616,5.02E-05,1.02E-05,0,0,0,0,0,-0.015877869,0.113811598,0.688297062,0.991677202,0.683213576,0.031380804,-0.008779616,0,0,0,0,0,0,0,0,0,0,0,0,0,0.000549509,-0.01018573,0.058781846,0.354788586,0.278655654,-0.003254555,-0.002232775,0,0,0,0,0,0,0,0,0,0,0,0,0,4.88E-05,0.000201429,-0.010841945,-0.022193092,-0.015008255,-0.001715882,0.0002772,0,0,0,0,0,0,0,0,0,0,0,0,0,0,5.62E-06,4.71E-05,-0.001640625,-0.001428036,0.000154906,0,0,0,0,0,0,0,0,0,0,0,0,0,0,0,0,0,0,0,0,0,0,0,0,0,0,0,0,0,0,0,0
0,0,0,0,0,0,0,0,0,0,0,0,0,0,0,0,0,0,0,0,0,0,0,0,0,0,0,0,0,0,0,0,0,0,0,0,0,0,0,0,0,0,0,0,0,0,0,0,0,0,0,0,0,0,0,0,0,0,0,0,0,0,0,0,0,0,0,0,0,0,2.02E-18,0.000122038,-0.002787137,-0.00910912,-0.007224929,-0.002478707,5.14E-05,1.22E-05,0,0,0,0,0,0,0,0,0,0,0,0,0.001018689,-0.012468171,-0.002010449,0.097084831,0.067055113,-0.00669184,-0.027048696,-0.002909788,0.000465686,0,0,0,0,2.18E-18,-5.27E-18,-3.86E-16,-6.19E-16,-6.10E-16,-5.85E-16,0.000306373,-0.009151603,0.05279982,0.577287548,0.891469056,0.851633102,0.562403084,0.174750034,0.015624975,-0.003037003,0,0,0,1.63E-05,0.000367477,-0.00805062,-0.020688147,-0.020248672,-0.019172,-0.020965244,-0.019336363,-0.026936955,0.479269982,1.048461895,0.808912326,0.568240043,0.994787173,0.914264331,0.116254586,-0.0176891,0,0,1.22E-05,0.0009751,-0.015740339,0.036499107,0.575876425,0.858491297,0.858323369,0.812327871,0.231393373,0.239335959,0.945623242,0.723670648,0.151644739,0.024180629,0.812738763,1.042194383,0.145756581,-0.021081659,0,0,-5.72E-05,-0.00980596,0.065742358,0.601587742,1.032565802,0.814521616,0.591302637,0.960532305,0.885682887,0.876670037,1.0234415,0.221475888,-0.037877145,-1.24E-05,0.650731754,1.035683926,0.142326036,-0.020669935,0,0,-0.000426368,-0.033786688,0.324111417,1.005567164,0.803258868,0.132624898,-0.048760939,0.422714869,0.981508987,1.034191908,0.754389808,0.048658585,-0.015687738,0.009670037,0.777907884,1.037291565,0.145140944,-0.020973243,0,0,-0.006849809,0.013835351,0.624913841,1.016267378,0.356852516,-0.042827529,-0.031487625,0.369147331,0.941496307,1.025550926,0.755559981,0.06568033,-0.044686802,0.079915509,0.861887187,0.975076695,0.12634646,-0.018948121,0,0,-0.018640727,0.123437385,0.967565308,0.852049803,0.03971572,-0.046871579,0.381831169,0.946172879,1.015932836,1.01378171,1.023175126,0.629674018,0.210413484,0.55952594,1.040053326,0.616543318,0.008715554,-0.006377825,0,0,-0.021158772,0.146862771,1.030788866,0.946396634,0.595412896,0.756051951,1.012406602,0.817032123,0.241382061,0.149891753,0.576864647,0.951448797,0.943268331,1.013028413,0.920731133,0.298120507,-0.031872523,-0.000338857,0,0,-0.020720827,0.141887255,1.021516953,1.020778782,1.027487932,0.948113885,0.628490159,0.163854252,-0.038496987,-0.020669935,-0.029965959,0.208662577,0.51158124,0.538654497,0.212010008,-0.008284995,-0.001153642,4.77E-05,0,0,-0.007753779,0.035345736,0.539329282,0.667238885,0.777930692,0.258491609,0.008412077,-0.020972307,0.001563777,1.35E-17,0.000459729,-0.019038648,-0.014764706,-0.034427577,-0.02220898,-0.000168505,0.000152868,0,0,0,0.000421092,-0.004630773,-0.006969312,0.033940768,0.090060883,-0.02558575,-0.008441258,0.000477941,0,0,3.37E-05,-8.53E-05,-0.003106924,-0.001425858,0.000170956,0,0,0,0,0,2.35E-05,-8.87E-06,-0.002410999,-0.005063879,-0.008456393,-0.000332363,8.32E-05,0,0,0,0,0,0,0,0,0,0,0,0,0,0,0,0,0,0,0,0,0,0,0,0,0,0,0,0,0,0,0,0,0,0,0,0,0,0,0,0,0,0,0,0,0,0,0,0,0,0,0,0,0,0,0,0,0,0,0,0,0,0,0,0,0,0,0,0,0,0,0,0
0,0,0,0,0,0,0,0,0,0,0,0,0,0,0,0,0,0,0,0,0,0,0,0,0,0,0,0,0,0,0,0,0,0,0,0,0,0,0,0,0,0,0,0,0,0,0,0,0,0,0,0,0,0,0,0,0,0,0,0,0,0,0,0,0,0,0,0,0,0,0,0,0,0,0,0,0,0,0,0,0,0,0,0,0,0,0,0,0,0,0,0,0,0,0,0,0,0,0,0,0,0,0,0.001087623,-0.016980699,-0.041401995,-0.02873732,-0.008749983,-0.000612745,0.000106379,-7.94E-17,-5.46E-17,0.000193633,-0.001584627,-0.005572576,-0.00253736,0.000159569,-4.72E-17,4.87E-18,0,0,0,0,-0.011495098,0.178683619,0.450616149,0.307017719,0.079103311,-0.013605494,-0.021937977,-0.018872549,-0.017904071,-0.022846093,-0.002592422,0.042946453,0.008310611,-0.022774289,-0.016057573,-0.002433109,0.000251055,0,0,0,-0.041196649,0.675490298,1.031659091,0.961391691,0.908535011,0.645561466,0.354538067,0.21468606,0.177989585,0.313518039,0.633491399,0.905929215,0.773821678,0.504487264,0.151662774,-0.003942376,-0.000393635,0,0,0,-0.044013787,0.72607741,1.034447985,0.962596184,0.65879778,0.778590057,1.019491932,0.966795037,0.935904293,1.008837542,0.832374557,0.634548952,0.691067538,0.977330814,0.888647069,0.245907884,-0.023434096,0,0,0,-0.042130362,0.692198529,1.04519521,0.764281897,0.134017892,0.702642412,1.004882693,0.985253847,1.018067045,0.927362827,0.221785318,-0.042471814,-0.022691381,0.521589069,1.042383583,0.525266799,-0.047525616,0,0,0,-0.024012,0.365887731,1.002687568,0.486878387,0.591873497,0.94574263,0.411250953,0.247537377,0.535224094,0.981461722,0.689328568,0.176927458,0.288158224,0.780688606,0.912806806,0.193369928,-0.018746596,0,0,0,-0.011458895,0.135754425,0.976890165,0.77355993,0.943020158,0.50217499,-0.014414845,-0.029644046,0.009052832,0.492540816,1.045951763,0.841994962,0.970650497,0.980865894,0.364256247,-0.025599724,0.000611469,0,0,0,-0.004668685,0.022826101,0.738630491,1.040965275,0.927791023,0.180966566,-0.021874669,0.00099731,-0.013257715,-0.001993777,0.531762311,1.007214001,0.942409485,0.392954,-0.008378096,-0.005074532,6.11E-05,0,0,0,-0.001801777,-0.016132761,0.488273659,1.051846065,0.852778559,0.061569904,-0.007402557,1.84E-05,0.000430624,-0.019645211,0.102583742,0.423222954,0.34312517,0.003063045,-0.007681267,0.000343818,0,0,0,0,-0.000459661,-0.020004562,0.227454299,0.883404956,0.462112055,-0.027655995,0.000691466,0,0,0.001335045,-0.010846439,-0.038930164,-0.031925722,-0.001902914,0.000387265,0,0,0,0,0,3.92E-05,-0.000827699,-0.003261744,0.027788603,-0.000323417,-0.000814951,0,0,0,0,0,0,0,0,0,0,0,0,0,0,1.07E-06,0.0001274,-0.001037377,-0.005426471,-0.002317934,0.000128676,0,0,0,0,0,0,0,0,0,0,0,0,0,0,0,0,0,0,0,0,0,0,0,0,0,0,0,0,0,0,0,0,0,0,0,0,0,0,0,0,0,0,0,0,0,0,0,0,0,0,0,0,0,0,0,0,0,0,0,0,0,0,0,0,0,0,0,0,0,0,0
0,0,0,0,0,0,0,0,0,0,0,0,0,0,0,0,0,0,0,0,0,0,0,0,0,0,0,0,0,0,0,0,0,0,0,0,0,0,0,0,0,0,0,0,0,0,0,0,0,0,0,0,0,0,0,0,0,0,0,0,0,0,0,0,0,0,0,0,0,0,0,0,0,0,0,0,0,0,0,0,0,0,0,0,0,0,0,0,0,0,0,0,0,0,0,0,0,0,0,0,0,0,0,1.48E-18,-7.40E-18,-2.27E-16,-4.62E-16,-4.22E-16,-2.46E-16,-4.60E-17,6.91E-18,0,0,0,0,0,0,0,0,0,0,0,2.04E-05,0.000359647,-0.008664897,-0.020528493,-0.019276791,-0.019256247,-0.021311955,-0.01116745,-0.000474877,-0.000860226,-0.007002874,-0.020667382,-0.020923713,-0.016804875,-0.005614788,0.000199238,3.91E-05,0,0,0,0.000269708,-0.007191717,0.048987285,0.406640017,0.695472769,0.648637529,0.441633477,0.106746379,-0.041546716,-0.034953222,0.015314951,0.148966155,0.149712456,0.105604541,0.012673964,-0.005366251,0.000280767,0,0,7.91E-05,-0.004402949,-0.001792501,0.583015795,0.934763685,0.578626991,0.589524004,0.911894931,0.742035012,0.32883844,0.402075691,0.658801415,0.99071155,1.012481771,0.93660289,0.48933895,0.021011628,-0.006292722,0,0,-0.000201014,-0.020169428,0.171671875,0.886513106,0.465521089,-0.044413007,-0.039923566,0.195169288,0.863521616,1.022957312,0.728001923,0.477848284,0.280373468,0.308690819,0.589652591,0.956940359,0.132415974,-0.019178071,0,0,-0.014929194,0.091722718,0.831312806,0.916585512,0.270358694,-0.054172096,0.034044355,0.522781539,0.853123094,0.848060747,0.709093512,0.042842288,-0.037070925,-0.056226307,0.213957142,0.959773165,0.144334719,-0.019996596,0,0,-0.015466367,0.093084057,0.895932972,0.67605913,-0.006840142,0.263125936,0.741673936,0.776624217,0.23128828,0.098258221,0.774190411,0.267254307,-0.029758629,-0.003843171,0.616040662,0.808276161,0.072367005,-0.01300177,0,0,-0.002097516,-0.023033675,0.425670665,0.868886579,0.613188873,0.753920261,0.46392097,0.09752524,-0.020231,-0.042280957,0.375217599,0.662729538,-0.009086326,0.342207122,0.959466508,0.357404424,-0.02157667,-0.001672713,0,0,0.000217865,-0.008542253,0.037077802,0.34835129,0.414351852,0.158311462,-0.02151937,-0.013999353,-0.000998604,-0.006070857,0.044066159,0.605783957,0.60272098,0.818710495,0.684848601,0.038851035,-0.010765562,0.000217865,0,0,0,0.000662427,-0.004615588,-0.031746579,-0.036301743,-0.014747158,6.11E-05,0.000136166,0,0.000542535,-0.026467269,0.305731031,1.031998775,0.783541309,0.126217422,-0.012454333,0.000201378,0,0,0,0,0,0,0,0,0,0,0,0,7.62E-19,-0.003701831,0.017409604,0.257065989,0.103100303,-0.02582147,8.76E-05,6.60E-05,0,0,0,0,0,0,0,0,0,0,0,0,7.93E-19,0.000285948,-0.002457961,-0.018263378,-0.009135621,0.000420292,2.96E-05,0,0,0,0,0,0,0,0,0,0,0,0,0,0,0,0,0,0,0,0,0,0,0,0,0,0,0,0,0,0,0,0,0,0,0,0,0,0,0,0,0,0,0,0,0,0,0,0,0,0,0,0,0,0,0,0,0,0,0,0,0,0,0
0,0,0,0,0,0,0,0,0,0,0,0,0,0,0,0,0,0,0,0,0,0,0,0,0,4.04E-18,0.000432326,-0.008271167,-0.015013957,-0.000813589,0.000214461,0,0,0,0,0,0,0,0,0,0,0,0,0,0.000154091,0.000575191,-0.026989727,0.028413757,0.088985671,-0.02081876,-0.004266235,0.000267824,0,0,0,0,0,0,0,0,0,0,0,1.35E-05,-0.000457618,-0.014906624,0.165016731,0.64949715,0.862625579,0.248413331,0.006384498,-0.001857996,2.81E-05,-0.000212112,-0.001144455,-0.000285029,1.96E-05,0,0,0,0,0,0,0.000112234,-0.021303036,0.117714444,0.797620404,1.031180139,1.009086925,0.889857928,0.140221626,-0.012186326,7.93E-05,-0.012580644,-0.022365145,-0.020605358,-0.003813828,0.000513636,0,0,0,0,0,-0.00286346,-0.001192827,0.585570142,1.02976554,0.665234618,0.410456104,0.976539114,0.469196112,-0.032618481,-0.036979145,0.105078142,0.397514808,0.192124251,0.002027386,-0.004382975,0.000242545,0,0,0,0,-0.01472115,0.194729099,0.975133017,0.776090448,0.141019713,0.003572627,0.750518859,0.732439474,0.041059606,0.328914724,0.785833759,1.015527335,0.884688249,0.33639614,-0.010839601,-0.002370132,0,0,0,0.001493769,-0.045318016,0.488466243,1.012464755,0.441899841,-0.029655412,-0.040331231,0.455947441,0.905687548,0.714918538,0.886659444,0.566685588,0.173896227,0.683853984,0.838967701,0.056812107,-0.013213043,0,0,0,-0.011913905,0.070305658,0.792628217,0.879049105,0.14417693,-0.020798632,-0.034361809,0.306175551,0.995391255,0.849902693,0.283059734,-0.032800688,-0.041666701,0.336647808,0.977803836,0.255705009,-0.019907918,0,0,0,-0.045978558,0.390751464,1.047889995,0.737639927,0.039297369,-0.028798408,0.13952885,0.76374023,1.016388174,0.435580576,-0.027814687,-0.002637885,-0.026392004,0.175104677,0.917395033,0.628637319,-0.020705167,0,0,0,-0.050935143,0.439648216,1.060620285,0.451064713,-0.03678879,0.037568179,0.708695755,0.999751174,1.008296807,0.669410607,0.030664211,-0.008700402,-0.026478145,0.175656454,0.917246392,0.498748964,-0.020676062,0,0,0,-0.033359015,0.273944274,0.943804347,0.423329112,-0.060757744,0.289235423,1.019548305,0.648842439,0.740453006,0.927746272,0.102948174,-0.017705287,-0.027209372,0.33659758,1.000590482,0.477959045,-0.020705678,0,0,0,-0.021234145,0.158420077,0.872903979,0.592732393,0.091235155,0.857884194,0.705091653,0.071224505,0.459525991,0.997796479,0.14923233,-0.031234985,0.016629622,0.642472178,1.037365035,0.305683835,-0.020448616,0,0,0,-0.007651543,0.050440087,0.389521684,0.779258323,0.823641697,0.829177758,0.070987115,-0.041315019,0.257980579,0.946602499,0.60637778,-0.013945806,0.445218648,0.980713014,0.830843733,0.073479747,-0.014016204,0,0,0,0.001256369,-0.012125936,-0.051177254,0.484750664,1.004190547,0.317491711,-0.029481124,-0.008706495,0.023537275,0.653616439,0.999849001,0.694651774,0.943369724,0.855716997,0.22468396,-0.012756767,-0.001259021,0,0,0,-0.00359382,0.015186768,0.301004817,0.83397275,0.713999677,0.038669354,-0.010833504,0.00035815,-0.024080389,0.21597675,0.730996104,0.884420207,0.696874064,0.194667399,-0.025537803,-0.00189607,0.000254289,0,0,0,-0.020526681,0.15004696,0.887748434,0.704997753,0.119410148,-0.02505595,0.000676062,3.40E-05,0.001052747,-0.018654616,0.057657726,0.144425909,0.026634957,-0.019424309,-0.000211244,0.000105173,0,0,0,0,-0.003741746,0.029579766,0.127500611,0.040217276,-0.010169123,0.000766411,0,0,6.83E-18,0.000391342,-0.010368924,-0.019902165,-0.006976886,0.000508336,1.59E-05,0,0,0,0,0,0.000481024,-0.003694002,-0.018051811,-0.009614651,-0.000528152,0.000114141,0,0,0,0,0,0,0,0,0,0,0,0,0,0,0,0,0,0,0,0,0,0,0,0,0,0,0,0,0,0,0,0
0,0,0,0,0,0,0,0,0,0,0,0,0,0,0,0,0,0,0,0,0,0,0,0,0,0,0,0,0,0,0,0,0,0,0,0,0,0,0,0,0,0,0,0,0,0,0,0,0,0,0,0,0,0,0,0,0,0,0,0,0,0,0,0,0,0,0,0,0,0,0,0,0,0,0,0,0,0,0,0,0,0,0,0,0,0,0,0,0,0,0,0,0,0,0,0,0,0,0,0,0,0,0,0,3.55E-18,-1.75E-17,-2.00E-16,-2.59E-16,-6.39E-17,6.09E-18,6.22E-18,-6.54E-17,-2.51E-16,-2.74E-16,-2.10E-16,-5.36E-18,1.24E-18,0,0,0,0,0,0,2.66E-05,0.000326117,-0.007251498,-0.020383817,-0.021035798,-0.017881774,-0.005714699,-0.000693764,-0.01027148,-0.020356046,-0.020871119,-0.020427219,-0.007091844,0.000314372,1.63E-05,0,0,0,0,3.91E-05,0.000633688,-0.026292854,0.037254307,0.366915434,0.441063033,0.188169425,-0.003314004,-0.050057274,0.118712055,0.427993516,0.48055795,0.389712676,0.025396165,-0.017368279,0.001354644,8.15E-06,0,0,0.000206801,-0.00070895,-0.027973073,0.130689917,0.639506349,1.018792637,1.027815451,0.958240094,0.590922998,0.442975541,0.720997753,0.973994368,0.789179534,0.916379187,0.601705372,0.084774357,-0.015893258,0.00028765,0,0,-0.002323325,-0.003717847,0.26553622,0.817033395,0.899397348,0.375450793,0.256263181,0.598753523,0.960442589,1.054260604,1.042348516,0.427918875,0.052054517,0.253495387,0.95169441,0.554025888,0.004037239,-0.00541973,0,0,-0.018391714,0.119981299,0.958008953,1.053616609,0.772419305,0.198354439,0.021797657,0.315072798,0.814237524,1.018161237,1.006148812,0.597684987,0.079209355,-0.049109528,0.63943476,0.882218393,0.093417105,-0.015360158,0,0,-0.01930913,0.135189913,0.937873434,0.679838048,0.859986043,0.893450436,0.754229292,1.006526791,0.916773352,0.497799803,0.473851018,0.980295561,0.753009583,0.326823649,0.520932428,1.050899986,0.150732695,-0.021442844,0,0,-0.003035105,0.021966944,0.14407622,0.029490899,0.16981858,0.715307672,0.851078448,0.530380811,0.209220629,-0.019583367,-0.01931488,0.370890005,0.859370355,0.976667618,1.007956276,0.850834777,0.087910337,-0.014849069,0,0,0.000357435,-0.002518242,-0.017405195,-0.009008715,-0.014900684,-0.014146497,-0.010116961,-0.02120915,-0.016585138,-0.003993736,-0.004725286,-0.025898608,0.117303071,0.439084542,0.543259378,0.182313453,-0.020551802,-0.000102975,0,0,0,0,0,0,5.32E-05,-0.000606362,-0.000925699,2.13E-05,0,0,7.23E-05,0.000592363,-0.012077887,-0.039598226,-0.048883017,-0.017877689,0.001542691,4.68E-05,0,0,0,0,0,0,0,0,0,0,0,0,0,0,0,0,0,0,0,0,0,0,0,0,0,0,0,0,0,0,0,0,0,0,0,0,0,0,0,0,0,0,0,0,0,0,0,0,0,0,0,0,0,0,0,0,0,0,0,0,0,0,0,0,0,0,0,0,0,0,0,0,0,0,0,0,0,0,0,0,0,0,0,0,0,0,0,0,0,0,0,0,0,0,0,0,0,0,0,0,0
0,0,0,0,0,0,0,0,0,0,0,0,0,0,0,0,0,0,0,0,0,0,0,0,0,0,0,0,0,0,0,0,0,0,0,0,0,0,0,0,0,0,0,0,0,0,0,0,0,0,0,0,0,0,0,0,0,0,0,0,0,0,0,0,0,0,0,0,0,0,1.71E-19,1.89E-05,-0.000322347,-0.000925756,-0.000911458,-0.000913501,-0.000329606,3.91E-05,0,0,0,0,7.34E-06,1.35E-05,-0.001095588,-0.008462316,0.000307598,-0.000125963,3.06E-06,0,4.70E-18,0.000539045,-0.008995828,-0.026407714,-0.026005923,-0.026479507,-0.016066908,-0.00051384,0.000189951,0,0,0,0.000679141,-0.004887425,-0.032363,0.021908854,-0.054796194,-0.043099242,-0.022636932,-0.008369928,0.001776535,-0.021127706,0.104198854,0.382964291,0.376756536,0.38062546,0.171284109,-0.00809593,-0.000958776,0,0,0.000134464,-0.008834638,0.041849401,0.472752945,0.701095724,0.584437568,0.497040513,0.238574091,0.074644438,-0.040833418,0.109160795,0.661214789,1.058470554,1.051030178,1.05335849,0.713449176,0.044478772,-0.010154037,0,0,-0.000803575,-0.029477285,0.327231751,0.98022497,0.884018283,0.953249205,0.949600688,0.964768779,0.717348933,0.392581716,0.78925922,1.026907224,0.783456256,0.637613445,0.910707982,1.000805409,0.136627583,-0.020051669,0,0,-0.007178479,0.017751468,0.630367477,0.936578516,0.204270867,0.130962997,0.210613204,0.664259038,1.008425313,1.014601733,1.022220741,0.672727213,0.090124098,-0.041045786,0.52483175,1.04229085,0.143053483,-0.020726443,0,0,-0.017027335,0.108480749,0.921112813,0.862754391,0.017484886,-0.019456904,-0.03165549,0.015499013,0.54710226,1.001969397,1.024700946,0.645483912,0.022798883,-0.037323853,0.464648744,1.044619536,0.142146723,-0.020643893,0,0,-0.013101341,0.072265042,0.8001891,0.983335393,0.285151263,-0.019325674,-0.025620847,0.160843273,0.795552407,0.972064883,0.959698002,1.015461814,0.691275003,0.167114056,0.449509821,1.041646616,0.141806846,-0.020594533,0,0,-0.012112269,0.06236833,0.775293096,1.03900337,0.570471763,-0.061342371,-0.034933961,0.543664726,1.068049905,0.766139127,0.389514723,0.771761954,1.040671092,0.82892499,0.674987813,1.035258408,0.144479485,-0.020885587,0,0,-0.00461355,-0.000189264,0.492695382,1.013934732,1.000780186,0.84691151,0.861775134,0.955673264,1.024849578,0.636705308,-0.056380328,0.126026935,0.841776698,1.039446551,1.004498152,0.861530224,0.092272911,-0.015297311,0,0,0.000185526,-0.009059455,0.036665543,0.482582363,0.791261557,0.996954299,0.981862983,0.986135638,1.012830763,0.504701372,-0.038708435,-0.02600762,0.436780076,0.976654548,0.985739941,0.466339325,-0.013239218,-0.00330627,0,0,0,0.000733765,-0.007893842,0.002717882,0.093388327,0.236138021,0.189453701,0.567044679,0.90677514,0.15322052,-0.01223846,-0.006901675,0.061470537,0.216354626,0.231064253,0.07004216,-0.012510854,0.000327648,0,0,0,0,0.000346507,-0.004728554,-0.01651777,-0.0325625,-0.054483409,0.179816806,0.196827223,-0.014680709,-0.000199142,0.000817231,-0.010229167,-0.030579963,-0.032113358,-0.011355086,0.001350128,0,0,0,0,0,0,0,0,0,0.001373364,-0.012651399,-0.014686172,-0.000108915,7.90E-05,0,0,0,0,0,0,0,0,0,0,0,0,0,0,0,0,0,0,0,0,0,0,0,0,0,0,0,0,0,0,0,0,0,0,0,0,0,0,0,0,0,0,0,0,0,0,0,0,0,0,0,0,0,0,0,0,0,0,0,0,0,0,0,0,0,0,0,0
0,0,0,0,0,0,0,0,0,0,0,0,0,0,0,0,0,0,0,0,0,0,0,0,0,0,0,0,0,0,0,0,0,0,0,0,0,0,0,0,0,0,0,0,0,0,0,0,0,0,0,0,0,3.42E-05,-0.000121479,-0.006389874,-0.003571807,0.000400291,0,0,0,0,0,0,0,0,0,0,0,0,0,1.58E-05,6.83E-05,-0.001961397,-0.012542416,0.019107894,0.002858643,-0.006600526,0.000450878,0,0,0,0,0,8.82E-05,-0.000258578,-0.006616422,-0.030440565,-0.012015931,0.001072304,2.61E-18,0.000383817,-0.007675645,-0.012166633,0.179929381,0.716496136,0.510194053,0.018736887,-0.006697985,0,0,0,0,1.10E-18,0.00020098,-0.003833555,0.018206853,0.21534504,0.064099605,-0.015967542,0.001119111,-0.006733898,0.018575204,0.410420803,0.900362439,1.060919798,1.003276246,0.320202635,-0.019857707,0,0,0,0,8.94E-05,-0.012611281,0.057477516,0.520750289,0.97720308,0.609167347,0.044621375,-0.021718239,-0.027222222,0.489983286,0.989457295,0.962926573,0.706357469,0.999357741,0.644283135,-0.02078125,0,0,0,0,-0.001467327,-0.018442957,0.446438299,1.020394976,1.00548163,1.035044637,0.356165583,0.018471747,0.49155475,1.002337405,0.891428312,0.31910467,0.188458226,0.928802824,0.651860673,-0.020728194,0,0,0,5.63E-05,-0.007129698,0.052898965,0.830243209,0.93333832,0.506808749,0.921682581,0.862049803,0.617549615,0.97819504,0.880736806,0.221060968,-0.03401154,0.260394608,1.011363766,0.707210536,-0.020704657,0,0,0,-0.000260894,-0.027889536,0.484466452,0.995418743,0.496261591,0.024312282,0.666079623,1.014581648,0.986315819,0.971243243,0.336756077,-0.03476411,-0.009245455,0.55084998,1.044976001,0.521609851,-0.020658361,0,0,0,-0.008519017,0.037172641,0.789878319,0.885656744,0.139610379,-0.056003611,0.434287684,1.01831924,1.025304058,0.504387187,-0.02821306,-0.014777046,0.162810679,0.967361996,0.837966214,0.122200617,-0.014174837,0,0,0,-0.02047654,0.149594907,0.887225269,0.786204861,-0.000200385,0.051983986,0.784672862,1.03298863,1.019732281,0.556319087,0.003240271,0.087413177,0.597445193,1.025643399,0.537791343,-0.003655681,-0.005017361,0,0,0,-0.033352309,0.271991969,0.96404529,0.665925377,-0.03771162,0.560289764,1.026742455,0.824726978,0.856488915,0.994829518,0.82090267,0.804002334,1.021035221,0.81969756,0.152968829,-0.021610282,8.20E-05,0,0,0,-0.04923403,0.42439168,1.03922532,0.342226597,0.265507438,0.992915648,0.828590397,0.17231073,0.13744293,0.75728331,0.830126761,0.813381468,0.636000255,0.172516016,-0.015314032,-0.000211467,4.26E-05,0,0,0,-0.050513636,0.437572815,1.023950368,0.27973909,0.695856226,1.008895717,0.333385281,-0.031700963,0.000211108,0.103691551,0.114196663,0.10470098,0.035628881,-0.018372243,0.000175909,6.11E-05,0,0,0,0,-0.044304757,0.377251685,0.990275786,0.58958444,0.895504613,0.723930384,0.007818644,-0.004853196,-0.001422181,-0.017257659,-0.018837899,-0.017750613,-0.009352635,0.000140625,4.14E-05,0,0,0,0,0,-0.018877339,0.136365043,0.814876753,0.954606975,0.872524152,0.199374499,-0.019450742,0.000306373,0,0,0,0,0,0,0,0,0,0,0,0,-0.000633388,-0.003103675,0.151612195,0.251615575,0.159612837,-0.005772136,-0.002106348,0,0,0,0,0,0,0,0,0,0,0,0,0,0.000232359,-0.001360805,-0.015221609,-0.020265693,-0.01540288,-0.001355937,0.000250204,0,0,0,0,0,0,0,0,0,0,0,0,0,0,0,0,0,0,0,0,0,0,0,0,0,0,0,0,0,0,0
0,0,0,0,0,0,0,0,0,0,0,0,0,0,0,0,0,0,0,0,0,0,0,0,0,0,0,0,0,0,0,0,0,0,0,0,0,0,0,0,0,0,0,0,0,0,0,0,0,0,0,0,0,0,0,0,0,0,0,0,0,0,0,0.000123775,-0.002155535,-0.001925143,6.38E-05,4.89E-06,0,0,6.22E-19,5.11E-05,-0.001130203,-0.001859171,-0.000156505,3.22E-05,0,0,0,0,0,0,0.000132078,-0.001526552,0.003586772,0.01179582,-0.000134021,-5.30E-05,0,0,0.000122549,-0.001267021,-0.004136535,-0.014293267,-0.033395748,-0.010599571,0.000707721,0,0,0,0,0,-0.000575598,-0.017644472,0.408298815,0.312893638,-0.012489583,-0.000598019,2.08E-18,0.000352328,-0.001790577,-0.030695636,0.230317557,0.47986169,0.275998962,0.049141442,-0.006176641,0.000224206,0,0,0,0,-0.007402063,0.039409246,0.596902471,0.153880651,-0.01225851,0.00019404,0.000328329,-0.00866745,-0.010340074,0.342116183,0.81243549,1.044663773,1.04737854,0.542931679,-0.01722069,-0.001783967,5.11E-06,0,0,0,-0.028732688,0.236358315,0.815683998,0.174860856,-0.027442063,-0.011814691,-0.00820151,0.013291532,0.568478762,0.964877706,0.91828965,0.441704187,0.46577419,0.818478371,0.135476795,-0.023663096,0.000417329,0,0,0,-0.049254005,0.437163909,0.778589359,0.725495643,0.350518587,0.043439882,0.00105707,0.42197532,0.689864481,0.494188317,0.16672226,-0.029901944,-0.017803326,0.492199704,0.518977311,-0.014477956,-0.003777063,0,0,0,-0.049581754,0.443620047,0.728437483,0.41637677,0.887497992,0.719780856,0.255171569,0.609363817,0.162380957,-0.028096507,-0.019602968,0.000570244,-0.033666377,0.264159739,0.853227005,0.15383513,-0.01523846,0,0,0,-0.04963434,0.430103248,1.016302781,0.16333718,0.172676266,0.537073329,0.680629085,0.734704214,0.054473448,-0.017027829,0.001110432,-4.08E-06,-0.009072168,0.028401059,0.714458759,0.540981106,-0.021050688,0,0,0,-0.050655089,0.436362881,1.052097426,0.606759157,0.557403493,0.782099418,0.967186223,0.984959678,0.477357996,0.04633958,-0.025500727,-0.00358844,-0.003492034,-0.009419424,0.537236417,0.754293887,-0.017172181,0,0,0,-0.024291653,0.185519886,0.8836594,1.004067252,0.968685829,0.82779215,0.623491602,0.648697193,0.823638407,0.289537575,0.082389299,-0.009287942,-0.02173933,-0.02904281,0.307428764,0.802804784,-0.01084614,0,0,0,-0.000827524,-0.015293777,0.381260842,0.665118702,0.441807785,0.216279843,-0.019830984,-0.029380208,0.114848141,0.466990775,0.888332977,0.468221558,0.12379662,-0.049132455,0.487565462,0.632067554,-0.016731175,0,0,0,0.000163059,-0.001580287,-0.007066091,0.088164845,0.02371024,-0.027947903,0.000132761,6.73E-05,-0.014495728,0.049370115,0.506773182,0.918874064,0.859112796,0.477701968,0.8144335,0.564532462,-0.020628574,0,0,0,0,0.000215993,-0.002846814,-0.014898591,-0.006437194,0.000741103,0,6.62E-05,0.000311581,-0.012787582,-0.016633409,0.238037939,0.662057649,0.780476103,0.764160335,0.17688948,-0.014994383,0,0,0,0,0,0,0,0,0,0,0,1.38E-18,0.000171569,-0.001702285,-0.017274203,-0.039920139,0.080892616,0.128544288,0.003079165,-0.001851511,0,0,0,0,0,0,0,0,0,0,0,0,0,0,5.87E-05,7.58E-05,-0.012760181,-0.017706168,-0.001546247,0.000281277,0,0,0,0,0,0,0,0,0,0,0,0,0,0,0,0,0,0,0,0,0,0,0,0,0,0,0,0,0,0,0,0,0,0,0,0,0,0,0,0,0
0,0,0,0,0,0,0,0,0,0,0,0,0,0,0,0,0,0,0,0,0,0,0,0,0,0,0,0,0,0,0,0,0,0,0,0,0,0,0,0,0,0,0,0,0,0,0,0,0,0,0,0,0,0,0,0,0,0,0,0,0,5.41E-05,0.000173964,-0.007029616,-0.020238868,-0.007022978,-0.001142667,8.27E-05,6.64E-06,0,0,0,0,0,0,0,0,0,0,0,0,0.000113698,-0.009765399,0.065894625,0.293247055,0.059094005,-0.009847052,-0.001495098,0.000169356,0,0,0,0,0,0,0,0,0,0,0,0,-0.012005038,0.064684889,0.739500715,1.015914369,0.871874336,0.291946164,-0.023593616,-0.001824874,-0.000174888,-0.015290543,-0.03769744,-0.028374387,-0.003057343,0.000351052,-6.04E-17,4.79E-18,0,0,0,0,-0.018409075,0.121005819,0.961276314,0.832269046,0.819903425,0.866592218,0.199241657,-0.036544713,-0.018676215,0.15341248,0.41165271,0.308637625,0.015397518,-0.024917535,-0.009166837,0.000588746,0,0,0,0,-0.011604025,0.057152243,0.786850686,0.653856889,0.248019292,0.939360605,0.757614122,0.353419602,0.603027632,0.933701881,1.01307514,0.943892284,0.805902837,0.481816987,0.10813148,-0.020708135,0.001269216,0,0,0,-0.003853486,-0.005459215,0.475849946,0.675982639,0.022530348,0.479271157,0.999013612,1.025542262,0.910052526,0.689958606,0.555968307,0.418122189,0.627500221,0.934324738,0.640386727,0.053249762,-0.011340294,0.000160846,0,0,0.000365945,-0.013695834,0.060856311,0.539671807,0.038520918,0.234968154,0.955679294,1.045738868,0.485826576,-0.005058449,-0.006931441,-0.032287684,-0.00652931,0.314248723,1.00519858,0.43146698,-0.023223319,-0.002178819,0,0,0,0.000642045,-0.007089818,0.008740877,0.003274084,0.583160216,0.939966913,0.956551454,0.619398148,0.019882455,-0.016384157,0.000201887,-0.013244026,0.037433364,0.85846955,0.714641051,0.037554268,-0.009469805,0,0,0,3.30E-05,-0.001157527,-0.022989005,0.344571283,0.965972716,0.38742749,0.497918573,1.008607401,0.549284229,0.027764621,-0.022804479,-0.011825912,0.001536867,0.689535063,0.855295803,0.083972983,-0.014383,0,0,0,0,-0.002617097,-0.006321593,0.597707493,0.794143804,0.039233416,0.029257062,0.582038662,1.004854096,0.557669411,0.086595509,0.011801139,0.122042687,0.935275689,0.996981286,0.134301297,-0.01981999,0,0,0,0,-0.001301573,-0.002490468,0.303282527,0.252265114,-0.0172637,-0.015055896,0.031732639,0.74349343,1.024261659,0.836036104,0.650587316,0.738378659,1.025725592,0.770164539,0.062756869,-0.01210529,0,0,0,0,0.000117443,0.000244247,-0.027455661,-0.023943866,0.001146508,-0.000262646,-0.016627945,0.192388191,0.775992936,1.010718445,1.019701814,1.026616864,0.88330639,0.279722563,-0.006104113,-0.002284858,0,0,0,0,0,0,0,0,0,9.47E-05,-0.000967218,-0.016665288,0.043283173,0.302610897,0.338340754,0.34467916,0.230858422,-0.024932036,-0.003031368,0.000340074,0,0,0,0,0,0,0,0,0,0,9.37E-05,-0.000372396,-0.005906199,-0.020734428,-0.022666105,-0.023058772,-0.016489634,-0.000295803,0.000132078,0,0,0,0,0,0,0,0,0,0,0,0,0,0,0,0,0,0,0,0,0,0,0,0,0,0,0,0,0,0,0,0,0,0,0,0,0,0,0,0,0,0,0,0,0,0,0,0,0,0,0,0,0,0,0,0,0,0,0,0,0,0
0,0,0,0,0,0,0,0,0,0,0,0,0,0,0,0,0,0,0,0,0,0,0,0,0,0,0,0,0,0,0,0,0,0,0,0,0,0,0,0,0,0,0,0,0,0,0,0,0,0,0,0,0,0,0,0,0,0,0,0,0,0,0,0,0,0,0,0,0,0,0,0,0,0,0,0,0,0,0,0,0,0,0,0,0,0,0,0,0,0,0,0,0,0,0,0,0,0,0,0,0,0,0,0,0.000191483,-0.00025531,-0.017844073,-0.043818281,-0.04267642,-0.01562883,0.0006787,5.49E-05,1.44E-18,1.50E-18,0,0,0,0,0,0,0,0,0,3.01E-05,-0.001978486,-0.005354711,0.19516893,0.50001707,0.484851665,0.167619911,-0.028543624,-0.021137919,-0.012330826,-0.000611894,9.55E-05,5.65E-05,-0.001338167,-0.000402552,4.43E-05,0,0,0,0,-0.000203773,-0.022521045,0.20280098,0.759882139,0.62395128,0.80486427,0.853566559,0.546861998,0.363560308,0.067065449,-0.039547494,-0.038132108,-0.037946884,-0.033355244,-0.021595078,0.000616567,0,0,0,0.000141861,-0.002102686,-0.01376217,0.314800551,0.249445789,-0.034074691,0.029314032,0.302619656,0.693776416,0.78353365,0.776352235,0.39772983,0.306818525,0.311536475,0.428699534,0.216574301,-0.010102635,0,0,0,-9.87E-05,-0.011820176,0.215039522,0.3364303,-0.01325463,-0.001591099,-0.004790186,-0.020580406,0.018873196,0.079165662,0.371104028,0.79781376,0.983730937,0.960238732,1.033299156,0.757575432,-0.021759429,0,0,0,-0.028324161,0.234347665,0.780560645,0.150837827,-0.012235175,0.000107211,7.26E-05,0.000324755,-0.016080321,-0.048451236,0.224986021,0.703943696,0.513582738,0.325447661,0.397866609,0.526758931,-0.00889791,0,0,0,-0.039479434,0.341735464,0.822545377,0.024921364,-0.019730239,-0.011135842,-0.011340891,-0.024972597,0.067575487,0.429278237,0.542554098,0.154115962,-0.019205882,-0.024558211,-0.025835274,-0.031621418,0.000573938,0,0,0,-0.020685371,0.157464925,0.797505775,0.469643512,0.07416918,0.055695187,0.068265307,0.234302549,0.521578904,0.323390013,0.077893142,-0.020639565,-0.001806184,0.000315519,0,0,0,0,0,0,-0.000240512,-0.013843103,0.234438845,0.795835835,0.810981635,0.751644688,0.59538317,0.475623689,0.14280976,-0.024449976,-0.01040673,-0.000153186,4.26E-05,0,0,0,0,0,0,0,8.15E-05,-0.00034986,-0.019792756,0.112090005,0.366592422,0.412785778,0.159717678,0.023229456,-0.019137885,0.00079325,0,0,0,0,0,0,0,0,0,0,0,0.000105699,-0.00041299,-0.018371766,-0.021680402,-0.020402416,-0.022034246,-0.006534314,0.000642157,9.19E-06,0,0,0,0,0,0,0,0,0,0,0,0,8.27E-06,2.25E-06,-0.000962469,-0.001194917,3.01E-05,0,0,0,0,0,0,0,0,0,0,0,0,0,0,0,0,0,0,0,0,0,0,0,0,0,0,0,0,0,0,0,0,0,0,0,0,0,0,0,0,0,0,0,0,0,0,0,0,0,0,0,0,0,0,0,0,0,0,0,0,0,0,0,0,0,0,0,0,0,0,0
0,0,0,0,0,0,0,0,0,0,0,0,0,0,0,0,0,0,0,0,0,0,0,0,0,0,0,0,0,0,0,0,0,0,0,0,0,0,0,0,0,0,0,0,0,0,0,0,0,0,0,0,0,0,0,0,0,0,0,0,0,0,0,1.59E-05,0.00015094,-0.003946334,-0.013414063,-0.029672099,-0.029111928,-0.008330576,0.000649816,1.93E-05,0,0,0,0,0,0,0,0,0,0,0,0.00015094,-0.006429602,0.020058602,0.170826236,0.470438985,0.461304722,0.091625102,-0.025809743,0.000681066,0,0,0,0,0,0,0,0,0,0,2.36E-18,-0.003180402,0.006144182,0.589030348,0.964283241,1.009348087,0.999323155,0.710579708,0.092192164,-0.008389604,-9.41E-17,-3.74E-16,-4.26E-16,-2.36E-16,-3.89E-17,5.46E-18,0,0,0,0,0.000627777,-0.027815274,0.320436632,0.984055675,0.895108337,0.390504752,0.436100524,0.96123732,0.507304722,-0.036877485,-0.017267097,-0.020887289,-0.020631298,-0.021046773,-0.012257455,-0.00030115,0.000137868,0,0,0,-0.006007215,0.016913718,0.69950639,0.974048958,0.330753129,-0.06839177,0.004264485,0.762348814,0.732284473,0.007480229,0.215824197,0.57701191,0.64966223,0.418901305,0.111977736,-0.010453793,-0.000443826,0,0,0,-0.039019608,0.32465162,1.00364214,0.817891119,0.075922692,-0.015371673,-0.032816517,0.466102703,0.831291071,0.489776944,0.954462687,0.9477011,0.776477073,0.989314525,0.744167228,0.047692732,-0.010911118,0,0,0,-0.051425951,0.443170037,1.076949959,0.580257557,-0.030195312,-0.000598019,-0.026540594,0.410671313,0.975492919,1.010461925,0.491089421,0.18004536,0.069178343,0.286915543,0.84234278,0.490127135,-0.020231311,0,0,0,-0.045991602,0.390883034,1.045003489,0.772232094,0.060796484,-0.010935959,-0.027858201,0.433309096,1.012937977,0.758915407,0.040076026,-0.040607809,-0.022137868,-0.018467337,0.632479882,0.882634575,-0.019600354,0,0,0,-0.017796258,0.12381781,0.851078789,1.031177713,0.34340882,-0.063941849,-0.060397042,0.63692642,0.987552066,0.339035046,-0.029238616,-0.000972903,-0.004369962,-0.010119621,0.584737251,0.881780638,-0.018642599,0,0,0,5.98E-05,-0.016744476,0.223034341,0.917775077,0.936801666,0.571720588,0.657913287,0.994534484,0.912648571,0.21851973,-0.031028667,0.000302118,-0.013702,0.060835507,0.760479512,0.817007408,-0.020841147,0,0,0,0.000167135,-0.00163688,-0.024084457,0.216750068,0.697852754,0.899115456,0.896363017,0.94596538,0.938186036,0.285498009,-0.046730362,-0.007066806,-0.041647076,0.392309045,1.009561734,0.340309931,-0.020060594,0,0,0,0,8.43E-05,-0.000656148,-0.017926198,0.053324823,0.163248746,0.146340754,0.500091656,1.030476801,0.683565087,0.256101854,0.011007659,0.347121477,0.922087844,0.761412616,0.058593141,-0.011557394,0,0,0,0,0,0.000137868,-0.000306373,-0.011606924,-0.02436193,-0.030195159,0.026067402,0.492144438,0.91550097,1.010551496,0.977176062,1.000867562,0.77130096,0.137599265,-0.020079287,-5.68E-05,0,0,0,0,0,0,0,0,0,0.000366728,-0.008673254,-0.013187432,0.26106107,0.704158225,0.753139621,0.411964291,0.123513038,-0.022481362,0.000666198,6.03E-05,0,0,0,0,0,0,0,0,0,0,0.000484285,-0.003135166,-0.020733613,0.039971453,0.053620623,-0.026019832,-0.019784253,0.001135808,0,0,0,0,0,0,0,0,0,0,0,0,0,0.000106379,-0.000926777,-0.00965547,-0.011165918,-0.001784109,0.000207312,3.06E-06,0,0,0,0,0,0,0,0,0,0,0,0,0,0,0,0,0,0,0,0,0,0,0
0,0,0,0,0,0,0,0,0,0,0,0,0,0,0,0,0,0,0,0,0,0,0,0,0,0,0,0,0,0,0,0,0,0,0,0,0,0,0,0,0,0,0,0,0,0,0,0,0,0,0,0,0.000907978,-0.00669561,-0.038793363,-0.026053973,0.001560475,0,0,0,0,0,0,0,0,0,0,0,0,0,8.24E-19,0.000355392,-0.010618146,0.034375204,0.320287548,0.221653152,-0.013215584,0,0,0,0,0,0,0,0,0,0,0,0,0,3.06E-05,-0.005294628,-0.006782506,0.499109869,1.01902342,0.577627485,-0.035584048,0,0,0,0,0,0,0,0,0,0,0,0,2.89E-18,0.00086763,-0.030005702,0.389925927,0.979225967,0.997525514,0.498632966,-0.031416054,0,0,0,0,0,0,0,0,0,0,2.85E-05,-0.000265693,0.000247481,-0.016897042,0.114489634,0.887566939,0.673061172,0.779600082,0.373040543,-0.023247855,0,0,0,0,0,0,0,0,6.21E-19,0.000383189,-0.002312251,-0.027242316,-0.052608944,-0.025311935,0.599736388,0.841908922,0.285377295,0.854418151,0.286411921,-0.018708828,0,0,0,0,0,0,0,0,2.55E-05,-0.003021004,-0.002296142,0.248764723,0.40057404,0.509502094,0.946119247,0.661029191,0.626519829,0.762832278,0.063921841,-0.006804279,0,0,0,0,0,0,0,0,0.000573597,-0.024230154,0.329157783,0.877914965,0.930817981,1.031665322,1.009408599,0.930569314,0.665105716,0.12253011,-0.016042058,-5.11E-05,0,0,0,0,0,0,0,4.01E-18,-0.008312057,0.078908803,0.839487502,0.473409246,0.521984273,0.925461857,0.437748332,0.13389942,-0.000537871,-0.015480052,-9.93E-05,6.89E-05,0,0,0,0,0,0,0,0.000462623,-0.040445261,0.405594022,0.80284757,0.292752587,0.918728418,0.524755481,-0.026783752,-0.014825017,-0.003030076,-0.000160029,4.69E-05,0,0,0,0,0,0,0,0,-0.007115079,0.011249762,0.669373735,0.563814567,0.656437824,0.85010468,0.068955403,-0.01116898,0.000380765,0,0,0,0,0,0,0,0,0,0,0,-0.027562194,0.192969039,0.902004834,0.537047257,0.949092405,0.31077662,-0.03094407,-0.000309947,0,0,0,0,0,0,0,0,0,0,0,0,-0.036525735,0.273723958,0.995693934,0.913601871,0.699101137,0.03336346,-0.011306679,6.89E-05,0,0,0,0,0,0,0,0,0,0,0,0,-0.026627451,0.183330065,0.91180627,1.018448409,0.371100099,-0.038625034,0.000428002,0,0,0,0,0,0,0,0,0,0,0,0,0,-0.006350797,0.003971116,0.667200674,0.847263089,0.172213303,-0.017328108,3.95E-05,0,0,0,0,0,0,0,0,0,0,0,0,0,-0.000325303,-0.034441523,0.42953022,0.238268724,-0.016479913,0.000136307,0,0,0,0,0,0,0,0,0,0,0,0,0,0,2.45E-05,0.000834525,-0.012229882,-0.014792168,-0.001277403,0.000148931,0,0,0,0,0,0,0,0,0,0,0,0,0,0,0,0,0,0,0,0,0,0,0,0,0,0,0,0,0,0
0,0,0,0,0,0,0,0,0,0,0,0,0,0,0,0,0,0,0,0,0,0,0,0,0,0,0,0,0,0,0,0,0,0,0,0,0,0,0,0,0,0,0,0,0,0,0,0,0,0,0,0,0,0,0,0,0,0,0,0,0,0,0,0,0,0,0,0,0,0,0,0,0,0,0,0,0,0,0,0,0,0,0,0.000346507,-0.004739583,-0.021512255,-0.011609069,0.000224716,8.88E-05,0,0,0,0,0,0,0,0,0,0,0,0,0,0.000112103,-0.00219744,0.008064917,0.161557377,0.069553853,-0.038811691,-0.007773948,0.000691466,-8.35E-17,-3.98E-16,-5.42E-16,-4.41E-16,-3.21E-16,-1.29E-17,2.19E-18,0,0,0,0,0,-0.000845868,-0.017832431,0.434016374,0.594052475,0.522049326,0.416951001,0.068144489,-0.022189968,-0.016821555,-0.009988086,-0.002059979,-0.002581699,-0.010893587,-0.012107843,-0.001935253,0.000269047,0,0,0,0,-0.016252472,0.125580609,0.6078305,0.104762409,0.133183472,0.487298391,0.598505785,0.132061779,0.220398204,0.540091296,0.627927953,0.519244986,0.461147511,0.10136781,-0.017313043,-0.006921701,0.000558477,0,0,0,-0.026373568,0.231959593,0.483005276,0.005094754,-0.018941091,-0.017714507,0.316235039,0.753573563,0.731560151,0.281772365,0.057481554,0.072124387,0.316351103,0.586827989,0.347075776,0.016519336,-0.004664352,0,0,0,-0.044237495,0.412064134,0.391301981,-0.02220178,-0.000482486,-0.029943999,0.191650446,0.926528425,0.595715022,-0.061836533,-0.008995794,-0.007173917,-0.023718801,0.117460308,0.526089971,0.306688765,-0.014429296,0,0,0,-0.041678285,0.381961108,0.482625051,-0.010907373,-0.005803496,-0.005138549,0.500943849,0.513213457,0.70022001,0.321348124,-0.024879166,-0.001546432,-0.000534007,-0.034405927,0.156877298,0.563339635,-0.005919969,0,0,0,-0.018335168,0.143041445,0.665440666,0.065901995,-0.025777625,0.102372372,0.607584831,0.080173288,0.155405739,0.735318287,0.197095257,-0.034212623,-0.009583606,-0.000797028,-0.012550603,0.636763415,0.000354541,0,0,0,-0.000806684,-0.01785929,0.447629156,0.412750465,-0.029491188,0.265553306,0.633402124,-0.001610038,-0.029269768,0.268399423,0.708652712,0.333166232,0.056375759,-0.060678478,0.274250234,0.601697898,-0.009577168,0,0,0,0.000240512,-0.009118396,0.075336261,0.66114534,0.516561411,0.741279894,0.519207091,-0.038744468,-0.00187466,-0.025990264,0.19809931,0.630794543,0.609175994,0.469037394,0.727339018,0.329863234,-0.01629136,0,0,0,0,-0.000414216,-0.004176981,0.127187568,0.249864754,0.707805022,0.231196215,-0.013526944,-0.000730699,0.000722358,-0.02388004,0.017291616,0.23923109,0.482533241,0.205951644,-0.009975643,-0.002222052,0,0,0,0,0.000108456,-0.000372549,-0.018661458,-0.030419526,0.046574284,-0.007670037,-8.99E-05,8.27E-05,2.76E-05,0.000595267,-0.007719771,-0.023935832,-0.018556628,-0.024862643,-0.002455057,0.000367647,0,0,0,0,0,0,4.90E-18,3.06E-05,-0.005789868,-0.000873162,7.66E-05,0,0,0,1.78E-05,-0.000237541,-0.001468903,-9.87E-05,1.83E-05,0,0,0,0,0,0,0,0,0,0,0,0,0,0,0,0,0,0,0,0,0,0,0,0,0,0,0,0,0,0,0,0,0,0,0,0,0,0,0,0,0,0,0,0,0,0,0,0,0,0,0,0,0,0,0,0,0,0,0,0,0,0
0,0,0,0,0,0,0,0,0,0,0,0,0,0,0,0,0,0,0,0,0,0,0,0,0,0,0,0,0,0,0,0,0,0,0,0,0,0,0,0,0,0,0,0,0,0,0,0,0,0,0,0,0,0,0,0,0,0,0,0,0,0,0,0,0,0,0,0,0,0,0,0,0,0,0,0,0,0,0,0,0,0,0,0,0,0,0,0,0,0,0,0,0,0,0,0,0,0,0,0,0,0,0,2.68E-05,0.000450623,-0.008738,-0.022017974,-0.017844768,0.000434028,-2.56E-17,6.63E-18,4.25E-18,-7.92E-18,-3.91E-16,-6.57E-16,-6.30E-16,-2.53E-16,1.63E-17,1.09E-18,0,0,0,0.000167135,-0.001009072,-0.02096652,0.080821674,0.244908599,0.190099092,-0.025560492,-0.014274237,-0.000315734,0.000496834,-0.01230348,-0.020618532,-0.020659892,-0.020764229,-0.019607333,-0.007214341,0.000379562,0,0,0,-6.71E-05,-0.018582814,0.283954112,0.884141121,0.852157865,0.921667632,0.655510833,0.110526901,-0.029737322,-0.029820754,0.073381731,0.597157253,0.926711185,0.877089363,0.418661337,0.016960864,-0.003710611,0,0,0,-0.017040072,0.118335818,0.842600048,0.731803683,0.147477992,0.394958777,0.910325878,0.852299088,0.203883374,0.13591522,0.78526368,0.903057019,0.617790969,0.812924905,0.975958827,0.465677935,-0.019683245,0,0,0,-0.037730219,0.318068117,0.935020493,0.158845061,-0.039825095,-0.028342471,0.248857962,0.888949619,0.884039488,0.838119264,0.870818539,0.216269421,-0.051344124,0.107680743,0.762977056,0.837162706,-0.02083095,0,0,0,-0.045457177,0.400654276,0.806185151,0.121318083,0.071171109,-0.05856931,-0.043525242,0.264500868,0.937351835,1.047656335,0.613887021,0.094637306,-0.010740911,0.109570806,0.761826031,0.788619332,-0.020760825,0,0,0,-0.029081978,0.236111486,0.832435764,0.761022774,0.713866575,0.454831387,0.078171756,0.170082414,0.886379051,0.899487966,0.98553091,0.846795701,0.662930964,0.81435158,1.004528322,0.380575309,-0.020660914,0,0,0,-0.00470993,0.014575656,0.503196737,0.966407199,0.976007263,0.891807379,0.224091184,0.679562509,0.82018069,0.171282034,0.292562688,0.562743145,0.613838544,0.570324742,0.338516367,0.025306823,-0.005153343,0,0,0,0.000538095,-0.005657169,-0.009077138,0.20700691,0.218526178,0.182842577,0.458591384,0.899526859,0.305958401,-0.037784688,-0.020138125,-0.020792994,-0.020703295,-0.020760825,-0.020660914,-0.005153343,0.000415305,0,0,0,0,0.000130208,-0.000824653,-0.020008681,-0.036436206,0.155172605,0.773465022,0.324315513,-0.029793233,-0.000241932,0,0,0,0,0,0,0,0,0,0,0,0,0,-2.45E-16,-0.010669594,0.371926185,0.32527468,-0.029783871,-0.004563113,0.000213235,0,0,0,0,0,0,0,0,0,0,0,0,0,1.36E-17,0.000636234,-0.020879143,-0.020809947,-0.000292994,0.000213235,0,0,0,0,0,0,0,0,0,0,0,0,0,0,0,0,0,0,0,0,0,0,0,0,0,0,0,0,0,0,0,0,0,0,0,0,0,0,0,0,0,0,0,0,0,0,0,0,0,0,0,0,0,0,0,0,0,0,0,0,0,0,0,0,0,0,0,0,0
0,0,0,0,0,0,0,0,0,0,0,0,0,0,0,0,0,0,0,0,0,0,0,0,0,0,0,0,0,0,0,0,0,0,0,0,0,0,0,0,0,0,0,0,0,0,0,0,0,0,0,0,0,0.000961233,-0.0151706,-0.029759488,-0.031882516,-0.003424442,0.000562554,0,0,0,0,0,0,0,0,0,0,0,0,2.81E-05,0.000160053,-0.012186223,0.113573887,0.236765999,0.256676947,0.026111858,-0.00440768,0,0,0,0,0,0,0,0,0,0,0,9.33E-19,0.000247992,-0.007502904,-0.001582942,0.572406488,0.927868464,0.939372958,0.124922037,-0.018575368,0,0,0,0,0,0,0,0,0,0,0,9.57E-05,-0.008330525,0.008335694,0.591420939,0.958159195,0.985708146,1.031033854,0.1467964,-0.0211843,0,0,0,0,2.91E-05,0.000164931,-0.007174734,-0.013185083,-0.012803697,-0.015267055,-0.00875851,-0.00192019,-0.020639553,0.392329637,0.964010876,0.523546041,0.864724809,0.941988817,0.117200175,-0.017941517,0,0,0,9.76E-05,0.000358067,-0.026759152,0.018189587,0.072877533,0.069517792,0.092142136,0.035519445,-0.047123979,0.277971869,0.919382569,0.535104901,0.079741382,0.862910144,0.956627889,0.12127724,-0.018380824,0,0,8.37E-05,-0.00048775,-0.018676964,0.194210801,0.618381332,0.804055045,0.791934695,0.863077359,0.638094941,0.318007676,0.813931526,0.763763486,0.001270697,0.272597154,0.987613103,0.825919577,0.080273837,-0.013976375,0,0,-0.000536492,-0.01400962,0.152901654,0.804915407,1.041945159,0.990403203,0.975500489,0.963401586,0.995367953,0.954596626,0.969780246,0.271094482,-0.036000238,0.553016833,1.033960138,0.771524067,0.063286556,-0.012153799,0,0,-0.011416803,0.056751661,0.746160641,1.049423883,0.671349639,0.208603554,0.2184426,0.538010689,1.014469414,1.035079487,1.001713865,0.843626992,0.783313453,0.988748587,0.842877042,0.277318679,0.012947852,-0.003808041,0,0,-0.019064032,0.127367973,0.98722132,0.710257421,0.071858337,-0.05245978,0.320446884,0.967235635,0.986273676,0.685214869,0.846037786,0.990698011,1.014628779,0.808063794,0.259720401,-0.02902468,-0.002059792,0.00026297,0,0,-0.021174908,0.14612448,1.061545901,0.596978653,-0.02176936,0.270409278,0.885984394,0.926234255,0.396685266,0.023249884,0.084071753,0.189520392,0.284443289,0.143995574,-0.021568576,-0.000634605,0.000107395,0,0,0,-0.014419254,0.092874118,0.763481243,0.811630242,0.447577529,0.90762306,0.9618959,0.291983677,-0.041853639,-0.009788263,-0.014808858,-0.019511367,-0.020154888,-0.013049258,-0.000940394,0.000114379,0,0,0,0,-0.001585648,0.007160532,0.092748519,0.407089733,0.923569002,1.022058755,0.652514302,0.002990707,-0.002679058,6.13E-05,0,0,0,0,0,0,0,0,0,0,2.62E-05,-0.028979556,0.228537871,0.885639502,0.977499183,0.555892344,0.108439356,-0.013543709,0.000467218,0,0,0,0,0,0,0,0,0,0,0,-0.000762697,-0.037777965,0.402122958,1.041157799,0.627482435,0.014998094,-0.018252568,0.000536152,0,0,0,0,0,0,0,0,0,0,0,0,-6.57E-05,-0.005846275,0.053239693,0.209777306,0.139128484,-0.014294006,0.000604098,0,0,0,0,0,0,0,0,0,0,0,0,0,1.19E-05,0.000729179,-0.007412003,-0.020531897,-0.009827921,0.00033735,2.85E-05,0,0,0,0,0,0,0,0,0,0,0,0,0,0,0,0,0,0,0,0,0,0,0,0,0,0,0,0,0,0,0,0
0,0,0,0,0,0,0,0,0,0,0,0,0,0,0,0,0,0,0,0,0,0,0,0,0,0,0,0,0,0,0,0,0,0,0,0,0,0,0,0,0,0,0,0,0,0,0,0,0,0,0,0,0,0,0,0,0,0,0,0,0,0,0,2.14E-06,0.000305351,-0.001831955,-0.018546467,-0.038020668,-0.033638327,-0.018479167,-0.002038348,4.41E-05,1.59E-05,0,0,0,0,0,0,0,0,0,0,1.22E-05,-0.003656624,0.009247141,0.263708299,0.617328075,0.53764614,0.26651297,-0.007589801,-0.00968396,0.000897232,0,0,0,0,0,0,0,0,0,0,-0.000341146,-0.027694342,0.268746119,0.962699432,1.020001121,1.018462112,0.901650037,0.44682581,0.038285284,-0.018357435,0.000697849,-3.90E-16,-1.61E-16,-1.20E-16,-1.07E-17,1.97E-18,0,0,0,0,-0.002966452,0.000388378,0.579098601,1.023084814,1.002970527,0.939113068,0.978594278,1.009887936,0.566622345,0.045012178,-0.028542007,-0.020588235,-0.020881842,-0.017670037,-0.002271276,0.000311479,0,0,0,0,-0.007024734,0.055434654,0.933707622,1.014384775,0.752519766,0.218250989,0.336298204,0.842496977,1.013793652,0.763587962,0.646264522,0.579392249,0.325454374,0.248048405,-0.00346258,-0.00512294,9.17E-05,0,0,0,-0.014183211,0.184299581,0.980931287,0.894586414,0.169930649,-0.035289862,-0.034134225,0.142692793,0.810448972,1.030746606,1.009019267,1.008823529,1.01719133,0.93434615,0.370571709,-0.01477405,-0.000254034,0,0,0,-0.02483701,0.378100286,1.016942147,0.67791236,0.025486833,-0.008828976,0.00071075,-0.065186785,0.554588508,1.038801415,1.002360396,1.019452819,0.991601154,1.012579061,0.890065207,0.100613766,-0.01065751,0,0,0,-0.030411407,0.482481652,1.015835035,0.466944581,-0.018653795,-0.002860328,-0.003670343,-0.019232196,0.614367341,1.043597591,0.897141987,0.765536135,1.003490298,1.056525054,0.92046268,0.204245813,-0.019816347,0,0,0,-0.044181526,0.734823427,1.033418437,0.348253915,-0.044567741,-0.001796024,-0.02980576,0.192817504,0.933284586,1.001135451,0.437703891,0.012035863,0.370582584,0.435244758,0.292974638,-0.009016033,1.96E-05,0,0,0,-0.042425859,0.703008234,1.02954014,0.337659543,-0.080457304,0.026289525,0.01069706,0.320587488,1.046830779,0.815234659,0.014944339,-0.013656343,-0.043853899,-0.050756186,-0.035396072,-0.000250703,0.000112103,0,0,0,-0.033766799,0.542839954,1.018148795,0.587270527,0.280695107,0.430984596,0.321243396,0.685873962,1.031380413,0.689078411,-0.027909688,0.000634021,0,0,0,0,0,0,0,0,-0.023620864,0.354626838,0.997935304,1.004616507,0.959466389,1.019505498,0.9826154,0.966139246,1.015016697,0.402577963,-0.0207644,0,0,0,0,0,0,0,0,0,-0.003081495,0.012116932,0.488319751,0.856588031,0.944037137,0.88038751,0.792582091,0.976846218,0.937115247,0.1201004,-0.018010451,0,0,0,0,0,0,0,0,0,0.000218035,-0.005050773,-0.006696981,0.13115351,0.271091204,0.186747124,0.07311923,0.94506587,0.595709406,-0.001078279,-0.005459389,0,0,0,0,0,0,0,0,0,6.11E-06,0.000276793,-0.002473197,-0.01857568,-0.033310408,-0.037273297,0.157741973,0.808621081,0.291323869,-0.038124734,0.000314398,0,0,0,0,0,0,0,0,0,0,0,0,0,0,-0.008832976,0.158594601,0.054890557,-0.007531914,6.17E-05,2.89E-05,0,0,0,0,0,0,0,0,0,0,0,0,0,0,0.00078508,-0.013970588,-0.006524884,-0.000200419,6.11E-05,0,0,0,0,0,0,0
0,0,0,0,0,0,0,0,0,0,0,0,0,0,0,0,0,0,0,0,0,0,0,0,0,0,0,0,0,0,0,0,0,0,0,0,0,0,0,0,0,0,0,0,0,0,0,0,0,0,0,0,0,0,0,0,0,0,0,0,0,0,0,0,0,0,0,0,0,0,0,0,0,0.000102022,-0.000664675,-0.012933364,-0.022073478,-0.005571777,0.000414624,0,0,0,0,0,0,0,0,0,0,0,0,4.29E-05,0.000761282,-0.011963848,-0.027410488,0.163043352,0.325535675,0.058251719,-0.005997583,0,0,0,0,0,2.80E-19,5.30E-18,-8.20E-17,-4.36E-16,-3.71E-16,-3.30E-17,7.27E-18,0.000450878,-0.012565054,0.03886312,0.353327274,0.933241881,1.013682002,0.560975823,-0.020515897,0,0,0,0,0,0.000389093,-0.002356175,-0.016774237,-0.021310111,-0.020689168,-0.016046092,-0.001901212,-0.016613903,0.037341357,0.636025446,0.995081512,1.009471439,1.026064185,0.494076882,-0.021034688,0,0,0,0,0.000222576,-0.004899923,-0.020594248,0.197240091,0.637634506,0.559361047,0.135894956,-0.028509641,0.003993332,0.491374358,1.015298789,0.995999246,1.005146617,0.926460227,0.147927926,-0.017535635,0,0,0,1.35E-05,-0.001490707,-0.012142021,0.36870721,0.911528374,1.050882285,1.035606464,0.8891739,0.375532731,0.518866558,0.997888794,0.926954419,0.942016357,1.04390002,0.620160812,0.007086611,-0.006703431,0,0,0,0.000259671,-0.014283463,0.140639842,0.938337606,1.033822253,0.737970001,0.700383919,0.997479984,0.976125528,0.964194751,1.008439797,0.976018467,1.014052815,0.834380021,0.155114447,-0.023353002,0.000199823,0,0,0,-0.003645999,-0.004598686,0.658599826,1.052271429,0.76347435,0.077566192,0.057817623,0.598777965,1.011801471,1.004900123,1.005659709,1.037812551,0.907354847,0.236603026,-0.025921501,0.00039766,4.29E-05,0,0,0,-0.022748767,0.170692028,0.887901808,0.966587793,0.26551011,-0.04642077,-0.026821198,0.49972566,1.015649731,1.025086618,0.906676178,0.602096422,0.220915169,-0.012239464,-0.001320874,7.83E-05,0,0,0,0,-0.037280776,0.307098263,0.99021517,1.013129595,0.510704568,-0.023072728,0.339445752,0.984479672,0.946191723,0.442225568,0.113615586,0.005495122,-0.031049132,-0.000864722,0.000173658,0,0,0,0,0,-0.014884024,0.105489413,0.671448223,0.881885859,0.712661016,0.227712214,0.797057717,1.032101545,0.40805079,-0.029422488,-0.01881395,-0.006199959,0.00024697,3.37E-05,0,0,0,0,0,0,0.00085076,-0.01278925,0.070286118,0.141735754,0.234630447,0.703910783,1.011512749,0.653728605,0.027549598,-0.006337401,0.00017325,0,0,0,0,0,0,0,0,0,5.14E-05,0.000311275,-0.024556373,0.023863868,0.710333197,1.108407135,0.821283173,0.114136727,-0.024901314,0.00032067,0,0,0,0,0,0,0,0,0,0,0,0,-0.005575674,0.025628336,0.331264791,0.473814595,0.236513327,-0.010358132,-0.001520935,1.69E-05,0,0,0,0,0,0,0,0,0,0,0,0,0.000595267,-0.003064541,-0.031678998,-0.044492272,-0.025219875,-0.000262168,0.000256818,0,0,0,0,0,0,0,0,0,0,0,0,0,3.06E-06,1.55E-05,-0.000511642,-0.000847057,-0.000322542,2.98E-05,0,0,0,0,0,0,0,0,0,0,0,0,0,0,0,0,0,0,0,0,0,0,0,0,0,0,0,0,0,0
0,0,0,0,0,0,0,0,0,0,0,0,0,0,0,0,0,0,0,0,0,0,0,0,0,0,0,0,0,0,0,0,0.000411724,-0.00332244,-0.012711567,-0.005325095,0.000338031,0,0,0,0,0,0,0,0,0,0,0,0,0,0,0.000423953,-0.005353894,-0.001792426,0.066258459,0.017518344,-0.003000591,0.000185501,0,0,0,0,0,0,0,0,0,0,0,0,4.29E-18,-0.003191211,-0.007599415,0.361693423,0.821191687,0.414884872,-0.021940138,-0.00040031,0,0,0,0,0,0,0,0,0,0,0,0,0.000145527,-0.017822372,0.150899219,0.903385366,0.833735924,0.842186206,0.178790084,-0.023327626,0,0,0,0,1.25E-17,0.000330627,-0.004722392,-0.017332601,-0.015490111,-0.001740145,0.000280842,1.69E-18,-0.000976988,-0.008987098,0.576691873,0.752442589,0.139598686,0.691418284,0.278477788,-0.035442348,0.000251055,0,0,6.81E-06,0.000666504,-0.01003736,0.035026382,0.187219244,0.161473056,-0.001724009,-0.018004664,-0.000787207,-0.005731124,0.035597512,0.810965462,0.293030824,-0.042564236,0.445454027,0.446236111,-0.016082865,-0.00262374,0,0,0.000156944,-0.019860991,0.132537741,0.724517702,0.878970486,0.907043639,0.659542769,0.093236008,-0.01768942,-0.013752021,0.150657077,0.604086272,0.016955859,-0.030089513,0.277290045,0.681620229,0.055090072,-0.010365116,0,0,-0.001767259,-0.025484438,0.413126225,0.842730069,0.290520442,0.434649748,0.845422612,0.874191534,0.200958504,0.089765829,0.815574874,0.332395965,-0.024866898,-0.028963099,0.217224265,0.765782356,0.092456535,-0.01411203,0,0,-0.009555079,0.038642024,0.73365671,0.506600626,-0.039798203,-0.037494264,0.131456558,0.710761795,0.814025701,0.661371426,0.73570287,0.066222993,-0.010749081,-0.02944761,0.196671994,0.92361523,0.145357914,-0.019770561,0,0,-0.013333674,0.080944825,0.78101828,0.3029391,-0.026123366,-0.002013344,-0.0278145,0.079975967,0.786643978,1.054728962,0.374393127,-0.059271092,0.000479218,-0.028186138,0.279987251,0.756812687,0.077592332,-0.012844839,0,0,-0.015928479,0.10274678,0.874486366,0.347818815,-0.023882353,-0.000335784,-0.026178611,0.081103094,0.780184351,1.037647365,0.594721797,0.035090905,-0.032386557,-0.004750783,0.689357537,0.684687092,0.023030706,-0.007947134,0,0,-0.00520396,-0.000535654,0.590502324,0.650079152,-0.006418324,-0.052159767,0.071661831,0.721803246,0.744194013,0.361402477,0.834574654,0.748160277,0.397283183,0.585463835,0.944861774,0.308320136,-0.027166865,-0.000805613,0,0,-0.00411203,-0.00900692,0.550302713,0.514582091,0.025455882,0.303799292,0.766610072,0.939260808,0.250891016,-0.065591435,0.251331699,0.582117712,0.674075317,0.727242579,0.399918624,0.010779667,-0.00499521,0.000110635,0,0,-0.002571147,-0.016923179,0.423430198,0.835473073,0.777877808,0.938855103,0.642509834,0.248720197,0.000418811,-0.001654616,-0.023486009,-0.058650126,0.007586074,0.035776212,-0.036361383,-0.002487609,0.000438221,0,0,0,0.000179058,-0.007827035,0.033066653,0.372945449,0.490802441,0.229457448,0.005462289,-0.022730341,-0.003814117,0.000556985,0,0.000741103,-0.00671201,-0.010029412,-2.11E-05,4.69E-05,0,0,0,0,5.11E-06,0.000471139,-0.003825266,-0.023527063,-0.029327972,-0.016154208,-0.003400595,-0.000429687,6.00E-05,0,0,0,0,0,0,0,0,0,0,0,0,0,0,0,0,0,0,0,0,0,0,0,0,0,0,0,0,0,0,0,0,0,0,0,0,0,0,0,0,0,0,0,0,0,0,0,0,0,0,0,0,0,0,0,0,0,0,0,0,0,0,0,0,0,0,0,0,0,0
0,0,0,0,0,0,0,0,0,0,0,0,0,0,0,0,0,0,0,0,0,0,0,0,0,0,0,0,0,0,0,0,0,0,0,0,0,0,0,0,0,0,0,0,0,0.000326118,-0.002686397,-0.028962937,-0.051331377,-0.036347886,-0.000692593,0.000206677,0,0,0,0,0,0,0,0,0,0,0,0,6.71E-05,-0.002404956,0.010942283,0.231968445,0.442822338,0.300387442,-0.010635757,-0.000833538,0,0,0,0,0,0,0,0,0,0,0,2.76E-05,-3.71E-05,-0.027059606,0.218187143,0.885435673,1.065616371,0.947547539,0.264037786,-0.018536765,0,0,0,0,0,0,0,0,0,0,0,-8.02E-05,-0.014380753,0.093865894,0.759340635,0.89588947,0.533311257,0.940499183,0.690571266,-0.051683636,0.000582172,-0.021666071,-0.041119877,-0.037210648,-0.012763821,7.64E-05,0.000119145,0,0,0,0,-0.001688113,-0.016659314,0.486314747,1.005151927,0.393334132,0.049873162,0.830214597,0.821071334,0.053655416,-0.026043493,0.231921211,0.462016016,0.40720435,0.124915748,-0.003603604,-0.000953159,0,0,0,0.000126922,-0.010991501,0.107889218,0.916774421,0.659549397,0.027286972,-0.034960594,0.555758734,0.912031002,0.255335069,0.406491087,0.914556785,0.921769564,0.982817286,0.710590274,0.05527898,-0.010980154,0,0,0,-0.000161836,-0.031019642,0.533134515,0.938090346,0.251553122,-0.028630321,-0.023889604,0.336195159,0.967774254,0.868337725,0.953868659,0.502372787,0.173993839,0.782616694,1.00647469,0.133911174,-0.019801879,0,0,0,-0.017909176,0.126362864,0.858782969,0.66641345,0.016959321,-0.006633596,-0.00919053,0.094773131,0.959133204,1.017763429,0.498425547,0.003784824,-0.036564713,0.471488698,1.008682649,0.131098814,-0.019438317,0,0,0,-0.024468632,0.189907884,0.885162463,0.470318066,-0.034404463,0.000827524,-0.011757847,0.093038858,0.966541479,0.928121528,0.126963162,-0.027535641,-0.00347309,0.597187874,1.019318066,0.136561697,-0.020034722,0,0,0,-0.024169418,0.185822525,0.900983167,0.554144557,-0.022910982,-0.004462823,-0.01544087,0.526150718,1.018456921,1.026761557,0.40933139,-0.036998894,0.046304432,0.816868192,0.831090125,0.078442787,-0.013785403,0,0,0,-0.014000834,0.093955777,0.726701979,0.915856654,0.322735247,-0.04186653,0.293932847,0.955862191,0.783108974,0.925655956,0.746018983,0.025655599,0.307100964,1.013256645,0.642931801,0.016714038,-0.007234893,0,0,0,0.000493253,-0.009311343,0.053535795,0.372867392,0.217187074,0.007766958,0.638745932,0.861925007,0.154665969,0.527421909,1.008368306,0.662908241,0.783507489,0.90531376,0.258507642,-0.024023735,-0.000634021,0,0,0,0,0.00048509,-0.006318508,-0.033821402,-0.034815751,0.119534212,0.881171109,0.522295667,-0.037407067,0.089976086,0.708307397,0.940803019,0.901117817,0.37043733,-0.019203448,-0.001383912,7.23E-05,0,0,0,0,0,0,-1.27E-16,-0.020531046,0.292891053,0.962663637,0.218406812,-0.029050926,-0.008740332,0.017421358,0.174691211,0.135817947,-0.007482401,-0.003660182,0.00034487,0,0,0,0,0,0,0,-3.39E-16,-0.020951797,0.554148917,0.79696909,0.086761029,-0.016033497,-0.000205167,-0.004236374,-0.013437296,-0.011247651,-0.001590942,0.000140931,0,0,0,0,0,0,0,0,-1.74E-16,-0.015272852,0.334758896,0.453794077,-0.025154125,-0.001474869,0,0,0,0,0,0,0,0,0,0,0,0,0,0,9.28E-18,0.000425517,-0.014018827,-0.015512323,-0.001317742,0.000269608,0,0,0,0,0,0,0,0,0,0,0,0,0,0,0,0,0,0,0,0,0,0,0,0,0,0,0,0,0
0,0,0,0,0,0,0,0,0,0,0,0,0,0,0,0,0,0,0,0,0,0,0,0,0,0,0,0,0,0,0,0,0,0,0,0,0,0,0,0,0,0,0,0,0,0,0,0,0,0,0,0,0,0.000134524,-0.000859321,-0.019934369,-0.029682443,-0.005594313,0.00071746,0,0,0,0,0,0,0,0,0,0,0,0,5.62E-06,0.000212028,-0.00256444,-0.015091673,0.144231839,0.23814345,0.035266907,-0.005949074,0,0,0,0,0,0,0,0,0,0,0,0,0.000154378,-0.00331239,-0.009021089,0.355734562,0.855561785,0.884520782,0.292863571,-0.018156658,0,0,0,0,0,3.92E-18,-2.52E-17,-1.57E-16,-1.22E-16,3.79E-18,0,5.05E-32,-0.001664454,-0.01847922,0.323895306,0.939828346,1.024183738,1.019710325,0.843080966,-0.020657339,0,0,0,0,1.07E-05,0.000308926,-0.003993566,-0.017576593,-0.017903367,-0.003819955,-0.00118396,-0.000314713,-0.012848414,0.061592118,0.798638021,1.016373451,0.990072934,1.011319904,0.758736225,-0.020681509,0,0,0,0,0.000102269,-0.008248594,0.032557818,0.293548724,0.253858909,-0.012675102,-0.026280013,-0.010514094,-0.032264312,0.225369504,0.972670753,0.991736765,0.990918328,1.008545769,0.440878362,-0.020583649,0,0,0,0.000114957,-0.001594107,-0.028067198,0.378855341,0.89389471,0.936324039,0.480078619,0.341760774,0.09233735,0.054598805,0.678427772,1.008015472,0.987927611,1.01552851,0.771808262,0.103169459,-0.012120949,0,0,0,0.000137785,-0.030332193,0.456710172,0.944271838,0.990158241,1.017405613,1.014459831,0.968199874,0.803191023,0.793831087,0.992574667,0.997064236,1.010898625,1.018806236,0.465954555,-0.017637037,-0.003331121,0,0,0,-0.023692878,0.17975223,0.889653816,0.95490688,0.591133017,0.577625063,0.761652267,1.003164045,1.024817436,1.016067776,0.997966485,1.005744843,0.925762766,0.548119673,0.040652063,-0.007120327,-4.07E-05,0,0,0,-0.04737475,0.403734392,1.049731345,0.853283956,0.129774935,-0.023162988,0.099134906,0.553611179,0.961581291,0.999459491,0.967661547,0.510833316,0.224338865,0.023319802,-0.008907475,0.000407393,2.09E-05,0,0,0,-0.050001004,0.429218489,1.071832087,0.652851511,-0.008908269,-0.005733439,-0.034220374,0.039855897,0.7195611,1.042101643,0.422301944,-0.024189614,-0.033524061,-0.005878684,0.000462272,0,0,0,0,0,-0.032724716,0.265911714,0.9539904,0.759598958,0.06432644,-0.026060495,0.034891595,0.471499574,0.991785812,0.923987558,0.094953053,-0.022052866,0.000412752,0,0,0,0,0,0,0,-0.019444377,0.139585767,0.86466442,0.966471609,0.282836006,-0.009680999,0.480848992,0.939762153,1.012681304,0.533324959,0.006423199,-0.00549326,0,0,0,0,0,0,0,0,-0.000844238,-0.02510032,0.532311734,1.026603299,0.877731567,0.625406374,0.94930273,0.964439151,0.420551539,-0.015734886,-0.003154682,0.000163739,0,0,0,0,0,0,0,0,0.000133301,-0.008251736,0.071438062,0.635380055,1.001853452,1.039404274,0.878201134,0.428577529,0.006619536,-0.006000306,6.45E-05,2.35E-05,0,0,0,0,0,0,0,0,0,0.00046961,-0.013242632,0.020791346,0.313737006,0.434275897,0.138632699,0.005554129,-0.005238525,0.000183594,0,0,0,0,0,0,0,0,0,0,0,3.68E-05,0.00020527,-0.008753574,-0.019889365,-0.020817537,-0.015486111,-0.004892599,0.000146208,2.09E-05,0,0,0,0,0,0,0,0,0,0,0,0,0,0,0,0,0,0,0,0,0,0,0,0,0,0,0,0
0,0,0,0,0,0,0,0,0,0,0,0,0,0,0,0,0,0,0,0,0,0,0,0,0,0,0,0,0,0,0,0,0,0,0,0,0,0,0,0,0,0,0,0,0,0,0,0,0,0,0,0,0,0,0,0,0,0,0,0,0,0,0,0,0,0,0,0,0,0,0,0,0,0,0,0,0,0,0,0,0,0,0,0,0,0,0,0,0,0,0,0,0,0,0,0,0,0,0,0,0,0,0,0,0,0,0,0,0,0,2.05E-31,0.000161697,0.0004051,-0.020320585,-0.049659586,-0.053861145,-0.037793182,-0.002505758,0.000548917,0,0,0,0,0,0,6.38E-05,-0.000719124,-0.001714158,-0.000217014,7.95E-05,0.000260246,-0.010980733,-0.02567041,0.215751889,0.561548373,0.610100082,0.415194972,0.011194934,-0.005827036,0,0,0,0,1.10E-05,0.00103094,-0.009764023,-0.033710458,-0.032160995,-0.035645255,-0.031413976,-0.021663151,0.023206249,0.507336934,0.922274435,0.937777846,0.931242136,0.955416378,0.528774953,-0.019626017,0,0,0,1.59E-05,0.000451389,-0.0198077,0.047600524,0.363520033,0.474718638,0.333367851,0.248869741,0.130411765,0.658595265,0.959764278,0.475694972,0.06303462,0.189820415,0.851648676,0.794183822,-0.020992307,0,0,0,0.001176063,-0.021167007,0.118378864,0.683079538,0.94953896,0.819231788,0.763360975,0.859566023,0.851343222,1.033900906,0.815196231,0.482490962,0.466519438,0.762476188,1.009397672,0.432624757,-0.019964937,0,0,0,-0.01126493,0.07014871,0.683137544,0.811277522,0.182930913,0.0103669,0.00135289,0.513759378,1.032490673,0.849966946,0.859566416,0.899961397,0.911148386,0.788291939,0.365323921,0.014243202,-0.004732094,0,0,0,-0.046206025,0.394703465,1.021365809,0.557344431,0.249777642,-0.011536084,0.040044611,0.796565887,0.755057053,0.134949108,0.173861135,0.216021412,0.212537275,0.071669305,-0.027939474,-0.003291804,0.000343648,0,0,0,-0.047273004,0.40153926,1.061869505,0.910310542,0.376525009,0.001988184,0.561260344,0.983193323,0.275618741,-0.036434359,-0.023546396,-0.027247564,-0.026923077,-0.011984428,0.000386042,3.91E-05,0,0,0,0,-0.011395785,0.080662854,0.544581087,0.380104882,0.008091827,0.486542827,1.004161033,0.588295701,0.007677083,-0.003856226,5.30E-05,0,0,0,0,0,0,0,0,0,0.001090457,-0.010956733,-0.016839801,0.184615605,0.658070432,0.913319354,0.490478741,0.040280076,-0.012767174,0.000200266,0,0,0,0,0,0,0,0,0,0,0,0.00015865,-0.005343937,0.021839682,0.066401008,0.043681736,-0.010498792,-0.009828329,0.000705882,1.56E-05,0,0,0,0,0,0,0,0,0,0,0,6.59E-06,8.79E-05,-0.001887612,-0.005711295,-0.00601708,-0.002054177,1.81E-05,1.75E-05,0,0,0,0,0,0,0,0,0,0,0,0,0,0,0,0,0,0,0,0,0,0,0,0,0,0,0,0,0,0,0,0,0,0,0,0,0,0,0,0,0,0,0,0,0,0,0,0,0,0,0,0,0,0,0,0,0,0,0,0,0,0,0,0,0,0,0,0,0
0,0,0,0,0,0,0,0,0,0,0,0,0,0,0,0,0,0,0,0,0,0,0,0,0,0,0,0,0,0,0,0,0,0,0,0,0,0,0,0,0,0,0,0,0,0,0,0,0,0,0,0,0,0,0,0,0,0,0,0,0,0,0,0,0,0,0,0,0,0,0,0,0,0,0,0,0,0,0,0,0,0,0,0,0,0,0,0,0,0,0,0,0,0.000314338,-0.005710478,-0.00064614,5.24E-05,0,0,0,0,0,0,0,8.03E-18,-5.98E-17,-2.28E-16,-1.83E-16,4.46E-18,0,3.76E-18,0.000242545,-0.000233123,-0.026451593,-0.001407169,-0.036128881,-0.003665645,0.000580898,0,0,0,0,0,8.68E-05,-0.000289352,-0.015277778,-0.021368634,-0.020530146,-0.0078125,0.00072338,0.000842525,-0.011935764,-0.018661337,0.247594533,0.656741881,0.465077427,0.027957499,-0.00570095,0,0,0,0,0,-7.55E-05,-0.016119196,0.16115901,0.416751644,0.352782863,0.022900276,-0.014098793,-0.017335905,0.0753545,0.553751369,0.973005958,0.961541213,0.96627986,0.264097757,-0.032767331,0,0,0,0,0,-0.007957721,0.076577665,0.856861026,0.964024578,0.990672737,0.604384293,0.014830014,-0.005948478,0.622446078,1.017179912,0.626876072,0.153442964,0.937384242,0.342888872,-0.040333456,0,0,0,0,0,-0.027810202,0.459771906,0.767933824,0.193317964,0.372968744,0.958313794,0.599176573,0.542025752,0.885073649,0.349583435,-0.007890812,0.143840176,0.916294288,0.269604541,-0.03267376,0,0,0,0,0,-0.037506179,0.654319206,0.583212691,-0.065387527,-0.069757161,0.397683194,1.031983864,1.039001974,0.500419679,0.009743675,0.133863868,0.741771514,0.824438572,0.077551403,-0.012780563,0,0,0,0.000146378,-0.005675812,-0.019480886,0.137624677,0.343728911,-0.011500255,0.245076332,0.705556645,0.820821844,0.776859018,0.818209797,0.743276297,0.867721116,0.942971082,0.326628932,-0.030089716,0.000838938,0,0,0,-0.000318984,0.009936903,0.04171268,0.088467908,0.18807497,0.654420716,0.905351987,0.596958661,0.132377247,0.037988311,0.324629414,0.653237234,0.626073845,0.267873116,-0.021547294,-0.00029957,0,0,0,0,-0.01371732,0.554219559,0.750433211,0.95821041,0.884568679,0.733002451,0.291295657,-0.032297283,-0.014068457,-0.012227839,-0.019048203,-0.021065692,-0.021123366,-0.017018825,-0.002079759,0.000189951,0,0,0,0,-0.011321657,0.466338578,0.558676079,0.347855001,0.174046109,0.052617136,-0.038389385,0.00096698,-0.009261949,-0.006685355,0.000393382,0,0,0.000314338,-0.002776654,-0.003946691,0.000418246,0,0,0,0.000239651,-0.009853111,-0.010683687,-0.033937126,0.003637663,0.10579953,0.069249266,-0.006890676,0.081813879,0.059053973,-0.003474877,0,0,-0.002776654,0.024527114,0.034862439,-0.003694509,0,0,0,4.39E-05,-0.001805471,-0.002243975,-0.006543096,0.044408156,0.169046092,0.097828768,-0.009920581,0.116288909,0.083938351,-0.004939134,0,0,-0.003946691,0.034862439,0.0495529,-0.005251315,0,0,0,0,0,0,0.000631038,-0.004697729,-0.017914476,-0.010367297,0.001051323,-0.012323591,-0.008895275,0.000523419,0,0,0.000418246,-0.003694509,-0.005251315,0.000556502,0,0,0,0,0,0,0,0,0,0,0,0,0,0,0,0,0,0,0,0,0,0,0,0,0,0,0,0,0,0,0,0,0,0,0,0,0,0,0,0,0,0
0,0,0,0,0,0,0,0,0,0,0,0,0,0,0,0,0,0,0,0,0,0,0,0,0,0,0,0,0,0,0,0,0,0,0,0,0,0,0,0,0,0,0,0,0,0,0,0,0,0,0,0,0,0,0,0,0,0,0,0,0,0,0,0,0,0,0,0,0,0,0,0,0,0,0,0,0,0,0,0,0,0,0,0,0,6.13E-05,-0.000683211,-0.001732909,-0.000412071,3.83E-05,0,0,0,0,0,0,0,0,0,0,0,0,0,2.17E-05,0.000827631,-0.010369009,-0.032032612,-0.034282099,-0.029354235,-0.007480596,0.000839971,7.66E-06,-3.91E-17,-1.00E-16,-3.20E-16,-3.78E-16,-3.78E-16,-2.23E-16,-1.15E-17,1.69E-18,0,0,0,-0.000129953,-0.010654701,0.097124183,0.439412616,0.58809666,0.376354252,0.061460121,-0.025056339,-0.002173543,-0.015161089,-0.020226035,-0.017831053,-0.009020118,-0.010525429,-0.018969365,-0.006724877,0.000612745,0,0,0,-0.002621734,-0.002598634,0.581673648,0.837100539,0.806168003,0.83870825,0.684830555,0.138708692,-0.032696656,0.148678252,0.289187898,0.525095457,0.508997136,0.52331042,0.391484338,0.045922421,-0.005001749,0,0,0,-0.010659263,0.153142906,0.688173203,0.058000528,-0.050343715,0.131113868,0.725953142,0.853097699,0.447451031,0.749513643,0.676444819,0.507189696,0.253313368,0.279755753,0.832513724,0.453716299,-0.04042756,0,0,0,-0.029108507,0.497682411,0.637537394,-0.046148523,0.002336228,-0.031097869,0.251249506,1.004340856,1.05407998,0.534470517,0.084573274,-0.060553751,-0.025211942,0.094568696,0.814657967,0.453874932,-0.040071827,0,0,0,-0.030871936,0.543652931,0.378558466,-0.022085767,-0.009509498,0.026506996,0.625260042,0.760733967,0.67318059,0.893452095,0.868410386,0.551325453,0.547565172,0.894741711,0.662110816,0.060106975,-0.006876787,0,0,0,-0.038682394,0.686462708,0.377750323,-0.025131451,-0.017160701,0.39715865,0.817329708,0.109116626,-0.001745302,0.284447417,0.576310849,0.615034126,0.630924054,0.398210189,0.039437005,-0.011391527,0.0005553,0,0,0,-0.025835932,0.439948602,0.59218353,-0.046655337,0.07988753,0.777713981,0.352620171,-0.034152824,-0.006567965,-0.027071877,-0.00236512,0.002466012,0.00345201,-0.013833772,-0.010474336,0.000516184,0,0,0,0,-0.013294986,0.210375443,0.598515165,-0.054684641,0.270588677,0.82988734,0.118999592,-0.021359409,0.000181951,-0.000591598,-0.005040679,-0.005610873,-0.005823632,-0.00261523,0.000198219,8.51E-06,0,0,0,0,-0.000539777,0.003833521,0.109149765,-0.008592525,0.628400493,0.598897978,-0.009200776,-0.004367034,0,0,0,0,0,0,0,0,0,0,0,0,0.000178309,-0.002359988,-0.020979439,0.04052451,0.830934889,0.324991353,-0.031688062,0.000304228,0,0,0,0,0,0,0,0,0,0,0,0,0,0,-0.011539182,0.130026722,0.713051666,0.038529752,-0.003921654,1.38E-05,0,0,0,0,0,0,0,0,0,0,0,0,0,0,-0.015020535,0.171462384,0.267672666,-0.012514268,0.000570706,0,0,0,0,0,0,0,0,0,0,0,0,0,0,0,0.000327648,-0.003735192,-0.014149953,0.000131059,0,0,0,0,0,0,0,0,0,0,0,0,0,0,0,0,0,0,0,0,0,0,0,0,0,0,0,0,0,0,0
0,0,0,0,0,0,0,0,0,0,0,0,0,0,0,0,0,0,0,0,0,0,0,0,0,0,0,0,0,0,0,0,0,0,0,0,0,0,0,0,0,0,0,0,0,0,0,0,0,0,0,0,0,0,0,0,0,0,0,0,0,0,0,0,0,0,0,0,0,0,0,0,0,0,0,0,0,0,0,0,0,0,0,0,0,0,0,0,0,0,0,0,0,0,0,0,0,0,0,0,0,0,1.24E-19,3.34E-18,-5.94E-17,-2.86E-16,-4.28E-16,-2.59E-16,-2.30E-17,2.85E-18,0,0,0,0,0,0,0,0,0,0,0,0,0.000338347,-0.002284858,-0.017269029,-0.020775293,-0.019179602,-0.021158772,-0.01488477,-0.001276382,0.000374115,-0.001210172,-0.002510089,-0.002457789,-0.002539828,-0.001793811,6.88E-05,4.08E-06,0,0,0,8.15E-06,-0.001285488,-0.000550664,0.182024207,0.501590369,0.656370986,0.456967166,0.114002979,-0.020182541,-0.031631099,-0.033950817,-0.026695536,-0.026914924,-0.027090314,-0.027027995,-0.011189719,0.000709052,4.89E-05,0,0,0.000167654,-0.028555654,0.208216895,0.891163194,0.708089869,0.552584967,0.855689281,0.852180777,0.265118022,0.220441057,0.428866285,0.518054333,0.520036765,0.530802185,0.428863443,0.06239328,-0.010605968,0.000132761,0,0,-0.004118498,-0.0104984,0.557891544,0.657232298,0.056719516,0.158491251,0.711970789,1.046867341,0.90965899,0.774078244,0.871335018,0.783703987,0.673343886,0.688635212,0.897712367,0.644128421,0.046190229,-0.009629289,0,0,-0.004157135,-0.011611023,0.556603503,0.906839325,0.773567691,0.856438743,0.610166524,0.661087623,0.957404361,0.482352465,0.038374915,0.005845767,0.002304177,-0.021568849,0.196800603,0.905206478,0.153330378,-0.02027131,0,0,-0.014413297,0.085120409,0.829152608,0.964405314,0.926038569,0.30966699,-0.057387795,-0.006219618,0.457631859,0.933393144,0.569771344,0.061019051,-0.032851562,-0.051418964,0.223183313,0.922705253,0.137449656,-0.019124796,0,0,-0.004797331,0.035143653,0.219840457,0.140137632,0.138679256,0.001003271,-0.003109579,-0.00824518,-0.01084665,0.363817636,0.942954493,0.767998843,0.265458247,0.221823254,0.698938452,0.772053099,0.055627455,-0.011369288,0,0,0.000406795,-0.002813277,-0.01991762,-0.018046194,-0.016528799,-0.003251804,0.000432106,0.000344158,-0.007583061,-0.017167671,0.255200078,0.624946055,0.901204044,0.934638565,0.796829299,0.176321147,-0.020698861,-0.000176164,0,0,0,0,0,0,0,0,0,0,0.000245098,-0.000197015,-0.028653748,0.009366906,0.176325997,0.208363971,0.11267293,-0.019800688,0.000734326,4.68E-05,0,0,0,0,0,0,0,0,0,0,0,3.08E-18,0.000477941,-0.006487404,-0.025703125,-0.029220282,-0.018432904,0.000266544,8.81E-05,0,0,0,0,0,0,0,0,0,0,0,0,0,0,0,0,0,0,0,0,0,0,0,0,0,0,0,0,0,0,0,0,0,0,0,0,0,0,0,0,0,0,0,0,0,0,0,0,0,0,0,0,0,0,0,0,0,0,0,0,0,0,0,0,0,0,0,0,0,0,0,0,0,0,0,0,0,0,0,0,0,0
0,0,0,0,0,0,0,0,0,0,0,0,0,0,0,0,0,0,0,0,0,0,0,0,0,0,0,0,0,0,0,0,0,0,0,0,0,0,0,0,0,0,0,0,0,0,0,0,0,0,0,0,0,0,0,0,0,0,0,0,0,0,0,0,0,0,0,0,0,0,0,0,0,0,0,0,0,0,0,0,0,0,0,0,0,0,0,0,0,0,0,0,3.67E-05,0.000411152,-0.012414216,-0.022532782,-0.014439032,-0.000634707,0.000183824,0,0,0,0.000122294,-8.68E-05,-0.017901944,-0.034461806,-0.019388702,-0.01396235,-0.003193508,0.0003085,-7.72E-18,0.000502111,-0.005659166,-0.034049105,0.060742698,0.146687738,0.077097563,-0.009794851,-0.000628064,0,0,0,-0.00035873,-0.00794407,0.182677271,0.383333163,0.209160965,0.140331027,0.015606192,-0.024624438,-0.014705712,-0.01668573,0.039716923,0.332316738,0.714665628,0.876995455,0.738691772,0.165384038,-0.013228486,0,0,0,-0.026410674,0.208432086,0.849419884,0.930057937,0.891642123,0.927535468,0.787360602,0.491790982,0.097766771,0.053938316,0.669277238,0.914916925,0.534770511,0.435532354,1.029881137,0.576852319,-0.021156564,0,0,0,-0.050940443,0.441105035,1.037458282,0.303644982,0.323017276,0.586663813,0.814464954,1.025593018,0.865126583,0.742934249,0.905493695,0.275053156,-0.066092031,0.108047709,0.842234766,0.891842125,-0.020702274,0,0,0,-0.048997187,0.423579963,1.021279361,0.205346456,-0.04882004,-0.008182843,0.100298492,0.288052254,0.717780586,1.054696929,0.808248594,0.138664607,-0.052762936,0.173810526,0.924207261,0.763936057,-0.020743464,0,0,0,-0.025468998,0.197741217,0.91778188,0.538632642,-0.049417313,-0.003340246,-0.024056985,-0.063187279,0.54769647,1.01469601,0.982618744,0.894571215,0.46031187,0.640690666,1.046276348,0.423796489,-0.021033156,0,0,0,-0.004983898,0.012881502,0.603562551,0.859523335,0.130514331,-0.032382411,0.007345299,0.415636676,0.967394404,0.659265148,0.305512022,0.588168028,0.980324908,1.042933772,0.630943389,0.050768178,-0.008632217,0,0,0,0.000473515,-0.01276706,0.093913501,0.632556001,0.908067157,0.664642718,0.703319728,0.998174062,0.91285518,0.202349119,-0.064399893,-0.008522482,0.260384395,0.334415994,0.017490149,-0.015706699,0.000696568,0,0,0,1.63E-05,0.000362881,-0.018846167,0.052426811,0.377091759,0.757241806,0.846041479,0.989865996,0.649974894,-0.011899799,-0.003386871,-0.00532033,-0.018344227,-0.020845929,-0.007903901,0.000619115,2.55E-05,0,0,0,0,2.55E-06,0.00087997,-0.006635944,-0.033116149,0.048167811,0.374391595,0.953177747,0.353875494,-0.026398301,0.0003465,0,0,0,0,0,0,0,0,0,0,0,0,3.83E-05,-0.003400565,-0.032205679,0.501251974,0.917112541,0.065149629,-0.007339818,0,0,0,0,0,0,0,0,0,0,0,0,0,0,-0.003872038,-0.013721261,0.556923969,0.719835121,0.004627145,-0.003488051,0,0,0,0,0,0,0,0,0,0,0,0,0,0,-0.010822191,0.050336869,0.764707836,0.60502699,-0.003767733,-0.002747493,0,0,0,0,0,0,0,0,0,0,0,0,0,0,-0.010548237,0.05266576,0.725319734,0.312003898,-0.029680334,-0.000349622,0,0,0,0,0,0,0,0,0,0,0,0,0,0,-0.003172998,0.006040826,0.311138004,0.150454402,-0.017252791,-2.75E-05,0,0,0,0,0,0,0,0
0,0,0,0,0,0,0,0,0,0,0,0,0,0,0,0,0,0,0,0,0,0,0,0,0,0,0,0,0,0,0,0,0,0,0,0,0,0,0,0,0,0,0,0,0,0,0,0,0,0,0,0,0,0,0,0,0,0,0,0,0,0,0,0,0,0,0,0,0,0,0,0,0,0,0,0,0,0,0,0,0,0,0,0,0,0.00011489,-0.000917586,-0.009653907,-0.024056373,-0.020288909,-0.000245404,0.000282169,-0.001055705,-0.010209252,-0.005117647,0.000220588,1.65E-05,0,0,0,0,0,0,0,0,6.38E-06,-0.002456001,0.038192899,0.159986979,0.127581733,-0.021866336,-0.000974673,-0.022425248,0.036623128,0.005558721,-0.004908429,0.000197253,0,0,0,0,0,0,0,5.82E-05,-0.012594635,0.119759838,0.641551268,0.900750868,0.841000698,0.257809198,-0.041874506,0.361299444,0.739207738,0.501992851,0.021552117,-0.003564287,0,0,0,0,0,0,0,0.000266907,-0.033846324,0.341118839,0.970376809,0.502548816,0.55613574,0.865435928,0.523307991,0.893697406,0.675360768,0.826958067,0.270104409,-0.017948208,0,0,0,0,0,0,2.62E-05,-0.008095741,0.014940836,0.677478877,0.658483823,-0.033800024,0.047837912,0.807567998,1.040513208,0.482067384,-0.059701831,0.682339291,0.45212483,-0.026751634,0,0,0,0,0,0,-0.000205729,-0.027450419,0.241226307,0.900750323,0.229006308,-0.022006076,-0.016197559,0.639740911,0.968938504,0.110452166,-0.059773097,0.680123043,0.406338797,-0.024255515,0,0,0,0,0,0,-0.002972631,-0.000300381,0.639745915,0.628360856,0.007994527,-0.037640302,0.28703251,0.853671126,0.883904259,0.331009437,-0.058861077,0.706902488,0.548377689,-0.032127553,0,0,0,0,0,0,-0.006709201,0.06057004,0.859970741,0.329229916,-0.056319351,0.071889638,0.802572542,0.365526093,0.397687755,0.727865745,0.089035301,0.762866302,0.468128489,-0.028073274,0,0,0,0,0,0,-0.004259916,0.028435381,0.653790901,0.322298962,-0.056041882,0.436672085,0.681440898,0.029582739,0.053855377,0.732586398,0.541848393,0.796119366,0.217452849,-0.014777526,0,0,0,0,0,0,1.84E-05,-0.000774101,0.005332329,-0.014187177,0.129373208,0.829076338,0.204023642,-0.032689594,-0.018541241,0.126916911,0.748251106,0.635908888,0.003729388,-0.003120762,0,0,0,0,0,0,1.28E-05,-5.88E-05,-0.002050109,-0.021091231,0.505858947,0.543920922,-0.012548373,-0.003627808,-0.000525684,-0.010130498,0.099756791,0.050252094,-0.007579895,7.06E-05,0,0,0,0,0,0,0,0.000502145,-0.03046281,0.288310628,0.782681335,0.042869026,-0.009753642,0.000511336,0.000165441,-0.000251315,-0.016683211,-0.010816176,0.000659007,2.48E-05,0,0,0,0,0,0,8.32E-05,-0.008752928,0.009940274,0.658966401,0.40456397,-0.024040884,0.000335563,4.60E-06,0,0,0,0,0,0,0,0,0,0,0,0,-8.88E-05,-0.033731877,0.337377077,0.597296958,0.019588181,-0.007704197,1.02E-05,0,0,0,0,0,0,0,0,0,0,0,0,0,-0.01072646,0.150824721,0.685515455,0.149900242,-0.02533495,0.00038637,0,0,0,0,0,0,0,0,0,0,0,0,0,0,-0.021143944,0.370563402,0.294440376,-0.020688725,0.000354653,0,0,0,0,0,0,0,0,0,0,0,0
0,0,0,0,0,0,0,0,0,0,0,0,0,0,0,0,0,0,0,0,0,0,0,0,0,0,0,0,0,0,0,0,0,0,0,0,0,0,0,0,0,0,0,0,0,0,0,0,0,0,0,0,0,0,0,0,0,0,0,0,0,0,0,0,0,0,0,0,0,7.54E-05,-0.000309589,-0.004285999,-0.020236334,-0.035279565,-0.032952921,-0.02810432,-0.012182904,-0.000755014,0.000178207,0,0,0,0,0,0,0,0,0,8.46E-05,-0.0006875,-0.015294833,0.017709661,0.295204129,0.58753656,0.552673798,0.45845961,0.152902063,-0.025252334,-0.007997515,0.000543811,0,0,0,3.27E-19,0.000160846,8.98E-05,-0.018895527,-0.026507277,-0.009040271,-0.022639434,0.159176794,0.704274016,0.998003869,0.886792637,0.818008868,0.857409926,0.917461516,0.334793968,0.013073853,-0.002761183,0,0,0,7.25E-05,-0.001952785,-0.014701542,0.194282578,0.285414374,0.073826321,0.116462044,0.760472443,1.043446283,0.721874312,0.188605477,0.074611979,0.175371851,0.756194785,1.011961124,0.311141748,-0.029039862,0,0,0,-0.000356335,-0.030351443,0.315847941,0.962487584,0.971449032,0.79437331,0.747249314,0.994523137,0.737052284,0.339352074,-0.027308576,-0.015205862,-0.054487112,0.462414122,1.061938702,0.577224651,-0.052120701,0,0,0,-0.00780673,0.076328806,0.809852788,0.960602482,0.497278087,0.771248298,1.050880889,0.848574312,0.127444461,0.069458831,-0.000361196,-0.008622923,0.004795803,0.611976018,1.045904587,0.481000306,-0.04388191,0,0,0,-0.01448652,0.188778339,1.020911407,0.618171279,-0.045082396,0.49440225,1.054324057,0.901132864,0.202754698,-0.05491594,-0.022231022,-0.034946793,0.242079742,0.982606243,0.878018629,0.144223601,-0.014492698,0,0,0,-0.034198632,0.549426147,1.040942742,0.473135229,0.093162784,0.840228452,1.024023182,0.993553888,0.706706172,0.151193931,0.105474741,0.443688402,0.913959865,1.012892906,0.439287619,-0.023646514,0.000369349,0,0,0,-0.044293454,0.738340312,1.019402301,0.32111763,0.262445477,1.033172964,0.707428139,0.429718018,0.909866098,0.883596894,0.845678462,0.926884123,0.923636574,0.457310321,0.035809877,-0.007371834,6.38E-05,0,0,0,-0.03826067,0.629498084,1.002005167,0.291760154,0.537692873,1.037631993,0.37305705,-0.043470863,0.317256533,0.745723308,0.784554747,0.429951456,0.172647331,-0.008855173,-0.007716792,0.00038115,0,0,0,0,-0.032633987,0.523991813,1.012867153,0.451340465,0.863980644,0.955780144,0.187828346,-0.035857469,-0.017090005,-0.021154016,-0.020810696,-0.019451253,-0.016835682,-0.004034926,9.99E-05,3.40E-05,0,0,0,0,-0.015299275,0.209419203,0.8823037,0.947222001,0.976679694,0.978724265,0.538523506,-0.000922726,-0.002670241,0,0,0,0,0,0,0,0,0,0,0,-0.001130923,-0.014129102,0.343557121,0.847627468,1.006754634,0.932402744,0.369423083,-0.011734341,-0.001455984,0,0,0,0,0,0,0,0,0,0,0,0.000143229,-0.004871119,-0.006823019,0.252276195,0.971543897,0.677718699,0.002930062,-0.008389502,8.76E-05,0,0,0,0,0,0,0,0,0,0,0,0,0.000454935,-0.004776558,-0.016829437,0.889748768,0.560552158,-0.050983823,0.000179773,0,0,0,0,0,0,0,0,0,0,0,0,0,0,0.000259566,-0.008884804,0.324961868,0.168218529,-0.015355647,6.13E-05,0,0,0,0,0,0,0,0,0,0,0,0,0,0,2.23E-17,0.000557428,-0.030224936,-0.015886693,0.00139357,0,0,0,0,0,0,0,0,0,0
0,0,0,0,0,0,0,0,0,0,0,0,0,0,0,0,0,0,0,0,0,0,0,0,0,0,0,0,0,0,0,0,0,0,0,0,0,0,0,0,0,0,0,0,0,0,0,0,0,0,0,0,0,0,0,0,0,0,0,0,0,0,0,0,0,0,0,0,0,0,0,0,0,0,0,0,0,0,0,0,0,0,0,0,0,0,0,0,0,0,0,0,0,0,0,0,0,0,0,0,0,0,0,0,5.36E-05,4.77E-05,-0.006079368,-0.024528912,-0.021315019,-0.003196487,0.000673594,-0.001645476,-0.015180622,-0.026268893,-0.025787207,-0.010480494,0.000681679,1.14E-17,2.59E-19,0,0,0,0,1.43E-05,-5.53E-05,-0.00793573,0.053018536,0.278688955,0.234253132,0.015893927,-0.024131349,-0.000796654,0.163507399,0.300212589,0.289623162,0.099517293,-0.024534654,-0.003298038,0.000272331,0,0,0,0,5.32E-05,-0.016201235,0.087272091,0.683396468,0.781402648,0.866595379,0.604991337,0.104489405,0.432357357,0.81377306,0.741920104,0.827830738,0.805240478,0.229905222,-0.023460764,-0.001783288,0,0,0,0,-0.001834967,-0.012999557,0.499306373,0.64779822,0.000153581,0.247214886,0.837072134,0.91349937,0.778478486,0.260595029,-0.033795207,0.102271191,0.685290203,0.912954589,0.446370171,-0.022403322,0.000477431,0,0,0,-0.005430198,0.042045667,0.814922879,0.269489992,-0.036999766,-0.039561326,0.493619656,1.032114243,0.627250477,-0.003086588,-0.030837503,-0.025987745,0.007077648,0.561224452,0.87288555,0.044061649,-0.005285778,0,0,0,-0.019843188,0.312107401,0.820162973,0.100991302,-0.051447828,0.251291224,0.779891782,0.269030876,0.679998928,0.664230922,0.150063249,0.00891619,-0.037989992,0.050358286,0.925399325,0.537071674,-0.047428598,0,0,0,-0.029828585,0.507474316,0.675161033,-0.028246085,0.069130964,0.754300381,0.440572185,-0.045056798,0.127716146,0.586094381,0.827513991,0.686482843,0.583161135,0.627614226,0.90608137,0.26766425,-0.024816176,0,0,0,-0.038271779,0.657621768,0.744466814,-0.026661554,0.586826342,0.680735787,0.031977872,-0.009816406,-0.017911911,-0.007551224,0.212116981,0.363566372,0.396613876,0.329828856,0.210780792,-0.005732203,-0.000101912,0,0,0,-0.035572712,0.598798798,0.813774969,0.379170615,0.696299088,0.129579844,-0.020403135,0.000619724,5.74E-05,-0.005174065,-0.018510349,-0.02106073,-0.019121051,-0.019074074,-0.017717888,-0.002297794,0.00023829,0,0,0,-0.022403901,0.335540067,0.973018774,0.993849792,0.448509488,-0.013462095,-0.000657424,0,0,0,0,0,0,0,0,0,0,0,0,0,-0.003450776,0.020925126,0.501723192,0.696123094,0.644165512,0.191597137,-0.018069598,0,0,0,0,0,0,0,0,0,0,0,0,0,0.0002981,-0.003784109,-0.026151144,0.003642259,0.093887564,-0.000280331,-4.26E-06,0,0,0,0,0,0,0,0,0,0,0,0,0,0,9.54E-05,-0.000536872,-0.004642289,-0.01338616,-0.001039501,0.000101912,0,0,0,0,0,0,0,0,0,0,0,0,0,0,0,0,0,0,0,0,0,0,0,0,0,0,0,0,0,0,0,0,0,0,0,0,0,0,0,0,0,0,0,0,0,0,0,0,0,0
0,0,0,0,0,0,0,0,0,0,0,0,0,0,0,0,0,0,0,0,0,0,0,0,0,0,0,0,0,0,0,0,0,0,0,0,0,0,0,0,0,0,0,0,0,0,0,0,0,0,0,0,0,0,0,0,0,0,0,0,0,0,0,0,0,0,0,0,0,0,0,0,0,0,0,0,0,0,0,0,0,0,0,0,0,0,0,0,0,0,0,4.29E-05,0.000409074,-0.00797212,-0.020416054,-0.011245404,-9.71E-05,8.07E-05,0,0,0,0,0,0,0,0,0,0,0,0,2.33E-18,0.00050194,-0.010219077,0.023160301,0.127625732,0.047730205,-0.017067453,0.001427174,6.74E-18,0,0,0,0,0,0,0,0,0,0,3.68E-05,0.000581597,-0.021310934,0.053217222,0.6374287,0.857804381,0.727116694,0.188979813,-0.028823631,0.000420411,0,0,0,0,0,0.000198117,-0.001372957,-0.006317313,-0.010102877,-0.018020464,-0.007066976,-0.027409434,0.054296706,0.659601636,0.599235067,0.150745451,0.536077752,0.71892145,0.050653461,-0.010440021,0,0,4.34E-05,0.000173199,-0.005373928,-0.026535846,-0.022486537,0.02135078,0.056150092,0.130589427,0.019694887,0.133270067,0.708047505,0.560106294,-0.022813113,-0.081389995,0.091430436,0.848111417,0.169751233,-0.021091027,0,0,0.00014791,-0.008453538,0.040996987,0.392109732,0.628702631,0.727676471,0.769953528,0.807080984,0.755080423,0.877805658,1.021807104,0.666562462,0.597632421,0.602825061,0.70551217,0.902586363,0.119131813,-0.017695738,0,0,-0.009680862,0.043072184,0.682373009,0.887951321,0.520761472,0.247362643,0.237228507,0.396461125,0.938077785,0.684243396,0.626849724,0.754111515,0.761678513,0.741611452,0.574653816,0.250382132,0.009240706,-0.003147638,0,0,-0.020627894,0.159890292,0.882300739,0.220013123,-0.045001294,-0.036242647,0.06403216,0.726839274,0.664205508,0.008940513,-0.045480682,-0.024428003,-0.013849367,-0.044939934,-0.033746834,-0.017460886,-0.001057539,0.000250204,0,0,-0.015848145,0.130951299,0.602865201,0.08826349,-0.047550582,0.039731123,0.668913152,0.781282238,0.128059768,-0.023801669,0.000328411,-0.001960369,-0.003020668,0.000264971,0,0,0,0,0,0,-0.001263787,0.004170998,0.078272876,0.548998655,0.333964291,0.68286877,0.599638909,0.090858184,-0.020607979,0.000369179,3.22E-05,0,0,0,0,0,0,0,0,0,0.000148931,-0.009993732,0.034713984,0.757856243,0.984637187,0.598891153,0.01918941,-0.018385417,0.00097869,0,0,0,0,0,0,0,0,0,0,0,0,-0.000199747,-0.00774069,0.158647297,0.294925926,0.034732435,-0.015095542,0.000490707,0,0,0,0,0,0,0,0,0,0,0,0,0,4.89E-05,0.000238154,-0.011811989,-0.019888225,-0.004745251,0.00039394,1.69E-05,0,0,0,0,0,0,0,0,0,0,0,0,0,0,0,0,0,0,0,0,0,0,0,0,0,0,0,0,0,0,0,0,0,0,0,0,0,0,0,0,0,0,0,0,0,0,0,0,0,0,0,0,0,0,0,0,0,0,0,0,0,0,0,0,0,0,0,0,0,0,0
0,0,0,0,0,0,0,0,0,0,0,0,0,0,0,0,0,0,0,0,0,0,0,0,0,0,0,0,0,0,0,0,0,0,0,0,0,0,0,0,0,0,0,0,0,3.97E-18,0.000146753,-0.005670792,-0.005656516,-0.000670172,0.000117402,0,0,0,0,0,0,0,0,0,0,0,0,7.51E-06,0.000159263,-0.001561938,-0.02047498,0.011628382,0.011461057,-0.01629902,-0.001526757,0.000136336,0,0,0,0,0,0,0,0,0,0,0,6.55E-05,-0.003027965,-0.010595418,0.275000085,0.73066185,0.732452308,0.345344856,-0.009819257,-0.001268944,0,0,0,0,0,0,0,0,0,0,0,-0.001273795,-0.016395357,0.404204078,0.930360771,1.02653092,1.00093139,0.918618549,0.149350541,-0.012153646,6.95E-18,0,0,0,0,0,0,0,0,0,4.48E-05,-0.012312177,0.14618207,0.892902931,0.934913569,0.401220157,0.530477073,1.020663518,0.484204657,-0.033334338,0.000294525,-0.000481686,-0.000262119,3.06E-05,0,0,0,0,0,0,-0.000240419,-0.026631252,0.452669972,1.047836156,0.572411218,-0.054900656,0.176016792,0.927113856,0.777851171,0.038284552,-0.018612827,-0.032098467,-0.020968774,-0.024773756,-0.0132196,0.000207468,0.000105988,0,0,0,-0.002326036,-0.018425398,0.691287173,0.934780978,0.243192062,-0.025307961,-0.01544453,0.703718801,0.907733201,0.160017872,0.026684043,0.316331767,0.186624353,0.188195874,0.083394591,-0.021454435,-0.000184164,0,0,0,-0.010743141,0.057719346,0.822938181,0.779223873,0.03845738,-0.009977325,-0.018190666,0.320539182,0.993895255,0.718023046,0.73119597,0.983493413,0.887435713,0.897959065,0.776893961,0.290846769,-0.013992375,0,0,0,-0.014698545,0.096391493,0.837065189,0.60769327,-0.033341061,1.30E-05,-0.013311955,0.118927764,0.916683126,1.027401535,0.97227345,0.571261506,0.521882268,0.551853945,0.89748075,0.815399308,-0.021261234,0,0,0,-0.040558885,0.340073172,1.016361383,0.574733609,-0.057624183,-0.009527401,-0.02449457,0.527531744,1.014943066,1.033117511,0.93325177,0.177141408,-0.097545598,0.089688266,0.851120881,0.892930476,-0.020809504,0,0,0,-0.03460566,0.284950726,0.931038652,0.86932446,0.295305515,-0.013468655,0.342958603,0.947884989,0.552848912,0.495823923,0.988007317,0.9409053,0.570409329,0.692002364,1.052850407,0.67017235,-0.021343232,0,0,0,6.93E-05,-0.015795632,0.205023693,0.88336906,1.010688419,0.614815828,0.881943338,0.508262442,0.015184675,0.013519029,0.449518942,0.878684334,1.060820313,1.010275957,0.689388293,0.152285951,-0.011137834,0,0,0,8.15E-05,-0.000982775,-0.020945142,0.238843563,0.657784722,0.952601317,0.51753479,0.044262,-0.017696623,-0.005850354,-0.037652783,0.193069819,0.461012204,0.354360788,0.04173383,-0.023797168,0.00064968,0,0,0,0,0.000109528,-0.000754953,-0.028913824,0.126460291,0.177458352,-0.008222733,-0.007594176,0.00079565,0.000284926,-0.001553443,-0.017695925,-0.017936955,-0.021826968,-0.011847069,0.000891525,3.68E-05,0,0,0,0,2.30E-06,3.69E-05,-9.91E-06,-0.010042177,-0.013621081,-0.002228401,-5.89E-05,2.85E-05,0,5.14E-05,-0.000411305,-0.001626634,-0.000980494,5.96E-05,0,0,0,0,0,0,0,0,0,0,0,0,0,0,0,0,0,0,0,0,0,0,0,0,0,0,0,0,0,0,0,0,0,0,0,0,0,0,0,0,0,0,0,0,0,0,0,0,0,0,0,0,0,0,0,0,0,0,0,0,0,0,0
0,0,0,0,0,0,0,0,0,0,0,0,0,0,0,0,0,0,0,0,0,0,0,0,0.00015625,-0.00093767,-0.00700674,-0.001842736,0.000177015,0,0,0,0,0,0,0,0,0,0,0,0,0,0,0.000150422,-0.001492907,-0.021114763,0.013766357,-0.021180905,-0.003511883,0.00025478,0,0,0,0,0,0,0,0,0,0,0,0,0,-0.000769455,-0.013067351,0.268024169,0.663679024,0.382262443,-0.002611145,-0.001508034,4.60E-05,0,0,0,0,0,0,0,0,0,0,0,0.000139415,-0.01169184,0.122170922,0.873047828,0.678867715,0.798357979,0.234000068,-0.02462694,0.000321078,0,0,0,0,0,0,0,0,0,0,0,-0.00034487,-0.026561326,0.49936649,0.779788024,0.063001294,0.393883454,0.701028033,0.050160692,-0.011235907,6.69E-19,0,0,0,0,0,0,0,0,0,0,-0.011201745,0.065653374,0.785237847,0.386816806,-0.051909161,0.135515555,0.868240332,0.200911101,-0.029396923,0.000151654,-0.000426501,-0.005580576,-0.010143144,-0.011476886,-0.00236843,0.000309812,0,0,0,0,-0.029425876,0.240928859,0.857338877,0.154148611,-0.019451459,0.02179085,0.67443833,0.425471139,-0.02230844,-0.00395469,-0.021674658,0.001985906,0.048061178,0.059866037,-0.007189016,-0.003587976,0.000326118,0,0,0,-0.038069382,0.329059096,0.801165986,0.028608184,-0.005142259,-0.038427551,0.383775344,0.684964614,0.005555096,-0.013913994,0.219714986,0.613579299,0.722177985,0.756707278,0.305770118,-0.015346144,-0.002208776,0,0,0,-0.035910481,0.308628064,0.787734835,0.033486571,-0.004883936,-0.023979506,0.186773625,0.729455797,0.112149203,0.460965891,0.787488263,0.597892753,0.311054313,0.47426617,0.817548492,0.198571654,-0.016568117,0,0,0,-0.031584933,0.267216044,0.76927245,0.04811203,-0.005600643,-0.002167054,-0.021524306,0.723623587,0.780302066,0.644191023,0.148580453,-0.016384055,-0.035326117,-0.022671637,0.627890914,0.612936421,-0.019854643,0,0,0,-0.025382169,0.203217218,0.823703755,0.133892429,-0.012564542,-0.002480433,-0.022730392,0.779723141,0.762377774,-0.012855239,-0.019557804,-0.00187997,-5.29E-05,-0.046145221,0.474325725,0.694753,-0.016813725,0,0,0,-0.013567592,0.087521062,0.809034079,0.370725426,-0.006689529,-0.026931988,0.290451368,0.507362249,0.818497276,0.235474739,-0.027642719,-9.73E-05,0.00024948,-0.044186336,0.475469202,0.807577836,-0.016793037,0,0,0,-0.003990869,-0.000235328,0.670901195,0.805456836,0.057423288,-0.012269017,0.131905144,0.048948853,0.499323683,0.733235924,0.034315713,-0.015760723,-0.003821691,-0.035467303,0.532212384,0.648447797,-0.018048747,0,0,0,0.000387265,-0.011418233,0.126937943,0.211511693,0.010396957,-0.002121958,-0.011697917,-0.020166599,0.05436283,0.748638906,0.549099643,0.004136795,-0.025811326,0.101328653,0.798864107,0.490649688,-0.020762527,0,0,0,0,0.001123162,-0.018853248,-0.028435968,-0.001551164,0.000322857,1.19E-05,-6.83E-05,-0.01677628,0.151177049,0.791853199,0.743173066,0.554870524,0.810265472,0.754591265,0.082078153,-0.012074993,0,0,0,0,0,0,0,0,0,0,6.89E-05,0.000404667,-0.022703738,0.165157811,0.597047045,0.702767957,0.537718767,0.144673169,-0.00915724,-0.000931373,0,0,0,0,0,0,0,0,0,0,0,1.30E-17,0.000353634,-0.019662168,0.005406985,0.028553565,-0.007635492,-0.019646977,-4.88E-05,0.000171212,0,0,0,0,0,0,0,0,0,0,0,0,6.47E-05,-0.000147772,-0.005789931,-0.008490264,-0.004254664,2.86E-05,2.45E-05,0,0,0,0,0,0,0,0,0,0,0,0,0,0,0,0,0,0,0,0,0,0
0,0,0,0,0,0,0,0,0,0,0,0,0,0,0,0,0,0,0,0,0,0,0,0,0,0,0,0,0,0,0,0,0,0,0,0,0,0,0,0,0,0,0,0,0,0,0,0,0,0,0,0,0,0,0,0,0,0,0,0,0,0,0,0,0,0,0,0,0,0,0,0,0,0,0,0,0,0,0,0,0,0,0,0,0,0,0,0,0,0,0,2.14E-05,0.000277914,-0.004191789,-0.01856924,-0.019847733,-0.006115502,0.000368717,3.06E-05,0,0,0,0,0,0,5.19E-19,-4.25E-18,-5.96E-17,-1.77E-16,-2.11E-16,8.51E-05,-0.000372413,-0.016965455,-0.007443355,0.111630072,0.122519182,0.014123757,-0.006629435,0.000354882,0,0,0,0,0,4.90E-05,0.000298883,-0.008528391,-0.020356556,-0.020819036,-0.020736656,-0.018602431,-0.016343444,0.140934872,0.538932496,0.818886676,0.836588848,0.510140693,0.027879927,-0.007084865,0,0,0,0,0.00011618,-0.000596388,-0.024849238,0.040046845,0.205618196,0.343109161,0.380440582,0.147399226,0.373506159,0.890289727,1.040187416,0.984411306,0.994723004,1.009981418,0.191985176,-0.019986106,0,0,0,5.63E-05,-0.000845741,-0.011603214,0.154878557,0.613777693,1.01997515,1.034724009,1.022684334,0.925703976,0.943383629,1.019367671,0.799274272,0.316346729,0.549538722,1.038626855,0.318231931,-0.020850354,0,0,0,0.000849537,-0.019772961,0.145133953,0.785049462,1.009772893,0.903762671,0.729783497,0.85768544,1.009221814,1.015340159,0.765436132,0.105609988,-0.0484359,0.238119553,0.99035626,0.662194332,-0.020669935,0,0,0,-0.016352778,0.111599554,0.810482656,1.048158905,0.787480886,0.129084628,0.135272672,0.796051964,1.018966588,1.032506978,0.688777567,0.011931236,-0.067460852,0.16003942,0.910405297,0.864548242,-0.020669935,0,0,0,-0.049198565,0.421281744,1.059969346,0.778458401,0.139366353,-0.052049533,0.49026748,1.025102209,0.921351103,0.776374847,0.922752147,0.633686087,0.314225746,0.259516306,0.88432067,0.641385033,-0.021006944,0,0,0,-0.047197746,0.404556123,1.034418287,0.423359695,0.005718105,0.480887258,0.953719902,0.956537646,0.325000985,0.036130406,0.372982126,0.813372586,0.93080028,0.92079262,0.921351521,0.351200683,-0.018573608,0,0,0,-0.031233541,0.253417977,0.928245745,0.500676913,0.56078348,1.016831373,0.955000902,0.398067708,-0.007435066,-0.015907271,-0.01678412,0.042203619,0.300180624,0.505629204,0.224579708,-0.004462211,-0.002237371,0,0,0,-0.037790143,0.312815359,0.998789301,0.752327155,0.692055436,0.986741997,0.457537531,0.003264212,-0.012396548,0.000490996,-0.000171976,-0.005463508,-0.025036714,-0.024078704,-0.022408207,-0.000564762,0.000234035,0,0,0,-0.004415637,0.01324743,0.513682666,0.623671364,0.048300245,0.116319979,0.013443661,-0.005444172,0.045401195,-0.002452206,0,1.93E-05,-0.000238051,-0.00210386,0.000115809,0,0,0,0,0,0.00039501,-0.004997906,0.012817589,0.144599077,-0.015555964,-0.010560617,-0.003857077,0.009309964,0.0796851,-0.004386336,0,0,0,0,0,0,0,0,0,0,0,0.000306959,-0.004599079,-0.018548775,0.001028495,0,2.09E-05,-0.000258296,-0.002282775,0.000125657,0,0,0,0,0,0,0,0,0,0,0,0,0,0,0,0,4.60E-06,-5.67E-05,-0.000500919,2.76E-05,0,0,0,0,0,0,0,0,0,0,0,0,0,0,0,0,0,0,0,0,0,0,0,0,0,0,0,0
0,0,0,0,0,0,0,0,0,0,0,0,0,0,0,0,0,0,0,0,0,0,0,0,0,0,0,0,0,0,0,0,0,0,0,0,0,0,0,0,0,0,0,0,0,0,0,0,0,0,9.94E-19,6.11E-05,-0.001615403,-0.002387591,-0.000300844,5.14E-05,0,0,0,0,0,0,0,0,0,0,0,0,0,0.000148897,-0.000116575,-0.015322049,-0.019755581,-0.015424666,-0.019798866,-0.002817964,0.00015482,8.56E-06,0,0,0,0,0,0,0,0.000153186,-0.001121324,-0.01587899,-0.029692096,-0.011434743,-0.024691636,0.217965057,0.633657124,0.699165594,0.37548749,-0.003020493,-0.007608439,0.000598834,0,0,0,0,0,6.07E-19,0.000436581,-0.002965005,-0.020530961,0.094273283,0.228090703,0.022107401,0.256455831,0.75308044,0.315805579,0.196357639,0.656620881,0.510670547,0.016827036,-0.005119746,2.55E-05,0,0,0,0,0.00013174,-0.006144301,-0.000548407,0.35367196,0.724688523,0.759836261,0.633549956,0.671762561,0.249727686,-0.037522421,-0.023719601,0.081244792,0.76021892,0.294332193,-0.034703538,3.23E-05,0,0,0,0,-0.000743702,-0.024584556,0.379041876,0.7690494,0.272627015,0.139890071,0.848390251,0.492338096,-0.034531256,-0.001108123,-3.35E-05,-0.026468516,0.27518621,0.547888369,0.035922115,-0.00798972,0,0,0,0.000203008,-0.015048203,0.183594584,0.822859392,0.215305709,-0.0714028,0.196929739,0.887956614,0.337566432,-0.029322508,0.000233582,0.000118464,-0.010128983,0.028423356,0.629503608,0.175290466,-0.0180096,0,0,0,-0.001696629,-0.017898829,0.607047488,0.435059402,-0.034695738,0.108330599,0.8053077,0.996322151,0.374961789,0.015346644,-0.028411398,-0.005024169,-0.001465686,-0.020623877,0.453156897,0.413293927,-0.015052083,0,0,0,-0.021789572,0.175355103,0.694788501,0.039595418,-0.028908105,0.41507336,1.012238477,0.970644676,0.830711159,0.657519114,0.23060201,-0.013432309,-0.024029837,-0.02232838,0.227860958,0.706729122,-0.008115979,0,0,0,-0.044495536,0.399527727,0.665083129,0.006756876,-0.024067249,0.603755554,0.828359324,0.804524578,0.275991864,0.432370898,0.698977297,0.603945483,0.223669918,-0.038387034,0.220363307,0.802869736,-0.007997515,0,0,0,-0.049313512,0.457806687,0.464171406,-0.021136147,-0.027118476,0.686877642,0.772378045,0.807246324,0.308945603,-0.046831203,0.06381166,0.416699312,0.741006261,0.691153133,0.621268888,0.601236299,-0.014491188,0,0,0,-0.043850638,0.414166088,0.286099826,-0.061123655,-0.001563368,0.7212562,0.977468478,0.958753728,0.348437415,-0.025012834,-0.012358682,-0.023020493,0.032622634,0.357731907,0.435606618,0.147692121,-0.008706938,0,0,0,-0.047364967,0.422969278,0.718211023,0.399808381,0.528545922,0.757118306,0.684402165,0.82160706,0.145204929,-0.011284518,0,0.000334457,-0.003572219,-0.031327019,-0.038633578,-0.014392079,0.000778697,0,0,0,-0.011814439,0.083790016,0.540336601,0.66161809,0.196654429,0.100239255,0.016926726,0.023317538,-0.004892685,0.000180045,0,0,0,0,0,0,0,0,0,0,0.000842607,-0.006889451,-0.023580848,-0.017685015,-0.012582857,-0.008772472,-0.004189951,-0.004918454,-0.000551726,4.99E-05,0,0,0,0,0,0,0,0,0,0,0,5.38E-05,-0.000870327,-0.002006441,1.67E-05,9.76E-06,0,0,0,0,0,0,0,0,0,0,0,0,0,0,0,0,0,0,0,0,0,0,0,0,0,0,0,0,0,0,0,0,0,0,0,0,0,0,0,0,0,0,0,0,0,0,0,0,0,0,0,0
0,0,0,0,0,0,0,0,0,0,0,0,0,0,0,0,0,0,0,0,0,0,0,0,0,0,0,0,0,0,0,0,0,0,0,0,0,0,0,0,0,0,0,0,0,0,0,0,0,0,0,0,0,0,0,0,0,0,0,0,0,0,0,0,0,0,0,0,0,0,0,0,0,0,0,0,0,0,0,0,0,0,0,0,0,0,0,0,0,0,0,0,0,0,0,0,0,0,0,0,0,0,0,7.78E-19,6.13E-05,-0.00016893,-0.004864941,-0.007576723,-0.006018944,-0.00072806,-0.000249779,-0.023300483,-0.036547294,-0.035130719,-0.035130719,-0.036066857,-0.025190632,-0.001564347,0.000357435,0,0,0,0,0.000640829,-0.010811547,-0.018977652,0.034746477,0.065704704,0.047946027,-0.012370047,-0.017822457,0.244628779,0.402812598,0.395739379,0.38966299,0.390595724,0.26601954,0.008110316,-0.003644131,0,0,0,0.000497923,-0.009434644,0.055871075,0.26364746,0.759802665,0.925606117,0.841525689,0.345995339,0.240650622,0.821140326,0.980786193,0.865316555,0.923102979,0.989937307,0.929609491,0.159239169,-0.017924769,0,0,0,-0.003644368,-0.001651042,0.603723822,1.040681441,0.937838797,0.80882127,1.02405833,1.011310134,1.021318696,0.954201372,0.42075036,0.109153271,0.369611809,0.981025888,1.029747294,0.635277319,-0.020957584,0,0,0,-0.019494109,0.140422249,0.852058313,1.011183313,0.449689611,0.112997075,0.818660046,1.01356861,0.992845707,0.472405007,-0.032619509,-0.021649203,0.01012597,0.516912292,1.006959525,0.873409292,-0.020669935,0,0,0,-0.035798378,0.294336159,0.962309589,0.982344482,0.280618243,0.129539885,0.852517021,1.013823751,1.00223143,0.457996562,-0.029399416,-0.005682802,-0.018545854,0.460538092,1.024012527,0.848273188,-0.020669935,0,0,0,-0.051271045,0.440401314,1.063296415,0.958434334,0.484508136,0.747173152,1.032914539,0.971928411,1.009702325,0.879829436,0.219649763,-0.039332584,0.201714699,0.895082925,1.033665782,0.605868884,-0.021017157,0,0,0,-0.045970837,0.390328343,1.022427099,0.988280594,0.956831866,1.042266737,0.749225028,0.230469525,0.759097604,1.043168202,0.899984991,0.600263782,0.904462177,1.073110911,0.813905687,0.202476632,-0.013235464,0,0,0,-0.019118666,0.135927407,0.859038399,1.048446283,1.039498706,0.682689013,0.138777488,-0.039682972,0.124480903,0.492490179,0.758155039,0.881539828,0.701420037,0.595055692,0.284535914,-0.015746895,-0.001946317,0,0,0,-0.003334556,0.014828772,0.289966895,0.514001736,0.349994213,0.068760752,-0.022892242,0.001628268,-0.012235022,-0.036240945,0.063550745,0.153794884,0.030767974,-0.040456955,-0.020245592,-0.00027348,0.000208504,0,0,0,0.000513636,-0.003818627,-0.020912633,-0.012320534,-0.02800463,-0.010888009,0.000549598,1.65E-05,-4.66E-05,-0.000883272,-0.013159777,-0.023260723,-0.00935049,-0.001362439,-0.000661458,8.07E-05,0,0,0,0,0,4.50E-05,-0.000690411,-0.002100899,-0.000710376,-9.58E-05,1.48E-05,0,0,0,0,0,0,0,0,0,0,0,0,0,0,0,0,0,0,0,0,0,0,0,0,0,0,0,0,0,0,0,0,0,0,0,0,0,0,0,0,0,0,0,0,0,0,0,0,0,0,0,0,0,0,0,0,0,0,0,0,0,0,0,0,0,0,0,0,0,0,0
0,0,0,0,0,0,0,0,0,0,0,0,0,0,0,0,0,0,0,0,0,0,0,0,0,0,0,0,0,0,0,0,0,0,0,0,0,0,0,0,0,0,0,0,0,0,0,0,0,0,0,0,0,0,0,0,0,0,0,0,0,0,0,0,0,0,0,0,0,0,0,0,0,0,0,0,0,0,0,0,0,0,0,0,0,0,0.00015625,-0.001354714,-0.005353248,-0.000242647,7.17E-05,0,0,0,0,0,0,0,0,0,0,0,0,0,3.06E-05,0.00086763,-0.013707023,-0.024995091,0.003443832,-0.007149918,0.00039648,0.000536152,-0.004154607,-0.029650906,-0.035437517,-0.033760553,-0.011086431,0.001335045,2.44E-18,0,0,0,0,2.91E-05,6.69E-05,-0.018833827,0.117036612,0.421742489,0.549921586,0.088113971,-0.018729473,-0.016194342,0.025518562,0.324454827,0.402655824,0.366646242,0.105848992,-0.020844883,0.000403391,0,0,0,0,0.000187263,-0.020303341,0.10110712,0.750416548,1.010756011,1.007756257,0.68134274,0.015277948,0.026670845,0.552598092,0.948108108,0.854496504,0.983951718,0.527605462,0.011684515,-0.005454663,0,0,0,0,-0.004023233,0.018876362,0.599755089,0.970520289,0.517485036,0.704877451,1.031823172,0.561801045,0.692785267,0.946737427,0.442867375,0.012010161,0.708709882,1.018192147,0.399696693,-0.020318117,0,0,0,0.000462272,-0.024726563,0.298675245,0.968796994,0.47565579,-0.043026782,0.188591708,0.810173305,1.019116353,0.983791207,0.355037266,-0.012345095,-0.027943968,0.212431764,0.912432955,0.803001525,-0.020553683,0,0,0,-0.002289756,-0.018150054,0.682516374,0.91542196,0.170864907,-0.031648017,-0.042480086,0.521607418,1.04837066,0.997048645,0.610335035,0.061873179,-0.066998723,-0.077677373,0.443377025,0.875483708,-0.015220929,0,0,0,-0.025346704,0.19712837,0.895424258,0.694811428,0.023042382,-0.036568865,0.183722426,0.850260774,0.61810146,0.628194581,1.013316773,0.759034756,0.572850388,0.569114022,0.762346609,0.625395469,-0.018044492,0,0,0,-0.048757824,0.418914961,1.052277747,0.410953487,-0.044483867,0.028042451,0.709894521,0.827069966,0.164369522,0.008922401,0.321674667,0.712325187,0.924804601,0.88996693,0.643410073,0.12568624,-0.012104752,0,0,0,-0.034379357,0.290078993,0.846641902,0.143169237,-0.035369638,0.429187711,0.982034314,0.325507387,-0.028054279,-0.007949942,-0.023881178,0.007478299,0.100782271,0.083160658,-0.01356124,-0.010884357,0.000430624,0,0,0,-0.004283967,0.033697304,0.150426454,0.014868192,0.005418488,0.861259342,0.610722018,0.031149663,-0.010465771,8.30E-05,0.000315927,-0.002482043,-0.010663467,-0.009109052,-0.000661254,0.000122294,0,0,0,0,0.000741103,-0.006005208,-0.030831801,0.019151059,0.655799054,0.692196778,0.010003659,-0.009633885,0.000709252,0,0,0,0,0,0,0,0,0,0,0,0,0,-0.007859988,0.048717831,0.334954129,0.163019717,-0.012851818,0.000172335,2.30E-05,0,0,0,0,0,0,0,0,0,0,0,0,0,0.000586095,-0.004085443,-0.019804482,-0.016389005,0.000436692,0,0,0,0,0,0,0,0,0,0,0,0,0,0,0,2.14E-05,-8.31E-05,-0.001481992,-0.000366373,4.26E-05,0,0,0,0,0,0,0,0,0,0,0,0,0,0,0,0,0,0,0,0,0,0,0,0,0,0,0,0,0,0,0
0,0,0,0,0,0,0,0,0,0,0,0,0,0,0,0,0,0,0,0,0,0,0,0,0,0,0,0,0,0,0,0,0,0,0,0,0,0,0,0,0,0,0,0,0,0,0,0,0,0,0,0,0,0,0,0,0,0,0,0,0,0,0,0,0,0,0,0,0,0,0,0,0,0,0,0,0,0,0,0,0,0,0,0,0.000419118,-0.00298989,-0.013382659,-0.00659594,0.000284926,0,0,0,0.000623701,-0.005287071,-0.013999081,-0.013981005,-0.010992647,-0.000995169,0.00018076,0,0,0,0,0.00014808,-0.003629017,-0.003828278,0.065049343,0.012421205,-0.011631434,0.000893587,2.70E-17,0.000893587,-0.015915406,-0.000546994,0.071737337,0.071465329,0.050623723,0.001779551,-0.000737166,0,0,0,0.0002772,-0.003504221,-0.02094087,0.361319853,0.753492919,0.584778596,0.079215686,-0.022175415,-0.004730222,-0.028393416,0.089875566,0.584303888,0.749337435,0.751575759,0.646655688,0.074786749,-0.011639434,0,0,0,-0.002035627,0.002995852,0.235537602,0.942502021,1.04577825,1.053466126,0.838036617,0.210642334,-0.025845885,0.214425149,0.82709742,1.040890574,1.039658137,1.003831971,1.025902956,0.652772431,-0.020643438,0,0,0,-0.011337084,0.065784586,0.749821657,1.031951474,0.890073002,0.753439678,1.004764791,0.729158599,0.507167007,0.949112047,1.021618632,0.930712146,0.643713899,0.782151637,1.024246783,0.846796502,-0.020694785,0,0,0,-0.028810892,0.228386166,0.91314711,1.004432343,0.416859664,0.12961868,0.88366539,0.994416684,0.995418096,0.989860158,0.640331468,0.163647297,0.141977192,0.900323172,1.022978707,0.396215299,-0.020795547,0,0,0,-0.04998614,0.428391323,1.059949295,0.896158769,0.377258885,0.14587223,0.83302325,1.008844839,1.015610652,0.604039982,0.134707411,0.125011438,0.728371528,1.035969686,0.858899237,0.098897483,-0.015082891,0,0,0,-0.05033264,0.431637051,1.047006961,0.994438419,1.027205099,0.715705689,0.955266033,1.01096184,1.015659722,0.891313317,0.799320927,0.908771497,1.038447951,1.002919986,0.469302764,-0.009412886,-0.003822338,0,0,0,-0.046780776,0.397219403,1.040775804,0.991968632,0.987157067,1.002902128,1.014425778,0.661437127,0.579031532,0.943200253,1.038472242,1.0095922,0.905486137,0.611769309,0.072419575,-0.012796554,0.000130957,0,0,0,-0.012838042,0.085784041,0.653012,1.0165,1.016657475,1.000098464,0.60683221,0.069539828,-0.011726716,0.181119962,0.534580972,0.47079839,0.113192283,0.005119809,-0.009270493,0.000493763,2.89E-05,0,0,0,0.000997921,-0.022540901,0.180390676,0.723775174,0.672378472,0.420714334,0.03360769,-0.013904871,-0.001108422,-0.018366694,-0.024918963,-0.022643944,-0.012463627,-0.002298628,0.00018893,0,0,0,0,0,2.20E-05,-0.000194291,-0.001157407,0.014051437,0.006729558,-0.014587478,-0.010917382,0.00060386,3.31E-05,6.74E-05,-0.002393604,-0.002059436,7.11E-05,1.10E-05,0,0,0,0,0,0,0,7.00E-05,-0.000987337,-0.004131332,-0.003594005,-0.001580602,8.58E-05,0,0,0,0,0,0,0,0,0,0,0,0,0,0,0,0,0,0,0,0,0,0,0,0,0,0,0,0,0,0,0,0,0,0,0,0,0,0,0,0,0,0,0,0,0,0,0,0,0,0,0,0,0,0,0,0,0,0,0,0,0,0,0,0,0,0,0,0,0,0,0
0,0,0,0,0,0,0,0,0,0,0,0,0,0,0,0,0,0,0,0,0,0,0,0,0,0,0,0,0,0,0,0,0,0,0,0,0,0,0,0,0,0,0,0,0,0,0,0,0,0,0,0,0,0,0,0,0,0,0,0,0,0,0,0,0,0,0,0,0,0,0,0,0,0,0,0,0,0,0,0,0,0,0,0,0,0,0,0,0,0,0,0,0,0,0,0,0,0,0,0,0,0,0,1.24E-17,0.000865502,-0.006028305,-0.029083265,-0.029003693,-0.005538109,0.000542535,1.42E-17,0.00013191,0.00012102,-0.015087571,-0.031969124,-0.025321691,-0.002583316,0.000417839,1.04E-18,0,0,1.87E-05,0.00053147,-0.006280978,-0.029610226,0.048767276,0.317200436,0.314280825,0.04201074,-0.014595163,-0.001728111,-0.014949108,-0.022318614,0.154795667,0.353507115,0.268439713,0.015015063,-0.00549305,0.000190632,0,0,3.41E-05,-0.004401525,0.017370929,0.334518568,0.74562742,0.960541152,0.971116304,0.713415933,0.11140815,-0.043408748,0.095128426,0.533882513,0.893944957,0.93348046,0.963280322,0.390163382,-0.021388118,-0.00198864,0,0,-0.001608456,-0.026223248,0.389783956,1.02226908,0.846245558,0.375857928,0.473539977,0.906784365,0.61772178,0.416115366,0.821215959,1.016111909,0.562597512,0.292649067,0.840687074,0.830797777,0.074171762,-0.013453499,0,0,-0.016033667,0.098562992,0.893231277,0.96980062,0.248907748,-0.065646957,-0.011359844,0.657343682,1.01672486,1.026398795,0.979634906,0.404494806,-0.000962589,-0.059593631,0.348765897,1.050750579,0.142803137,-0.020695295,0,0,-0.019266068,0.129412988,1.006982503,0.429985686,-0.052866677,-0.035571981,0.085030506,0.81049389,1.009226205,0.816950129,0.323241847,-0.036770753,-0.008709184,-0.025158088,0.151564219,0.896433994,0.159491052,-0.02068287,0,0,-0.019320704,0.129044831,1.012522008,0.494921228,0.193670956,0.210395391,0.392892225,1.002268484,0.787417228,0.112086754,-0.056371698,-0.018508486,-0.016575606,-0.050793777,0.189177611,0.964150957,0.156289848,-0.021004051,0,0,-0.007106484,0.023469561,0.56059007,0.971767967,0.972282996,0.898103165,0.669967136,0.804816117,0.96718353,0.496144232,0.311465561,0.225859325,0.181443938,0.294115201,0.765297294,0.777178825,0.050882997,-0.011055229,0,0,0.000362541,-0.00698453,0.00204759,0.383039982,0.560972052,0.330753336,0.002091826,0.092195755,0.507075538,0.613886574,0.730526127,0.745120766,0.925342542,1.056304024,0.814784995,0.23604536,-0.016594819,-0.001026348,0,0,0,0.000407647,-0.001893553,-0.034840942,-0.049920854,-0.029723243,-0.001091731,-0.00987243,-0.047977805,-0.041784603,0.043825555,0.123173773,0.383856124,0.38546332,0.106136676,-0.034332397,0.001189821,0.000127655,0,0,0,0,0,0,0,0,0,0,0.000226103,-0.001215993,-0.011217116,-0.017093575,-0.02409535,-0.024041769,-0.017235226,0.001042075,0,0,0,0,0,0,0,0,0,0,0,0,0,0,1.53E-05,-8.10E-05,-0.000976818,-0.001035539,-2.96E-05,6.13E-06,0,0,0,0,0,0,0,0,0,0,0,0,0,0,0,0,0,0,0,0,0,0,0,0,0,0,0,0,0,0,0,0,0,0,0,0,0,0,0,0,0,0,0,0,0,0,0,0,0,0,0,0,0,0,0,0,0,0,0,0,0,0,0
0,0,0,0,0,0,0,0,0,0,0,0,0,0,0,0,0,0,0,0,0,0,0,0,0,0,0,0,0,0,0,0,0,0,0,0,0,0,0,0,0,0,0,0,0,0,0,0,0,0,0,0,0,0,0,0,0,0,0,0,0,0,0,0,0,0,0,0,0,0,0,0,0.000130855,-0.000932241,-0.005786663,-0.008253932,-0.004320823,7.26E-05,3.42E-05,0,0,0,3.67E-05,0.00027788,-0.010502145,-0.015061275,-0.007875613,0.000630121,8.12E-05,-0.000994179,-0.001793811,0.0003125,-0.001741368,-0.01053959,0.038118583,0.076071419,0.020305828,-0.016329542,0.000316925,0,0,0,0.001235172,-0.014907373,0.044839086,0.081084304,0.048601818,-0.004413191,0.000896821,-0.017094652,-0.014967235,-0.000171994,-0.019019438,0.252954146,0.847857928,1.019883851,0.671331325,0.090825231,-0.009009395,0,0,0,-0.017200685,0.129522621,0.656744775,0.775643297,0.338298032,-0.021054329,-0.019011353,0.301598584,0.353233422,-0.05210146,0.049128501,0.781870677,0.778284909,0.54058575,0.976959304,0.635371639,-0.021156046,0,0,0,-0.048310344,0.413627026,1.058842264,0.524929647,0.062284422,-0.005255296,-0.034247687,0.557291896,0.929654553,0.285912757,0.495140003,0.85346767,0.119273199,-0.02217502,0.721845233,0.892606097,-0.020519615,0,0,0,-0.050231951,0.434699483,1.035901008,0.261791224,-0.028077512,0.000461151,-0.012040679,0.15560592,0.798763651,0.954729201,1.004248434,0.776826848,0.319486349,0.351772416,0.916289131,0.641568475,-0.021015625,0,0,0,-0.048956015,0.422649169,1.026912888,0.269440155,-0.018848039,0,0.000263634,-0.015998366,0.070354439,0.680942504,1.036212072,0.979310747,0.984066159,0.941020391,0.87691236,0.182991963,-0.01591265,0,0,0,-0.031796095,0.260178956,0.919873383,0.340179534,-0.024229643,0.000224206,0.000126328,-0.006351545,-0.023250851,0.650693219,0.768553123,0.131023012,0.334919373,0.278650208,0.055715397,-0.00908349,-0.000482367,0,0,0,-0.023537157,0.17940111,0.901081342,0.623645969,-0.018697746,-0.001899637,-0.000355392,-0.022627247,0.22682084,0.912941551,0.325619522,-0.03265322,-0.022133272,-0.018822866,-0.006879647,-0.000617025,9.91E-05,0,0,0,-0.003270672,-0.005383545,0.632217161,0.839977732,0.09944813,-0.018288506,-0.001895561,-0.014063532,0.57126104,0.915255255,0.097676943,-0.015965173,0,0,0,0,0,0,0,0,0.000379112,-0.022830678,0.281402335,0.965720367,0.364915424,-0.04380279,-0.032404769,0.069814185,0.950334048,0.612990009,0.006159349,-0.00622549,0,0,0,0,0,0,0,0,0,-0.005976614,0.048171841,0.719738,0.923197287,0.423575289,0.287624949,0.702641051,0.881945772,0.172453687,-0.025795779,0.00024697,0,0,0,0,0,0,0,0,0,0.000221303,-0.022008204,0.116829487,0.739388412,1.037712231,1.038918199,0.899558245,0.310725677,-0.022172879,-0.000283825,3.37E-05,0,0,0,0,0,0,0,0,0,2.50E-05,0.00036392,-0.019089818,0.101300534,0.414133885,0.455511268,0.195264927,-0.02308735,-0.001069342,0.000125963,0,0,0,0,0,0,0,0,0,0,0,4.40E-05,0.000956341,-0.014999287,-0.040475986,-0.043318098,-0.023019394,-6.77E-05,0.000122294,0,0,0,0,0,0,0,0,0,0,0,0,0,4.67E-19,1.53E-05,-0.000633892,-0.000744315,-0.000178207,2.45E-05,0,0,0,0,0,0,0,0,0,0,0,0,0,0,0,0,0,0,0,0,0,0,0,0,0,0,0,0,0
0,0,0,0,0,0,0,0,0,0,0,0,0,0,0,0,0,0,0,0,0,0,0,0,0,0,0,0,0,0,0,0,0,0,0,0,0,0,0,0,0,0,0,0,0,0,0,0,0,0,0,0,0,0,0,0,0,0,0,0,0,0,0,0,0,0,0,0,0,0,0,0,0,0,0,0,0,0,0,0,0,0,0,0,0,0,0,0,0,0,0,0,0,0,0,0,0,0,0,0,0,0,0,0,0,1.92E-17,0.00097869,-0.017832878,-0.046463099,-0.021313743,0.000359137,0.000588065,-0.00805953,-0.023814934,-0.031486162,-0.014975235,0.000942096,-5.51E-18,2.28E-18,0,0,0,0,0,0.000248162,-0.001153833,-0.025729507,0.182486785,0.510887119,0.222557275,-0.01194887,-0.014582482,0.071109514,0.25664871,0.355410114,0.152027761,-0.031925041,-0.009769781,0.000428922,0,0,0,0,2.32E-05,-0.000975398,-0.014293734,0.190434484,0.869049108,1.059603189,0.913425445,0.117921423,0.028588758,0.561721649,0.941791475,0.82933477,0.860706708,0.406164309,0.054626218,-0.005516829,0,0,0,1.35E-05,0.000382659,-0.030077036,0.130472171,0.841621868,0.957598905,0.600151722,0.934066585,0.578843971,0.603629528,0.997576502,0.485591418,0.075689611,0.744989022,1.052781505,0.646746973,-0.021017157,0,0,0,0.000854021,-0.01851268,0.126806424,0.679833095,0.960462997,0.366505578,0.056316381,0.794193202,0.995504034,0.981408241,0.654545677,0.046667824,-0.041659841,0.266432019,0.97359438,0.774146896,-0.020738358,0,0,0,-0.008315193,0.040774935,0.665992528,1.050183687,0.673370711,0.012504178,-0.027765506,0.636003166,1.031992102,0.907708452,0.1906512,-0.017572951,-0.044109886,0.233897706,0.956612456,0.500739761,-0.020087657,0,0,0,-0.037334801,0.308299462,0.973952376,1.050686104,0.451492205,-0.07854762,0.122622413,0.83035049,1.058474639,0.718351069,0.021004987,-0.039480103,0.187039267,0.640018331,0.592965142,0.118252619,-0.009721541,0,0,0,-0.033363699,0.272009566,0.925347112,1.039005102,0.733301877,0.329549992,0.63134933,0.924467578,0.815419775,0.854008296,0.684388738,0.64178485,0.789041604,0.495528175,-0.006343555,-0.010150981,-8.87E-05,0,0,0,0.000283315,-0.02496858,0.336225014,0.86708815,1.026906812,1.03477041,0.751068236,0.22569264,0.030077648,0.187734971,0.468207863,0.454591112,0.175352209,0.004896327,-0.008996119,-0.000414781,9.87E-05,0,0,0,5.10E-05,-0.001669407,0.002963082,0.177354728,0.511573274,0.525266992,0.066821964,-0.025639621,-0.005404786,-0.01799743,-0.027280397,-0.030637629,-0.015719261,-0.001900344,0.00018893,0,0,0,0,0,0,0.000324449,-0.004367647,-0.021025208,-0.009857673,-0.007360313,-0.014774952,0.0004231,8.82E-05,2.76E-05,-0.001394766,-0.000924326,-2.85E-05,1.10E-05,0,0,0,0,0,0,0,0,3.95E-05,-0.000201031,-0.002184334,-0.002349782,5.92E-05,0,0,0,0,0,0,0,0,0,0,0,0,0,0,0,0,0,0,0,0,0,0,0,0,0,0,0,0,0,0,0,0,0,0,0,0,0,0,0,0,0,0,0,0,0,0,0,0,0,0,0,0,0,0,0,0,0,0,0,0,0,0,0,0,0,0,0,0,0,0,0
0,0,0,0,0,0,0,0,0,0,0,0,0,0,0,0,0,0,0,0,0,0,0,0,0,0,0,0,0,0,0,0,0,0,0,0,0,0,0,0,0,0,0,0,0,0,0,0,0,0,0,0,0,0,0,0,0,0,0,0,0,0,0,0,0,0,0,0,0,0,0,0,0,0,0,0,0,0,0,0,0,0,0,0,0.000259191,-0.001577206,-0.011089767,-0.014131405,-0.013155944,-0.003238971,0.000401961,0.000286765,-0.00605173,-0.013993566,-0.013792586,-0.006352022,0.000405331,0,0,0,0,0,0,0.000236162,-0.003870745,-0.01663591,0.050991847,0.08339217,0.07132598,-0.010751583,-0.010987422,-0.019708674,0.008065832,0.086900446,0.080107418,0.014126277,-0.009306185,0.000835677,3.21E-18,0,0,1.70E-06,0.00056714,-0.007432173,-0.00352594,0.362081853,0.675076627,0.649789399,0.677168794,0.485458146,0.058761625,0.179104099,0.593114478,0.594336533,0.649473107,0.552262017,0.044425415,-0.010951449,0.000251906,0,0,0.000118727,-0.004041812,-0.003417003,0.476288811,0.76223987,0.294444309,0.120330159,0.212226553,0.689429769,0.747543279,0.73167752,0.488203691,0.136157532,0.13611072,0.668670101,0.536414978,0.002388831,-0.005004212,0,0,-0.000676062,-0.031533366,0.344442827,0.816542092,0.16602885,-0.032105835,-0.016616288,-0.029340993,0.116100933,1.023096678,0.582262391,-0.019864491,-0.020130719,-0.04531124,0.235766833,0.81982404,0.101617545,-0.015325436,0,0,-0.011388208,0.055022828,0.794037667,0.46668796,-0.044209712,-0.014671058,0.001396294,-0.01472355,0.195499898,1.007743022,0.461242443,-0.031171375,-0.001746289,-0.02158752,0.138592439,0.793146974,0.143062095,-0.01846184,0,0,-0.016315019,0.113369308,0.824316908,0.195238222,0.062654718,0.159415067,-0.003166555,-0.027440921,0.404641425,1.038812806,0.556432666,-0.006528168,-0.004585223,-0.026750732,0.181563232,0.881453397,0.144000245,-0.019298747,0,0,-0.010911969,0.060071848,0.693065308,0.323045701,0.441902301,0.562144472,-0.016179596,-0.018595112,0.193200334,0.992427015,0.578353554,-0.016445144,-0.020687534,-0.028582142,0.420763514,0.6433854,0.046139935,-0.00937517,0,0,-0.000603318,-0.021771934,0.250611165,0.579507817,0.595935211,0.848181145,0.062723877,-0.047122366,0.028593294,0.919360316,0.782500221,0.223799713,0.079189359,0.279365327,0.811996572,0.224519503,-0.025972652,-0.000129428,0,0,0.000134464,-0.000489687,-0.011542586,-0.02074617,0.213348516,0.810492205,0.537133661,0.198074653,0.597590057,0.893544645,0.51073315,0.633238301,0.64426091,0.780418335,0.395647621,-0.008810764,-0.002830093,9.87E-05,0,0,0,2.04E-05,-0.0001234,-0.002457465,-0.00492276,0.136147144,0.564564055,0.6981362,0.777878642,0.339797862,-0.042071725,0.066559065,0.14872886,0.128060611,0.00996538,-0.00359826,0.00025478,0,0,0,0,0,0,0.000347426,-0.001778765,-0.019856243,0.001069191,0.038990826,0.031685492,-0.009917313,-0.002627655,-0.012290571,-0.020657782,-0.019780331,-0.004604473,0.000335478,0,0,0,0,0,0,0,0,1.28E-05,-4.80E-05,-0.002693938,-0.004768433,-0.005062449,-0.001403237,9.76E-05,0,0,0,0,0,0,0,0,0,0,0,0,0,0,0,0,0,0,0,0,0,0,0,0,0,0,0,0,0,0,0,0,0,0,0,0,0,0,0,0,0,0,0,0,0,0,0,0,0,0,0,0,0,0,0,0,0,0,0,0,0,0,0,0,0,0,0,0
0,0,0,0,0,0,0,0,0,0,0,0,0,0,0,0,0,0,0,0,0,0,0,0,0,0,0,0,0,0,0,0,0,0,0,0,0,0,0,0,0,0,0,0,0,0,0,0,0,0,0,0,0.000683424,-0.004642697,-0.035385023,-0.035274551,-0.003402226,0.000556502,0,0,0,0,0,0,0,0,0,0,0,0,1.04E-18,0.000328329,-0.008573438,0.016539028,0.290310117,0.28946732,0.015022774,-0.003949951,5.77E-05,0,0,0,0,0,0,0,0,0,0,0,0.000306373,-0.007967388,-0.01021196,0.461252128,0.98633958,0.947558824,0.296206836,-0.025286423,-0.000872992,0,0,0,0,0,0,0,0,1.37E-17,-1.20E-16,8.43E-05,-0.001525054,-0.012160692,0.456821641,0.955424649,0.683706784,1.024330967,0.503129681,-0.028458379,-0.00237643,0,0,0,0,0,0,9.85E-19,0.000311479,-0.003031538,-0.017087418,-0.021535267,-0.037949517,0.268608984,0.95927539,0.50677131,0.303862234,1.023568985,0.490827223,-0.028165586,-0.002280773,0,0,0,0,0,3.67E-05,0.000440259,-0.011029412,-0.028734722,0.243546108,0.404104212,0.361009454,0.84844384,0.825705385,0.028731673,0.497849609,0.991825292,0.335279867,-0.036349713,-0.000292487,0,0,0,0,2.76E-06,0.000128064,-0.00667499,0.036490298,0.432539865,0.929982247,1.022655535,1.014279327,1.030126123,0.282651084,0.021026433,0.786818798,0.95308621,0.23993973,-0.030614529,4.43E-05,0,0,0,0,0.000122243,-0.008484988,0.005761557,0.552776433,1.049168059,0.760511829,0.729790714,1.015857367,1.031564457,0.677649284,0.72742562,1.014626328,0.609254187,0.009327393,-0.004770291,0,0,0,0,0,-0.001346303,-0.015392991,0.380073444,0.98989505,0.795808705,0.195315479,0.802237626,0.900627128,0.722651484,0.930545993,0.944547335,0.782713167,0.155880957,-0.019352584,0.000755778,0,0,0,0,0,-0.005539522,0.034509753,0.818369451,0.964665918,0.196835467,0.284349877,0.96453765,0.346638378,0.021729218,0.226058847,0.23907084,0.116012255,-0.006475967,-0.000202614,0,0,0,0,0,0,-0.00954211,0.10061655,0.982495176,0.623400731,0.061815492,0.789877927,0.726295215,0.008554329,-0.013098783,-0.028504474,-0.029917248,-0.016629571,-0.000504668,0.000105173,0,0,0,0,0,0,-0.014912429,0.202903969,0.978470741,0.347026603,0.427738966,0.908459304,0.223818321,-0.020876106,-0.000387306,0,0,0,0,0,0,0,0,0,0,0,-0.017304381,0.245315257,0.954680198,0.599919407,0.89608706,0.637129749,0.012542773,-0.008293352,5.74E-05,0,0,0,0,0,0,0,0,0,0,0,-0.001873877,-0.010783973,0.436545462,1.019763463,0.911206501,0.193676947,-0.020778408,0.000198223,0,0,0,0,0,0,0,0,0,0,0,0,-0.001454861,-0.018109715,0.428944155,1.026860379,0.461156105,0.007933075,-0.002846695,3.40E-05,0,0,0,0,0,0,0,0,0,0,0,0,-0.000807397,-0.019819837,0.328490193,0.626286926,0.039767493,-0.013435891,0.000387265,0,0,0,0,0,0,0,0,0,0,0,0,0,4.70E-05,0.000201865,-0.010991796,-0.02126634,-0.005463155,0.000411901,0,0,0,0,0,0,0,0,0,0,0,0,0,0,0,0,0,0,0,0,0,0,0,0,0,0,0,0,0,0,0
0,0,0,0,0,0,0,0,0,0,0,0,0,0,0,0,0,0,0,0,0,0,0,0,0,0,0,0,0,0,0,0,0,0,0,0,0,0,0,0,0,0,0,0,0,0,0,0,0,0,0,0,0,1.22E-05,-3.34E-05,-0.002370062,-0.001400677,0.000156211,0,0,0,0,0,0,0,0,0,0,0,0,0,3.78E-05,-0.000153785,-0.001939798,-0.018194478,-0.017006179,-0.01286283,-0.002024224,0.000282373,0,0,0,0,0,0.000893382,-0.006099265,-0.031538603,-0.026622845,-0.002426471,0.000275735,6.81E-18,0.000244758,-0.010498757,-0.018744196,0.268177117,0.656353622,0.419495064,0.00212313,-0.003998843,0,0,0,0,0.000217014,-0.00883832,0.019767361,0.225322593,0.182219301,-0.010667211,-0.003710086,0.001208469,-0.018290611,0.080590596,0.563282339,0.94318093,1.04844938,0.851517736,0.083937518,-0.014543675,0,0,0,0.000211977,-0.003597495,-0.016984801,0.450302424,1.003597954,0.930174031,0.374771412,0.000799547,-0.017539828,0.061928956,0.657157168,0.958505106,0.564431509,0.911374217,0.94272835,0.116911918,-0.017945772,0,0,2.85E-05,-0.000211129,-0.026439403,0.395214745,0.899031599,0.561084801,0.87702398,0.912276745,0.177308643,-0.018435534,0.587438649,1.033284339,0.452697454,-0.018380077,0.653113951,0.946286756,0.113010658,-0.017515253,0,0,0.000218886,-0.02497014,0.1678101,0.895465295,0.567832074,-0.049127128,0.257138926,1.015156761,0.65787294,0.35134152,1.002439117,0.687129279,0.014868651,-0.007552475,0.651352737,0.862366558,0.085437711,-0.014544867,0,0,-0.007869519,0.024329471,0.65249617,0.87076634,0.083621034,-0.019362626,0.023360968,0.678619162,1.010922777,0.926824823,0.866541888,0.138853729,-0.024821044,0.020812092,0.825243992,0.69803365,0.035464158,-0.009143348,0,0,-0.01571538,0.095991857,0.899583861,0.63328799,-0.009007591,-0.002389774,-0.036802057,0.276924803,0.954190819,1.032565223,0.379092456,-0.06792662,-0.030782952,0.170861196,0.962295564,0.36028205,-0.038282632,-0.000321521,0,0,-0.019388617,0.130435775,1.001161867,0.617821998,-0.01098909,-0.005922947,-0.047027927,0.262273182,0.95523349,1.00854519,0.739665731,0.248527917,0.13684072,0.60151428,0.923299769,0.215508306,-0.028115955,6.23E-05,0,0,-0.016459106,0.101808709,0.917814585,0.87353787,0.105560702,-0.032801048,0.091405291,0.722590956,0.90757144,0.607610506,0.946432643,0.932483952,0.879409964,0.889717059,0.465959008,0.005346653,-0.003525735,0,0,0,-0.004728009,0.004483613,0.462279905,0.996862694,0.833316908,0.495394165,0.751050881,1.003851767,0.365838967,-0.027006349,0.197484426,0.397717514,0.343617579,0.135623979,-0.018016578,-0.003704555,0.000403571,0,0,0,0.000361349,-0.008953008,0.022491149,0.361130072,0.560072219,0.581601001,0.995477576,0.689964103,0.021006247,-0.01198075,-0.019107009,-0.035706521,-0.030637255,-0.013261676,7.66E-06,6.89E-05,0,0,0,0,9.19E-06,0.000749969,-0.007402114,-0.021165986,-0.01314345,0.352436955,0.772438106,0.146828585,-0.02004056,0.000619485,0,0,0,0,0,0,0,0,0,0,0,3.67E-06,3.72E-05,-0.024796467,0.165003472,0.767273965,0.279631385,-0.028414267,0.00076874,2.76E-05,0,0,0,0,0,0,0,0,0,0,0,0,0,-0.005698606,0.046544016,0.114796992,-0.000929335,-0.001517468,0,0,0,0,0,0,0,0,0,0,0,0,0,0,0,0.000615809,-0.004767327,-0.015396242,-0.002725123,0.000268927,0,0,0,0,0,0,0,0,0,0,0,0,0,0,0,0,0,0,0,0,0,0,0,0,0,0,0,0,0,0,0
0,0,0,0,0,0,0,0,0,0,0,0,0,0,0,0,0,0,0,0,0,0,0,0,0,0,0,0,0,0,0,0,0,0,0,0,0,0,0,0,0,0,0,0,0,0,0,0,0,0,0,0,0,0,0,0,0,0,0,0,0,0,0,0,0,0,0,0,0,0,0,1.63E-05,0.000102727,-0.002009242,-0.015062908,-0.030035233,-0.019983047,-0.001039042,0.000267055,0,0,0,0,0,0,0,0,0,0,0,2.80E-18,0.000371392,-0.008301639,-0.00709409,0.207811972,0.478170701,0.289335444,0.008405538,-0.003340652,0,0,0,0,0,0,0,0,0,0,9.33E-19,0.000117017,-0.007099248,0.01461924,0.444585682,0.911339937,0.997239243,0.988589937,0.134339968,-0.019807496,0,0,0,0,0,0,0,0,7.75E-05,-0.000730869,-6.08E-05,-0.004204538,-0.022093971,0.527066807,0.966844499,0.528538075,0.441352294,0.979876702,0.154777781,-0.02115145,0,0,0,0,0,2.94E-05,0.000352207,-0.006642208,-0.021924891,-0.033078859,-0.035282754,-0.018859368,0.416748162,0.962818653,0.417206766,-0.053287269,0.348966868,0.882690541,0.092772258,-0.015179773,0,0,0,0,4.53E-05,-0.000103962,-0.011352635,0.027240826,0.153891674,0.356531812,0.287676028,0.305936683,0.948491064,0.603464069,-0.045913756,0.192585597,0.837336567,0.427491524,-0.028210275,-0.001655263,0,0,0,0,0.000468648,-0.021981788,0.080052645,0.630258034,0.907081108,0.977980886,0.944983592,0.906217644,0.967526501,0.276323886,0.217529225,0.864598822,0.811213882,0.087230494,-0.015975959,0.000182972,0,0,1.04E-18,0.001253516,-0.023514706,0.141074772,0.776044918,0.926414199,0.6912971,0.390588218,0.797116353,1.030649867,0.964772467,0.996189532,0.93485352,0.737584269,0.164004766,-0.018194019,0.000606172,0,0,0,0.000217865,-0.015280665,0.08124309,0.715809147,0.913353486,0.255694087,-0.071810108,0.145479558,0.860108915,0.853534058,0.308324772,0.425716933,0.297570142,0.011631638,-0.02120961,0.00035963,5.26E-05,0,0,0,-0.002510429,-0.022083746,0.46351832,0.946043459,0.184995839,-0.021892588,-0.039299572,0.376670624,0.964181563,0.280593093,-0.05402647,-0.043006791,-0.033333741,-0.00582997,0.000887856,0,0,0,0,0,-0.011773046,0.059227049,0.778266051,0.837264723,0.019106618,-0.008122413,-0.035506502,0.429554228,0.706965908,-0.001494043,-0.003521616,-0.000516014,-0.000190632,1.70E-05,0,0,0,0,0,0,-0.018293845,0.119878113,0.963381383,0.809649527,0.029529122,-0.005235805,-0.011182331,0.100088933,0.182857741,0.003823376,-0.000994026,0,0,0,0,0,0,0,0,0,-0.011250851,0.055832365,0.746995064,0.875208435,0.071627655,-0.007640165,0.000964392,-0.009658565,-0.016184896,-0.000256502,8.48E-05,0,0,0,0,0,0,0,0,0,-7.27E-05,-0.015493202,0.132337282,0.509936904,0.075484426,-0.005996324,2.08E-05,-0.000183313,-0.000371783,-1.08E-05,2.14E-06,0,0,0,0,0,0,0,0,0,7.75E-05,0.001224061,-0.020541407,-0.012704435,0.001608271,-8.10E-06,0,0,0,0,0,0,0,0,0,0,0,0,0,0,0,0,0.000202717,-0.003661833,-0.000798952,5.46E-05,0,0,0,0,0,0,0,0,0,0,0,0,0,0,0,0,0,0,0,0,0,0,0,0,0,0,0,0,0,0,0,0,0
0,0,0,0,0,0,0,0,0,0,0,0,0,0,0,0,0,0,0,0,0,0,0,0,0,0,0,0,0,0,0,0,0,0,0,0,0,0,0,0,0,0,0,0,0,0,0,0,0,0,0,0,0,0,0,0,0,0,0,0,0,0,0,0,0,0,0,0,0,0,0,0,0,0,0,0,0,0,0,0,0,0,0,0,0,0,0,0,0,0,0,0,0,0,0,0,0,0,0,0,0,0,0.001905752,-0.016512629,-0.038876123,-0.010600916,0.000736571,-3.98E-17,7.26E-18,0,1.23E-31,2.98E-05,0.000905742,-0.010833674,-0.027619911,-0.023283463,-0.004892174,0.000433125,1.70E-05,0,0,0,-0.021725572,0.188450266,0.440974946,0.100656403,-0.028485073,-0.00677663,0.000389774,9.19E-06,0.000467729,-0.006499864,-0.028251923,0.116582755,0.314684011,0.26567453,0.049120115,-0.020620168,2.04E-05,0,0,0,-0.030795164,0.257246936,0.74694441,0.891800579,0.652086798,0.064876204,-0.021966118,0.001885675,-0.017058212,0.000627658,0.361928252,0.687362232,0.541224301,0.578837797,0.651055128,0.277742253,-0.012132438,0,0,0,0.000819779,-0.023511097,0.222237439,0.820577206,0.820385008,0.574339085,0.048045667,-0.044272706,0.069859171,0.591678019,0.728644351,0.183435372,-0.005833248,-0.016240468,0.187587146,0.68507533,-0.006105324,0,0,0,-0.000730912,-0.026492205,0.59788191,0.298924564,0.121211516,0.646792375,0.683134021,0.373771599,0.70057484,0.590565036,0.094012457,-0.025751549,-0.000457431,0.001258681,-0.024048543,0.461943816,0.000796569,0,0,0,-0.003600342,-0.006936887,0.755458657,0.302064015,-0.059911356,0.159479621,0.785507404,1.068585121,0.718743873,0.010647076,-0.043006468,0.00129953,0.000832312,-0.012336176,0.026198257,0.558073645,-0.001325912,0,0,0,-0.003208593,-0.000120626,0.517265982,0.82416716,0.642399612,0.761416014,0.602369741,0.480658139,0.766829419,0.612161322,0.165544668,-0.025683381,-0.027057292,0.058389331,0.541009242,0.680009427,-0.014378234,0,0,0,0.000198925,-0.004662264,0.026298629,0.286148394,0.356626717,0.184729611,0.013402277,-0.036732553,0.118475008,0.524350686,0.770873614,0.645373949,0.59537653,0.734988688,0.598485675,0.09098466,-0.008747265,0,0,0,1.22E-05,0.000326287,-0.006591265,-0.020180079,-0.021090176,-0.018136575,-0.006802322,-0.002028356,-0.014510825,-0.02177645,0.141100631,0.445538109,0.501047539,0.239872004,0.009882642,-0.016045514,0.000389774,0,0,0,0,0,0,0,0,0,0,0,4.26E-05,0.000229779,-0.012923699,-0.039051862,-0.043922335,-0.021272467,-0.002248009,0.000366883,0,0,0,0,0,0,0,0,0,0,0,0,0,0,0,0,0,0,0,0,0,0,0,0,0,0,0,0,0,0,0,0,0,0,0,0,0,0,0,0,0,0,0,0,0,0,0,0,0,0,0,0,0,0,0,0,0,0,0,0,0,0,0,0,0,0,0,0,0,0,0,0,0,0,0,0,0,0,0,0,0,0,0,0,0,0,0,0,0,0,0,0,0,0,0,0,0,0,0,0,0,0
0,0,0,0,0,0,0,0,0,0,0,0,0,0,0,0,0,0,0,0,0,0,0,0,0,0,0,0,0,0,0,0,0,0,0,0,0,0,0,0,0,0,0,0,0,0,0,0,0,0,0,0.000130447,0.000449107,-0.017285883,-0.047348661,-0.027572459,0.000633892,0.000107395,0,0,0,0,0,0,0,0,0,0,0,0,2.96E-19,-0.00063351,-0.008151675,0.129399901,0.404006638,0.224635978,-0.010117307,-0.000375036,0,0,0,0,0,0,0,0,0,0,0,0,0.000482537,-0.016371017,0.040141573,0.699891238,1.047946606,0.763455508,0.057551011,-0.010564999,0,0,0,0,0,0,0,0,0,0,0,6.81E-18,-0.002028442,0.008619026,0.281518147,0.509819359,0.605488664,0.885737898,0.181929228,-0.023740981,0,0,0,0,0,0,0,1.87E-18,0.000125953,-0.002357221,-0.011623945,-0.014717797,-0.041580202,0.343705065,0.727965686,0.042952478,0.690410471,0.871833265,0.126374251,-0.017983776,0,0,0,0,0,0,0,0.00060128,-0.006992173,-0.021084341,0.057582396,0.079438262,0.070899593,0.626765487,0.46064162,0.177556595,0.914816015,0.599713628,-0.025232512,-0.001105682,0,0,0,0,0,0,0.000337316,-0.006507591,0.023387442,0.429875685,0.776717201,0.857542024,0.728930062,0.587102635,0.065897878,0.728887374,0.982003132,0.23086763,-0.019180079,0.000252741,0,0,0,0,0,5.79E-05,-0.004374387,-0.013125426,0.472868226,1.026751321,0.83747995,0.779725099,1.051177764,0.616878455,0.361023195,1.043168045,0.565610158,-0.00170995,-0.00281393,0,0,0,0,0,0,-0.00034809,-0.026396225,0.255134532,0.996663416,0.519563393,-0.02027931,0.464211499,1.035655178,1.0017604,0.96038966,0.688662633,0.099410539,-0.02001074,0.000186632,0,0,0,0,0,0,-0.002524408,-0.006645357,0.566658888,0.940676811,0.07231323,0.035542075,0.756226154,0.709756944,0.608404922,0.734017858,0.046635434,-0.017380974,0.000953176,1.09E-05,0,0,0,0,0,0,-0.004375688,0.016768273,0.788304679,0.637670159,-0.017967287,0.213938605,0.862529436,0.199192416,-0.006214331,0.064936563,-0.009198565,0.00072867,0,0,0,0,0,0,0,0,-0.002893689,-0.002924224,0.626495472,0.805505566,0.083275889,0.526947049,0.602706767,-0.009501668,-0.00891139,-0.011937616,1.36E-05,1.70E-05,0,0,0,0,0,0,0,0,-0.000607894,-0.006769795,0.166324925,0.453371511,0.393231727,0.88765431,0.251153033,-0.027646038,-0.000239277,0,0,0,0,0,0,0,0,0,0,0,0.000264757,-0.001743583,-0.050060815,0.051476256,0.893270522,0.659201117,0.021235073,-0.0091394,4.96E-05,0,0,0,0,0,0,0,0,0,0,0,-0.002022825,0.004008221,0.359601154,0.76682901,0.80609951,0.169805232,-0.018917858,0.000242953,0,0,0,0,0,0,0,0,0,0,0,0,-0.003892116,0.016061956,0.67922496,0.6874787,0.116978331,-0.016407301,0.000121785,3.67E-05,0,0,0,0,0,0,0,0,0,0,0,0,7.10E-05,-0.000195227,-0.012667824,-0.020335478,-0.013877339,-0.001024646,0.000127655,0,0,0,0,0,0,0,0,0,0,0,0,0,0,0,0,0,0,0,0,0,0,0,0,0,0,0,0,0,0
0,0,0,0,0,0,0,0,0,0,0,0,0,0,0,0,0,0,0,0,0,0,0,0,0,0,0,0,0,0,0,0,0,0,0,0,0,0,0,0,0,0,0,0,0,0,0,0,0,0,0,0,0,0,0,0,0,0,0,0,0,0,0,4.29E-06,0.000167688,-0.000755259,-0.021056526,-0.03415673,-0.018976409,-0.000521752,-6.50E-05,1.42E-05,0,0,0,0,0,0,0,0,0,0,0,0.000107945,-0.003568457,-0.018384225,0.319702717,0.545937623,0.275829197,-0.036855239,-0.006370507,0.000369332,0,0,0,0,0,0,0,0,0,0,6.21E-19,-0.001045803,-0.008198529,0.279340074,0.786508561,1.0355153,0.89862049,0.455580933,0.043770697,-0.004691228,0.000621662,-0.004481124,-0.026947593,-0.033261421,-0.022252434,-0.001263707,0.000306373,0,0,0,0.000240512,-0.012970929,0.124979558,0.852420105,1.011823819,0.993634823,0.997506383,1.015304688,0.372991762,-0.046448921,-0.027585334,0.030578278,0.286696027,0.358673662,0.232743992,0.0046482,-0.003065428,0,0,0,-0.001328609,-0.014364036,0.424986174,0.981706412,0.993560036,0.905289934,0.989008194,1.003093433,0.890826811,0.350098922,0.518917427,0.781487777,0.927232906,0.971912971,0.910076621,0.240774188,-0.017536994,0,0,0,-0.019795361,0.14317293,0.850997992,1.013252094,0.942763225,0.413692063,0.72435929,0.952645918,1.002191653,1.009211431,1.004620412,1.002978792,0.993992205,0.991466673,1.016803002,0.637636698,-0.020810185,0,0,0,-0.045743345,0.388557053,1.013642957,1.005503779,0.798459116,0.096490206,0.154087435,0.825368328,1.010946181,0.988611111,0.984526959,0.984918301,0.984918301,0.984918301,1.005437432,0.863147616,-0.020519131,0,0,0,-0.050424361,0.43252114,1.048135008,1.009372089,0.774528612,0.050626147,0.281844584,0.904468307,1.007122243,0.993349673,0.989265521,0.989656863,0.989656863,0.989656863,1.010274714,0.867352075,-0.020617851,0,0,0,-0.050521381,0.432841265,1.059564781,1.013105256,0.757200436,0.131892469,0.823040169,1.007484324,0.985719669,0.987712418,0.983628266,0.984019608,0.984019608,0.983440904,1.011117239,0.635478459,-0.02073189,0,0,0,-0.00961309,0.068414761,0.399537915,0.912538421,0.946148139,0.831662038,0.98046499,0.985417941,1.010883882,0.998266207,0.982741037,0.984313725,0.98395418,0.993955166,0.935628321,0.240137427,-0.017920352,0,0,0,0.001031348,-0.010406624,-0.03845561,0.417827597,1.006178139,1.004923192,0.989185168,0.994528101,0.802846507,0.930844499,1.032469885,1.022776348,1.011780637,1.001344056,0.581636472,0.011176284,-0.006843852,0,0,0,0,0.000137868,-0.033327819,0.212387459,0.969496051,1.006942644,1.002290407,0.691757727,0.135811275,0.272636812,0.385101521,0.358374285,0.622151961,0.856015506,0.281614651,-0.025219977,-0.000701423,0,0,0,0,0,-0.003891238,0.008271361,0.335970282,0.528126792,0.455595129,0.092768501,-0.028660641,-0.021992613,-0.026177982,-0.027453942,0.001852158,0.030620319,0.003501277,-0.002167054,0.000134804,0,0,0,0,0,0.000349265,-0.001439696,-0.022485447,-0.033101025,-0.02911826,-0.008318525,0.000470895,-0.00059569,-0.000941105,-0.00076685,-0.003164931,-0.00541059,-0.001598499,0.000194448,0,0,0,0,0,0,0,0,0,0,0,0,0,0,0,0,0,0,0,0,0,0,0,0,0,0,0,0,0,0,0,0,0,0,0,0,0,0,0,0,0,0,0,0,0,0,0,0,0,0,0,0,0,0,0,0,0,0,0,0,0,0
0,0,0,0,0,0,0,0,0,0,0,0,0,0,0,0,0,0,0,0,0,0,0,0,0,0,0,0,0,0,0,0,0,0,0,0,0,0,0,0,0,0,0,0,0,0,0,0,0,0,0,0,0,0,0,0,0,0,0,0,0,0,0,0,0,0,0,0,0,0,0,0,0,0,0,0,0,0,0,0,0,0,0,0,0,0,0,0,0,0,0,0,0,0,0,0,0,0,0,0,0,0,0,8.87E-18,-1.26E-16,-4.67E-16,-5.08E-16,-4.01E-16,-1.65E-16,-8.77E-17,-3.52E-17,0.000523386,-0.007412814,-0.031544033,-0.019639757,0.000355733,8.17E-05,-1.64E-17,3.32E-18,0,0,0,0.000366883,-0.002570466,-0.017109375,-0.021065666,-0.020589767,-0.018956966,-0.020738358,-0.018054534,-0.01670258,-0.026814917,0.063921925,0.339013736,0.203304994,-0.024690394,-0.021414931,-0.004294396,0.000410199,0,0,0,-0.001344881,-0.00338857,0.250209582,0.671973608,0.737124574,0.618514755,0.353322004,0.219158548,0.149106997,0.421774523,0.77077549,1.005242024,0.936388787,0.666219783,0.371999239,0.031665157,-0.006508262,0,0,0,-0.027729404,0.217788467,0.909618975,1.012329793,0.811785658,0.613811691,0.806558636,0.916983286,0.902481209,1.022184947,0.974798877,0.736856771,0.715853775,0.841638889,1.025074295,0.336437552,-0.020483558,0,0,0,-0.048443602,0.413869349,1.047714257,0.919934538,0.284361724,-0.047981517,0.270940768,0.927476256,1.019749932,1.008554364,0.472661343,0.033715635,0.026694564,0.40935929,1.04583078,0.776074168,-0.020635042,0,0,0,-0.049792507,0.426629919,1.07360655,0.767661067,0.021039777,-0.019749008,0.388331989,0.954985924,0.983898165,1.040879919,0.579251033,0.068737456,-0.073606992,0.409531863,1.044651331,0.867217891,-0.02058398,0,0,0,-0.050226244,0.430611979,1.07957884,0.754594346,0.040446334,0.392510344,0.956524629,0.8627452,0.375503166,0.669188674,0.990448922,0.660624404,0.310890523,0.818920547,1.03928079,0.761909166,-0.021046943,0,0,0,-0.047325074,0.402915512,1.061630335,0.79595026,0.106022635,0.364339898,0.707617555,0.163632445,-0.035472209,0.018193018,0.198743531,0.748939658,0.95059824,0.99776013,0.800586452,0.159926847,-0.013804472,0,0,0,-0.016162814,0.1113742,0.782381161,1.021819836,0.814481464,0.803231608,0.276995932,-0.034163858,-0.002372515,-0.008829657,-0.030445576,0.122844584,0.354402063,0.35694521,0.135825759,-0.025812153,-0.000102975,0,0,0,0.000123925,-0.016281573,0.206372158,0.851575929,1.049359018,0.971461841,0.265906437,-0.025979967,7.66E-05,3.83E-05,0.000979628,-0.012277454,-0.032136778,-0.033094618,-0.01377017,0.001033132,4.68E-05,0,0,0,0.000139415,-0.001034978,-0.036338576,0.265866251,0.700363171,0.527876157,0.106870915,-0.010506876,0,0,0,0,0,0,0,0,0,0,0,0,0,7.41E-05,-0.004215431,0.022536577,0.037209167,-0.032961508,-0.007554211,0.000672743,0,0,0,0,0,0,0,0,0,0,0,0,0,0,0.000491623,-0.004169418,-0.00814765,1.10E-05,6.93E-05,0,0,0,0,0,0,0,0,0,0,0,0,0,0,0,0,0,0,0,0,0,0,0,0,0,0,0,0,0,0,0,0,0,0,0,0,0,0,0,0,0,0,0,0,0,0,0,0,0,0,0
0,0,0,0,0,0,0,0,0,0,0,0,0,0,0,0,0,0,0,0,0,0,0,0,0,0,0,0,0,0,0,0,0,0,0,0,0,0,0,0,0,0,0,0,0,0,0,0,0,0,0,0,0.001972166,-0.016665444,-0.046361746,-0.037345807,-0.001698259,0.000400291,0,0,0,0,0,0,0,0,0,0,0,0,1.28E-06,0.00064517,-0.027358801,0.121100967,0.395944342,0.312764076,0.005989209,-0.002513962,0,0,0,0,0,0,0,0,0,0,0,1.65E-05,0.000864464,-0.022619979,0.091386749,0.728848363,1.03033844,0.901458146,0.175957993,-0.0234222,0,0,0,0,0,0,0,0,3.42E-18,-1.56E-17,-2.48E-16,0.000834252,-0.013872413,0.045466827,0.663945501,0.692151399,0.47927502,0.901803649,0.245433858,-0.030293099,0,0,0,0,0,0,0,0.000157441,-0.001364209,-0.011876639,-0.021222086,-0.029786288,0.039730426,0.631476001,0.803920482,0.041940002,0.388898046,0.919218784,0.242428785,-0.029995516,0,0,0,0,0,0,0.000234805,-0.001435887,-0.017030033,0.077717456,0.425207917,0.243905093,0.432490964,0.795125997,0.242282602,0.009126666,0.735691812,0.863147837,0.125073767,-0.017827195,0,0,0,0,0,1.62E-05,-0.001211908,-0.014866609,0.242356362,0.774673203,1.059714257,0.964469567,0.883967184,0.253119451,-0.088456851,0.222302611,0.953221167,0.704704895,-0.000251753,-0.004263992,0,0,0,0,0,8.42E-05,-0.022480273,0.135962112,0.833924683,0.944554,0.554187074,0.859024459,1.031638259,0.534069172,0.033695375,0.643156897,0.991541037,0.319303666,-0.025700163,0.00042803,0,0,0,0,2.48E-19,-0.002826031,4.18E-05,0.540739209,0.999238154,0.283599238,0.141741319,0.85840225,0.988670547,0.909585035,0.660425992,1.033385076,0.666051505,0.001664556,-0.003301266,0,0,0,0,0,0.000256818,-0.01702405,0.190393025,0.990013174,0.674787616,-0.029383229,0.322994332,0.9712492,0.440560287,0.650464461,1.029757382,0.68817259,0.162153918,-0.010573887,-0.000500766,0,0,0,0,0,-0.001207789,-0.02063559,0.525648652,0.981805182,0.309578323,-0.057697761,0.502840963,0.867146417,0.018402735,0.088004209,0.36992933,0.040607276,-0.019198667,-0.000334169,8.07E-05,0,0,0,0,0,-0.01974522,0.142499268,0.888426811,0.74824954,-0.010234596,0.068137815,0.891971626,0.518147603,-0.016530688,-0.011787939,-0.020058803,-0.009731243,-0.000122889,0.000101103,0,0,0,0,0,0,-0.030748033,0.24893636,0.93059775,0.472222716,-0.063291139,0.362779935,0.97524069,0.224604218,-0.027224639,-0.000171671,0,0,0,0,0,0,0,0,0,0,-0.028557336,0.227989192,0.925707482,0.37758078,0.061669918,0.840690419,0.653016493,0.00983364,-0.00738414,2.56E-05,0,0,0,0,0,0,0,0,0,0,-0.010876034,0.073146667,0.58349806,0.437742,0.469034807,0.949293785,0.195332312,-0.020968052,0.000226562,4.60E-07,0,0,0,0,0,0,0,0,0,0,0.00048816,-0.006551353,0.019165648,0.124447536,0.45576332,0.298431506,-0.022495618,0.000619726,2.94E-05,0,0,0,0,0,0,0,0,0,0,0,6.52E-05,-0.000188079,-0.007620507,-0.009750136,-0.011766578,-0.018645455,-0.000856141,0.000110635,0,0,0,0,0,0,0,0,0,0,0,0,0,0,0,0,0,0,0,0,0,0,0,0,0,0,0,0,0,0
0,0,0,0,0,0,0,0,0,0,0,0,0,0,0,0,0,0,0,0,0,0,0,0,0,0,0,0,0,0,0,0,0,0,0,0,0,0,0,0,0,0,0,0,0,0,0,0,0,0,0,0,0,0,0,0,0,0,0,0,0,0,0,0,0,0,0,0,0,0,0,0,0,0,0,0,0,0,0,0,0,0,8.81E-05,-0.000618566,-0.004082721,-0.00496875,-0.004954044,-0.001325364,0.000101103,0,0,0,0,0,0,0,0,0,0,0,0,0,0.000149607,-0.001026416,-0.007341725,-0.00902502,-0.008990673,-0.013183319,0.000183483,2.36E-18,4.67E-19,1.19E-18,-4.86E-18,-8.71E-17,-1.31E-16,-1.07E-16,-1.92E-17,2.61E-18,0,0,0,0,-0.010638376,0.072852482,0.524285829,0.644959967,0.642896752,0.279158089,-0.02976954,-0.002008612,0.000349265,0.000325095,-0.008103013,-0.018093001,-0.021135961,-0.019922045,-0.006725558,0.000620134,1.53E-05,0,0,0,-0.042445915,0.355241548,1.027933856,1.042360686,1.055672347,0.791945157,0.171365942,-0.014199924,-0.02181026,-0.045712907,0.03212118,0.216221906,0.293447831,0.255402943,0.035970303,-0.032256644,0.000799499,0,0,0,-0.051456932,0.44206747,1.058851154,0.990375272,0.952013514,1.009567758,0.893395714,0.298723533,0.116912275,0.337573359,0.645560328,0.940268927,1.026108558,0.993627621,0.600121187,0.167570744,-0.008418096,0,0,0,-0.035194652,0.28815659,0.959271174,1.012542109,0.873221814,0.958125025,1.010903969,0.910586108,0.835846865,0.990545684,1.017165491,0.999221644,0.990991796,0.995515046,1.031795854,0.782366461,-0.021112813,0,0,0,-0.008708573,0.060471712,0.40567516,0.569010672,0.896749864,1.001931332,0.991799258,1.007939134,1.03132404,1.000623298,0.992556255,0.992086397,0.992156863,0.99099903,1.026026093,0.792746678,-0.021133068,0,0,0,0.000642045,-0.00468704,-0.040426215,0.034430249,0.725996102,1.025443419,1.004960682,0.998842933,0.835905842,0.986127451,1.016544542,1.012826797,1.012826797,1.024105137,0.905354286,0.349441676,-0.016589222,0,0,0,0,0,-0.02697016,0.186561579,0.907492883,1.017331679,0.862322741,0.391536389,0.104553269,0.389467188,0.752735081,0.797507864,0.599943677,0.336373636,0.186332226,0.009939903,-0.001729105,0,0,0,0,0,-0.030017463,0.212656046,0.962411271,0.998172211,0.3535729,-0.043598856,-0.015595895,-0.019733115,-0.020800382,-0.020669935,-0.020669935,-0.021065666,-0.016589222,-0.004700345,0.000272331,0,0,0,0,0,-0.017605086,0.115092116,0.676481533,0.64544634,0.134832346,-0.014234835,9.96E-05,0,0,0,0,0,0,0,0,0,0,0,0,0,9.50E-06,-0.003285063,0.036376957,0.02547299,-0.001362932,7.23E-06,0,0,0,0,0,0,0,0,0,0,0,0,0,0,8.73E-05,-0.000412582,-0.005157527,-0.004482288,-0.000656914,7.02E-05,0,0,0,0,0,0,0,0,0,0,0,0,0,0,0,0,0,0,0,0,0,0,0,0,0,0,0,0,0,0,0,0,0,0,0,0,0,0,0,0,0,0,0,0,0,0,0,0,0,0,0,0,0,0,0,0,0,0,0,0,0,0,0,0,0,0,0,0,0,0
0,0,0,0,0,0,0,0,0,0,0,0,0,0,0,0,0,0,0,0,0,0,0,0,0,0,0,0,0,0,0,0,0,0,0,0,0,0,0,0,0,0,0,0,0,0,0,0,0,0,0,0,0,0,0,0,0,0,0,0,0,0,0,0,0,0,0,0,0,0,0,0,0,0.000128523,-0.00226588,-0.001476052,1.56E-05,7.34E-06,0,0,0,0,0,0,0,0,0,0,0,0,0,3.37E-05,0.000846582,-0.011884446,-0.006586312,-0.016294135,-0.0086731,0.0009808,0,0,0,0,0,0,0,0,0,0,0,0,0,0.000289522,-0.010339316,0.037681594,0.505032033,0.431591265,0.038600524,-0.011545748,0.000412752,0,0,0,0,8.17E-06,-5.17E-05,-0.000842695,-0.005853928,-0.010504736,-0.005904139,-0.00083844,-5.17E-05,-0.006704112,0.010979237,0.564446878,0.95523332,0.81321492,0.490617477,-0.010131008,-0.004346235,0,0,0,0.000117158,0.000182218,-0.021414944,-0.041596297,0.004471434,0.047790555,0.004980229,-0.04111196,-0.032855571,-0.052438955,0.167175667,0.933392357,0.395392921,0.134261275,0.742303922,0.256112208,-0.018016489,0,0,0,0.000152868,-0.012736417,0.168266323,0.466661322,0.628754749,0.748622899,0.616771395,0.464366575,0.291702955,0.255968801,0.688313189,0.545256264,-0.052421279,-0.080110566,0.429402199,0.61287276,-0.015475558,0,0,0,-0.022045983,0.168992239,0.81086232,0.703960359,0.426333827,0.658357724,0.708397195,0.703542569,0.632479303,0.871287446,0.99009984,0.810771974,0.627813538,0.403334474,0.64901268,0.582177092,-0.017430045,0,0,0,-0.031004443,0.253163875,0.880752196,0.555966299,0.535167416,0.056781182,-0.002559726,-0.028075793,0.346299888,0.83064374,0.344515392,0.450947185,0.617372038,0.592747396,0.455897893,0.05152134,-0.007406216,0,0,0,0.00089764,-0.04033461,0.517228486,0.887010315,0.358470384,0.021226458,-0.027812755,0.115999609,0.739511302,0.33674023,-0.03279906,-0.030440955,-0.035635417,-0.033587316,-0.027354677,-0.005344105,0.000473856,0,0,0,-0.003106731,-0.005317014,0.62904016,0.461279436,-0.057862195,-0.027027536,0.074798877,0.699882156,0.535951704,-0.009289046,-0.005467646,0.000261404,0,0,0,0,0,0,0,0,-0.00255595,-0.010946181,0.626211465,0.580096456,-0.054611281,0.05788555,0.563053411,0.710254596,0.011282969,-0.007651637,0.000383698,1.70E-06,0,0,0,0,0,0,0,0,0.000224206,-0.019077989,0.249364277,0.839363256,0.495804058,0.739448725,0.639095367,0.088605443,-0.011570108,-0.000122396,0,0,0,0,0,0,0,0,0,0,0,-0.000892055,-0.014861043,0.312297675,0.675765455,0.375980358,0.02216619,-0.01497292,-4.81E-05,5.33E-05,0,0,0,0,0,0,0,0,0,0,0,0.000137102,-0.001440921,-0.014579912,-0.00711203,-0.017494853,-0.004688521,4.85E-06,4.14E-05,0,0,0,0,0,0,0,0,0,0,0,0,0,8.81E-05,-0.00059435,-0.003196771,-0.000563825,7.34E-05,0,0,0,0,0,0,0,0,0,0,0,0,0,0,0,0,0,0,0,0,0,0,0,0,0,0,0,0,0,0,0,0,0,0,0,0,0,0,0,0,0,0,0,0,0,0,0,0,0,0,0
0,0,0,0,0,0,0,0,0,0,0,0,0,0,0,0,0,0,0,0,0,0,0,0,0,0,0,0,0,0,0,0,0,0,0,0,0,0,0,0,0,0,0,0,0,0,0,0,0,0,0,0,0,0,0,0,0,0,0,0,0,0,0,0,0,0,0,0,0,0,0,0,0,0,0,0,0,0,0,0,0,0,0,0,0,0,0,0,0,0,0,0,0.000198117,-0.001457721,-0.008127145,-0.009862439,-0.003673407,0.000432922,0,0,0,0,0,0,7.65E-18,0.000478707,-0.005006213,-0.0204673,-0.021966061,-0.021769472,-0.009483932,0.000912309,-0.00240354,-0.01376554,0.021005549,0.034063419,-0.003190359,-0.005827983,0.000489345,0,0,0,0,4.90E-05,0.000106209,-0.016006689,0.036645306,0.212599194,0.229824857,0.227476511,0.088301334,-0.027653356,-0.015263391,0.301982792,0.673340601,0.726749574,0.437232094,-0.000931831,-0.005149612,0,0,0,0,0.000146753,-0.016997065,0.089091795,0.676973931,0.98949312,0.974224756,0.962212778,0.610906727,0.114612616,0.542321477,0.978110112,0.939191669,0.855719905,0.962198358,0.564268827,-0.019509668,0,0,0,0.00018711,-0.007395527,0.042437857,0.69240579,0.977899067,0.716683125,0.641562806,0.889525123,0.989368056,0.916942981,1.008834383,0.787184913,0.182213593,0.013232537,0.680049496,0.904060271,-0.020821419,0,0,0,-0.001692552,-0.010980494,0.428534518,1.020213542,0.636399561,0.04390173,-0.02614037,0.235734783,0.793022518,1.028990043,1.023535204,0.652070806,0.09739151,0.044126974,0.704236707,0.896790659,-0.020615809,0,0,0,-0.019042436,0.136257915,0.864095112,0.866418709,0.150301403,-0.035907423,0.025183636,0.447320006,0.988333095,0.802054432,0.494242795,0.775503472,0.906703585,0.916005123,1.036992647,0.603564418,-0.02121698,0,0,0,-0.038324569,0.320955729,0.974662684,0.41554599,-0.053747634,-0.052462938,0.271052083,0.979730818,0.939325861,0.249581989,-0.067149984,0.04876491,0.42678525,0.590860703,0.551700691,0.090707659,-0.010726614,0,0,0,-0.050825181,0.441946636,1.015993335,0.116879968,0.049243865,0.309668542,0.781327181,1.052482233,0.560288105,-0.024121316,-0.001156939,-0.011353033,-0.021104725,-0.001581468,-0.007710448,-0.007100032,0.000248155,0,0,0,-0.039707717,0.332001889,0.987240434,0.696227788,0.792803309,0.957687433,0.940292416,0.607077614,0.104720146,-0.012385587,0.000395418,0.000145527,-0.002263072,-0.005244417,-0.004491422,-0.00048561,8.00E-05,0,0,0,-0.005329175,0.037996919,0.224963065,0.375262374,0.846479354,0.836734914,0.225199568,0.002702053,-0.012882336,0.000555096,0,0,0,0,0,0,0,0,0,0,0.000895194,-0.00682598,-0.035494792,-0.025451304,0.143753234,0.104009451,-0.028446095,-0.006618107,0.000216605,2.85E-05,0,0,0,0,0,0,0,0,0,0,0,0,0.000188419,-0.000858864,-0.011534671,-0.009404223,-7.07E-05,3.45E-05,0,0,0,0,0,0,0,0,0,0,0,0,0,0,0,0,0,0,0,0,0,0,0,0,0,0,0,0,0,0,0,0,0,0,0,0,0,0,0,0,0,0,0,0,0,0,0,0,0,0,0,0,0,0,0,0,0,0,0,0,0,0,0,0,0,0,0,0,0,0
0,0,0,0,0,0,0,0,0,0,0,0,0,0,0,0,0,0,0,0,0,0,0,0,0,0,0,0,0,0,0,0,0,0,0,0,0,0,0,0,0,0,0,0,0,0,0,0,0,0,0,0,0,0,0,0,0,0,0,0,0,0,0,0,0,5.87E-05,-0.000565257,-0.005139314,-0.003891544,-0.000405331,7.54E-05,0,0,0,0,0,0,0,0,0,0,0,0,0,0.000865809,-0.006488017,-0.02460386,0.025651591,0.010549632,-0.026619792,-0.010178615,0.000645221,0,0,0,0,0,0,0,0,0,0,0,5.87E-05,-0.006518655,0.024430522,0.288003353,0.841708841,0.703270782,0.270820347,0.029218988,-0.014367664,0.001560525,-0.011220895,-0.022382217,-0.022052441,-0.014980341,-0.000825486,0.000204248,0,0,0,0,-0.000412071,-0.026912377,0.281925092,0.970891323,1.018468961,1.022140744,0.975541003,0.600350746,0.07004662,-0.038459925,0.107248264,0.234487337,0.23072789,0.14967533,-0.003458719,-0.001897808,0,0,0,0,-0.003437946,0.00217677,0.703263711,1.018445742,0.97744245,0.963691961,0.993220262,1.001257049,0.834681525,0.770149527,0.858073883,0.935978201,0.933588792,0.90156146,0.395910643,-0.017705658,0,0,0,0.000908646,-0.032698172,0.358784722,0.990384293,1.018121783,0.467974264,0.468379374,0.939445976,1.00500851,1.009257387,1.012697675,1.026101716,1.036701934,1.005192862,1.027735311,0.730038998,-0.021018859,0,0,0,-0.014463332,0.09277388,0.816585495,1.032704095,0.856862677,0.423200168,0.700168811,0.984071981,0.995593444,0.99398829,1.004992051,0.679112813,0.423447849,0.972119332,1.016269353,0.867576706,-0.020669935,0,0,0,-0.025803677,0.199957448,0.888783905,1.023610583,0.839096388,0.930263459,1.014995677,0.993228384,0.991894608,0.992803649,1.008807224,0.782078465,0.441631417,0.963723601,1.016512612,0.677854263,-0.020669935,0,0,0,-0.041988912,0.352811547,0.993952512,0.997037582,1.000909518,0.99781399,0.994726716,1.008285607,1.013254834,1.012916667,1.012375939,1.00881233,0.99045224,0.990361486,1.020571317,0.483903836,-0.02093716,0,0,0,-0.051996358,0.44599573,1.083021755,0.993899658,0.99128409,1.000374629,1.014633474,0.816547566,0.626267257,0.357419184,0.581610235,0.937064768,1.035332776,1.035356556,0.933817686,0.229644056,-0.017415209,0,0,0,-0.029579308,0.246401961,0.717865366,0.975678088,0.999282867,0.972934518,0.625515302,0.108177254,-0.034117136,-0.024395425,-0.020765324,0.353080831,0.723311836,0.750124234,0.423781676,-0.003443602,-0.004226239,0,0,0,-0.00030329,-0.013712827,0.230506383,0.959545088,1.021388293,0.627231836,0.021152557,-0.011956784,0.000357775,0.000326797,-0.003928091,-0.001008732,0.049553598,0.061208827,0.010636557,-0.006418409,0.000408497,0,0,0,0.000300844,-0.026591861,0.355953772,0.994930845,0.984113783,0.207908531,-0.029636778,6.59E-05,8.27E-05,0,0.000396233,-0.003198529,-0.011556985,-0.012966912,-0.004998775,0.000587012,0,0,0,0,0,-0.012796569,0.160276348,0.959570585,0.834535607,0.09250603,-0.014115605,0,0,0,0,0,0,0,0,0,0,0,0,0,0,2.28E-05,-0.015118269,0.158282479,0.289858088,0.038927146,-0.005848212,0,0,0,0,0,0,0,0,0,0,0,0,0,0,0.000116932,-0.000688487,-0.018743532,-0.016280127,-0.00144562,0.000263821,0,0,0,0,0,0,0,0,0,0,0,0,0,0,0,0,0,0,0,0,0,0,0,0,0,0,0,0,0,0,0
0,0,0,0,0,0,0,0,0,0,0,0,0,0,0,0,0,0,0,0,0,0,0,0,0,0,0,0,0,0,0,0,0,0,0,0,0,0,0,0,0,0,0,0,0,0,0,0,0,0,0,0,0,0,0,0,0,0,0,0,0,0,0,0,0,0,0,0,0,0,0,0,0,0,0,0,0,0,0,0,0,0,0,0,0,0,0,0,0,0,0,0,0,0,0,0,0,0,0,0,0,0,0,0,2.15E-18,-1.25E-17,-1.01E-16,-9.22E-17,7.76E-18,-8.46E-17,-1.28E-16,-1.28E-16,-3.08E-16,-2.64E-16,-1.05E-16,-1.51E-18,6.22E-19,0,0,0,0,0,8.15E-06,0.000204929,-0.003933313,-0.015381093,-0.02053462,-0.019674256,-0.012358047,-0.017724673,-0.021204555,-0.019722052,-0.016219443,-0.018435798,-0.02061666,-0.010734954,-0.001043879,0.000175288,0,0,0,0,0.000480838,-0.004978802,-0.005428387,0.105185751,0.25917358,0.238107767,0.056047009,0.209227389,0.30548736,0.31943872,0.496947382,0.462305739,0.275777859,0.04998631,-0.023715961,-0.003381321,0.000419877,0,0,0,-0.003638254,0.007686887,0.4406955,0.885924037,0.985923049,0.974478194,0.77870881,0.943648829,0.93215562,0.628931662,0.454665067,0.580332618,0.906358371,0.765747328,0.293773778,-0.006864342,-0.003054194,0,0,0,-0.035743345,0.291222699,1.011160114,0.948802202,0.561684964,0.921958355,1.042508357,0.885371136,0.200312653,-0.00627965,-0.045887822,-0.010162105,0.181670922,0.745349163,0.951038824,0.294934522,-0.017742885,0,0,0,-0.029113774,0.238729694,0.784354677,0.892920071,0.853877808,1.020782649,1.004255208,0.886909535,0.167957448,-0.034850422,0.002122926,-0.004556015,-0.055260025,0.210563402,1.000442096,0.72886815,-0.021364719,0,0,0,-0.007016021,0.039272161,0.46149983,0.999067232,0.970877213,0.570752178,0.449818015,0.95977691,0.784567555,0.109338031,-0.037792827,-0.021904633,-0.041028374,0.38494533,1.012258732,0.41983548,-0.019815666,0,0,0,-0.023243736,0.192115792,0.612129245,0.568693813,0.233754178,0.00288533,-0.02576456,0.286185218,0.728927751,0.791796519,0.541211133,0.470641314,0.567801863,0.839152127,0.528390897,0.015427787,-0.007058925,0,0,0,0.000297583,-0.002111588,-0.013093682,-0.021101409,-0.018599707,-0.005908001,-0.003193764,-0.027925177,0.043259293,0.384353299,0.664006886,0.681446351,0.552898097,0.229771191,-0.008429756,-0.007025125,0.000382966,0,0,0,0,0,0,0,0,0,0,0.000865502,-0.005798952,-0.032160182,0.004838996,0.010814423,-0.032363647,-0.023289709,-0.001030178,0.000244588,0,0,0,0,0,0,0,0,0,0,0,0,3.06E-05,-0.000199142,-0.006344625,-0.007105086,-0.001621936,0.000226103,0,0,0,0,0,0,0,0,0,0,0,0,0,0,0,0,0,0,0,0,0,0,0,0,0,0,0,0,0,0,0,0,0,0,0,0,0,0,0,0,0,0,0,0,0,0,0,0,0,0,0,0,0,0,0,0,0,0,0,0,0,0,0,0,0,0,0,0,0,0,0,0,0,0,0,0,0,0,0,0,0,0,0,0
0,0,0,0,0,0,0,0,0,0,0,0,0,0,0,0,0,0,0,0,0,0,0,0,0,0,0,0,0,0,0,0,0,0,0,0,0,0,0,0,0,0,0,0,0,0,0,0,0,0,0,0,0,0,0,0,0,0,0,0,0,0,0,0,0,0,0,0,0,0,0,0,0,0,0,0,0,0,0,0,0,0,0,0,0,0,0,0,0,0,0,0,0,0,0,0,0,0,0,0,0,0,0,0,7.65E-18,0.000553173,-0.005659382,-0.028645727,-0.031805726,-0.027191415,-0.002305453,0.000806781,-0.005051856,-0.030381519,-0.048201338,-0.048904718,-0.024208963,-0.001485365,0.000348924,0,0,0,0,3.68E-05,0.000260417,-0.015580916,0.043938589,0.314218744,0.363491285,0.302510042,0.007298475,-0.030098039,0.036653027,0.330745932,0.547534807,0.555646957,0.258880974,0.003385852,-0.003543709,0,0,0,0,0.000269047,-0.018448188,0.076193354,0.662534939,0.936538137,0.706678862,0.822891987,0.599019778,0.405864569,0.658464867,0.972452628,0.81866419,0.824444512,0.928422353,0.344259608,-0.018449105,0,0,0,5.01E-05,-0.005670496,0.035433024,0.696777216,0.866739668,0.346978177,-0.042217031,0.190894421,0.758516187,1.042465567,0.947076811,0.461361077,0.030234443,0.004646429,0.722758715,0.774718214,-0.021065155,0,0,0,0.000210754,-0.03215785,0.485172692,0.961375272,0.288009327,-0.043556571,-0.017581325,0.072097307,0.808609664,1.013346252,0.910930048,0.234291548,-0.034734801,0.003973312,0.687169441,0.851509179,-0.021240639,0,0,0,-0.010822633,0.06043253,0.799713303,0.609649033,-0.02835769,-0.012497045,0.003836448,0.673548271,0.93181793,0.355760927,0.398051632,0.823456784,0.624159654,0.709713678,0.826383919,0.211899213,-0.014902301,0,0,0,-0.031500958,0.257737558,0.913781676,0.301084984,-0.025705355,-0.013818909,0.426864805,0.946857298,0.351442232,-0.014576474,-0.02491419,0.256796773,0.708177509,0.707971235,0.207119366,-0.025746657,-0.000733592,0,0,0,-0.048731382,0.422578761,0.999815234,0.053662679,-0.038984363,0.183022559,0.941202883,0.61731165,-0.004395866,-0.006399148,-0.001552349,-0.022553351,0.031827382,0.031363479,-0.017691747,-0.000411275,0.000167135,0,0,0,-0.051486283,0.447740928,1.034593784,0.021130481,0.086003574,0.750272376,0.860631042,0.114942215,-0.02478639,0.000272161,0.000122294,-0.000685764,-0.008836125,-0.008836125,-0.000685764,0.000122294,0,0,0,0,-0.023349232,0.198896327,0.539502911,0.018365979,0.587852175,0.971690973,0.271350422,-0.022218988,-0.000324755,0,0,0,0,0,0,0,0,0,0,0,0.000792874,-0.008670615,-0.030800211,0.486198053,0.994667416,0.347580867,-0.029517378,-0.001354933,0.000220588,0,0,0,0,0,0,0,0,0,0,0,8.68E-05,-0.015354779,0.199780807,0.895987422,0.506961703,0.011540364,-0.00688768,0.000103401,0,0,0,0,0,0,0,0,0,0,0,0,0,-0.011633087,0.194950777,0.299839251,-0.000931016,-0.011571018,0.000701154,0,0,0,0,0,0,0,0,0,0,0,0,0,0,0.000437092,-0.006717388,-0.018607026,-0.005431985,0.000660389,0,0,0,0,0,0,0,0,0,0,0,0,0,0,0,0,0,0,0,0,0,0,0,0,0,0,0,0,0,0,0,0
0,0,0,0,0,0,0,0,0,0,0,0,0,0,0,0,0,0,0,0,0,0,0,0,0,0,0,0,0,0,0,0,0,0,0,0,0,0,0,0,0,0,0,0,0,0,0,0,0,0,0,0,0,0,0,0,0,0,0,0,0,0,0,1.38E-05,-0.000189798,-0.000869792,-0.000323274,3.79E-05,0,0,0,0,0,0,0,0,0,0,0,0,0,0,0.00024948,-0.001138174,-0.021776501,-0.027704861,-0.024899901,-0.003670458,0.000471814,0,0,0,0,0,0,0,0,0,0,0,0,0,-0.00072602,-0.005044084,0.191458674,0.418324568,0.255802271,-0.013074936,-0.003552815,3.19E-05,2.80E-19,0,0,5.60E-18,-1.02E-16,-1.15E-17,9.33E-19,0,0,0,0,0,-0.01894297,0.140645765,0.77089117,0.659484375,0.755668045,0.459667071,-0.031529395,-0.005216248,0.000522025,0.00027965,-0.003352221,-0.015223141,-0.02047692,-0.016285914,-0.002302049,0.000334271,0,0,0,0,-0.047714788,0.429417506,0.694501906,0.003399491,0.132087087,0.724485078,0.481114253,-0.015925224,-0.006797674,-0.005067313,-0.003075001,0.10098452,0.284563715,0.126281083,-0.010766428,-0.00363069,0.000322041,0,0,0,-0.050288207,0.459849299,0.601090976,-0.012919339,-0.029233064,0.131653418,0.737132064,0.435015642,-0.020255991,-0.010583112,0.387943164,0.752027182,0.771645323,0.812044798,0.323640319,-0.011131578,-0.002304092,0,0,0,-0.050056255,0.457218546,0.607112234,-0.006526978,-0.002674786,-0.021540024,0.128526433,0.751766782,0.326979745,0.424399952,0.754176603,0.238029412,0.055307904,0.368750868,0.794019472,0.082581971,-0.014040373,0,0,0,-0.038291957,0.338800926,0.663947338,0.010439747,-0.003239583,-0.000405405,-0.029734783,0.267340516,0.884225609,0.886829402,0.221207333,-0.036094312,-0.025762204,0.01309472,0.693460018,0.467767026,-0.020328329,0,0,0,-0.012482165,0.085207142,0.670972478,0.126825214,-0.01127885,-0.010680533,-0.024756961,0.027843188,0.834301675,0.937403595,0.289211151,-0.033914335,-0.02152245,-0.058798237,0.477481686,0.831214959,-0.016829385,0,0,0,0.000417377,-0.02697867,0.393771486,0.445289854,-0.01548719,0.067011243,0.276652348,0.543788472,0.530411843,0.415388488,0.818969371,0.537981992,0.340164214,0.154619002,0.621665155,0.759034837,-0.017823536,0,0,0,8.97E-05,-0.007546126,0.098507132,0.386687126,0.109510025,0.644899906,0.739300126,0.409018655,0.014671194,-0.033739532,0.174695929,0.605475728,0.794629698,0.919555981,0.713264093,0.202267097,-0.011982571,0,0,0,0,0.000376838,-0.007432955,-6.00E-05,0.045427083,0.211616254,0.10910078,-0.029128864,-0.005071181,0.000901161,-0.019821399,-0.001842235,0.089966827,0.189091469,0.06503656,-0.021010813,1.45E-05,0,0,0,0,2.76E-05,-0.000240809,-0.003445772,-0.005537071,-0.026994925,-0.017507966,-0.000695159,0.000226103,2.14E-05,0.000365966,-0.005157782,-0.016071998,-0.027145527,-0.012926471,0.000171518,0.00010723,0,0,0,0,0,0,0,0,0,0,0,0,0,0,0,0,0,0,0,0,0,0,0,0,0,0,0,0,0,0,0,0,0,0,0,0,0,0,0,0,0,0,0,0,0,0,0,0,0,0,0,0,0,0,0,0,0,0,0,0,0,0,0,0,0,0,0,0,0,0,0,0,0,0,0,0,0,0,0,0,0
0,0,0,0,0,0,0,0,0,0,0,0,0,0,0,0,0,0,0,0,0,0,0,0,0,0,0,0,0,0,0,0,0,0,0,0,0,0,0,0,0,0,0,0,0,0,0,0,0,0,0,0,0,0,0,0,0,0,0,0,0,0,0,0,3.22E-05,-4.16E-05,-0.00314951,-0.003745516,-0.000467525,4.04E-05,9.19E-07,3.73E-05,-0.000131059,-0.003043709,-0.004929892,-0.004847631,-0.004783497,-0.001187069,9.55E-05,0,0,0,0,6.43E-05,5.06E-05,-0.01552228,0.002335069,0.007910178,-0.024827921,-0.005087912,0.000727635,0.000315394,-0.017877923,-0.000441925,0.023596116,0.022581563,0.021015455,-0.013872379,-0.000402539,0,0,0,0,-0.000370455,-0.007960155,0.110190121,0.613043301,0.694725534,0.268460955,0.007375017,-0.00489505,-0.026556202,0.137316508,0.614796875,0.818876021,0.823118056,0.805460495,0.336758116,-0.016178343,0,0,0,0,-0.002612592,-0.006436121,0.590573512,1.032481873,1.048196177,0.969819598,0.364977516,-0.043909109,0.148661322,0.785589509,1.05308204,0.975912633,0.820011097,1.013962163,0.842144837,-0.021001328,0,0,0,0,-0.010393023,0.117424025,0.9457063,0.725735005,0.435330764,0.925897691,0.898438031,0.214987737,0.714171915,1.028283954,0.687574718,0.232567007,0.192594693,0.897110646,0.869604966,-0.020669935,0,0,0,0.000541763,-0.034297692,0.463156948,0.966930522,0.298102567,-0.05704391,0.453832125,0.978246,0.854486792,1.007668964,0.797069643,0.07334792,-0.057738051,0.306135808,1.013676437,0.677993593,-0.020763378,0,0,0,-0.007947495,0.032347971,0.777987217,0.864195381,0.121480954,-0.036314867,0.08792053,0.804158871,1.037400718,0.960924598,0.293222402,-0.034923339,0.010947985,0.711051249,1.014178156,0.2959133,-0.019956597,0,0,0,-0.022217195,0.166268536,0.894968222,0.763404599,0.028333691,-0.022407464,0.055701406,0.750034978,1.056093597,0.589188572,-0.009822028,-0.040217082,0.373869196,1.031972529,0.723120779,0.035649196,-0.010059062,0,0,0,-0.041125922,0.346468886,1.004527097,0.510378404,-0.055455678,-0.02110537,0.485103418,1.005196555,1.041752962,0.605569376,-0.013292789,0.274262544,0.915633425,0.907131876,0.226950044,-0.023281817,-0.000483218,0,0,0,-0.051559048,0.445562384,1.061549196,0.470043533,0.036788315,0.312310708,0.953404587,1.011901964,0.979834172,0.933919615,0.476572636,0.933601803,0.9846855,0.302622702,-0.023481309,-0.001109344,0.000114141,0,0,0,-0.037453019,0.310466725,0.964755396,0.902652965,0.808038705,0.916785819,0.982508221,0.569537207,0.488005974,1.011722818,1.048841177,0.927777522,0.414979082,-0.018887919,-0.003686121,0.000256818,0,0,0,0,-0.032034976,0.258472886,0.933803547,1.023114328,1.029867749,1.004917299,0.528704385,0.01306507,0.059627638,0.544863443,0.651517196,0.280569853,-0.011968376,-0.004881825,0.000150071,0,0,0,0,0,-0.04629,0.394377417,1.006365366,0.976033139,0.935233439,0.502130485,0.017083282,-0.011763974,-0.004929977,-0.002806032,0.00298972,-0.016528629,-0.004546535,0.000517157,3.68E-06,0,0,0,0,0,-0.012836003,0.107190308,0.314792858,0.327420343,0.249634566,-0.00060894,-0.008673424,0.000260366,-0.000239481,-0.002627859,-0.003347601,-0.000859886,8.17E-05,0,0,0,0,0,0,0,0.001581638,-0.013246912,-0.038145204,-0.039304146,-0.031134075,-0.003170192,0.000517712,0,0,0,0,0,0,0,0,0,0,0,0,0,0,0,0,0,0,0,0,0,0,0,0,0,0,0,0,0,0,0,0,0,0,0,0,0,0,0,0,0,0,0,0,0,0,0,0,0,0,0
0,0,0,0,0,0,0,0,0,0,0,0,0,0,0,0,0,0,0,0,0,0,0,0,0,0,0,0,0,0,0,0,0,0,0,0,0,0,0,0,0,0,0,0,0,0,0,0,0,0,0,0,0,0,0,0,0,0,0,0,0,0,0,0,0,0,0,0,0,0,0,0,0,0,1.19E-05,-9.92E-05,-0.000222784,-7.80E-06,2.55E-06,0,0,0,0,0,0,0,0,0,0,0,0,0,0,8.55E-05,-2.14E-05,-0.017009838,-0.028758153,-0.023230555,0.000572066,0,0,0,0,0,0,1.05E-17,-1.15E-16,-2.56E-16,-1.33E-16,1.21E-17,0,2.23E-18,0.000326118,-0.001944376,-0.035034416,0.118934113,0.249568798,0.162465418,-0.004528867,0,0,0,0,0,0.000260417,-0.001219533,-0.015167143,-0.021629435,-0.018183381,-0.006487949,0.000211908,0.000335818,-0.006443378,-0.005723022,0.360235583,0.823133868,0.977762051,0.791792834,-0.019456699,0,0,0,0,1.10E-05,-0.001019017,-0.012637173,0.221895204,0.450298697,0.27637581,-4.72E-05,-0.013341232,-0.009327704,-0.019907773,0.420425601,0.829370372,0.810753757,1.015110795,0.709928199,-0.021453127,0,0,0,0,5.48E-05,-0.021091197,0.122078193,0.846586686,0.97037084,0.907967048,0.592636608,0.062813981,-0.005668692,0.418589455,0.916564355,0.477807955,0.613042739,0.880751991,0.218703443,-0.016090176,0,0,0,0,-0.00169858,-0.018284092,0.508991456,0.948865213,0.275651047,0.367552083,0.882267872,0.70887049,0.519957806,0.990326203,0.90819824,0.791279037,0.875208401,0.249786169,-0.017996634,-0.00199006,0,0,0,5.59E-18,-0.012830831,0.168359307,0.91655593,0.394037173,-0.049123915,-0.034693117,0.215527948,0.943008,1.007297777,0.977337077,0.880493039,0.693903595,0.275645952,-0.029022621,-0.003105356,0.000346201,0,0,0,0.000693001,-0.0383734,0.526880344,0.824850933,0.086620881,-0.025106702,-0.006008647,0.369421194,0.905776025,0.565318491,0.30424288,0.193778697,0.010028033,-0.02246812,-0.000173458,0.00012474,0,0,0,0,-0.010230612,0.056578615,0.772611627,0.461361729,-0.034523002,-0.013523099,0.307557342,0.896480644,0.412496875,-0.002019435,-0.041587923,-0.025480514,-0.005202397,0.000383596,1.59E-05,0,0,0,0,0,-0.041183401,0.357697542,0.834628966,0.046333759,0.026243039,0.521819365,0.899406795,0.446830525,0.006544645,-0.010317606,0.000384717,3.23E-05,0,0,0,0,0,0,0,0,-0.049871183,0.437951934,0.893196998,0.405603179,0.669083452,0.986134194,0.464448819,-0.019953057,-0.009317317,0.000334457,0,0,0,0,0,0,0,0,0,0,-0.013297868,0.099076168,0.520176743,0.614513634,0.787748434,0.385116298,-0.01786329,-0.006863358,0.000705882,0,0,0,0,0,0,0,0,0,0,0,0.000934328,-0.008021957,-0.020351426,-0.006842967,0.000772757,-0.015902956,-0.002331325,0.000206801,0,0,0,0,0,0,0,0,0,0,0,0,0,7.95E-05,-0.001196853,-0.002858424,-0.00469936,-0.000924656,9.38E-05,0,0,0,0,0,0,0,0,0,0,0,0,0,0,0,0,0,0,0,0,0,0,0,0,0,0,0,0,0,0,0,0,0,0,0,0,0,0,0,0,0,0,0,0,0,0,0,0,0,0,0
0,0,0,0,0,0,0,0,0,0,0,0,0,0,0,0,0,0,0,0,0,0,0,0,0,0,0,0,0,0,0,0,0,0,0,0,0,0,0,0,0,0,0,0,0,0,0,0,0,0,0,0,0,0,0,0,0,0,0,0,0,0,0,0,0,0,0,0,0,0,3.06E-05,-0.000240502,-0.004585423,-0.005385723,-0.004237694,-0.001406403,-0.002263327,-0.00026278,4.14E-05,0,0,0,0,0,0,0,0,0,0,0.000369485,-0.002117443,-0.018273693,0.019518263,0.029022263,0.015433092,-0.01752691,0.000840533,0.001514767,-0.000124081,0,0,0,0,7.16E-19,5.27E-18,0.00025531,-0.002178649,-0.012705862,-0.031169152,-0.014478724,-0.020911169,0.163176794,0.775057003,0.865750255,0.735581393,0.409589495,0.433952393,0.022480959,-0.006871426,0,0,0,0,7.46E-05,-0.000144336,-0.016806917,0.003709661,0.124176892,0.334658395,0.102541258,0.376848839,0.821834184,1.010669,1.012244383,1.005049973,0.998659535,0.896934896,0.246465527,-0.016101239,0,0,0,0,-5.77E-05,-0.027052437,0.273752072,0.699067659,0.893387967,0.967461579,0.891955281,0.969790928,1.010644287,1.000583266,0.974073112,1.003166198,0.994637245,1.024188085,0.674240451,-0.021077073,0,0,0,0.001057845,-0.023789879,0.178061632,0.821242034,1.026189866,1.007744453,1.000359137,1.008340822,0.999651586,1.008102873,0.680413507,0.422512425,0.941804705,1.002225116,1.01316636,0.692518089,-0.020681849,0,0,0,-0.016263096,0.113013038,0.768684419,1.024801743,0.991900225,0.994883413,0.992156863,0.992156863,0.992156863,1.007522808,0.564534212,0.343494894,0.882312994,1.008910233,1.013176062,0.564961817,-0.02068219,0,0,0,-0.041192776,0.344775701,0.998168096,0.999579623,0.992064134,0.975063491,0.992156863,0.992156863,0.992156863,0.992408258,0.984954649,0.981295428,0.990153969,0.9925032,1.015704827,0.66454408,-0.020757421,0,0,0,-0.043363499,0.365781624,1.003094822,0.996776144,0.992156556,0.878224356,0.992139502,0.991991081,0.996936955,1.001864277,0.997296278,1.005787054,1.003016306,1.009744043,0.961927764,0.221867909,-0.018715278,0,0,0,-0.051007427,0.437913745,1.053807954,0.991027475,0.992156863,0.969831681,0.991787228,0.99992591,0.991237414,0.951087705,1.01322783,0.947610625,0.961974254,0.825121649,0.26196092,-0.01741892,-0.0022548,0,0,0,-0.046594105,0.395071232,1.045915033,1.002219924,0.993090022,0.994931923,0.99629856,0.959426539,0.489892395,0.286746119,0.504739411,0.279392787,0.285385263,0.146584031,-0.029149561,-0.0022548,0.000352328,0,0,0,-0.012377808,0.091972699,0.461707006,0.943991949,1.007038058,1.001131833,1.033534348,0.613478248,-0.00711009,-0.030723601,-0.031979859,-0.026382166,-0.026848022,-0.014679075,0.000915288,0,0,0,0,0,0.001211528,-0.012000953,-0.020783803,0.21646795,0.696525225,0.96921713,0.942697559,0.360647042,-0.025744179,-0.000952206,-0.001420142,6.13E-06,0,0,0,0,0,0,0,0,1.96E-05,-2.66E-05,-0.001436887,-0.0302548,0.115795632,0.314233572,0.240036237,0.069854405,-0.008562977,-2.71E-05,0,0,0,0,0,0,0,0,0,0,0,0,0,0.001467531,-0.016138763,-0.037914164,-0.030203824,-0.009440708,0.00099466,9.78E-06,0,0,0,0,0,0,0,0,0,0,0,0,0,0,0,0,0,0,0,0,0,0,0,0,0,0,0,0,0,0,0,0,0,0,0,0,0,0,0,0,0,0,0,0,0,0,0,0
0,0,0,0,0,0,0,0,0,0,0,0,0,0,0,0,0,0,0,0,0,0,0,0,0,0,0,0,0,0,0,0,0,0,0,0,0,0,0,0,0,0,0,0,0,0,0,0,0,0,0,0,0,0,0,0,0,0,0,0,0,0,0,0,0,0,0,0,0,0,0,0,0,0,0,0,0,0,0,0,0,0,0,0,0,0,0,0,0,0,0,0,0,7.81E-05,-0.001274203,-0.00271538,8.58E-06,1.47E-05,0,0,0,0,1.24E-19,3.45E-05,0.000762102,-0.01259489,-0.032836754,-0.031903085,-0.030666616,-0.00846652,0.000861673,5.83E-05,0.000961793,-0.013390097,-0.027633,-0.022534263,-0.032266595,-0.016251665,0.000659552,0,0,0,2.85E-05,0.000242119,-0.023776978,0.122158139,0.353669067,0.343025237,0.328929483,0.075364328,-0.026948955,-0.006913211,-0.028629336,0.122816415,0.438893297,0.546004357,0.345762987,0.165889877,-0.007088269,0,0,0,0.000493855,-0.019351824,0.199391688,0.808464868,1.002748257,1.004321097,1.000342781,0.751635448,0.263248729,-0.000631667,0.228950598,0.780517067,1.02690407,1.023650483,0.98608385,0.576475165,-0.020153241,0,0,0,-0.007371489,0.025260093,0.781162446,1.038782697,0.818743719,0.70413808,0.792496596,1.014659024,0.917960733,0.601504221,0.929448266,1.033624864,0.796042773,0.702150089,1.029701014,0.867419014,-0.020836737,0,0,0,-0.037051894,0.306146055,0.980117732,0.900291837,0.227444768,0.02170823,0.092757659,0.592800466,1.002827614,1.033878898,0.996630709,0.640760366,0.128916854,0.573776433,1.043909875,0.794371289,-0.02094567,0,0,0,-0.050361176,0.432814713,1.071573955,0.63120338,-0.008257864,-0.02330366,-0.0241835,0.25236203,0.916282118,1.012302049,1.004837349,0.790409399,0.579242936,0.96274857,0.980540696,0.340232376,-0.019161901,0,0,0,-0.049743182,0.428818627,1.048685985,0.398035658,-0.055780433,0.007113839,0.390417586,0.896038603,1.016044407,0.888817351,0.897022254,1.028488868,1.044518638,0.998579963,0.557916173,0.011336608,-0.007063589,0,0,0,-0.050608357,0.434249045,1.069779072,0.817361196,0.427094272,0.728171262,0.996565774,1.014532191,0.692871027,0.152824708,0.153100151,0.502548986,0.643770943,0.387853142,0.022438513,-0.006363928,0.000111593,0,0,0,-0.043306836,0.366458589,0.977725048,1.031535846,1.037368362,0.906513884,0.870901808,0.491033769,0.029757353,-0.021618634,-0.016611295,-0.020795888,-0.020881332,-0.019730222,-0.007871392,0.000197199,5.96E-05,0,0,0,-0.007846806,0.060648761,0.251001923,0.585313419,0.482501838,0.167309153,0.145360958,0.019680845,-0.010620387,0.000365145,0,0,0,0,0,0,0,0,0,0,0.001181362,-0.010138685,-0.026132847,-0.002526825,-0.012679058,-0.025918379,-0.022755208,-0.006501532,0.000625306,1.01E-05,0,0,0,0,0,0,0,0,0,0,0,3.09E-05,-0.000342269,-0.002820261,-0.001937092,4.57E-05,1.38E-05,0,0,0,0,0,0,0,0,0,0,0,0,0,0,0,0,0,0,0,0,0,0,0,0,0,0,0,0,0,0,0,0,0,0,0,0,0,0,0,0,0,0,0,0,0,0,0,0,0,0,0,0,0,0,0,0,0,0,0,0,0,0,0,0,0,0,0,0,0,0,0
0,0,0,0,0,0,0,0,0,0,0,0,0,0,0,0,0,0,0,0,0,0,0,0,0,0,0,0,0,0,0,0,0,0,0,0,0,0,0,0,0,0,0,0,0,0,0,0,0,0,0,0,0,0,0,0,0,0,0,0,0,0,0,0,0,0,0,6.11E-05,-0.000577002,-0.000405944,4.60E-05,0,0,0,0,0,0,0,0,0,0,0,0,0,0,0.000145527,-0.001030944,-0.014936611,-0.026902948,-0.025808007,-0.008199755,0.000553309,0,0,0,0,0,0,0,0,0,0,0,0,0.000145527,-0.001028476,-0.009292279,0.068307567,0.322043522,0.270649272,0.02415579,-0.006832176,-0.002073906,-0.019370404,-0.02986409,-0.00679296,0.000491473,7.82E-18,0,0,0,0,0,3.22E-05,-0.001289828,-0.014016544,0.20172326,0.746210288,0.89560209,0.905979694,0.517757166,-0.00596892,0.002495991,0.204670309,0.331916445,0.060017872,-0.010440751,0.000595165,0,0,0,0,0,8.42E-05,-0.022652205,0.137355302,0.840345838,0.805428271,0.171131493,0.400281515,0.924644141,0.454517991,0.616877893,0.934355883,0.917892344,0.696758523,0.068798816,-0.014184708,0.000236436,0,0,0,0,-0.00354233,0.008216061,0.639639825,0.850585563,0.14281095,-0.03332804,-0.017973822,0.503291684,1.032535471,0.993069755,0.530584269,0.222187228,0.769119707,0.364714784,-0.046108699,-0.003468818,0.00018127,0,0,0,-0.017540237,0.251601494,0.964959167,0.383403816,-0.039183737,-0.009101426,-0.024818832,0.541281744,1.028031999,0.874323713,0.142747872,-0.069525701,0.289816755,0.796324755,0.436087977,-0.011026348,-0.000405093,0,0,0,-0.036047181,0.606879545,0.845465482,0.096951236,-0.025625178,0.026442759,0.386261421,0.940265217,0.507427373,0.462484153,0.762337946,0.461655739,0.046597426,0.410157969,0.968874723,0.374732094,-0.034109477,0,0,0,-0.044224265,0.765559947,0.770296926,-0.028421126,-0.023041848,0.407859171,1.006362473,0.613269063,0.009121136,-0.019683513,0.262344686,0.682011761,0.743204912,0.752922964,1.01340333,0.468677066,-0.042633868,0,0,0,-0.044557091,0.773235379,0.759253937,-0.083917271,0.214546167,0.972053303,0.630783736,0.037523236,-0.013478914,-0.001996574,-0.027993253,0.029113876,0.282741565,0.324511044,0.272221944,0.071004885,-0.006793275,0,0,0,-0.033627145,0.55937357,0.850418096,0.372916275,0.855657824,0.846117987,0.118495472,-0.028426385,0.00048075,8.56E-05,-0.000311989,-0.00806764,-0.020126974,-0.020988392,-0.020475962,-0.007862711,0.000727635,0,0,0,-0.005193219,0.042927764,0.54343207,1.066366932,0.946708332,0.253550279,-0.019122515,-0.000714069,8.94E-06,0,0,0,0,0,0,0,0,0,0,0,0.000660284,-0.030306492,0.115128898,0.673989617,0.370902786,-0.026551045,-0.001415322,0.000242647,0,0,0,0,0,0,0,0,0,0,0,0,7.20E-06,0.001100541,-0.011493992,-0.01253462,-0.015039848,-0.0011146,9.06E-05,0,0,0,0,0,0,0,0,0,0,0,0,0,0,0,0.00025478,-0.002904488,-0.00094581,0.000101912,0,0,0,0,0,0,0,0,0,0,0,0,0,0,0,0,0,0,0,0,0,0,0,0,0,0,0,0,0,0,0,0,0,0,0,0,0,0,0,0,0,0,0,0,0,0,0,0,0,0,0
0,0,0,0,0,0,0,0,0,0,0,0,0,0,0,0,0,0,0,0,0,0,0,0,0,0,0,0,0,0,0,0,0,0,0,0,0,0,0,0,0,0,0,0,0,0,0,0,0,0,0,0,0,0,0,0,0,0,0,0,0,0,0,0,0,0,0,0,0,0,0,0,5.75E-05,3.24E-05,-0.008543147,-0.028590022,-0.038284824,-0.01716843,0.000809845,0,0,0,0,0,0,0,0,0,0,0,0,0.000122549,-0.00039338,-0.017829878,0.090731754,0.462856499,0.634191653,0.25676491,-0.013177424,0,0,0,0,0,0,0,0,0,0,0,2.46E-18,-0.000120847,-0.018206878,0.116975184,0.823288331,0.90339488,0.925073461,0.686320642,-0.021328295,0,0,0,0,0,0.00018076,-0.000771208,-0.011387527,-0.014055685,-0.01003251,-0.002455406,-0.000177696,-0.019206495,0.081522309,0.760263446,0.781374166,0.199122617,0.630260315,0.907406224,-0.020779888,0,0,0,0,5.01E-05,-0.000542273,-0.011210458,0.055491827,0.080540698,0.043817669,-0.0247015,-0.038292976,-0.000647072,0.601695763,0.914842495,0.203008302,-0.095349829,0.457773752,0.865022686,-0.016571039,0,0,0,0,-0.000312602,-0.016210444,0.164217797,0.769103503,0.863172601,0.739330116,0.496961346,0.340153067,0.570017242,0.90086299,0.239919543,-0.052072355,0.024851699,0.735817487,0.606032724,-0.020749762,0,0,0,9.54E-05,-0.003452257,-0.009395918,0.623681985,0.796109188,0.449963668,0.516796143,0.668237694,0.955367987,1.020475286,0.916103655,0.459048271,0.511949823,0.697536135,0.828526774,0.131558657,-0.014693968,0,0,0,0.000838938,-0.013455933,0.032468222,0.797685594,0.492085376,-0.052262477,-0.033791343,0.224513191,0.949421756,0.689636268,0.643343677,0.749947576,0.710827155,0.456900259,0.104562585,-0.010686122,-0.000897161,0,0,0,-0.019837349,0.155435151,0.639870728,0.972380583,0.464665424,-0.031986823,-0.018429926,0.686634702,0.812395306,0.082471933,-0.022476781,0.024621221,0.001074823,-0.027854626,-0.009433007,-0.000321787,0.000117953,0,0,0,-0.045023807,0.379820058,1.061201269,0.900272241,0.203563909,-0.056487531,0.303053653,0.897388865,0.27920947,-0.025236028,-0.002824819,-0.006852146,-0.004231788,5.99E-05,1.83E-05,0,0,0,0,0,-0.016273287,0.110040679,0.8545577,0.810946572,0.029148148,0.122996413,0.856962384,0.555907475,-0.019936547,-0.002642804,9.38E-05,0,0,0,0,0,0,0,0,0,2.85E-05,-0.042714886,0.738057802,0.667152846,0.117748009,0.753262539,0.841777301,0.11792356,-0.020327989,4.19E-05,0,0,0,0,0,0,0,0,0,0,0.000146753,-0.026791769,0.397616251,0.897441279,0.875331393,0.891852486,0.249110686,-0.01878976,-0.00091636,1.84E-05,0,0,0,0,0,0,0,0,0,0,0,-0.004874387,0.04302548,0.529831938,0.645376736,0.198278199,-0.019044254,-0.00056044,0.000138787,0,0,0,0,0,0,0,0,0,0,0,0,0.000514706,-0.011102534,0.006672119,0.024669958,-0.026257361,-0.000588541,8.15E-05,0,0,0,0,0,0,0,0,0,0,0,0,0,1.17E-05,0.000342286,-0.005425688,-0.007840584,6.37E-05,6.30E-05,0,0,0,0,0,0,0,0,0,0,0,0,0,0,0,0,0,0,0,0,0,0,0,0,0,0,0,0,0,0,0
0,0,0,0,0,0,0,0,0,0,0,0,0,0,0,0,0,0,0,0,0,0,0,0,0,0,0,0,0,0,0,0,0,0,0,0,0,0,0,0,0,0,0,0,0,0,0,0,0,0,0,0,0,0,0,0,0,0,0,0,0,0,0,0,1.56E-05,-3.21E-05,-0.001348907,-0.002882424,-0.00180627,-5.70E-05,2.21E-05,0,0,0,0,0,0,0,0,0,0,0,0,8.27E-06,0.000857843,-0.008741762,-0.019188232,-0.002007273,-0.016365741,-0.013090074,0.000737745,3.12E-05,0,0,0,0,0,0,0,0,0,0,0,0.00014905,-0.011777012,0.045513719,0.41066682,0.594060186,0.485886897,0.081071912,-0.018550058,0.000322661,-8.05E-17,0.000479984,-0.008144829,-0.011016646,-7.19E-05,7.13E-05,1.19E-17,0,0,0,0,-0.001851205,-0.017135178,0.536559947,1.039500885,1.046640238,1.068088644,0.690301385,0.051002434,-0.011280927,-0.013475976,-0.026556543,0.07217482,0.104864175,-0.020277693,-0.018518066,0.000430624,0,0,0,0.000497923,-0.021318026,0.227741429,0.970636575,0.693704089,0.200110887,0.517144565,1.040983178,0.584799573,-0.033142113,0.167458308,0.716514546,0.870783057,0.914278294,0.833021347,0.54195073,-0.016911085,0,0,0,-0.003997799,-0.002704146,0.708607707,0.891579248,0.142991268,-0.054526857,0.048523897,0.745046654,0.968990094,0.48549217,0.794919473,1.051910982,0.951830746,0.71316825,0.783996664,0.849238175,-0.016822746,0,0,0,-0.013454812,0.08387546,0.836120932,0.717564389,-0.027352022,-0.029736558,-0.027531386,0.194440172,0.942396804,1.007435236,0.997799706,0.727480971,0.250533327,0.027442913,0.090393059,0.630785452,-0.002635655,0,0,0,-0.031645673,0.257294918,0.938127621,0.477897978,0.057991983,0.209315373,0.013241439,0.065582653,0.849794781,1.026295684,0.797544026,0.057054228,-0.03136569,-0.010624643,-0.01760095,0.394501379,0.000469261,0,0,0,-0.046599812,0.397640353,1.032832942,0.635203159,0.660521701,0.748448664,0.027562823,0.529603758,1.019107418,1.024638787,0.955618282,0.311479745,-0.03772098,-0.029322304,0.06086329,0.641433611,-0.002445193,0,0,0,-0.043325824,0.364204187,1.024651088,1.015184919,0.964648098,0.217547147,0.435914438,1.012685734,0.851278298,0.505250296,0.89428035,0.929992764,0.489152076,0.317836088,0.673796472,0.880178273,-0.017791264,0,0,0,-0.010466349,0.070765387,0.511434862,0.926307938,0.635651757,0.449297572,0.943483303,0.768279497,0.164223567,-0.042796177,0.226799067,0.774913739,1.026252996,1.049247089,1.032656999,0.6330464,-0.020676913,0,0,0,0.001008927,-0.011235805,-0.01258781,0.369910352,0.807295156,0.994043455,0.757824925,0.123573019,-0.028966265,4.15E-05,-0.025384191,0.098047981,0.262390455,0.452519965,0.318681356,0.071698429,-0.004904344,0,0,0,0,8.02E-05,-0.027716061,0.199649578,0.778179943,0.432936964,0.025748894,-0.015958401,-0.000196078,0.000190257,0.000368717,-0.017043964,-0.033635161,-0.017450623,-0.027668164,-0.014537014,0.000677083,0,0,0,0,1.82E-05,6.32E-05,-0.004465363,-0.004076865,-0.017885346,-0.005805283,-0.000118515,6.34E-05,0,0,1.06E-05,-7.89E-05,-0.001606771,-0.000582823,6.85E-05,0,0,0,0,0,0,0.00012474,-0.000867474,-0.004238311,-0.000983236,9.38E-05,0,0,0,0,0,0,0,0,0,0,0,0,0,0,0,0,0,0,0,0,0,0,0,0,0,0,0,0,0,0,0,0,0,0,0,0,0,0,0,0,0,0,0,0,0,0,0,0,0,0,0
0,0,0,0,0,0,0,0,0,0,0,0,0,0,0,0,0,0,0,0,0,0,0,0,0,0,0,0,0,0,0,0,0,0,0,0,0,0,0,0,0,0,0,0,0,0,0,0,0,0,0,0,0,0,0,0,0,0,0,0,0,0,3.30E-05,-7.46E-05,-0.002701083,-0.020797845,-0.033371732,-0.022525886,-0.002397161,3.15E-05,2.39E-05,0,0,0,0,0,0,0,0,0,0,9.19E-06,0.000461355,-0.007120353,-0.000576763,0.305273403,0.536309777,0.337504909,-0.007063283,-0.008382421,0.000534007,1.19E-05,0,0,0,0,0,0,0,0,0,0.00036986,-0.012889558,0.047936887,0.547985209,1.004260638,1.033869315,1.004499341,0.561014672,0.033062092,-0.010230818,7.57E-05,0,0,0,0,0,0,0,0,0,-0.004826729,0.004636277,0.473321691,0.998023216,0.656805283,0.352784552,0.579986768,1.005881672,0.468722971,-0.016761063,-0.00158844,0,0,0,0,0,0,0,0,0,-0.018402056,0.121113045,0.972745811,0.654091269,0.032893346,-0.06721018,0.070112839,0.824960968,0.915010123,0.156960699,-0.021704221,-0.008648974,-0.021227019,-0.023433207,-0.005340589,0.000396233,0,0,0,0,-0.018285505,0.12686565,0.922560509,0.289734018,-0.033778237,-0.001237592,-0.031495438,0.363632915,0.994964631,0.571603486,0.006187602,0.038273715,0.157954725,0.179522995,0.014533446,-0.011595895,0.000541305,3.93E-05,0,0,-0.003280569,-0.004925706,0.421657237,0.32863283,-0.014949687,-0.001405127,-0.028255116,0.115535812,0.843779054,0.943140472,0.776208487,0.800888519,0.879972137,0.888718852,0.62489008,0.08532261,-0.013803096,0.000100252,0,0,0.00049326,-0.008735376,0.024268059,0.046256706,-0.010849146,-0.026848907,-0.002208787,0.255284654,0.865554653,1.01592516,0.925516799,0.819880967,0.631501481,0.47442002,0.932250562,0.653788892,0.031622794,-0.008522774,0,0,0,0.000644898,-0.005623587,-0.022066023,0.078675126,0.355031573,0.668256764,0.832316908,0.91508752,0.929950402,0.364262238,0.029606145,-0.045491524,-0.023490094,0.599719805,0.949932104,0.11260981,-0.017486213,0,0,0,-0.00219672,0.000313889,0.319472742,0.860290075,0.998911462,0.849863133,0.225544056,0.35383953,0.960030319,0.291743152,-0.050000699,-0.002504943,-0.004701126,0.700383443,0.994346541,0.130551211,-0.019379051,0,0,0,-0.009554441,0.057484001,0.601985379,0.779864771,0.598976631,0.068618534,-0.0340609,0.023036373,0.913792501,0.665328687,0.017569979,-0.051001277,0.278429705,1.01528639,0.703971354,0.037080633,-0.009419254,0,0,0,-0.000838531,0.005155569,0.051005413,0.068657918,0.017723141,-0.008871088,-0.002547318,-0.001920258,0.593590805,1.016312006,0.390317914,0.280005923,0.818841759,0.972110635,0.327422079,-0.018568342,-0.001689815,0,0,0,0.000168766,-0.001026348,-0.010448836,-0.013828125,-0.007185968,0.000105479,-2.39E-05,-0.013277778,0.095725031,0.607615826,0.977353807,1.031042143,0.95658335,0.437254,-0.020614124,-0.002868055,0.000173441,0,0,0,0,0,0,0,0,0,1.88E-05,0.000705116,-0.011879647,-0.006126736,0.419101426,0.606770884,0.332770527,-0.028105426,-0.002526705,0.000197964,3.57E-06,0,0,0,0,0,0,0,0,0,0,0,0.000397456,-0.004546288,-0.014119976,0.001899535,-0.017224226,-0.001999613,0.0001599,0,0,0,0,0,0,0,0,0,0,0,0,0,1.81E-18,0.000112337,-0.002812598,-0.005722018,-0.001839257,0.00016442,3.06E-06,0,0,0,0,0,0,0,0,0,0,0,0,0,0,0,0,0,0,0,0,0,0,0
0,0,0,0,0,0,0,0,0,0,0,0,0,0,0,0,0,0,0,0,0,0,0,0,0,0,0,0,0,0,0,0,0,0,0,0,0,0,0,0,0,0,0,0,0,0,0,0,0,0,0,0,0,0,0,0,0,0,0,0,0,0,0,0,0,0,0,0,0,0,6.84E-19,3.88E-05,-0.000877257,-0.002942351,-0.011103962,-0.005324857,-0.001491728,5.66E-06,1.48E-05,0,0,0,0,0,6.62E-05,-0.000155637,-0.005346814,-0.018929008,-0.014159926,-0.005400123,-5.33E-05,-0.000194308,-0.012306028,-0.003378591,0.130716486,0.030999268,-0.008778033,-0.001795942,0.000203397,0,0,0,0,9.06E-05,-0.000254783,-0.018600269,-6.93E-06,0.114879166,0.073078993,0.000716299,-0.034762374,-0.042552543,0.250239629,0.63518367,0.92210529,0.8018029,0.355123706,0.008047929,-0.004036799,0,0,0,0,-0.000187143,-0.018432411,0.208344448,0.584848465,0.814925893,0.75297595,0.58249006,0.38165865,0.383916582,0.832654787,1.049003711,0.990234715,1.022292671,0.879622192,0.079054292,-0.015581427,0,0,0,0.000497923,-0.021865751,0.24009595,0.883325571,1.03399306,1.051529114,1.04147599,1.030592668,0.979348936,0.986247622,1.000740139,0.669145316,0.306659261,0.875634758,1.013919242,0.394768586,-0.020389847,0,0,0,-0.003552648,-0.008330474,0.709564066,1.044630106,0.927427628,0.565085283,0.51565145,0.910671024,1.00897789,1.010629408,0.922514624,0.254062636,-0.003180487,0.797204555,1.028621221,0.867425265,-0.020708231,0,0,0,-0.020625331,0.151597086,0.847840891,1.02714842,0.567080014,-0.029289063,-0.041750596,0.678148455,1.022832789,1.006462861,1.004719844,0.811950742,0.375273216,0.846552951,1.034796364,0.849138403,-0.021064304,0,0,0,-0.045795932,0.388692572,1.044903459,0.826273659,0.108340431,-0.061976835,0.328507864,0.969577836,0.989306577,0.929680147,0.992036454,1.008737524,0.985812381,1.003311649,0.936866626,0.351500414,-0.017706461,0,0,0,-0.05016632,0.431205576,1.067590771,0.60543013,-0.024102856,0.042681845,0.732204674,1.045567572,0.855851171,0.296283275,0.525794471,0.97464374,1.018439389,0.936630379,0.374513208,-0.017276303,-0.003496221,0,0,0,-0.049738212,0.427963682,1.058975021,0.472603763,0.036375691,0.585974097,1.025317982,0.969181478,0.334604004,-0.038865415,0.001778377,0.174465931,0.410060722,0.2904975,-0.011398027,-0.006271635,0.000464718,0,0,0,-0.049688965,0.426585716,1.050974265,0.700976494,0.707244468,1.026227953,1.009725677,0.53159695,-0.019410063,-0.003731005,-0.005559462,-0.019178922,-0.020730528,-0.017671228,-0.003540816,0.000468795,0,0,0,0,-0.05114712,0.438434845,1.066575793,1.019744911,1.043037258,0.976956878,0.637762459,0.11767996,-0.018191364,2.26E-05,0,0,0,0,0,0,0,0,0,0,-0.040701969,0.344874796,0.914084576,0.954022672,0.842997992,0.564543842,-0.008977533,-0.003462401,-0.000213235,2.11E-05,0,0,0,0,0,0,0,0,0,0,-0.00473401,0.035330525,0.182583112,0.294992715,0.115743566,0.023456545,-0.00557404,-0.000570517,8.92E-05,0,0,0,0,0,0,0,0,0,0,0,0.00073224,-0.005718479,-0.024195508,-0.035860748,-0.016952428,-0.005968976,0.000305736,0,0,0,0,0,0,0,0,0,0,0,0,0,0,0,0,0,0,0,0,0,0,0,0,0,0,0,0,0,0,0,0,0,0,0,0,0,0,0,0,0,0,0,0,0,0,0,0,0,0,0
0,0,0,0,0,0,0,0,0,0,0,0,0,0,0,0,0,0,0,0,0,0,0,0,0,0,0,0,0,0,0,0,0,0,0,0,0,0,0,0,0,0,0,0,0,0,0,0,0,0,0.000733765,-0.007704537,-0.029034127,-0.0353145,-0.025336513,-0.002093677,0.000234805,0,0,0,0,0,0,0,0,0,0,0,4.04E-05,0.000854167,-0.021097631,0.031768791,0.233187582,0.297800892,0.198171194,-0.008826593,-0.005649152,0.000527088,0,0,0,0,0,0,0,0.000382966,-0.004224877,-0.008613795,-0.005642463,-0.026899918,0.194859035,0.733607452,0.909319653,0.874623383,0.890922964,0.474499574,0.033133459,-0.007870144,0.000119485,0,0,0,0,9.83E-05,0.000300415,-0.023547709,-0.011929211,0.024150836,-0.006664675,0.046954112,0.700597495,0.968228656,0.497892191,0.116392685,0.438511336,0.88100691,0.291606379,-0.0336887,-0.000166122,0,0,0,0.000248665,-0.002565274,-0.020201525,0.205220333,0.608076406,0.700527462,0.610195738,0.708220912,0.942160437,0.367258221,-0.028503662,-0.015816176,-0.03954793,0.465904173,0.766285216,0.060810148,-0.011286254,0,0,0,-0.000921402,-0.015936927,0.383615714,0.931857429,0.957684053,0.755177898,0.731416218,1.082460917,0.788051479,0.039141189,-0.01404721,0.000503088,-0.020137938,0.107556986,0.828774476,0.327394834,-0.020684372,0,0,0,-0.018199013,0.127414284,0.87381056,0.88885352,0.161213593,-0.049137095,0.434577734,1.048242136,0.823596609,0.101012459,-0.015329583,9.70E-06,0.000369009,-0.040840908,0.398245166,0.461508652,-0.014186751,0,0,0,-0.040727243,0.341295581,1.018894063,0.662533105,-0.042407901,-0.034061646,0.242632183,0.880579436,0.998170701,0.355697798,-0.042214341,0,2.30E-05,-0.025116166,0.283721916,0.540921776,-0.009965278,0,0,0,-0.051182993,0.442387783,1.058381502,0.39029085,-0.026795071,-0.002306877,-0.006263685,0.475688896,1.025148965,0.391078431,-0.045791855,1.56E-20,0.000352328,-0.033571198,0.3428085,0.698432171,-0.012183585,0,0,0,-0.035779626,0.296142872,0.969860277,0.45311923,-0.035237507,-0.000999721,-0.028811257,0.327215839,0.928744877,0.267960886,-0.032635441,4.60E-06,-0.003295037,-0.019708265,0.585753336,0.555607106,-0.019125136,0,0,0,-0.003147005,-0.002927282,0.56409577,0.84247639,0.112598413,-0.06486817,0.060919194,0.77168479,0.819016024,0.10616881,-0.015668308,9.64E-05,-0.01834203,0.094454924,0.746666378,0.217987169,-0.018621846,0,0,0,0.000525865,-0.022585376,0.245550347,0.98719744,0.680911526,0.455601059,0.744094618,1.04488591,0.651465346,-0.023625885,-0.003669337,-0.000878728,-0.04060735,0.464366592,0.741480971,0.026504899,-0.009188453,0,0,0,0,-0.001972784,0.002184504,0.372127213,0.639131213,0.755492472,0.680786475,0.682652012,0.811919679,0.164585018,-0.019983541,-0.032997975,0.317303105,0.860021974,0.280182462,-0.031355071,-0.000175824,0,0,0,0,0.000297794,-0.004285233,-0.020575776,-0.000771378,0.010896807,-0.000158684,0.048210784,0.701508085,0.949581053,0.238784718,0.136265965,0.862949891,0.607224197,-0.008091299,-0.003683044,6.69E-05,0,0,0,0,2.76E-06,7.44E-05,-0.001105392,-0.002991932,-0.003912142,-0.003375511,-0.025457108,0.123326712,0.833587759,0.891154865,0.71352308,0.588160607,0.039253574,-0.008007812,0.000312309,1.53E-06,0,0,0,0,0,0,0,0,0,2.20E-05,-0.000653968,-0.012145856,0.144097384,0.556376806,0.330872977,0.003263133,-0.008265103,0.000278372,0,0,0,0,0,0,0,0,0,0,0,0,0.000217525,-0.000887459,-0.014089903,-0.021691771,-0.017600082,-0.00698989,4.34E-05,3.52E-05,0,0,0,0,0,0,0,0,0,0,0,0,0,0,0,0,0,0,0,0,0,0,0
0,0,0,0,0,0,0,0,0,0,0,0,0,0,0,0,0,0,0,0,0,0,0,0,0,0,0,0,0,0,0,0,0,0,0,0,0,0,0,0,0,0,0,0,0,0,0,0,0,0,0,0,0,0,0,0,0,0,0,0,0,0,0,0,0,0,0,0,0,0,0,0,0,0,0,0,0,0,0,0,0,0,0,0,0,4.67E-19,9.80E-05,-0.001199401,-0.004871936,-0.003818321,-0.000106924,2.30E-05,0,0,0,0,0,0,0,0,0,0,0,5.29E-19,3.06E-05,0.000293182,-0.006597307,-0.024533889,-0.010097222,-0.014290288,-0.009421109,0.000570619,5.09E-18,0,0,0,0,0,0,0,0,0,0,0.000216503,-0.002848924,-0.021619775,0.043020238,0.406249117,0.663109375,0.576829521,0.101798645,-0.011507693,0.000350577,0,0,0,0,0,0,0,0,0,0.000322186,-0.003711528,-0.021750065,0.308350319,0.821569765,0.902778605,0.877543873,1.04820951,0.663453521,0.021747822,-0.018721748,-0.010265379,-0.026768986,-0.0226599,-0.007703314,-0.000616302,0.000126371,0,0,0,-0.001802617,-0.005508017,0.347952904,0.975744656,0.913363477,0.265740814,0.074171211,0.766267855,0.920972495,0.240176471,0.038595705,0.054840329,0.21063608,0.170075368,0.030900735,-0.013536648,-0.000379562,0,0,0,-0.021403123,0.158454061,0.876062534,0.905438096,0.266297522,-0.043318505,-0.007838831,0.591232911,1.014009719,0.863879562,0.792968421,0.804655195,0.908998417,0.875266765,0.734734409,0.305892476,-0.014072032,0,0,0,-0.045116791,0.384688828,1.022460818,0.42765511,0.193825538,0.484128874,0.753558841,0.988544867,1.037045241,1.028853928,0.905640159,0.534387,0.550230188,0.97329245,1.064152063,0.739563444,-0.021809811,0,0,0,-0.029046105,0.230662071,0.922673356,0.829542433,0.897381774,1.063457547,0.923473754,0.583874081,0.625889842,0.995398795,0.824827718,0.419140931,0.523516357,0.998770561,0.857267293,0.30742805,-0.014699585,0,0,0,-0.001621505,-0.005528124,0.342114654,0.643272033,0.633276348,0.586318741,0.226047824,-0.017730932,0.048287864,0.525797477,0.953748912,1.032390818,0.973061229,0.712881354,0.20889959,-0.022082577,-0.000976655,0,0,0,0.000375036,-0.002631059,-0.017448257,-0.021247958,-0.020773761,-0.020974311,-0.016814747,-0.005414624,-0.008380396,-0.017028952,0.308757711,0.525544407,0.27101988,0.018297845,-0.01826091,-0.002316627,0.000204248,0,0,0,0,0,0,0,0,0,0,0,0.000117017,-0.000993583,-0.022098399,-0.022436343,-0.024839495,-0.003751106,0.000312755,0,0,0,0,0,0,0,0,0,0,0,0,0,0,7.66E-05,-0.000674147,-0.002529105,-5.21E-05,2.76E-05,0,0,0,0,0,0,0,0,0,0,0,0,0,0,0,0,0,0,0,0,0,0,0,0,0,0,0,0,0,0,0,0,0,0,0,0,0,0,0,0,0,0,0,0,0,0,0,0,0,0,0,0,0,0,0,0,0,0,0,0,0,0,0,0,0,0,0,0,0,0,0,0,0,0,0,0,0,0,0,0,0,0,0,0
0,0,0,0,0,0,0,0,0,0,0,0,0,0,0,0,0,0,0,0,0,0,0,0,0,0,0,0,0,0,0,0,0,0,0,0,0,0,0,0,0,0,0,0,0,0,0,0,0,0,0,0,0,0.000212792,-0.00093922,-0.033875504,-0.051596347,-0.009473558,0.001031348,0,0,0,0,0,0,0,0,0,0,0,0,2.45E-05,3.55E-05,-0.00387694,-0.013465227,0.276569138,0.44288814,0.067138909,-0.008831359,0,0,0,0,0,0,0,0,0,0,0,0,0.000215482,-0.003650381,-0.012838406,0.342597529,0.961462367,1.078254936,0.428342947,-0.021687602,0,0,0,0,0,4.57E-18,-3.09E-17,-1.55E-16,0.000244588,-0.000847631,-0.027230562,-0.019746562,-0.005103996,0.016547583,0.491871579,0.953790662,0.793023625,0.908117834,0.531433187,-0.020585172,0,0,0,0,6.54E-05,-8.00E-05,-0.012465788,-0.020519812,-0.023437691,-0.010925245,0.289843239,0.204495507,-0.051390251,0.135136358,0.936148131,0.690632625,0.129707687,0.74309809,0.540108027,-0.020588235,0,0,0,0,-0.000160205,-0.008951123,0.104273046,0.317023919,0.611475522,0.750028824,0.947877159,0.783302947,0.306570988,0.621947875,0.989021544,0.530883032,0.264832508,0.784586764,0.535175341,-0.020588235,0,0,0,5.99E-05,-0.005145833,0.020647042,0.747497072,1.017031863,0.731779347,0.719015574,0.972407152,1.01036266,1.010720214,1.011347377,1.025823734,1.037402744,0.98511763,1.001352056,0.520573101,-0.02088848,0,0,0,-2.00E-05,-0.026590363,0.415478469,1.010340482,0.622230937,0.043601616,0.027597018,0.376801488,0.967517565,1.005368464,0.893879734,0.385544169,0.340157799,0.603864992,0.761958674,0.36834986,-0.016638583,0,0,0,-0.009098691,0.042327053,0.806269608,0.811173747,0.074772825,-0.02368605,-0.025485566,0.159050194,0.946774016,1.022700112,0.662046169,-0.044482554,-0.029789437,-0.001245728,0.025612166,0.009668294,-0.000789931,0,0,0,-0.02645469,0.20728605,0.915588201,0.612180879,-0.046425245,-0.000889996,-0.040545956,0.335958401,0.988217967,0.983659552,0.222705947,-0.020413246,-0.00058941,-0.0029255,-0.004896242,-0.002248125,0.000117953,0,0,0,-0.039819615,0.335908816,0.972110034,0.345671293,-0.026784137,-0.012061009,0.14913876,0.673244653,1.001954245,0.500849435,-0.011668193,-0.004773382,0,0,0,0,0,0,0,0,-0.049997962,0.432874149,1.02677274,0.268600082,-0.040228894,0.27092682,0.887975456,1.046343359,0.813156165,0.100001396,-0.019662876,0.000367647,0,0,0,0,0,0,0,0,-0.049504708,0.432640574,0.951810543,0.055990894,0.302436104,0.918723299,0.831417501,0.539622447,0.257562551,-0.006322729,-0.001035425,0,0,0,0,0,0,0,0,0,-0.05003465,0.434384208,0.981446572,0.42608604,0.872057377,0.943686424,0.322946589,-0.026357724,-0.017577802,-0.001586295,0.000256818,0,0,0,0,0,0,0,0,0,-0.044494721,0.381641868,0.91868013,0.936118975,1.035821912,0.579273691,-0.016181832,-0.003755974,-0.00066733,5.02E-05,0,0,0,0,0,0,0,0,0,0,-0.005971417,0.049803973,0.112315149,0.526648594,0.694166616,0.10637153,-0.013665022,0.000244588,0,0,0,0,0,0,0,0,0,0,0,0,0.000819371,-0.007041973,-0.016571351,-0.018072066,-0.021174428,-0.010410637,0.000428922,0,0,0,0,0,0,0,0,0,0,0,0,0,0,0,0,0,0,0,0,0,0,0,0,0,0,0,0,0,0,0
0,0,0,0,0,0,0,0,0,0,0,0,0,0,0,0,0,0,0,0,0,0,0,0,0,0,0,0,0,0,0,0,0,0,0,0,0,0,0,0,0,0,0,0,0,0,0,0,0,0,0,0,0,0,0,0,0,0,0,0,0,0,0,0,0,0,0,0,1.30E-05,6.86E-05,-0.001993158,-0.014537429,-0.028602228,-0.036002145,-0.02781056,-0.010859528,-0.000795241,0.000111135,3.57E-06,0,0,0,0,0,0,0,0,1.47E-05,0.000815819,-0.018960052,-0.012606856,0.192642889,0.447220167,0.588713286,0.432805317,0.127687449,-0.015426403,-0.00178891,0.000201014,0,0,0,0,0,4.48E-18,-1.29E-17,0.000553173,-0.007421426,-0.044417092,0.106769455,0.489971763,0.949481005,1.040366475,0.994446215,1.033365111,0.878529412,0.291608081,-0.01172496,-0.001920615,0,0,0,0,2.35E-05,0.000418028,-0.007735226,-0.026893212,0.062182579,0.358817283,0.779566806,1.055194376,0.826494009,0.466482121,0.327357792,0.555675824,1.024929739,0.719035999,0.040638733,-0.009853111,0,0,0,0.000234317,-0.001574233,-0.022493987,0.044831404,0.481793428,0.855511584,0.985667455,1.008538856,0.573089832,0.095982125,-0.033448263,-0.042096276,0.024655215,0.866845012,0.946001046,0.116863257,-0.017926297,0,0,5.97E-05,-0.001436193,-0.000221763,0.076052645,0.609192521,1.019187057,0.96097173,1.007809709,0.906080814,0.126670139,-0.026808143,-0.001930856,-0.004221082,0.007288994,0.708727073,1.039182292,0.144518568,-0.020906182,0,0,-0.000169526,-0.020470629,0.175610771,0.749445636,1.039750749,0.625798986,0.436704323,1.011541071,0.989825606,0.470150837,-0.030807547,9.42E-05,-0.003531761,0.004583197,0.695495336,1.020515931,0.138171599,-0.02022229,0,0,-0.010272501,0.045870073,0.717239532,1.037994877,0.592105001,0.026035556,0.12330845,0.943215142,1.025388463,0.851045837,0.13092213,-0.021295657,-0.006950129,0.061203721,0.896800381,0.80240768,0.07046375,-0.012926709,0,0,-0.018895527,0.125718937,0.983168913,0.714546143,0.022885604,-0.021331529,0.034210998,0.65557387,1.009501243,1.003306492,0.429139417,-0.041421688,-0.044534824,0.291136472,1.015764314,0.643854422,0.01954104,-0.00747532,0,0,-0.021193082,0.147181194,1.055399206,0.561937854,-0.009420427,-0.002558294,-0.028771894,0.249311721,0.917707815,1.036358689,0.937500764,0.713992215,0.50414197,0.770950532,1.051489085,0.446685367,-0.028638819,-0.001898618,0,0,-0.019982469,0.135866404,1.019511846,0.605221882,-0.018863324,-0.013942708,-0.030264105,0.469273829,1.00251714,0.595130344,0.628343444,0.831722395,0.920928105,0.861490809,0.517311717,0.151371919,-0.019709755,8.17E-05,0,0,-0.013611452,0.07604531,0.826848209,0.928615792,0.29991973,0.047846507,0.293765864,0.934401093,0.851095537,0.036801505,0.000272144,0.116546547,0.181054636,0.14365174,-0.029238885,-0.01621652,0.001752884,0,0,0,-0.002988664,-0.000190728,0.307614243,0.85074149,1.022176539,0.937092916,1.00716082,0.816378591,0.211345707,-0.016879493,-0.007044118,-0.019073927,-0.02635049,-0.022136336,-0.001814645,0.000196691,0,0,0,0,0.000226716,-0.001704986,-0.022027539,0.170290084,0.52503588,0.722980801,0.614257793,0.167767514,-0.00929439,-0.002173713,6.53E-05,0,0,0,0,0,0,0,0,0,0,0.000136685,-3.52E-05,-0.023588979,-0.014732227,0.043095726,0.014649884,-0.024841323,-0.000614732,0.000271493,0,0,0,0,0,0,0,0,0,0,0,0,1.58E-05,8.97E-05,-0.00366779,-0.010031148,-0.00682198,0.000229779,0,0,0,0,0,0,0,0,0,0,0,0,0,0,0,0,0,0,0,0,0,0,0,0,0,0,0,0,0,0,0
0,0,0,0,0,0,0,0,0,0,0,0,0,0,0,0,0,0,0,0,0,0,0,0,0,0,0,0,0,0,0,0,0,0,0,0,0,0,0,0,0,0,0,0,0,0,0,0,0,0,0,0,0,0,0,0,0,0,0,0,0,0,0,3.75E-05,-0.00042259,-0.003417433,-0.003375357,-0.000796951,-3.65E-05,8.94E-06,0,0,0,0,0,0,0,0,0,0,0,0,7.34E-06,0.000516595,-0.01113671,0.004743004,0.003855205,-0.024854504,-0.007418896,0.000648063,0,0,0,0,0,0,0,0,0,0,0,0,6.52E-06,-0.011155246,0.152614975,0.650445057,0.653025191,0.341282748,0.033366864,-0.015276927,0.000861673,1.15E-05,0,0,0,0,0,0,0,0,0,0,-0.000375443,-0.03427691,0.615260059,1.033010451,1.008898012,1.015366407,0.53472852,0.058150701,-0.013026195,0.000126379,6.93E-05,-0.000439474,-0.003542177,-0.011890659,-0.00504902,8.56E-05,4.08E-05,0,0,0,-0.015903845,0.106168912,0.859787021,0.772656605,0.246007059,0.825580599,1.034186047,0.528296832,-0.004770155,-0.002922476,-0.012940714,-0.032672843,-0.014195253,0.060104562,0.000620847,-0.010403096,0.000501406,0,0,0,-0.025938608,0.201699908,0.921096609,0.689910097,-0.080371341,0.250342509,0.960982179,0.977822491,0.285684555,-0.033757557,0.082808572,0.316074227,0.509025344,0.777264876,0.535609341,0.064614179,-0.00856873,0,0,0,-0.024740125,0.192056475,0.891950351,0.513196946,-0.036681356,0.007612935,0.508012017,1.016023369,0.77305433,0.207855494,0.580992842,0.990779888,0.951360192,0.923767753,1.028187755,0.443269757,-0.020643042,0,0,0,-0.030320819,0.248130634,0.88250223,0.217669884,-0.014881093,-0.010451164,0.016368022,0.601162054,1.013583487,0.979048815,0.966796095,0.676586363,0.187534569,0.379943066,1.033003881,0.723101739,-0.020783292,0,0,0,-0.048202275,0.415900991,1.013948461,0.293858677,-0.020111826,0.000995781,-0.029384089,0.245043505,0.980847392,1.027424786,0.858426328,0.158475014,-0.042964274,0.578903901,1.043775208,0.483194156,-0.020908224,0,0,0,-0.051106687,0.439145265,1.092080803,0.607677446,-0.037250265,-0.008836102,0.008672513,0.600477372,1.015939542,0.932458114,0.994241204,0.800568057,0.438307482,0.90226849,0.994114709,0.168792222,-0.019457183,0,0,0,-0.043418939,0.376929466,0.876284007,0.173024935,-0.015531914,-0.016128725,0.386431713,0.990865094,0.738990434,0.207311087,0.602728911,0.955300892,1.052534858,1.026781863,0.518931577,0.002340508,-0.005358626,0,0,0,-0.007836615,0.068571283,0.15041236,-0.007669373,-0.014722035,0.112984812,0.865208112,0.889133698,0.136048883,-0.033745915,0.041015552,0.226489124,0.476420292,0.328651212,0.056796398,-0.0111798,0.000264331,0,0,0,0.001181362,-0.010309436,-0.023070772,-0.000835172,-0.010933619,0.079614824,0.630186343,0.313335461,-0.026565615,-0.000445619,-0.010350271,-0.026348209,-0.015756281,-0.026611962,-0.010649663,0.000945334,2.45E-05,0,0,0,0,0,0,6.07E-19,0.000177185,-0.001596755,-0.011439457,-0.013330065,-0.000594363,8.92E-05,3.18E-05,-0.000211806,-0.001784467,-0.000673305,6.89E-06,3.67E-06,0,0,0,0,0,0,0,0,4.89E-05,-0.000317304,-0.002683951,-0.000785129,0.000102727,0,0,0,0,0,0,0,0,0,0,0,0,0,0,0,0,0,0,0,0,0,0,0,0,0,0,0,0,0,0,0,0,0,0,0,0,0,0,0,0,0,0,0,0,0,0,0,0,0
0,0,0,0,0,0,0,0,0,0,0,0,0,0,0,0,0,0,0,0,0,0,0,0,0,0,0,0,0,0,0,0,0,0,0,0,0,0,0,0,0,0,0,0,0,0,0,0,0,0,0,0,0,0,0,0,0,0,0,0,0,0,0,0,0,0,0,0,0,0,0,0,0,0,0,0,0,0,0,0,0,0,0,2.57E-05,0.000145833,-0.006253676,-0.012738971,-0.012866577,-0.008046569,-3.86E-05,7.72E-05,0,0,0,0,0,0,0,0,0,0,0,0.000101912,0.000857315,-0.035399374,0.003726818,0.060514451,0.061612619,0.019616796,-0.033886353,-0.002039811,0.0009255,-0.007935113,-0.040622872,-0.043435543,-0.005494281,0.000486366,8.07E-18,0,0,0,0.000154888,-0.001588296,-0.02577919,0.365639876,0.654724639,0.752212606,0.755344156,0.677596575,0.368905586,-0.001718018,-0.02326108,0.072171351,0.452370217,0.477056526,0.041724026,-0.0138614,0.000516693,3.74E-05,0,0,-0.000715931,-0.023798968,0.262457571,0.95146838,1.004959932,0.766316447,0.666888966,0.86742715,1.000353498,0.411830286,0.196425186,0.775931104,0.972301323,1.038519713,0.672060488,0.103600478,-0.014108942,-5.40E-05,0,0,-0.010499387,0.047443337,0.733533565,0.969463831,0.336277386,-0.008101188,-0.030535836,0.529239941,1.047302475,0.894380532,0.713900803,0.607503618,0.274850899,0.62632421,1.032527488,0.478728639,-0.016996352,-0.003109681,0,0,-0.016886234,0.106953956,0.931258374,0.644204487,-0.006753098,-0.018415339,0.0626306,0.771243583,1.028021497,0.966179024,0.408470537,-0.006752816,-0.040301607,0.054896004,0.813933653,0.83020527,0.075435113,-0.013529582,0,0,-0.011053922,0.051715381,0.771170258,0.743918845,0.023860464,-0.021648625,0.081095043,0.826267463,1.043626055,0.753600388,0.008983558,-0.015748135,-0.001253064,-0.018872549,0.516766833,1.064881791,0.148643196,-0.021371698,0,0,-0.002132353,-0.017585504,0.371480682,0.98220687,0.466408088,-0.030115434,0.035394671,0.756100286,1.024039726,0.415984818,-0.032984613,0.000455954,-0.004741456,-0.008707959,0.658119298,0.915547641,0.100930302,-0.01626617,0,0,0.00026548,-0.00845193,0.013858672,0.611482801,0.988843538,0.531059629,0.460551412,0.959086921,1.007297433,0.326703236,-0.03663915,-0.037553434,-0.040057376,0.150934226,0.930164095,0.533815784,-0.003372779,-0.004628158,0,0,1.70E-06,0.000550834,-0.011971831,0.055703295,0.707869417,1.051137034,0.944346371,0.654714818,0.860997243,0.931545309,0.442962537,0.292298503,0.414002145,0.854185423,0.836723005,0.130493736,-0.021464677,0.000258715,0,0,0,0,0.000125255,-0.013166292,0.08745658,0.327523642,0.212783638,0.016535199,0.235316823,0.81347132,1.000335989,0.943512223,0.993147246,0.739024986,0.179123519,-0.030477107,0.001763075,0,0,0,0,0,5.33E-05,0.000386336,-0.013494877,-0.029963576,-0.026049234,-0.009282714,-0.023377876,0.079584082,0.275511132,0.277396848,0.223750596,0.035526961,-0.023662429,0.000988817,0,0,0,0,0,0,0,1.19E-05,-7.24E-05,-0.000528391,-0.000159747,7.33E-05,-0.000253319,-0.008005157,-0.019006587,-0.018751783,-0.016157271,-0.00534758,-3.29E-05,3.35E-05,0,0,0,0,0,0,0,0,0,0,0,0,0,0,0,0,0,0,0,0,0,0,0,0,0,0,0,0,0,0,0,0,0,0,0,0,0,0,0,0,0,0,0,0,0,0,0,0,0,0,0,0,0,0,0,0,0,0,0,0,0,0,0
0,0,0,0,0,0,0,0,0,0,0,0,0,0,0,0,0,0,0,0,0,0,0,0,0,0,0,0,0,0,0,0,0,0,0,0,0,0,0,0,0,0,0,0,0,0,0,0,0,0,0,0,0,0,0,0,0,0,0,0,0,0,0,0,0,0,0,0,0,0,0,0,0,0,0,0,0,0,0,0,0,0,0,0,0,5.60E-18,2.80E-18,-0.006292039,2.80E-18,0,0,0,0,0,0,0,0,0,0,0,0,0,7.45E-19,0.000229779,-0.002108864,-0.024674479,-0.041631774,0.00325515,-0.043359801,-0.029240707,-0.008500562,0.000788909,-0.000961793,-0.01288254,-0.008744383,-0.012903816,-0.014478231,-0.001554156,0.00025531,0,0,0,0.000452489,-0.006000817,0.005934436,0.264619162,0.467731311,0.670862123,0.48718333,0.317874626,0.076114771,-0.017698632,-0.005690674,0.125802781,0.085869587,0.135860992,0.147441364,-0.000315587,-0.002486724,0,0,0,-0.003191346,-0.00145683,0.525175373,0.961216335,0.930328207,0.941205099,0.937953966,0.972269272,0.769459952,0.102732189,0.280719317,0.860173029,0.877560638,0.863880668,0.935062455,0.497828222,-0.01942627,0,0,0,-0.028164363,0.225110549,0.894197559,0.53334329,0.173985311,0.111238926,0.179728333,0.503748451,0.99779776,0.616740009,0.89402737,0.897801641,0.409203823,0.304648591,0.564077734,0.819391569,-0.014361554,0,0,0,-0.047183971,0.412374047,0.911917024,0.013345214,-0.024935713,-0.011505697,-0.02385032,0.010204674,0.658187874,1.010122175,0.974643563,0.386989345,-0.042459797,-0.035534178,0.003444734,0.490558528,-0.000606107,0,0,0,-0.043132771,0.37087146,0.934967456,0.18443127,-0.009273914,-0.000461865,0.000355443,-0.040825997,0.257254885,1.01622578,0.716990746,-0.009026178,-0.004355664,-0.001791292,-0.032444853,0.417801472,0.000915714,0,0,0,-0.023429946,0.178563198,0.892822491,0.689500681,-0.005059981,-0.009823251,-0.02029216,0.026996307,0.618686155,1.033793675,0.764153945,0.130632234,-0.039910897,0.005385519,0.332481958,0.766118602,-0.009436955,0,0,0,-0.002913501,-0.012392466,0.699601949,0.821343725,0.048730144,-0.016474229,0.141512389,0.662732784,0.945798479,0.780272767,1.016698698,0.868168287,0.667210129,0.791504032,0.967065465,0.732128036,-0.019896424,0,0,0,0.000342424,-0.02715048,0.363537633,0.971209167,0.696154242,0.578633956,0.858443015,1.033807836,0.509675024,0.033196334,0.458469759,0.659760178,0.760521259,0.749674394,0.442620507,0.046944614,-0.006146514,0,0,0,0,-0.004176113,0.02494453,0.572046347,0.9517011,0.966423437,0.793245524,0.34208175,0.006020187,-0.010291837,-0.033765983,-0.00585946,0.067195159,0.050213099,-0.023583963,-0.007280856,0.000507557,0,0,0,0,0.000354371,-0.007232707,0.000737983,0.035351511,0.036195409,0.018886472,-0.023810662,-0.007382489,0.000520016,-0.000816926,-0.005286458,-0.013472733,-0.011681985,-0.001640625,0.000163263,6.13E-06,0,0,0,0,1.23E-05,5.84E-05,-0.002883068,-0.005904718,-0.005959959,-0.0045721,-0.000850184,9.14E-05,1.53E-06,0,0,0,0,0,0,0,0,0,0,0,0,0,0,0,0,0,0,0,0,0,0,0,0,0,0,0,0,0,0,0,0,0,0,0,0,0,0,0,0,0,0,0,0,0,0,0,0,0,0,0,0,0,0,0,0,0,0,0,0,0,0,0,0,0,0,0,0
0,0,0,0,0,0,0,0,0,0,0,0,0,0,0,0,0,0,0,0,0,0,0,0,0,0,0,0,0,0,0,0,0,0,0,0,0,0,0,0,0,0,0,0,0,0,0,0,0,0,0,0,0,0,0,0,0,0,0,0,0,0,0,0,0,0,0,0,0,0,0,0,0,0,0,0,0,0,0,0,0,0,0,0,0,0,0,0,0,0,0,0,0,1.84E-05,-0.000204657,-0.002198529,-0.000166667,2.94E-05,0,0,0,0,0,7.47E-19,6.66E-18,9.57E-05,-0.001091452,-0.001666259,3.83E-05,-1.84E-16,8.38E-18,2.98E-05,0.000396182,-0.005855801,-0.026818883,-0.025144097,-0.032011744,-0.00835786,0.000668062,0,0,0,0,0.000259395,-0.003264059,-0.019736435,-0.008415288,-0.001674582,-0.021296977,-0.018352056,-0.005663637,-0.005519472,-0.02154867,0.043526348,0.310998145,0.520200095,0.365052492,0.074085069,-0.007193798,0,0,0,3.91E-05,-0.002013982,-0.002970374,0.343045772,0.691774133,0.708575877,0.649428291,0.329784371,-0.00675798,-0.013152338,0.267299054,0.784318634,0.97929922,1.01494349,0.990307485,0.678204344,-0.020171076,0,0,0,0.000183034,-0.022328925,0.300402335,0.973667194,0.873089716,0.717196761,0.924065972,0.95840705,0.589820568,0.571954997,0.916440134,0.975273284,0.55901617,0.369588525,0.76319967,0.898298581,-0.019996766,0,0,0,-0.007972769,0.03385735,0.746577376,0.939380719,0.258562057,0.020644677,0.189892514,0.488561206,1.015554636,1.041965193,1.041996097,0.942449551,0.630946334,0.566031233,0.875301522,0.657527652,-0.020725933,0,0,0,-0.02789124,0.220576882,0.925129102,0.64526777,0.020200402,-0.018061636,-0.050103128,0.202931985,0.972906437,0.985199534,0.76964465,0.826337589,0.926660454,0.922669084,0.738477209,0.129842122,-0.012989856,0,0,0,-0.045131466,0.386415594,1.003834269,0.283287684,-0.026161833,-0.011957387,0.045904088,0.693838116,1.014419118,0.537212895,0.012847418,0.11488717,0.23604245,0.208210291,0.049421824,-0.014416656,0.000237098,0,0,0,-0.047290903,0.40431094,1.051756366,0.484269071,-0.023466532,-0.023776594,0.487385723,1.027733718,0.625432871,0.068322208,-0.022501784,-0.016843484,-0.029495332,-0.02658473,-0.009514492,0.000436903,5.71E-05,0,0,0,-0.013595043,0.089627485,0.74878525,0.784479048,0.05267242,0.266350655,0.917792858,0.850786731,0.103163177,-0.017012544,0.000675166,8.51E-06,0,0,0,0,0,0,0,0,0.000919245,-0.016232111,0.119695602,0.192265046,0.079123366,0.781217745,1.028682156,0.452668794,-0.020516238,-0.001369179,0,0,0,0,0,0,0,0,0,0,3.67E-05,0.000763174,-0.021299939,-0.04336169,0.443487064,1.018457717,0.573233456,0.020428956,-0.00773766,2.09E-05,0,0,0,0,0,0,0,0,0,0,0,0,-0.016162071,0.089068917,0.81034906,0.77881682,0.105795377,-0.017687364,0.000446436,9.04E-06,0,0,0,0,0,0,0,0,0,0,0,0,-0.014831234,0.100875168,0.530142728,0.209626633,-0.023453742,0.00100001,0,0,0,0,0,0,0,0,0,0,0,0,0,0,0.000450368,-0.002901688,-0.017912071,-0.012453121,-5.96E-06,3.83E-05,0,0,0,0,0,0,0,0,0,0,0,0,0,0,0,0,0,0,0,0,0,0,0,0,0,0,0,0,0,0
0,0,0,0,0,0,0,0,0,0,0,0,0,0,0,0,0,0,0,0,0,0,0,0,0,0,0,0,0,0,0,0,0,0,0,0,0,0,0,0,0,0,0,0,0,0,0,0,0,0,0,0,0,0,0,0,0,0,0,0,0,0,0,0,0,0,0,0,0,0,0,0,0,0,0,0,0,0,0,0,0,0,0,0,0,0,0,0,0,0,0,8.27E-05,-0.000232053,-0.00696538,-0.01085386,-0.00823652,-0.005409314,4.31E-05,4.60E-05,0,0,0,0,0,0,0,0,0,0,0,4.02E-17,0.000290543,-0.027560689,0.010265438,0.043801794,0.02057004,0.003524629,-0.006549009,0.000389774,0,0,0,0,0,0,6.38E-05,-0.000727635,-0.002546947,-0.00016425,0.000308075,-0.003376906,-0.03064951,0.319535044,0.66354439,0.730833367,0.696781369,0.556314525,0.0559524,-0.009214154,0,0,0,0,0,0.000682402,-0.004072449,-0.030081275,-0.025638314,-0.033506431,-0.017577249,-0.021221685,0.352083962,0.956657633,0.979409489,0.787775264,0.896386392,0.998908201,0.490534587,-0.020683353,0,0,0,0,0.000141697,-0.006789573,0.007233847,0.32612374,0.500925496,0.294470571,0.087977328,0.336515148,0.967647263,0.889545269,0.215333469,-0.05092853,0.023873264,0.728555573,0.757435082,-0.020914182,0,0,0,0,-0.001049837,-0.020793539,0.384266595,0.971750817,0.985183645,0.940584457,0.79159249,0.923552917,0.862779905,0.23675674,-0.062244451,-0.035740043,0.027009089,0.737507404,0.746361933,-0.021157918,0,0,0,0.000214015,-0.017337112,0.206548066,0.947998094,0.609695432,0.087542701,0.491243634,0.994404786,1.012253438,0.929050977,0.453373843,0.260197968,0.28153765,0.576665799,0.9493165,0.252866373,-0.018206019,0,0,0,-0.001726387,-0.02236409,0.656668981,0.932356464,0.199761846,-0.046731398,0.533308807,1.013329555,0.475211346,0.374584882,0.840239985,0.965252553,0.911182836,0.903389246,0.354558755,-0.004754681,-0.003708129,0,0,0,-0.020057679,0.146860775,0.877374139,0.546805097,-0.050873249,0.277621332,0.969153044,0.489500003,-0.016814626,-0.042107537,0.074164871,0.13160552,0.123165484,0.094534416,-0.014205495,-0.005226159,0.000489177,0,0,0,-0.038455831,0.32238717,0.975881502,0.328923169,0.003188708,0.789643648,0.700874115,0.03062243,-0.015839767,-0.000236077,-0.01335606,-0.019018927,-0.017882285,-0.015602703,-0.002266476,0.000326118,0,0,0,0,-0.048732624,0.428200095,0.892253557,0.105839546,0.405608813,0.811534929,0.180875783,-0.023924956,0.000680453,0,0,0,0,0,0,0,0,0,0,0,-0.023411602,0.213621204,0.270972682,0.105866881,0.68312066,0.286415539,-0.0262532,0.00052982,3.31E-05,0,0,0,0,0,0,0,0,0,0,0,0.001477314,-0.01339854,-0.031490962,0.10139054,0.182409637,-0.016559506,-0.001864617,6.13E-05,0,0,0,0,0,0,0,0,0,0,0,0,0,0,0.000747524,-0.006062992,-0.015543088,-0.001010491,0.000216053,0,0,0,0,0,0,0,0,0,0,0,0,0,0,0,4.60E-05,-0.000405944,-0.000577002,6.11E-05,0,0,0,0,0,0,0,0,0,0,0,0,0,0,0,0,0,0,0,0,0,0,0,0,0,0,0,0,0,0,0,0
0,0,0,0,0,0,0,0,0,0,0,0,0,0,0,0,0,0,0,0,0,0,0,0,0,0,0,0,0,0,0,0,0,0,0,0,0,0,0,0,0,0,0,0,0,0,0,0,0,0,0,0,0,0,0,0,0,0,0,0,0,0,0,0,0,0,0,0,0,0,0,0,0,4.69E-05,-0.000604779,-0.003246324,-0.002699551,-0.000243518,3.98E-05,0,0,0,0,0,0,0,0,0,0,0,0,6.13E-05,0.000392565,-0.009821385,-0.024592525,0.002131434,-0.00484678,-0.01672175,0.000286969,0,0,0,0,0,5.60E-19,7.37E-18,0.000204248,-0.001783458,-0.006878915,-0.000233609,8.43E-05,0.000407646,-0.022211369,0.027338967,0.296833418,0.636811428,0.578205389,0.156345305,-0.010134464,0,0,0,0,2.55E-06,0.000443389,-0.003392225,-0.02016442,-0.000823788,0.057661356,-0.018291548,-0.018522774,-0.028218784,0.187319123,0.660193508,0.991593631,1.041109818,1.044895221,0.739034963,-0.021420547,0,0,0,0,0.000196435,-0.00576653,-0.011526521,0.26459186,0.732029082,0.856021836,0.612606464,0.218971981,0.23321605,0.855674304,1.043603264,0.758091972,0.610416565,1.028735036,0.860446034,-0.020751634,0,0,0,9.78E-06,-0.001266799,-0.017627859,0.380442844,0.964625851,0.931167349,0.850321334,1.040131825,0.928922181,0.905063351,1.000291264,0.549181679,0.020652897,0.511603622,1.047288143,0.511524024,-0.021214257,0,0,0,0.000532388,-0.021004,0.215136846,0.953049462,0.799925517,0.213356128,0.121504034,0.528632813,1.000948053,1.02053462,0.964184858,0.506630157,0.489748553,0.997210801,0.830030399,0.103212857,-0.013768893,0,0,0,-0.004776405,0.002399033,0.747007455,0.964703091,0.248245336,-0.052156387,-0.036523165,0.500350286,1.017429177,0.998580525,1.033907811,1.038630736,1.057419918,0.858622719,0.284444938,-0.012895758,-0.00221218,0,0,0,-0.030797766,0.247193593,0.954208776,0.737972324,0.015436002,-0.030924324,0.251953414,0.935306287,0.97429982,0.484370677,0.422678685,0.564578329,0.558203261,0.210770101,-0.025894318,-0.001072622,0.000187398,0,0,0,-0.044099557,0.373689125,1.035241039,0.589549227,-0.058481207,0.003095951,0.625449771,1.051260004,0.48186604,-0.028682993,-0.042262855,-0.006473391,-0.008688139,-0.017045626,-8.49E-05,0.000107395,0,0,0,0,-0.03436672,0.280819581,0.978844975,0.737134957,-0.013156812,0.23651988,1.006033037,0.82803542,0.050180011,-0.011648114,-0.000580218,-0.004693457,-0.004463337,-0.000793335,6.23E-05,0,0,0,0,0,-0.013387143,0.084177832,0.785254442,1.010706733,0.718990247,0.8375293,1.032659739,0.372282884,-0.027597733,-0.000776961,0,0,0,0,0,0,0,0,0,0,0.000236436,-0.017007676,0.210808449,0.700391833,0.966659756,1.04789287,0.687023029,0.04646184,-0.013137936,9.49E-05,0,0,0,0,0,0,0,0,0,0,6.11E-05,0.000242443,-0.020483013,-0.009936257,0.625307785,1.001865887,0.280588474,-0.031747124,0.000493464,2.14E-06,0,0,0,0,0,0,0,0,0,0,0,1.71E-05,3.65E-05,-0.018070027,0.155931746,0.325677409,0.018170954,-0.002377332,2.94E-05,0,0,0,0,0,0,0,0,0,0,0,0,0,4.29E-05,0.000578533,-0.011293062,-0.019779904,-0.004176879,0.000399986,0,0,0,0,0,0,0,0,0,0,0,0,0,0,0,0,0,0,0,0,0,0,0,0,0,0,0,0,0,0
0,0,0,0,0,0,0,0,0,0,0,0,0,0,0,0,0,0,0,0,0,0,0,0,0,0,0,0,0,0,0,0,0,0,0,0,0,0,0,0,0,0,0,0,0,0,0,0,0,0,0,0,0,0,0,0,0,0,0,0,0,0,0,0,0,0,0,0,0,0,0,1.17E-05,0.000185734,-0.002041871,-0.018376889,-0.041869026,-0.033324551,-0.003248543,0.000537173,0,0,0,0,0,0,0,0,0,0,0,1.87E-19,0.000382115,-0.006040877,-0.005859205,0.265270442,0.704439645,0.529848124,0.040539606,-0.00822389,0,0,0,0,0,0,5.21E-32,7.36E-18,-1.12E-16,-3.45E-16,-9.59E-17,3.21E-17,-0.004854133,-0.008165535,0.441706478,0.945878217,0.905343222,1.037992885,0.220454238,-0.020916735,0,0,0,0,0,0,0.000140421,-0.001168471,-0.0163735,-0.021212044,-0.01997498,-0.012102397,-0.031504289,0.316390078,0.97485929,0.61567819,0.491806441,1.007606703,0.226092359,-0.01954793,0,0,0,0,0,2.94E-05,0.000404437,-0.019628752,0.231409127,0.559475443,0.259568131,0.042951436,0.160451945,0.884437994,0.800802556,0.514721645,0.944418304,0.569787955,0.004772069,-0.006210849,0,0,0,0,1.53E-07,0.000280893,-0.022808381,0.209900531,0.883829355,0.839202172,0.883687364,0.780724809,0.787571368,1.004410474,0.83081136,0.929285471,0.575160352,0.049996119,-0.013469861,0.000372753,0,0,0,0,2.57E-05,-0.008234052,0.016474707,0.674259787,0.725500863,0.092393127,0.181711959,0.84939357,1.034699857,0.927778984,0.740659229,0.339932309,0.014075946,-0.011825776,0.00094778,0,0,0,0,0,-0.000119843,-0.029245592,0.235864856,0.939406676,0.248602669,-0.06476331,0.250680351,0.981623315,0.653324721,0.083930503,0.004991711,-0.02095561,-0.008130208,0.000508272,0,0,0,0,0,0,-0.001878676,-0.014678002,0.510476954,0.790618379,0.028716947,0.072890472,0.803896429,0.903177254,0.169521242,-0.029764635,-0.004138327,-0.000926368,6.62E-05,2.76E-06,0,0,0,0,0,0,-0.003305919,0.00342006,0.676316396,0.603288356,-0.01433675,0.546509739,1.006125718,0.369174344,-0.025494222,-0.000467413,4.89E-05,0,0,0,0,0,0,0,0,0,-0.002910335,-0.002489141,0.622244162,0.83358524,0.456085633,0.97674903,0.552473992,-0.015569257,-0.004109766,0.000216053,0,0,0,0,0,0,0,0,0,0,-0.000653799,-0.01218127,0.200199466,0.798197372,1.024701857,0.785892395,0.090273676,-0.018075674,8.70E-05,0,0,0,0,0,0,0,0,0,0,0,8.31E-05,-0.010793947,0.029133204,0.661942385,0.966056486,0.246575368,-0.029198563,0.000185968,1.75E-05,0,0,0,0,0,0,0,0,0,0,0,-0.000101103,-0.032451287,0.258760195,0.991596303,0.443435007,-0.018786475,-0.000797879,6.99E-05,0,0,0,0,0,0,0,0,0,0,0,0,-0.000120562,-0.033121425,0.277160447,0.909115065,0.094966283,-0.018650211,0.00017325,0,0,0,0,0,0,0,0,0,0,0,0,0,3.57E-06,-0.009834218,0.059682309,0.4239888,0.083199659,-0.010563045,0,0,0,0,0,0,0,0,0,0,0,0,0,0,0,0.000926777,-0.005782356,-0.039043777,-0.007691798,0.000961669,0,0,0,0,0,0,0,0,0,0,0
0,0,0,0,0,0,0,0,0,0,0,0,0,0,0,0,0,0,0,0,0,0,0,0,0,0,0,0,0,0,0,0,0,0,0,0,0,0,0,0,0,0,0,0,0,0,0,0,0,0,0,0,0,0,0,0,0,0,0,0,0,0,0,0,0,0,0,0,0,0,0,0,0,0,0,0,0,0,0,0,0,0,0,0,0,0,0,0,0,0,0,0,0,0,0,0,0,0,0,0,0,0,0,1.70E-18,0.000804228,-0.004593461,-0.038173169,-0.047545283,-0.015768825,0.000482111,9.96E-05,8.51E-05,-0.000679412,-0.00860609,-0.010777931,-0.00253736,0.000186377,9.69E-18,0,0,0,0,0,0.000277778,-0.012724843,0.032254817,0.420793845,0.53132465,0.159706563,-0.023305164,-0.002592763,-0.007140353,-0.012170995,0.077053122,0.105600575,0.009718222,-0.012431747,0.000441788,5.96E-05,0,0,0,0,-0.002992285,0.002441418,0.566242594,0.995408938,0.991326584,0.875437236,0.299668668,-0.026317822,0.037430785,0.531946535,0.910390526,0.922403235,0.729309479,0.130668746,-0.017129075,-5.55E-05,0,0,0,0.000612694,-0.025985039,0.29714922,0.956174598,0.472570534,0.28504389,0.834637357,0.939284824,0.199164199,0.424944478,1.030817894,0.950860805,0.524579044,0.755915833,0.602199772,0.002643084,-0.00563351,0,0,5.21E-05,-0.008732114,0.037650327,0.722113613,0.69781907,-0.008955899,-0.04059593,0.211639757,0.872685304,0.874250068,0.921882285,0.90910287,0.340224009,-0.05224343,0.34671989,0.881997209,0.095307723,-0.015380753,0,0,3.78E-05,-0.034857221,0.284784212,0.941764655,0.237550075,-0.026674632,-0.028791121,0.077232162,0.772536373,1.066918233,0.758699755,0.169889918,-0.023448683,-0.037007676,0.22162066,0.987760485,0.15083211,-0.020768995,0,0,-0.005958435,0.005650452,0.60569133,0.907829776,0.024355052,-0.018138344,0.32032549,0.806671756,0.852333061,0.988615281,0.668175092,-9.13E-05,-0.024071436,-0.042800568,0.26768139,1.018263855,0.150534018,-0.021021242,0,0,-0.018365368,0.120583799,0.969015412,0.693377954,0.458226598,0.878041831,0.898793287,0.691496355,0.134141019,0.486367521,1.004181953,0.422996843,0.061578122,0.071648407,0.659717874,0.891666344,0.08986613,-0.015160579,0,0,-0.012799224,0.068422506,0.797692181,1.009001055,0.925848465,0.491369026,0.189561371,0.003580048,-0.029080797,0.038471967,0.56342133,1.009280553,0.838554347,0.828370796,0.992133834,0.395975677,-0.01411301,-0.002643825,0,0,-0.000777335,-0.00776278,0.146572746,0.387940802,0.31557307,-0.015256587,-0.022872454,-0.002138225,0.001217405,-0.012588508,0.020906437,0.329979652,0.687967593,0.71242819,0.297314474,0.020862932,-0.006271656,0.000178377,0,0,0.000193015,-0.000256512,-0.018867902,-0.028762749,-0.019615434,-0.003982894,0.000528311,0,0,0.000758272,-0.008599707,-0.023359881,0.006338916,0.008362371,-0.022916445,-0.007027931,0.000729179,9.19E-06,0,0,0,1.83E-05,-0.000131587,-0.000832159,-0.000874285,5.07E-05,0,0,0,4.20E-19,5.92E-05,-0.000807601,-0.003569138,-0.003758068,-0.000680811,5.35E-05,0,0,0,0,0,0,0,0,0,0,0,0,0,0,0,0,0,0,0,0,0,0,0,0,0,0,0,0,0,0,0,0,0,0,0,0,0,0,0,0,0,0,0,0,0,0,0,0,0,0,0,0,0,0,0,0,0,0,0,0,0,0,0
0,0,0,0,0,0,0,0,0,0,0,0,0,0,0,0,0,0,0,0,0,0,0,0,0,0,0,0,0,0,0,0,0,0,0,0,0,0,0,0,0,0,0,0,0,0,0,0,0,0,0.00017325,-0.001893522,-0.005091915,-0.003044719,-0.023533488,-0.005126575,0.000355876,0,0,0,0,0,0,0,0,0,0,2.45E-06,1.97E-05,-1.78E-05,-0.008249728,-0.013247838,0.014812805,0.016048032,0.187039641,0.022728962,-0.002788399,9.78E-05,0,0,0,0,0,0,0,9.33E-20,8.58E-05,-0.000190066,-0.008090499,-0.032829861,0.05128171,0.506091554,0.606579345,0.252965499,0.769213576,0.436662207,-0.025494196,-0.000112103,0,0,0,0,0,0,0,9.55E-18,-0.000434368,-0.011045361,0.03975097,0.263958061,0.838563691,0.99497692,0.568288,-0.004355358,0.369587061,0.839541956,0.13264551,-0.018346174,0,0,0,0,0,0,1.53E-05,0.000413603,-0.010788228,0.122140727,0.39332084,0.948792433,1.039636778,0.820367085,0.073637014,-0.03803285,0.3232452,0.9180096,0.254903884,-0.031242102,0,0,0,0,0,0,1.93E-05,-0.003099683,0.014073978,0.654938691,0.911813386,0.838379839,1.010602639,0.757382632,0.075963487,-0.035791957,0.382661106,0.89501228,0.214826801,-0.027041621,0,0,0,0,0,4.66E-05,-0.001402778,-0.034308841,0.40966716,0.960438306,0.691759736,0.781793726,1.012787088,0.952171824,0.211108071,-0.047346746,0.461835989,0.838879647,0.121444053,-0.01722066,0,0,0,0,0,-0.00066105,-0.010870643,0.187766868,0.82396361,0.949699751,0.173961618,0.564550024,1.035476801,0.994419135,0.524184314,-0.079991047,0.606866183,0.752489498,-0.025096439,-0.001822592,0,0,0,0,0,-0.002595435,-0.001951644,0.530921518,0.988344227,0.994699258,0.41602691,0.299888617,0.835610856,1.018404599,0.888838409,0.255070602,0.780670462,0.562267736,-0.034347818,9.25E-05,0,0,0,0,0,-0.003875204,0.010119247,0.702594346,1.02990128,1.034834087,0.579602618,0.067150123,0.650402965,1.03134695,1.01479835,0.980758612,1.000139059,0.355869673,-0.023756893,1.22E-05,0,0,0,0,0,-0.005356692,0.029606892,0.866231299,0.867866305,0.838865618,0.275491572,0.03239284,0.631670081,0.344797824,0.775400433,0.910851576,0.631139986,0.064781399,-0.006436346,0,0,0,0,0,0,-0.004095078,0.014288126,0.739054092,0.726336993,0.741195443,0.394163824,-0.022781914,0.092472273,-0.032405025,0.089342991,0.170713337,-0.006146004,-0.009641885,0.000442198,0,0,0,0,0,0,-0.004784161,0.021552134,0.80640431,0.95700497,0.799590043,0.20143076,0.052140251,0.121342218,-0.006388855,-0.009657423,-0.016801981,-0.001265489,0.000275735,0,0,0,0,0,0,0,-0.002665594,-0.005197253,0.580651484,0.989321402,0.361594955,0.040647501,0.445662803,0.041659348,-0.00381827,0,0,0,0,0,0,0,0,0,0,0,-0.000184487,-0.027648063,0.231129255,0.971557411,0.929870674,0.598555607,0.333883919,-0.011336261,-0.001183772,0,0,0,0,0,0,0,0,0,0,0,2.95E-05,-0.004202998,0.013641413,0.228469488,0.53911252,0.55076777,0.061029123,-0.012701378,7.03E-05,0,0,0,0,0,0,0,0,0,0,0,5.11E-07,0.000483898,-0.003304909,-0.018105256,-0.020616091,-0.019010076,-0.006081495,0.00064134,6.13E-06,0,0,0,0,0,0,0,0,0,0,0,0,0,0,0,0,0,0,0,0,0,0,0,0,0,0,0,0
0,0,0,0,0,0,0,0,0,0,0,0,0,0,0,0,0,0,0,0,0,0,0,0,0,0,0,0,0,0,0,0,0,0,0,0,0,0,0,0,0,0,0,0,0,0,0,0,0,0,0,0,0,0,0,0,0,0,0,0,0,0,0,0,0,0,0,0,0,0,0,1.74E-05,7.37E-05,-0.002475031,-0.005124387,-0.008053819,-0.008256025,-0.000819371,0.000101614,0,0,0,0,0,0,0,0,0,0,0,1.15E-17,0.00054262,-0.018974053,-0.006953023,0.024860447,0.076685832,0.080243328,-0.013241001,-0.000478111,0,0,0,0,0,0,0,0,0,0,5.69E-18,0.000755293,-0.016110686,0.104813382,0.552418556,0.879723073,0.93032101,0.89592482,0.266695847,-0.016880276,0,0,0,0,0,0,0,0,0,1.17E-05,0.000519982,-0.014682309,0.055903544,0.746092546,1.010443117,0.74191362,0.525387544,0.864570806,0.77257589,-0.020574789,0,0,0,0,0,2.94E-05,-5.54E-05,-0.002610574,-0.004069627,-0.003404825,-0.023304543,0.037472229,0.582548544,0.949427204,0.446576067,0.01991008,0.114473608,0.823205774,0.782622505,-0.020759108,0,0,0,0,3.03E-05,0.000313725,-0.008840516,-0.012456308,-0.005980664,-0.012641187,0.055787905,0.530269642,1.018878047,0.638323057,0.165960223,0.404985958,0.786787088,1.016544033,0.349905409,-0.019733115,0,0,0,0,0.000382353,-0.022877349,0.106087214,0.623533361,0.784354422,0.742794118,0.794981022,0.990783292,1.030690615,0.91862098,0.906359511,1.014570704,0.948774799,0.434923169,-0.003023691,-0.004773965,0,0,0,0.000377074,-0.011391255,0.075052049,0.794404701,1.003777608,0.8631885,0.98893076,1.033395867,0.968475763,0.733830797,0.630792433,0.633762817,0.491173254,0.111475677,-0.010505821,-0.007870857,0.000587214,0,0,0,-0.003540418,0.000376634,0.555585444,1.002016255,0.531021191,0.127379455,0.778517838,1.035360805,0.501731703,0.009962282,-0.032096072,-0.039141612,-0.030820925,-0.010097682,-0.001840993,0.000221047,3.06E-06,0,0,0,-0.02046814,0.149728745,0.887918348,0.694654383,-0.004434185,0.199957506,0.957299505,0.741536865,0.043137968,-0.014901196,-0.000606539,0.000126371,0,0,0,0,0,0,0,0,-0.042683543,0.364626957,0.965384412,0.250175262,0.002693168,0.738114359,0.939708248,0.244296126,-0.026772144,-0.000201951,0,0,0,0,0,0,0,0,0,0,-0.051377033,0.445443066,1.038339988,0.317036288,0.399362847,1.041609953,0.615043624,-0.001106567,-0.006725711,5.49E-05,0,0,0,0,0,0,0,0,0,0,-0.043866536,0.37236569,1.003402642,0.579627672,0.843709201,0.870170176,0.118608507,-0.016963797,0.000474265,0,0,0,0,0,0,0,0,0,0,0,-0.009057927,0.069834848,0.296687398,0.486304109,1.062406471,0.371392711,-0.024830797,0.000161509,1.65E-05,0,0,0,0,0,0,0,0,0,0,0,0.00119111,-0.010515215,-0.053544953,0.310116842,0.648285214,0.060059896,-0.01170203,6.11E-05,0,0,0,0,0,0,0,0,0,0,0,0,0,4.03E-05,0.000277608,-0.010167313,-0.021762834,-0.004712914,0.000430624,0,0,0,0,0,0,0,0,0,0,0,0,0,0,0,0,0,0,0,0,0,0,0,0,0,0,0,0,0,0,0
0,0,0,0,0,0,0,0,0,0,0,0,0,0,0,0,0,0,0,0,0,0,0,0,0,0,0,0,0,0,0,0,0,0,0,0,0,0,0,0,0,0,0,0,0,0,0,0,0,0,0,0,0,0,0,0,0,0,0,0,0,0,4.16E-05,-0.000261846,-0.002571998,-0.001613154,9.68E-05,0,0,0,0,0,0,0,0,0,0,0,0,0,0,0.000223652,-0.000893461,-0.017872583,0.00036009,-0.011133544,-0.027136132,-0.001865599,0.000386029,0,0,0,0,0,0,0,0,0,0,0,0,-0.001030944,-0.008734306,0.176672266,0.551964308,0.451167535,0.190442589,0.002791417,-0.00251634,3.50E-18,0,0,0,0,0,0,0,0,0,0,0,-0.013194104,0.077802203,0.687665067,0.440170343,0.365913807,0.64662323,0.162410436,-0.026638242,0.000138548,8.88E-05,0,0,0,0,0,0,0,0,0,0,-0.020115704,0.403397509,0.694039447,0.005176223,-0.0716338,0.269817425,0.757727619,0.110829257,-0.013630559,0.00030543,0,0,0,0,0,0,0,0,0,0,-0.01863477,0.648843589,0.556809828,-0.02840688,-0.004580576,0.003046535,0.567276711,0.609013906,0.054889893,-0.026802543,-0.028542892,-0.029138896,-0.029523642,-0.018266544,-0.002354116,7.46E-05,1.47E-05,0,0,0,-0.015052934,0.381498818,0.429093256,-0.037572798,0.000227294,-0.012177458,0.048760922,0.62548063,0.369674292,0.170671467,0.487787326,0.514670876,0.521709678,0.294913348,-0.004414131,-0.009547539,0.000846276,0,0,0,-0.014844601,0.181222331,0.494111571,0.012868277,-0.005658088,-0.000511812,-0.018746025,0.158937074,0.823178734,0.953721371,0.562120336,0.337303021,0.336259736,0.605669067,0.524626328,0.054964903,-0.008768089,0,0,0,-0.002674973,0.01756609,0.106640863,0.014703091,-0.002421569,7.25E-05,-0.027170417,0.211061734,0.799459678,0.760211925,0.162959338,-0.04539355,-0.032272144,0.131774306,0.82827931,0.282646344,-0.033512291,0,0,0,0.000362806,-0.002996082,-0.013840854,-0.00155599,0.000278831,0,-0.027825525,0.253332331,0.312969678,0.525478646,0.241466716,-0.037561163,-0.002404152,-0.009396461,0.66286622,0.395618435,-0.044079217,0,0,0,0,0,0,0,0,0,0.00085606,-0.007635825,-0.021916701,0.058731958,0.337629442,0.163642925,-0.044906165,0.056787071,0.820916565,0.365339835,-0.041888631,0,0,0,0,0,0,0,0,0,0,2.04E-05,0.000429773,-0.025330202,0.173931526,0.622744826,0.470102158,0.589310355,0.911475814,0.21202788,-0.026956096,0,0,0,0,0,0,0,0,0,0,0,0,0.001137834,-0.018876634,0.044854759,0.514997975,0.764878983,0.393258766,0.00336717,-0.002863723,0,0,0,0,0,0,0,0,0,0,0,0,3.32E-05,-1.84E-05,-0.011523328,0.032166905,0.044395731,-0.025511795,-0.001551113,0.000277608,0,0,0,0,0,0,0,0,0,0,0,0,0,0,0.000693187,-0.006298969,-0.009000856,2.32E-05,4.04E-05,0,0,0,0,0,0,0,0,0,0,0,0,0,0,0,0,0,0,0,0,0,0,0,0,0,0,0,0,0,0,0,0,0,0,0,0,0,0,0,0,0,0,0
0,0,0,0,0,0,0,0,0,0,0,0,0,0,0,0,0,0,0,0,0,0,0,0,0,0,0,0,0,0,0,0,0,0,0,0,0,0,0,0,0,0,0,0,0,0,0,0,0,0,0,0,0,0,0,0,0,0,0,0,0,0,0,0,0,0,0,0,0,0,0,6.64E-06,8.88E-05,-0.000774663,-0.014239022,-0.023901552,-0.022174428,-0.002435897,0.000260927,0,0,0,0,0,0,0,0,0,0,0,0,0.000377689,-0.003496647,-0.023016902,0.191854541,0.375766357,0.336688402,0.000796679,-0.003226273,0,0,0,0,0,0,0,0,0,0,0,1.62E-17,-0.003757489,-0.002624231,0.352472171,0.898018229,0.919492,0.94399069,0.481687117,-0.019817708,0,0,0,0,0,0,0,3.57E-05,-0.000197199,-0.001862234,-0.007584252,-0.012296943,-0.034665373,0.172178281,0.934560849,0.657953448,0.199327563,0.684365043,0.867344482,-0.02088031,0,0,0,0,0,0,4.08E-05,0.000112613,-0.008483457,-0.029738953,0.022013014,0.054548395,0.221020342,0.800435869,0.732674711,0.08249735,-0.047809489,0.660564999,0.796544607,-0.020804628,0,0,0,0,4.75E-06,0.000230954,-0.00195595,-0.02518716,0.06146213,0.463972767,0.664437772,0.789376243,0.915536288,1.002177687,0.456232247,0.068647569,0.186717422,0.921685849,0.428810977,-0.020785675,0,0,0,0.000183441,-0.000347478,-0.028356703,-0.019349911,0.299952955,0.79098739,0.902351222,0.447051232,0.553103537,0.999358813,0.767146332,0.831864413,0.824860243,0.826855852,0.750628166,0.062069813,-0.012231584,0,0,0,5.10E-05,-0.011467252,0.158401927,0.461564951,0.868611247,0.617424466,0.063304143,-0.005231396,0.641603605,0.735672573,0.048967038,0.101934811,0.376327972,0.422170956,0.049439253,-0.009172374,-3.00E-05,0,0,0,-0.020394603,0.149333163,0.849480494,1.035723958,0.479058841,-0.025340182,-0.031454487,0.219923935,0.896739873,0.332108711,-0.032385553,-0.010309947,-0.023372855,-0.025914675,-0.006096405,1.74E-05,6.23E-05,0,0,0,-0.048001989,0.409869808,1.063504172,0.693090053,0.0211949,-0.015235421,-0.014697033,0.648684403,0.739841833,-0.004547511,-0.005656554,0.000146753,0,0,0,0,0,0,0,0,-0.04141739,0.350891646,0.986430726,0.31521778,-0.032958333,-0.031742285,0.15590739,0.854109937,0.290765302,-0.024959933,0.000615548,0,0,0,0,0,0,0,0,0,-0.021339122,0.159220537,0.881944121,0.520744519,-0.014459797,0.065429542,0.664862558,0.729095895,0.031373638,-0.004942453,0,0,0,0,0,0,0,0,0,0,-0.002473605,-0.005001549,0.463119707,0.95698749,0.803084814,0.889636039,0.9283854,0.226874438,-0.026579606,-0.000153646,0,0,0,0,0,0,0,0,0,0,0.00024092,-0.004808466,0.006215482,0.4569351,0.660126634,0.60714905,0.265804449,-0.00421812,-0.002955116,3.91E-05,0,0,0,0,0,0,0,0,0,0,0,0.000179925,-0.003073305,-0.006514054,0.018151726,0.001343203,-0.02576388,-0.001942899,0.000418246,0,0,0,0,0,0,0,0,0,0,0,0,2.09E-05,-4.37E-05,-0.003750851,-0.007392429,-0.005609399,-0.000557428,6.38E-05,0,0,0,0,0,0,0,0,0,0,0,0,0,0,0,0,0,0,0,0,0,0,0,0,0,0,0,0,0,0
0,0,0,0,0,0,0,0,0,0,0,0,0,0,0,0,0,0,0,0,0,0,0,0,0,6.38E-05,-0.000696998,-0.001500652,-0.001501566,-0.000383476,5.21E-05,0,0,0,0,0,0,0,0,0,0,0,0,9.78E-06,0.000796543,-0.007365833,-0.03125958,-0.036234232,-0.036560984,-0.017275947,0.000447291,6.97E-05,0,0,0,0,0,0,0,0,0,0,0,0.00019184,-0.010020595,0.030506519,0.331650037,0.472697879,0.475441942,0.169671398,-0.023451746,-0.000262,-0.000106702,-0.002444649,-0.004355443,-0.002354626,-0.000429381,5.87E-05,0,0,0,0,5.14E-05,-0.003841044,0.011303683,0.545451168,0.981159365,1.061213736,1.059009464,0.749388327,0.177096218,-0.010589495,-0.013312543,-0.007743022,0.016205797,-0.007373213,-0.007990451,0.000366577,3.98E-05,0,0,0,0.000809996,-0.02814728,0.292848124,0.992305964,1.0060617,0.896386375,0.992530263,1.036117273,0.730930624,0.019878217,0.100455563,0.548613103,0.754418607,0.525877621,0.120022501,-0.021660212,0.000422624,0,0,0,-0.014227712,0.094025582,0.751443219,1.042738851,0.722260246,0.199635376,0.530111435,0.982410148,0.877283497,0.195202529,0.622222222,1.045047522,1.033026212,1.036699772,0.647442113,0.035937334,-0.00889808,0,0,0,-0.028751808,0.227433774,0.924436291,0.973007402,0.305158558,-0.062464542,0.000753961,0.647647534,0.983614797,0.726483531,0.958460147,0.881571141,0.448806748,0.679460241,1.02439923,0.368069304,-0.020526748,0,0,0,-0.044623538,0.377673543,1.03488031,0.840580831,0.126372243,-0.018839224,-0.027926896,0.310580814,1.002612575,1.00918333,1.031738192,0.651230171,-0.024421313,0.149154973,0.915333129,0.795454119,-0.020881672,0,0,0,-0.045782072,0.388605801,1.047423305,0.796597988,0.068342967,-0.011842567,-0.005966708,0.049258306,0.691310321,1.026212282,0.916664119,0.172332006,-0.031210103,0.014388497,0.634331801,0.88384133,-0.019184368,0,0,0,-0.027110595,0.212416428,0.914643842,0.888792637,0.176576712,-0.024411714,-0.001162786,-0.022254238,0.422471218,1.048002774,0.851933319,-0.014213388,-0.001064832,-0.040742136,0.520914641,0.87443281,-0.018058109,0,0,0,-0.026777139,0.209269846,0.900258221,0.994710478,0.350502774,-0.03554178,-0.002587418,-0.014394421,0.507621511,1.031416445,0.968664581,0.330958946,-0.056750681,0.028020374,0.683105801,0.880886531,-0.019978554,0,0,0,-0.025298076,0.194836041,0.892381137,1.035300453,0.672898441,0.031250882,-0.015169276,0.020662495,0.768342624,1.01662794,1.034645645,0.863071403,0.190923355,0.034092237,0.762727467,0.882036366,-0.020755541,0,0,0,-0.007990706,0.035159161,0.710385315,1.025888991,0.975652778,0.340086421,-0.065936275,0.377161765,1.01405993,0.881625562,0.824585304,1.031948597,0.839332329,0.568621698,0.936069768,0.86745414,-0.020706189,0,0,0,0.000239289,-0.021313351,0.272572372,0.945631144,1.028687023,0.804725551,0.51626057,0.88448235,1.010596626,0.424540765,0.14774644,0.791292279,1.034812143,1.06001314,1.043071572,0.772766941,-0.020982605,0,0,0,5.14E-05,-0.002270731,-0.007982775,0.426658531,0.880509395,1.046847,1.061468461,1.04321778,0.611791037,0.046734971,-0.042777149,0.155945483,0.480935168,0.716076593,0.6451915,0.155028043,-0.011083197,0,0,0,0,0.000197304,-0.005328329,-0.009424564,0.212109392,0.455615412,0.471900514,0.426742664,0.061084406,-0.012240145,0.001147426,-0.01241202,-0.02938397,0.010944513,-0.004137119,-0.013320289,0.000494451,0,0,0,0,0,0.000432922,-0.002145143,-0.023813338,-0.037019305,-0.036891229,-0.035517508,-0.009647996,0.000678427,0,3.06E-05,-0.000120256,-0.00555012,-0.003621948,0.00015255,2.04E-05,0,0,0,0,0,0,2.55E-05,-0.000262119,-0.001284429,-0.001425483,-0.001166939,-3.61E-05,7.15E-06,0,0,0,0,0,0,0,0,0,0,0,0,0,0,0,0,0,0,0,0,0,0,0,0,0,0,0,0
0,0,0,0,0,0,0,0,0,0,0,0,0,0,0,0,0,0,0,0,0,0,0,0,0,0,0,0,0,0,0,0,0,0,0,0,0,0,0,0,0,0,0,0,0,0,0,0,0,0,0,0,0,0,0,0,0,0,0,0,0,0,0,0,0,0,0,0,0,0,0,0,0,0,0,0,0,0,0,0,0,0,0,0,0,0,0,0,0,0.000170956,-0.000905025,-0.00880239,-0.012322062,-0.008432904,-0.007617341,-0.000588542,6.16E-05,0,0,0,0,0,4.97E-18,2.55E-05,0.000159995,-0.006807428,-0.007749523,-4.79E-16,0.000207227,-0.001334372,-0.021553973,0.029043335,0.065432973,0.030484069,0.026433007,0.001380191,-0.000152063,5.59E-18,0,0,0,0.000108932,-0.000228283,-0.010302798,-0.015165952,0.073411118,0.083866592,-0.009378949,-0.015042977,-0.016378728,0.331772689,0.662458997,0.650046336,0.607972069,0.554841929,0.033622958,-0.008149016,0.000395418,0,0,0,-0.000191594,-0.011514066,0.091217813,0.436164836,0.63492642,0.761980351,0.631808554,0.257353043,0.087294274,0.789022988,0.553040829,0.348567026,0.392149644,0.705665162,0.589521439,0.053187956,-0.00900167,0,0,0,-0.01027165,0.063259668,0.608822798,0.446267072,0.107298373,0.123522348,0.256619481,0.560799564,0.789956104,0.617074925,0.065941517,-0.029912152,-0.038271344,0.308352805,0.840427492,0.133750477,-0.018436264,0,0,0,-0.014988426,0.356707007,0.534767616,-0.001558092,-0.022303139,-0.011740485,-0.051748196,0.280376566,0.843997668,0.391090482,-0.039371936,0.001504219,-0.016297947,0.233662429,0.928157629,0.291098754,-0.034966369,0,0,0,-0.005285267,0.655546248,0.199814934,0.149307853,0.006044441,-0.000862337,-0.012128124,0.067276382,0.732355596,0.640370455,-0.006728554,-0.003136847,-0.012941534,0.170710291,0.930178768,0.328678002,-0.038794179,0,0,0,-0.004555419,0.261462588,0.202026433,0.593541088,0.080092337,-0.007288194,-0.003630916,0.007322644,0.473846524,0.735038756,0.049918522,-0.009350923,-0.017324261,0.233821776,0.777368073,0.136443798,-0.018338429,0,0,0,0.000314398,-0.032806739,0.019980705,0.74601939,0.219078768,-0.03062421,-0.041173242,0.129257232,0.823406472,0.60930204,-0.003598049,-0.037783835,-0.054834699,0.454210336,0.700133708,-0.000121734,-0.004033422,0,0,0,1.53E-05,-0.000438731,-0.028738171,0.459445176,0.757105988,0.185829997,0.138208016,0.416231379,0.761467065,0.681259361,0.423678632,0.264679708,0.410793607,0.742518689,0.281090346,-0.021146821,0.000297583,0,0,0,0,0,-0.002363205,0.004835835,0.445316125,0.608014297,0.685180027,0.612450555,0.25489185,0.092438504,0.194297437,0.444097163,0.671693457,0.255248792,-0.01285386,-0.000757966,0,0,0,0,0,0,0.000332312,-0.006071249,-0.010005787,0.035770578,0.048512206,0.015618175,-0.014487609,-0.018259651,-0.02233815,0.003190079,0.01202354,-0.020488988,-0.003241422,0.000244485,0,0,0,0,0,0,6.74E-06,6.12E-05,-0.001785948,-0.004240962,-0.005104918,-0.003481362,-0.000773386,0.000120864,-4.16E-05,-0.002160124,-0.003580729,-0.000507302,8.27E-05,0,0,0,0,0,0,0,0,0,0,0,0,0,0,0,0,0,0,0,0,0,0,0,0,0,0,0,0,0,0,0,0,0,0,0,0,0,0,0,0,0,0,0,0,0,0,0,0,0,0,0,0,0,0,0,0,0,0,0,0,0,0,0,0
0,0,0,0,0,0,0,0,0,0,0,0,0,0,0,0,0,0,0,0,0,0,0,0,0,0,0,0,0,0,0,0,0,0,0,0,0,0,0,0,0,0,0,0,0,0,0,0,0,0,0,0,0,0,0,0,0,0,0,0,0,0,0,0,0,0,0,0,0,0,0,0,0,0,0,0,0,0,0,0,0,0,0,6.07E-05,0.000139706,-0.013214154,-0.024889093,-0.011974135,-0.000638787,9.96E-05,0,0,0,0,0,0,0,0,0,0,0,0,3.97E-18,0.00062454,-0.018522416,0.065611877,0.171401688,0.055657637,-0.037326985,-0.011783854,0.000980818,2.17E-05,0,0,0,0,0,0,0,0,0,0,0.000554401,-0.018363681,0.176550909,0.738407816,0.865486247,0.72207997,0.493233252,0.104178751,-0.026900106,-0.007364941,-0.011672645,-0.006314849,-0.000984477,0.00015625,0,0,0,0,0,0,-0.007452575,0.03055367,0.719827854,0.861909709,0.266507701,0.340920627,0.814197172,0.788132618,0.224141053,0.006327453,0.062029978,0.00831983,-0.017587542,-0.007883596,0.0004904,0,0,0,0,0,-0.034048755,0.280805028,0.94651697,0.342316057,-0.043167705,-0.03216629,0.090502417,0.761461584,0.882831887,0.634465839,0.762114739,0.637297283,0.244133647,0.018484052,-0.020206546,-0.001106559,0.000194036,0,0,0,-0.049528352,0.430392276,0.997362643,0.103569802,-0.020791616,-0.017437018,0.06473812,0.739614771,1.059857707,0.940171364,0.370489211,0.628045275,0.824900667,0.691471644,0.20923543,-0.011032333,-0.002082653,0,0,0,-0.032186213,0.262949636,0.928378608,0.457855613,0.051401927,0.048476384,0.719349809,0.879504834,0.616648131,0.93935575,0.41119242,-0.027965057,0.175075283,0.693072559,0.950621596,0.303561378,-0.018397161,0,0,0,-0.002345604,0.003747396,0.313190274,0.505043709,0.406871102,0.706368642,0.845735226,0.227128421,-0.036669696,0.43267276,0.967742669,0.417566347,-0.041568849,0.042545888,0.793486179,0.800203824,-0.020923203,0,0,0,0.000439344,-0.002081295,-0.057170978,0.084404699,0.738849636,0.697463662,0.109566178,-0.016441323,-0.008563552,-0.009903795,0.458008641,0.919545014,0.661659737,0.155346959,0.747435863,0.925109313,-0.021231979,0,0,0,0,4.60E-06,-0.001283701,0.005410284,0.071984783,0.005338823,-0.015971201,-0.001328636,0.000691381,-0.007406556,-0.015098804,0.238537837,0.696185338,0.810885791,0.825363188,0.559140119,-0.016417994,0,0,0,0,0,0.000130208,-0.000660829,-0.007213371,-0.002225925,0.000195738,0,0,0.000251055,-0.000939067,-0.024401212,0.054170309,0.168703585,0.129887697,0.017110934,-0.002143927,0,0,0,0,0,0,0,0,0,0,0,0,0,5.14E-05,0.000231311,-0.011602635,-0.024141238,-0.02048652,-0.006823713,0.000364583,0,0,0,0,0,0,0,0,0,0,0,0,0,0,0,0,0,0,0,0,0,0,0,0,0,0,0,0,0,0,0,0,0,0,0,0,0,0,0,0,0,0,0,0,0,0,0,0,0,0,0,0,0,0,0,0,0,0,0,0,0,0,0,0,0,0,0,0,0,0,0,0,0,0,0,0,0,0,0,0,0
0,0,0,0,0,0,0,0,0,0,0,0,0,0,0,0,0,0,0,0,0,0,0,0,0,0,0,0,0,0,0,0,0,0,0,0,0,0,0,0,0,0,0,0,0,0,0,0,0,0,0,0,0,0,0,0,0,0,0,0,0,0,0,0,0,0,0,0,0,0,0,0,7.83E-05,-0.000289573,-0.005440564,-0.042810458,-0.039317402,-0.015624618,0.00071538,0,0,0,0,0,0,0,0,0,0,0,0,0,0.000905793,-0.013870234,0.037031505,0.70985803,0.638356873,0.220498298,-0.01145527,0,0,0,0,0,0,1.01E-31,3.32E-18,-1.44E-16,-9.46E-17,8.30E-18,2.02E-31,0.000812738,-0.030003312,0.152887051,0.726157561,1.033178836,1.068710461,0.841810277,-0.021211533,0,0,0,0,0,0.000196078,-0.001459695,-0.005132421,-0.015127118,-0.019022842,-0.014714563,-0.00034535,-0.011838235,0.014221852,0.700526688,1.030574244,0.37600383,0.838450623,0.889779684,-0.020866013,0,0,0,0,0,-0.000880519,0.007849252,0.003524962,0.2514834,0.232758805,0.077387778,-0.013233714,-0.02159008,0.503350006,1.062754933,0.455091262,0.104637516,0.827031647,0.720783215,-0.020833333,0,0,0,0,0,-0.013280025,0.087301522,0.487205559,0.88092908,0.982766238,0.850472869,0.121340074,0.290281556,0.994067252,0.678320466,0.293851358,0.788649084,1.059825402,0.344933299,-0.021352635,0,0,0,0,0.000117647,-0.026375919,0.153231584,0.914118787,0.844905171,0.862656846,0.999070415,0.828538092,0.903320568,1.029335178,0.803852669,0.909132353,1.04216973,0.785369911,0.052563865,-0.012940155,0,0,0,0.000652236,-0.00540545,-0.047346099,0.245480239,0.913975405,0.630903653,-0.003735311,0.177310781,1.000591435,0.994844737,0.967172133,1.046686751,0.797773914,0.348162037,0.080976716,-0.010275672,-2.49E-05,0,0,0,-0.006395989,0.039400378,0.36016956,0.829261949,0.904751481,0.760362959,-0.047290118,0.210179585,1.014798577,0.698941415,0.460390713,0.47976491,0.041172079,-0.037062551,-0.008023131,0.000174881,6.54E-05,0,0,0,-0.046399604,0.393883199,1.052706677,0.881417492,0.219523902,0.0544935,-0.014243152,0.726497697,1.05895362,0.388860727,-0.033449941,-0.018642126,-0.012308508,0.001401492,0,0,0,0,0,0,-0.041157311,0.344426028,1.032572151,0.751460886,-0.027716146,-0.034845485,0.481028731,1.057528442,0.721063657,0.016120013,-0.012146536,-0.002995643,0.000272331,0,0,0,0,0,0,0,-0.005697689,0.009314645,0.785145374,0.964114805,0.247700419,0.22922102,0.989296943,0.614535743,0.125595792,-0.016319206,0.000652236,0,0,0,0,0,0,0,0,0,0.00093922,-0.048460989,0.637879868,1.055920837,0.891751072,0.865685544,0.917933909,0.139376991,-0.044271582,0.001166769,0,0,0,0,0,0,0,0,0,0,0,-0.012670956,0.165652318,0.851853792,0.895361826,0.838143217,0.274621238,0.004456699,-0.003264604,9.80E-06,0,0,0,0,0,0,0,0,0,0,0,0.00034594,-0.013305053,0.089236731,0.098691706,0.072285303,-0.037499592,-0.001549468,0.00046961,0,0,0,0,0,0,0,0,0,0,0,0,9.75E-05,-0.000617681,-0.014986894,-0.016027199,-0.013366081,0.000325095,0,0,0,0,0,0,0,0,0,0,0,0,0,0,0,0,0,0,0,0,0,0,0,0,0,0,0,0,0,0,0
0,0,0,0,0,0,0,0,0,0,0,0,0,0,0,0,0,0,0,0,0,0,0,0,0,0,0,0,0,0,0,0,0,0,0,0,0,0,0,0,0,0,0,0,0,0,0,0,0,0,0,0,0,0,0,0,0,0,0,0,0,0,0,0,0,0,0,0,0,0,0,0,0,0,0,0,0,0,0,0,0,0,0,5.61E-05,0.000168811,-0.012783701,-0.021030331,-0.002295769,0.000370711,0,0,0,0,0,0,0,0,0,0,0,0,0,4.97E-19,7.41E-05,-0.008178598,0.065054109,0.133480767,-0.01205777,-0.00255336,3.19E-05,0,0,0,0,0,0,0,0,0,0,0,0,0.000252741,-0.008747583,0.057658871,0.698639723,0.860860107,0.386814796,-0.026977379,-0.000922266,0.00018076,0.000365945,-0.008112694,-0.017946623,-0.017881944,-0.012345112,-0.001246766,0.000203824,0,0,0,0,-0.001478311,-0.017353638,0.539836397,0.671296744,0.321711593,0.825705147,0.265619998,-0.028194173,0.000255493,-0.024768762,0.033364767,0.14320044,0.147567771,0.078849517,-0.029853094,-0.006929431,0.000709307,0,0,0,-0.019007786,0.142096592,0.795030603,0.21972932,-0.050920037,0.334008584,0.778049037,0.138663739,-0.053919662,0.162712793,0.62479249,0.732296943,0.683491592,0.688044594,0.398214171,0.01599787,-0.005851716,0,0,0,-0.035059313,0.30068413,0.781080065,0.02309952,-0.009253557,-0.018979658,0.54026845,0.750575402,0.476533224,0.641156029,0.296859841,0.102580082,0.071262,0.223557496,0.767100099,0.443478982,-0.019392531,0,0,0,-0.05015083,0.452870779,0.702953074,0.003878574,-0.002801709,-0.023910256,0.110734477,0.881867426,0.935140727,0.231554517,-0.05779444,-0.01822389,-0.014511642,-0.047557802,0.283286884,0.803022247,-0.010194547,0,0,0,-0.04177612,0.374580848,0.634057853,0.008444989,-0.019813317,0.005762131,0.53732404,0.562503983,0.564152386,0.667868549,0.080324623,-0.028268314,-0.009727941,-0.019292569,0.146712657,0.770666911,-0.005317266,0,0,0,-0.034037767,0.294996773,0.702577249,0.017549308,0.038523297,0.561283915,0.677203504,0.043206198,-0.004596429,0.507660494,0.746001,0.270758275,0.032427812,-0.036656,0.422731136,0.601013915,-0.014201758,0,0,0,-0.016793037,0.131242119,0.589587963,0.172527608,0.668462895,0.678355448,0.128687789,-0.021375528,-0.008596133,-0.008785914,0.399826784,0.789774289,0.729567283,0.593527369,0.760772535,0.203592172,-0.015964733,0,0,0,0.000444336,-0.009343205,0.050931185,0.463261251,0.500508,0.025230355,-0.020120421,0.001244638,0.000191483,-0.003785573,-0.021358655,0.153016544,0.446233762,0.568596201,0.242520459,-0.010267536,-0.00196572,0,0,0,0.000110065,-0.001383374,-0.001262834,0.111713695,-0.002662207,-0.01317272,0.000613766,0,2.80E-19,0.000303309,-0.001725164,-0.021223414,-0.019815581,-0.010721371,-0.01793784,-0.002555134,0.000340074,0,0,0,0,5.59E-05,-0.000490145,-0.007840993,-0.002343342,0.000208512,6.13E-06,0,0,0,1.35E-05,-4.94E-05,-0.001356567,-0.002225592,-0.000568832,7.09E-05,0,0,0,0,0,0,0,0,0,0,0,0,0,0,0,0,0,0,0,0,0,0,0,0,0,0,0,0,0,0,0,0,0,0,0,0,0,0,0,0,0,0,0,0,0,0,0,0,0,0,0,0,0,0,0,0,0,0,0,0,0,0
0,0,0,0,0,0,0,0,0,0,0,0,0,0,0,0,0,0,0,0,0,0,0,0,0,0,0,0,0,0,0,0,0,0,0,0,0,0,0,0,0,0,0,0,0,0,0,0,0,0,0,0,0,0,0,0,0,0,0,0,0,0,0,0,0,0,0,0,0,0,0,0,0,0,0,0,0,0,0,0,0,0,0,0,0,0,6.13E-06,6.05E-05,-0.001179534,-0.002526348,-0.001890931,-0.00014951,0.000227467,-0.003649203,-0.02049326,-0.024676471,-0.009489277,0.000442094,5.51E-05,0,0,0,0,0,5.51E-18,0.000106379,-0.000415816,-0.015997734,-0.035948138,-0.030919135,-0.031070466,-0.012592473,-0.007025906,-0.009304381,0.128819189,0.170396259,0.035693798,-0.009688659,0.000414965,0,0,0,0,0.00013991,-0.001424292,-0.013650259,-0.017223243,0.163565947,0.542370728,0.639192896,0.564340993,0.141859903,0.036110873,0.513925245,0.853012919,0.852705763,0.655441057,0.056687355,-0.010569513,0,0,0,0.000615082,-0.005206983,-0.028414149,0.094649559,0.559967032,0.865418859,0.775309999,0.716704697,0.806086211,0.824672523,0.76324425,0.81456949,0.394658205,0.252216074,0.883291465,0.165565095,-0.021135332,0,0,0.000291565,-0.006408983,0.00655433,0.330232673,0.781589052,0.78310432,0.334038699,0.009066755,-0.049335138,0.171300109,0.920516595,0.681110856,0.129390234,-0.037302134,-0.047983047,0.508575027,0.160103033,-0.017390046,0,0,-0.004154071,-5.29E-05,0.440262595,0.98134935,0.631298866,0.063390353,-0.031695253,-0.003617647,-0.029962316,0.190450317,0.930553683,0.188641294,-0.0346178,0.001688538,-0.035536067,0.359656267,0.119292477,-0.01279633,0,0,-0.016782407,0.104774775,0.922332618,0.959551573,0.212717984,-0.030188079,-0.000126473,-0.000950317,-0.022584321,0.413944461,0.751838048,0.049721577,-0.011090516,-0.000930862,-0.036724792,0.503917739,0.159546951,-0.01731124,0,0,-0.006081325,0.010331366,0.593711091,0.556603707,0.016547232,-0.003690002,0.000484795,-0.014370438,0.033479592,0.880580712,0.470576117,-0.047968506,-0.022494213,-0.038349333,0.107640846,0.816068559,0.165566426,-0.020487473,0,0,-0.001274917,-0.037223926,0.495829902,0.384650595,-0.033031963,-0.002304686,-0.026952176,0.022387031,0.549933587,0.860022387,0.670960451,0.327041375,0.146591405,0.230076281,0.738188415,0.535704347,0.016810754,-0.006217473,0,0,-0.001046773,-0.036056724,0.453602448,0.450941636,-0.040649425,-0.020992188,0.144771021,0.646047096,0.657547624,0.065935321,0.164441823,0.606361882,0.823871834,0.812307019,0.442751668,-0.007607486,-0.007019689,0.000408497,0,0,9.36E-05,-0.025414068,0.199302271,0.671647757,0.396978077,0.59515928,0.770921487,0.552614634,0.033252451,-0.019401876,-0.018944904,-0.005326033,0.120409126,0.100826321,-0.017112541,-0.002912752,0.0003465,0,0,0,0,-0.000131262,-0.014001515,0.241363443,0.499790169,0.455443117,0.127044743,-0.011852686,-0.00992259,0.000750613,0.000379596,-0.004811361,-0.019394301,-0.017316789,-0.002223039,0.00019761,0,0,0,0,0,0.000129632,-0.000284518,-0.015834508,-0.028519404,-0.026723346,-0.009683818,-0.002046109,3.25E-05,1.93E-05,0,0,0,0,0,0,0,0,0,0,0,0,0,0,0,0,0,0,0,0,0,0,0,0,0,0,0,0,0,0,0,0,0,0,0,0,0,0,0,0,0,0,0,0,0,0,0,0,0,0,0,0,0,0,0,0,0,0,0,0,0,0,0,0,0,0,0,0,0
0,0,0,0,0,0,0,0,0,0,0,0,0,0,0,0,0,0,0,0,0,0,0,0,0,0,0,0,0,0,0,0,0,0,0,0,0,0,0,0,0,0,0,0,0,0,0,0,0,0,0,0,0,0,0,0,0,0,0,0,0,0,0,0,0,0,0,0,0,0,0,0,0,0,0,0,0,0,0,0,0,0,0,0,0,0,0,0,0,0,0,0,0,0,0,0,0,0,0,0,0,0,0,0,5.51E-18,0.000244673,-0.002048866,-0.022891528,-0.036732367,-0.029770901,-0.004744094,0.000391902,7.33E-18,0,0,0,0,0,0,0,0,0,0,2.71E-05,0.000404582,-0.011184726,0.002015336,0.247927198,0.41852805,0.330202887,0.034036714,-0.010956308,0.000714912,5.11E-06,0,0,0,0,0,0,0,0,0,4.43E-06,-0.011296574,0.058902613,0.579549193,0.90653386,0.778130461,0.895503122,0.706588161,0.082998791,-0.013002496,1.78E-05,0,0,0,0,0,0,0,0,0,-0.002910641,-0.001168879,0.603424615,0.917461278,0.386487692,-0.020086686,0.255371817,0.93151668,0.388604745,-0.036332447,-0.000712844,-0.000375204,-0.002203789,-0.00239277,-0.00225587,-0.000704708,5.70E-05,0,0,0,-0.006118617,0.050432002,0.884672658,0.316616966,-0.075202057,0.042508255,0.093498332,0.765377145,0.494752213,-0.052588103,-0.02060735,-0.029219907,-0.010576372,-0.007764297,-0.010175951,-0.022595061,-0.005779718,0,0,0,-0.006503115,0.054855511,0.923447423,0.380545939,0.152880063,0.403144965,0.768985532,0.891622209,0.313358745,0.04092237,0.118203465,0.297853656,0.547746051,0.564519744,0.553674976,0.30922178,0.026329861,0,0,0,-0.003851205,0.013055487,0.675071623,0.94736392,0.939034878,0.993245864,1.040899152,0.855679773,0.542810866,0.764147881,0.839631978,0.901854984,0.757026144,0.744988528,0.781238399,0.889678751,0.204358643,0,0,0,-7.80E-05,-0.003659655,0.036748485,0.180301965,0.621925298,0.97721874,0.932612613,0.909228952,0.738756658,0.499928835,0.367079631,0.132613496,0.043826553,0.042989041,0.069669172,0.220189658,0.058399338,0,0,0,4.19E-05,0.000130038,-0.009197644,-0.027905433,0.091779619,0.311133919,0.230902012,0.183193679,0.029309811,-0.026112453,-0.02100337,-0.016811683,-0.010392838,-0.01022229,-0.01114678,-0.01758204,-0.004921875,0,0,0,0,0,3.76E-18,0.000719124,-0.009878657,-0.029109647,-0.022082227,-0.01763557,-0.004055181,0.000470068,4.26E-06,0,0,0,0,0,0,0,0,0,0,0,0,0,0,0,0,0,0,0,0,0,0,0,0,0,0,0,0,0,0,0,0,0,0,0,0,0,0,0,0,0,0,0,0,0,0,0,0,0,0,0,0,0,0,0,0,0,0,0,0,0,0,0,0,0,0,0,0,0,0,0,0,0,0,0,0,0,0,0,0,0,0,0,0,0,0,0,0,0,0,0,0,0,0,0,0,0,0,0,0,0,0,0,0,0,0
0,0,0,0,0,0,0,0,0,0,0,0,0,0,0,0,0,0,0,0,0,0,0,0,0,0,0,0,0,0,0,0,0,0,0,0,0,0,0,0,0,0,0,0,0,0,0,0,0,0,0,0,0,0,0,0,0,0,0,0,0,0,0,0,0,0,0,0,0,0,0,0,0,0,0,0,0,0,0,0,0,0,0,0,0,0,0,0,0,0,0,0,0,0,0,0,0,0,0,0,0,0,0,0,0,3.50E-18,4.68E-05,0.000217837,-0.007036782,-0.012422556,-0.000438708,7.53E-05,2.24E-18,1.93E-18,0.000367647,-0.002566721,-0.012377451,-0.009029391,0.000272331,1.02E-17,0,0,0,0,9.50E-05,8.87E-05,-0.011868702,-0.023521174,0.059441296,0.120951457,-0.016668624,-0.010552747,0.001250459,-0.00460546,-0.022841776,0.008185764,0.12043607,0.081233779,-0.014946725,0.001076559,0,0,0,0.000174881,-0.001416677,-0.035573662,0.089538492,0.45401395,0.834826699,0.892803884,0.463524979,0.050971169,-0.046985294,-0.002327157,0.123171769,0.579373599,0.907754338,0.8122619,0.201198484,-0.019285971,0,0,0,-0.000711806,-0.011533258,0.245875562,0.728029412,1.029055277,1.033750187,1.012338967,1.043752247,0.642358558,0.231251155,0.492851341,0.959370575,1.023602652,1.011076576,1.06824467,0.564049649,-0.05132804,0,0,0,-0.01542402,0.210704912,0.900012034,1.010799956,0.961135621,0.653028935,0.875775957,1.003224946,0.977813011,0.934233928,0.985472546,0.997881315,1.009938266,0.979970946,0.691977736,0.163156063,-0.016025412,0,0,0,-0.035131127,0.564442096,1.020553394,1.001161901,0.457271055,0.206838423,0.898104813,1.003376345,0.994689287,1.000557135,1.008464886,1.02611717,0.68801748,0.326335189,0.009764753,-0.017333112,0.001205491,0,0,0,-0.044092218,0.727743719,1.041199176,0.862320415,0.184695725,0.802630225,1.020632898,0.999036237,1.012509787,1.019020576,0.858659024,0.473087452,0.048235345,-0.029461601,-0.00383581,-0.000142208,3.70E-05,0,0,0,-0.044149291,0.728901135,1.059638179,0.633564877,0.080954922,0.784190565,0.958426939,0.95654016,0.871320642,0.518901427,0.130874879,-0.033231404,-0.013486303,0.000763116,0,0,0,0,0,0,-0.035162173,0.565199432,1.029426181,0.862404378,0.312377842,0.110212214,0.284363375,0.309814832,0.076676113,-0.022805753,-0.016068389,-0.002125034,0.000352328,0,0,0,0,0,0,0,-0.012068934,0.150376634,0.883957482,1.027641221,0.983278556,0.439088933,-0.038532697,-0.031984937,-0.008550773,0.000164333,7.23E-05,0,0,0,0,0,0,0,0,0,0.000194036,-0.016851188,0.096745524,0.498467661,0.69825267,0.348946895,-0.001797352,-0.003011029,0,0,0,0,0,0,0,0,0,0,0,0,5.76E-05,-2.27E-05,-0.009141289,-0.032603196,0.005038676,0.010192555,-0.002551879,0.000173713,0,0,0,0,0,0,0,0,0,0,0,0,0,0,3.35E-18,0.000110065,-0.004788849,-0.003136847,0.000275162,0,0,0,0,0,0,0,0,0,0,0,0,0,0,0,0,0,0,0,0,0,0,0,0,0,0,0,0,0,0,0,0,0,0,0,0,0,0,0,0,0,0,0,0,0,0,0,0,0,0
0,0,0,0,0,0,0,0,0,0,0,0,0,0,0,0,0,0,0,0,0,0,0,0,0,0,0,0,0,0,0,0,0,0,0,0,0,0,0,0,0,0,0,0,0,0,0,0,0,0,0,0,0,0,0,0,0,0,0,0,0,0,0,0,0,0,2.04E-06,7.95E-06,-0.000187245,-0.002339359,-0.001996579,-3.90E-05,1.59E-05,0,0,0,0,0,0,0,0,0,0,0,0,2.52E-18,0.000535471,-0.006283682,-0.029496715,-0.008928241,-0.012452734,-0.015280824,0.00062849,8.27E-05,0,0,0,0,0,0,0,0,0,0,3.73E-19,1.19E-17,-0.004098584,0.024503027,0.248699091,0.5372564,0.492586754,0.103298713,-0.01237205,-9.24E-05,5.19E-19,5.06E-18,-5.54E-17,-1.16E-16,-6.15E-17,5.57E-18,0,0,0,0,0.000174632,-0.000470282,-0.033286186,0.38950588,0.981755668,1.044172335,1.037934913,0.634219022,0.010012229,-0.008903016,0.000395731,-0.001655263,-0.015399476,-0.022156149,-0.011803853,0.001072304,0,0,0,0,-0.000396539,-0.02412597,0.298704479,0.93675625,0.99845702,0.613238199,0.900713111,1.002957431,0.612737721,-0.004907549,-0.006381127,-0.029089316,0.155127831,0.287900744,0.162737709,-0.014726689,0,0,0,7.89E-05,-0.019871579,0.105795547,0.817324517,1.048310301,0.66841956,0.049886744,0.717459848,1.03305736,0.832624893,0.01609358,-0.016115026,0.369418403,0.871395867,1.068234988,0.486329657,-0.044493804,0,0,0,-0.000808926,-0.027988324,0.384925807,1.038721269,0.884939481,0.08807021,-0.019219771,0.587944904,1.037196998,0.626160335,-0.044433228,0.395844635,0.992376328,0.997981328,0.521310281,0.084667075,-0.009145221,0,0,0,-0.00622595,0.048326695,0.797571436,1.003063879,0.401681155,-0.040128574,-0.002166837,0.593042058,1.030566279,0.559732023,0.531050143,0.957759106,0.850634242,0.359791888,0.017048174,-0.016027029,0.000897842,0,0,0,-0.01541059,0.20613094,0.989125698,0.920568083,0.141177795,-0.023652625,0.048275344,0.832755736,1.00542419,0.906693062,1.03300206,0.944385927,0.216968818,-0.042741064,-0.00367219,0.000196589,1.79E-05,0,0,0,-0.027939954,0.434502059,1.005687939,0.874147507,0.110149905,-0.02515443,0.097249297,0.95616949,0.997268609,1.01911431,0.782414428,0.235188435,-0.033031827,0.000370093,0,0,0,0,0,0,-0.041078431,0.673180811,1.043381723,0.75103702,0.022760351,-0.039676096,0.264842354,0.986650174,1.028387612,0.816928156,0.136969975,-0.00926777,-0.003039386,0.000110805,0,0,0,0,0,0,-0.042062653,0.688632251,1.063060049,0.945864754,0.703033203,0.117779973,0.319851222,0.84877662,0.763547011,0.26355968,-0.01944087,-0.001663773,0.000214461,0,0,0,0,0,0,0,-0.017431577,0.259367511,0.753482264,0.851472205,0.777996277,0.281866456,-0.015988477,0.027687687,0.016363171,-0.012423209,-0.00121732,9.19E-05,0,0,0,0,0,0,0,0,0.000592065,-0.014093852,0.019351614,0.128404548,0.017307692,-0.009479899,-0.001406658,-0.005246885,-0.004407527,-0.000924697,7.66E-05,0,0,0,0,0,0,0,0,0,5.50E-05,-0.000306959,-0.006636908,-0.018239778,-0.006331435,-0.000637968,9.17E-05,0,0,0,0,0,0,0,0,0,0,0,0,0,0,0,0,0,0,0,0,0,0,0,0,0,0,0,0,0,0,0,0,0,0,0,0,0,0,0,0,0,0,0,0,0,0,0,0,0,0
0,0,0,0,0,0,0,0,0,0,0,0,0,0,0,0,0,0,0,0,0,0,0,0,0,0,0,0,0,0,0,0,0,0,0,0,0,0,0,0,0,0,0,0,0,0,0,0,0,0,0,0,0,0,0,0,0,0,0,0,0,0,0,0,0,0,0,0,0,0,0,0,0,0,0,0,0,0,0,0,0,0,0,0,0,0,0,0,0,0,0,0,0,0,0,0,0,0,0,0,0,0,0,0,1.31E-17,0.000574449,-0.005744485,-0.032139181,-0.039468444,-0.035969414,-0.005111741,0.000434028,0,0,0,0,0,0,0,0,0,0,0,4.19E-05,0.000231141,-0.016639434,0.044329895,0.351999086,0.438400565,0.391218937,0.043525412,-0.005348073,0.000130447,0,0,0,1.19E-05,-0.005528719,-0.000339563,2.98E-05,0,0,0,6.27E-05,-0.021399148,0.137411863,0.753085195,0.967584009,0.965608957,0.994386677,0.400228198,-0.021445722,-0.000429581,-0.00022176,-0.0011887,-0.018828421,-0.041232013,0.001355559,-0.017699798,0.001639507,0,0,0,-0.00430867,0.018122396,0.708148778,0.932608711,0.422510633,0.296669339,0.728838967,0.769404905,0.053061292,-0.013637591,-0.018015914,-0.031344107,0.134891544,0.347967473,0.587513758,0.183799275,-0.01687049,0,0,0,-0.021386897,0.326799411,0.941045173,0.328287429,-0.037050229,-0.047301079,0.185974673,0.791230613,0.087386863,-0.019302192,0.29504919,0.716591878,0.864417075,0.98052948,1.056784137,0.541095622,-0.049328533,0,0,0,-0.028853707,0.491350184,0.631451525,-0.004937891,-0.006848477,-0.027385587,0.234503268,0.787027931,0.423956104,0.715499436,1.000087078,1.00552434,0.698999285,0.315845946,0.302009515,0.172020101,-0.015622872,0,0,0,-0.03885575,0.691261966,0.356645799,-0.038210614,-0.034251559,0.090475933,0.745875851,0.987757336,1.003487371,0.961254807,0.60127982,0.310585699,0.047796671,-0.027695159,-0.020781511,-0.011472375,0.001042943,0,0,0,-0.039830877,0.6858271,0.688333079,0.104830792,0.45736149,0.849078156,0.922770542,0.687702329,0.445167373,0.182065088,0.011159163,-0.034457523,-0.010167849,0.000675064,0,0,0,0,0,0,-0.009832363,0.144252894,0.473161816,0.37983158,0.815752585,0.572694989,0.176735498,-0.006030229,-0.022765097,-0.017871605,-0.006748536,-0.000252928,8.88E-05,0,0,0,0,0,0,0,0.000916156,-0.013884481,-0.042330185,-2.93E-05,0.144854827,0.013147876,-0.022272757,-0.001371221,0.000164675,0,0,0,0,0,0,0,0,0,0,0,-0.002465993,0.031471048,0.224033497,0.019874643,-0.02540938,-0.006417279,0.000518076,5.51E-06,0,0,0,0,0,0,0,0,0,0,0,0,-0.001734069,0.021773386,0.167636166,0.010373604,-0.002001549,0,0,0,0,0,0,0,0,0,0,0,0,0,0,0,0.000190779,-0.00239819,-0.018362072,-0.001188292,0.000224554,0,0,0,0,0,0,0,0,0,0,0,0,0,0,0,0,0,0,0,0,0,0,0,0,0,0,0,0,0,0,0,0,0,0,0,0,0,0,0,0,0,0,0,0,0,0,0,0,0,0,0,0
0,0,0,0,0,0,0,0,0,0,0,0,0,0,0,0,0,0,0,0,0,0,0,0,0,0,0,0,0,0,0,0,0,0,0,0,0,0,0,0,0,0,0,0,0,0,0,0,0,0,0,0,0,0,0,0,0,0,0,0,0,0,0,0,0,1.03E-18,0.000130719,-0.001601137,-0.010112847,-0.01911969,-0.01379902,-0.003284058,0.000202244,1.79E-05,0,0,0,0,0,0,0,0,0,0,0,0.000880821,-0.011071964,-0.015970965,0.114493856,0.277200895,0.178078891,0.010468665,-0.00735768,0.000426028,0,0,0,0,0,0,0,0,0,0,0.000359988,-0.008354184,0.037833946,0.444354915,0.900889178,1.006714308,0.970917365,0.527582976,0.007859613,-0.006577478,0,0,0,0,0,0,0,0,0,3.11E-05,-0.003715959,-0.01367562,0.475456921,1.03266384,0.803066091,0.426199806,0.821610124,1.016515608,0.265954031,-0.019946725,4.26E-06,0,0,0,0,0,0,0,0,-0.000114192,-0.025888315,0.200162465,0.948143064,0.718019772,0.063802604,-0.051266629,0.250456073,0.957838195,0.613694073,-0.024262141,-0.001967256,0.000227467,0,0,0,0,0,0,0,-0.002358864,-0.008719839,0.544662258,0.990651671,0.179149002,-0.031777471,-0.016110703,0.059702785,0.761628064,0.776911,0.010618175,0.009390131,-0.021016238,-0.019230086,-0.019624404,-0.015850797,-0.0024279,0,0,0,-0.004033599,0.012379459,0.745025582,0.726819734,0.035503343,-0.009879085,-0.01207261,0.052558824,0.740542994,0.839621329,0.038805947,0.096327121,0.267622804,0.275678258,0.282739748,0.211064849,0.023541122,0,0,0,-0.004088388,0.013070517,0.763459355,0.582692657,-0.004155609,-0.008564253,-0.045207125,0.095740724,0.822243022,0.87318495,0.851185747,0.992966929,1.02955416,1.032004596,1.035395962,1.05950274,0.275839886,0,0,0,-0.004444189,0.017452597,0.787276688,0.752284433,0.027944047,0.00914951,0.248171501,0.669199976,1.020245643,1.031332175,1.003866302,0.751853299,0.488091503,0.466590482,0.458309877,0.590037837,0.20162083,0,0,0,-0.005181097,0.025048544,0.858687562,1.006706599,0.393844744,0.675233871,0.964358397,1.031495523,0.879973605,0.480561089,0.178326013,0.06127096,-0.031782999,-0.037611441,-0.040253314,-0.005934277,0.01257944,0,0,0,-0.001039114,-0.011317844,0.278612609,0.820633715,1.021807288,1.031027505,1.028275514,0.64541076,0.098664267,-0.02367625,-0.020987881,-0.011267361,-0.002054909,-0.001302594,-0.00101793,-0.004950129,-0.002850456,0,0,0,9.96E-05,-0.001343852,-0.021453704,0.116451491,0.50470911,0.891122021,0.467417143,0.052188572,-0.019330508,0.000243315,9.79E-05,0,0,0,0,0,0,0,0,0,0,0.000231618,-0.000833657,-0.017947832,-0.00693033,0.062040424,-0.004112609,-0.015390744,0.000787122,0,0,0,0,0,0,0,0,0,0,0,0,0,1.66E-05,-4.31E-05,-0.002323998,-0.007279208,-0.00233558,0.000196129,4.44E-06,0,0,0,0,0,0,0,0,0,0,0,0,0,0,0,0,0,0,0,0,0,0,0,0,0,0,0,0,0,0,0,0,0,0,0,0,0,0,0,0,0,0,0,0,0,0,0,0,0,0,0,0,0,0,0,0,0,0,0,0,0,0,0,0,0,0,0,0
0,0,0,0,0,0,0,0,0,0,0,0,0,0,0,0,0,0,0,0,0,0,0,0,0,0,0,0,0,0,0,0,0,0,0,0,0,0,0,0,0,0,0,0,0,0,0,0,0,0,0,0,0,0,0,0,0,0,0,0,0,0,0,0,0,0,0,0,0,0,0,0,0,0,0,0,0,0,0,0,0,0,0,0,0,0,0,0,0.000367647,-0.006050858,-0.010174632,-0.002300858,0.000293506,0,0,0,0,0,0,0,0,0,0,0,0,2.05E-32,0.00011489,0.000268793,-0.016896021,0.008243124,0.036439015,-0.016740026,-0.005229607,0.000553173,0,0,0,0,0,0,0,0,0,0,0,1.70E-05,-0.001098686,-0.017925023,0.134745285,0.589121562,0.737598635,0.437984409,0.016947604,-0.005873843,0,0,0,0,0,0,0,0,0,0,6.60E-05,0.001337695,-0.037448467,0.182368137,0.81089285,0.781839,0.625753536,0.913954809,0.280851205,-0.019828312,0,0,0,0,0,0,0,0,0,7.66E-06,0.000413807,-0.0233125,0.18492836,0.834572667,0.515673015,0.030260127,0.006813215,0.73648075,0.347890288,-0.021262374,-0.001870404,-0.008061479,-0.030028442,-0.037700257,-0.028660233,-0.004693781,0,0,0,2.23E-05,-0.018669186,0.109068423,0.811602975,0.570237098,-0.009815649,-0.044225814,0.250309845,0.808497294,0.08061959,-0.043931253,-0.016584252,0.089350201,0.50062626,0.661466665,0.505448478,0.080020527,0,0,0,-0.001554483,-0.017356533,0.468924411,0.713755362,0.030845733,-0.019429449,0.054594516,0.605946912,0.28987837,-0.010903924,0.190636812,0.553953295,0.813725558,0.811925024,0.505945046,0.338621987,0.10589505,0,0,0,-0.004840278,0.030804909,0.78216973,0.341066466,-0.038404875,-0.029878881,0.261610907,0.757290765,0.366281233,0.641093769,0.830669373,0.688890608,0.319775667,0.051781029,-0.02836192,-0.021151978,-0.006032118,0,0,0,-0.006401747,0.066571668,0.807878603,0.108688394,-0.04245039,0.044033723,0.654965537,0.980588626,0.722170519,0.55960517,0.20626651,0.01678874,-0.026490002,-0.011040928,-0.000131803,0.000114141,0,0,0,0,-0.005844822,0.058917024,0.750649101,0.148216044,0.232560485,0.762688334,0.775558926,0.365191245,0.064917858,-0.029977545,-0.016913637,-0.008101341,-0.000880481,8.78E-05,0,0,0,0,0,0,-0.002633578,0.001917994,0.520260842,0.773491864,0.785245506,0.490465193,0.083669935,-0.035658429,-0.007554619,0.000907016,0,0,0,0,0,0,0,0,0,0,3.64E-05,-0.003532663,0.01750977,0.104566381,0.055232019,-0.013828006,-0.017458231,2.67E-05,8.00E-05,0,0,0,0,0,0,0,0,0,0,0,1.21E-05,0.000134753,-0.003392514,-0.008389859,-0.005945691,-0.001807036,9.16E-05,8.27E-06,0,0,0,0,0,0,0,0,0,0,0,0,0,0,0,0,0,0,0,0,0,0,0,0,0,0,0,0,0,0,0,0,0,0,0,0,0,0,0,0,0,0,0,0,0,0,0,0,0,0,0,0,0,0,0,0,0,0,0,0,0,0,0,0,0,0,0,0,0
0,0,0,0,0,0,0,0,0,0,0,0,0,0,0,0,0,0,0,0,0,0,0,0,0,0,0,0,0,0,0,0,0,0,0,0,0,0,0,0,0,0,0,0,0,0,0,0,0,0,0,0,0,0,0,0,0,0,0,0,0,0,0,0,0,0,0,0,0,0,0,0,0,0,0,0,0,0,0,0,0,0,0,0,6.07E-05,-0.000198836,-0.004603554,-0.005050446,0.000134804,0,0,0,0,0,0,0,0,0,0,0,0,0,0,2.81E-05,0.000481141,-0.010656386,-0.006579197,-0.00284256,-0.011150003,0.000968052,4.76E-18,0,0,0,0,3.50E-18,-3.41E-17,-3.27E-16,-1.63E-16,1.44E-17,0,0,0,0.000335989,-0.022780297,0.122535046,0.585546892,0.594253682,0.091866915,-0.015852311,0.000602703,2.55E-06,0,7.66E-06,0.000110805,-0.001635349,-0.013645833,-0.022222562,-0.011867681,0.001076559,0,0,0,-0.012799009,0.165522451,0.849519469,0.962325187,0.986249161,0.637514149,0.021168521,-0.011015908,0.000145072,0.000150109,-0.001790541,-0.019456045,-0.036192114,0.115204486,0.523337631,0.265554808,-0.023671579,0,0,0,-0.037230239,0.61236877,0.98589905,0.34562546,0.312288193,0.979189577,0.398462946,-0.018810526,-0.005335172,-0.012933635,-0.019925756,0.126473924,0.452364175,0.823564032,1.102335209,0.596656539,-0.054146667,0,0,0,-0.041812857,0.712339325,0.847779463,0.080884276,-0.009906581,0.670648829,0.762362779,-0.002893842,0.00302405,0.134314575,0.596704095,0.881490809,1.04609038,0.93447229,0.445220418,0.139657288,-0.013816976,0,0,0,-0.040893791,0.688456223,0.910738817,0.176346235,-0.082765311,0.315468307,0.930346218,0.467480477,0.746351784,0.990782581,1.01384712,0.826410335,0.517301947,0.092092235,-0.028279252,-0.021890319,0.001868873,0,0,0,-0.019748519,0.288189253,1.002065462,0.476015285,0.104130114,0.69899983,1.01114488,1.044435083,1.045186819,0.805312581,0.361605699,0.056910948,-0.034749609,-0.009588695,-0.001026558,0.000110294,0,0,0,0,-0.002552383,-0.002000649,0.538233782,0.862712469,0.903594883,1.050296903,0.936183316,0.616868316,0.273309928,0.076529159,-0.038312424,-0.011716451,0.000235213,6.11E-05,0,0,0,0,0,0,0.000246119,-0.005763719,-0.011669305,0.190681083,0.608025814,0.597533956,0.253940972,-0.025400667,-0.022339154,-0.013126928,-0.000489345,8.08E-05,0,0,0,0,0,0,0,0,0,0.000245098,-0.000771463,-0.018914335,-0.004864423,-0.011717218,-0.019655671,-0.000406454,0.00010723,0,0,0,0,0,0,0,0,0,0,0,0,0,3.55E-18,0.000113358,-0.004926929,-0.004269301,-0.000447304,8.27E-05,0,0,0,0,0,0,0,0,0,0,0,0,0,0,0,0,0,0,0,0,0,0,0,0,0,0,0,0,0,0,0,0,0,0,0,0,0,0,0,0,0,0,0,0,0,0,0,0,0,0,0,0,0,0,0,0,0,0,0,0,0,0,0,0,0,0,0,0,0,0,0,0,0,0,0,0,0,0,0,0,0,0,0,0,0,0,0,0,0
0,0,0,0,0,0,0,0,0,0,0,0,0,0,0,0,0,0,0,0,0,0,0,0,0,0,0,0,0,0,0,0,0,0,0,0,0,0,0,0,0,0,0,0,0,0,0,0,0,0.000418246,-0.003694509,-0.005251315,0.000556502,0,0,0,0,0,0,0,0,0,0,0,0,0,0,0,0,-0.003946691,0.034862439,0.0495529,-0.005251315,0,0,0,0,0,0,0,0,0,0,0,0,0.000658701,-0.006727941,-0.034565855,-0.038539828,-0.033410539,0.020783548,0.03520435,-0.003694509,0,0,0,0,0,0,0,0,0,0,8.87E-19,0.000873162,-0.010818781,0.018266016,0.254301904,0.306834167,0.22216042,-0.011759395,-0.010169781,0.000999144,0,0,0,0,0,0,0,0,0,0,0.0001154,-0.010596065,0.029495421,0.54186249,1.015872569,0.867109188,0.94030559,0.511876685,0.020077768,-0.006483123,9.70E-05,0,0,9.70E-05,-0.000900391,-0.002765012,0.000242545,0,0,0,-0.000918888,-0.029943184,0.466758982,0.950660593,0.287711344,0.051834957,0.222053388,0.904786681,0.36553801,-0.035745767,-0.000549815,0.000418246,-0.002818067,-0.015103644,-0.035522434,-0.00361405,0.000347774,0,0,0,-0.012534007,0.163084406,0.921421364,0.403682275,-0.036012851,-0.018987269,-0.023751362,0.620206716,0.626559692,0.000268079,-0.012719958,-0.027309079,-0.016937687,0.090873366,0.403687749,0.343536475,-0.030355137,0,0,0,-0.033131536,0.561787565,0.769477294,-0.001061121,0.00695258,-0.010433194,-0.01241059,0.65448652,0.640549105,0.009183329,0.049285914,0.371257591,0.774503438,0.814099367,0.944115405,0.396724792,-0.036265574,0,0,0,-0.042461703,0.747088542,0.551603724,-0.00056044,0.115204452,-0.009755276,0.419751345,1.014073717,0.724648642,0.622540408,0.95548909,0.844691074,0.733187296,0.332132608,0.029875158,8.50E-05,-0.000266799,0,0,0,-0.041253166,0.695365332,0.85842276,0.299270476,0.096748196,0.642830746,0.99625194,1.035263327,1.009808058,0.720344462,0.391361979,0.127403135,-0.048293607,-0.021584559,-0.005393329,-0.001832874,0.000179994,0,0,0,-0.02479852,0.393593769,0.85528357,0.27119974,0.316344282,0.866243681,0.664410881,0.209934403,0.129139609,0.029898577,-0.085391749,-0.027119155,0.001840528,6.97E-05,0,0,0,0,0,0,0.00082261,-0.013403288,-0.02195704,-0.024113903,0.182683102,0.437097018,0.130741796,-0.032477533,-0.02621378,0.032680282,0.304053513,0.077920207,-0.01052451,0,0,0,0,0,0,0,0,0,-0.007931219,0.072494638,0.772514828,0.644397314,0.078108456,-0.008105341,-0.014297947,0.089364681,0.789034109,0.237995098,-0.030922794,0,0,0,0,0,0,0,0,0,-0.000897416,0.009764859,0.052324712,-0.002575266,-0.015078738,0.000917586,-0.000523114,0.002940871,0.036063487,0.012974333,-0.001624387,0,0,0,0,0,0,0,0,0,7.28E-05,-0.000728401,-0.005665281,-0.002852328,0.000252757,0,8.68E-05,-0.000529228,-0.005082006,-0.001617851,0.000207721,0,0,0,0,0,0,0,0,0,0,0,0,0,0,0,0,0,0,0,0,0,0,0,0,0,0,0,0,0,0,0,0,0,0,0,0,0,0,0,0,0,0,0,0,0,0,0,0,0,0,0,0,0,0,0,0,0,0,0,0,0,0,0,0
0,0,0,0,0,0,0,0,0,0,0,0,0,0,0,0,0,0,0,0,0,0,0,0,0,0,0,0,0,0,0,0,0,0,0,0,0,0,0,0,0,0,0,0,0,0,0,0,0,0,0,0,0,0,0,0,0,0,0,0,0,0,0,0,0,0,4.90E-05,0.000544209,-0.009144812,-0.035705525,-0.025601358,-0.000591912,0.000216461,0,0,0,2.91E-05,-0.000270117,-0.000829504,7.28E-05,0,0,0,0,0,4.67E-18,6.03E-05,-0.020370653,0.108446249,0.57265419,0.400621664,-0.002081904,-0.002230647,0,0,2.30E-05,0.000108252,-0.013483399,-0.010541513,0.0009255,0,0,0,0,0,0.000148931,-0.011832789,0.06319988,0.694277114,1.068476545,0.85503028,0.129501277,-0.018429742,1.51E-18,0.000413603,-0.002303326,-0.029117562,0.125733069,0.243720469,-0.021331614,0,0,0,0,4.29E-05,-0.001123536,-0.012200946,0.52244456,0.983982911,0.840027642,0.956299343,0.315037939,-0.037869634,0.000582618,-0.013767531,0.002848924,0.221841639,0.790249412,0.598927526,-0.053130957,0,0,0,0,0.000350373,-0.024178828,0.216250934,0.954598564,0.700595301,0.298275855,0.884557142,0.251566131,-0.030385517,-0.029117851,0.029023039,0.524626816,0.961449357,1.03593181,0.451170882,-0.041375793,0,0,0,2.90E-05,-0.007184283,0.007867341,0.640729592,0.949375348,0.15636986,0.157263906,0.793734358,0.136492766,-0.047153754,0.147552849,0.677329504,1.030707908,0.925771616,0.438921365,0.010120932,-0.002436087,0,0,0,-1.33E-05,-0.029478094,0.220591027,0.959297981,0.669965944,-0.031611928,0.632641731,0.772248145,0.058632455,0.364009705,0.87843973,1.040964648,0.739132268,0.229969669,-0.018322327,-0.006360209,0.0003085,0,0,0,-0.004169169,0.016470963,0.689980273,0.960971201,0.151030363,0.138097852,0.892319496,0.833657152,0.697084865,1.026905837,0.960142157,0.501992902,0.05326137,-0.025397229,-0.003893441,0.00044424,0,0,0,0,-0.020198734,0.294564713,1.016182224,0.55958078,-0.012964956,0.453360039,1.004083231,1.021578704,1.046091384,0.74676705,0.250752111,-0.011226103,-0.01128319,-0.00020721,7.22E-05,0,0,0,0,0,-0.042053728,0.70543321,0.923961467,0.502817048,0.803552262,0.961736272,1.042784946,0.941389297,0.491206144,0.053223165,-0.039967898,-0.002087563,0.000506298,0,0,0,0,0,0,0,-0.04505239,0.744305709,1.044088303,1.004447559,1.025492149,1.024147859,0.755212027,0.280984715,-0.024006059,-0.012653717,0.000427219,0,0,0,0,0,0,0,0,0,-0.027836754,0.442096626,0.859969312,0.961562296,0.949958063,0.446491847,0.067417262,-0.03115751,-0.0003606,0.000152868,0,0,0,0,0,0,0,0,0,0,-0.000139859,-0.000551164,0.011533275,0.315396633,0.334995635,-0.02503799,-0.014951644,0.000236826,6.25E-05,0,0,0,0,0,0,0,0,0,0,0,0.000143842,-0.002164522,-0.004455525,-0.021335733,-0.022383107,-0.001141544,5.62E-05,1.01E-05,0,0,0,0,0,0,0,0,0,0,0,0,0,0,0,0,0,0,0,0,0,0,0,0,0,0,0,0,0,0,0,0,0,0,0,0,0,0,0,0,0,0,0,0,0,0,0,0,0,0,0,0,0,0,0,0,0,0,0,0,0,0,0,0,0,0,0,0,0
0,0,0,0,0,0,0,0,0,0,0,0,0,0,0,0,0,0,0,0,0,0,0,0,0,0,0,0,0,0,0,0,0,0,0,0,0,0,0,0,0,0,0,0,0,0,0,0,0,0,0,0,0,0,0,0,0,0,0,0,0,0,0,0,0,0,0,0,0,0,0,0,0,0,0,0,0,0,0,0,0,0,0,0,0,0,0,0,0,0,0,0,0,0,0,0,0,0,0,0,0,0,0,0,0,1.30E-19,2.36E-18,-9.68E-17,-1.30E-16,-1.87E-16,-2.24E-17,1.88E-18,0,0,0,9.07E-19,-6.51E-18,-2.06E-16,-1.09E-16,9.59E-18,0,0,0,0,0,0.000178717,-0.001632285,-0.018143539,-0.020240673,-0.020735464,-0.009115775,0.00034569,2.45E-05,8.17E-06,0.000346541,-0.003926845,-0.015565938,-0.021537205,-0.011906829,0.001076559,0,0,0,0.000160205,-0.000596388,-0.029189614,-0.029477583,0.251353767,0.326049505,0.371597587,0.071653231,-0.006286739,0.000163534,8.03E-05,-0.015031389,-0.004580701,0.10257161,0.395115519,0.219072381,-0.019464742,0,0,0,-0.001107945,0.001248757,0.215020731,0.406810475,0.755328683,0.653554483,0.871923305,0.58873269,-0.002012817,-0.009103634,-0.022148063,0.061632421,0.449188266,0.886287616,0.95344705,0.47065385,-0.042991302,0,0,0,-0.006465635,0.052522655,0.812489634,0.904741217,0.211319385,-0.021608456,0.320222358,0.739348584,-0.0080128,0.018130919,0.31548463,0.773409331,0.978965856,0.681203516,0.188185748,0.058567283,-0.005968733,0,0,0,-0.022618362,0.34940368,0.928923424,0.355392548,-0.044854453,-0.044975797,0.542667484,0.643789709,0.33637146,0.837348151,0.880415458,0.643683994,0.194595844,-0.00292402,-0.02672812,-0.010882013,0.000980392,0,0,0,-0.039943985,0.668092899,0.916845163,0.492162565,0.322844819,0.325042875,0.894204129,0.942698342,0.80260689,0.686783526,0.183893399,-0.009762238,-0.019481158,-0.003037224,-2.72E-05,3.57E-05,0,0,0,0,-0.021750846,0.359050351,0.505391155,0.490690317,0.152893411,0.224155337,0.493641922,0.312986595,0.065123959,0.037237452,-0.02224838,-0.003273409,0.000513636,0,0,0,0,0,0,0,0.000907373,-0.015062466,-0.020687126,-0.017478894,-0.011628993,-0.010815972,-0.019402744,-0.018978758,-0.012937943,-0.009223024,-0.000125953,3.40E-05,0,0,0,0,0,0,0,0,0,0,0,0,0,0,0,0,0,0,0,0,0,0,0,0,0,0,0,0,0,0,0,0,0,0,0,0,0,0,0,0,0,0,0,0,0,0,0,0,0,0,0,0,0,0,0,0,0,0,0,0,0,0,0,0,0,0,0,0,0,0,0,0,0,0,0,0,0,0,0,0,0,0,0,0,0,0,0,0,0,0,0,0,0,0,0,0,0,0,0,0,0,0,0,0,0,0,0,0,0,0,0,0,0,0,0,0,0,0,0,0,0,0,0,0,0
0,0,0,0,0,0,0,0,0,0,0,0,0,0,0,0,0,0,0,0,0,0,0,0,0,0,0,0,0,0,0,0,0,0,0,0,0,0,0,0,0,0,0,0,0,0,0,0,0,0,0,0,0,0,0,0,0,0,0,0,0,0,0,0,0,0,0,0,0,0,0,0,0,0,7.35E-06,0.000155893,-0.002239737,-0.015309252,-0.010462367,0.0009255,0,0,0,0,0,0,2.76E-05,-6.42E-06,-0.003140012,-0.001587316,0.0001875,0,0,2.76E-05,0.00051777,-0.0113614,-0.007309283,0.207263361,0.158613834,-0.013940802,0,0,0,0,0,0.000117017,-0.00065419,-0.030036586,-0.017510621,-0.007283939,-0.001219244,9.06E-05,0,0.000102379,-0.008990111,0.022416956,0.51733701,0.989373735,0.497794884,-0.045032084,0,0,0,0,0.000260417,-0.002672675,-0.009720775,0.324706171,0.546974894,0.2455617,-0.012479354,-0.000689083,0.000525865,-0.008378013,0.005962537,0.605400361,0.960610073,0.612592213,0.100685679,-0.010574534,0,0,0,9.78E-06,-0.000783804,-0.012128158,0.181821386,0.916149865,0.916747415,0.828440833,0.077049023,-0.007369451,-0.007018113,-0.013578177,0.426149855,0.994975083,0.420880043,0.003747238,-0.018342607,0.001335045,0,0,0,4.00E-05,-0.022851886,0.144884855,0.825971099,0.625336938,0.291868804,0.853899901,0.328752859,-0.025952325,-0.020564354,0.373192028,0.945294798,0.463857775,0.018836363,-0.014953868,0.000372753,0,0,0,0,-0.001736979,-0.018498519,0.523383221,0.87051491,0.076872053,0.028119911,0.785411543,0.470324789,-0.053749915,0.415368293,0.93023652,0.661304517,-0.010038722,-0.008612183,0.000611471,0,0,0,0,0,-0.007474877,0.071355086,0.892795173,0.397482298,-0.036972606,-0.030361758,0.601801743,0.625986622,0.461156744,0.97157605,0.685286186,0.092530399,-0.014327631,-2.17E-05,0,0,0,0,0,0,-0.0188822,0.287691789,0.873883919,0.194272586,-0.025758326,-0.040143382,0.548975405,1.011621987,0.991053871,0.509050198,0.075850133,-0.01457084,2.03E-05,2.56E-05,0,0,0,0,0,0,-0.029371815,0.492625742,0.770050786,0.013071912,-0.011250053,0.011031586,0.711858244,0.952265093,0.356460363,-0.022565245,-0.01706076,0.000653459,5.87E-05,0,0,0,0,0,0,0,-0.035831801,0.615920139,0.703599537,-0.023636472,-0.033433207,0.264431526,0.829345656,0.334679092,-0.005194785,-0.0085448,0.000393178,0,0,0,0,0,0,0,0,0,-0.038374234,0.657153084,0.750671109,0.039970299,-0.021598793,0.111946589,0.225960614,-0.013670939,-0.003491422,0.000336309,0,0,0,0,0,0,0,0,0,0,-0.017686734,0.265330984,0.88252354,0.188220827,-0.042485647,-0.009354133,-0.018996375,-0.00118653,0.000145067,0,0,0,0,0,0,0,0,0,0,0,-0.005107128,0.030147893,0.799562687,0.665011234,0.197688758,-0.010813828,-0.000306083,-2.50E-05,3.22E-06,0,0,0,0,0,0,0,0,0,0,0,-0.000595675,-0.0086638,0.172342105,0.649690986,0.701014127,0.11001403,-0.011086313,0,0,0,0,0,0,0,0,0,0,0,0,0,7.25E-05,-0.000116081,-0.014058245,-0.019522399,0.034243491,0.056970401,-0.004972171,0,0,0,0,0,0,0,0,0,0,0,0,0,0,0,1.81E-18,0.000174462,-0.003658211,-0.004972171,0.000436155,0,0,0,0,0,0,0,0,0,0
0,0,0,0,0,0,0,0,0,0,0,0,0,0,0,0,0,0,0,0,0,0,0,0,0,0,0,0,0,0,0,0,0,0,0,0,0,0,0,0,0,0,0,0,0,0,0,0,0,0,0,0,0,0,0,0,0,0,0,0,0,0,0,0,0,8.87E-19,4.39E-05,-0.00136832,-0.001586193,-0.000125664,2.67E-05,0,0,0,0,0,0,0,0,0,0,0,0,0,0,0.000873162,-0.009714393,-0.018486048,-0.019535301,-0.017534705,0.000102635,7.90E-05,0,0,0,0,0,0,0,0,0,0,0,4.51E-19,0.000658701,-0.010818781,0.037768331,0.410766632,0.478515302,0.141244979,-0.008102124,-0.000445466,0,0,0,0,4.46E-18,-1.43E-16,-1.27E-16,1.11E-17,0,0,0,8.68E-05,-0.007798543,0.008446776,0.540547641,1.014412172,0.931087963,0.68899857,0.006118907,-0.003569036,0,0,0.000174632,-0.000942606,-0.008647706,-0.0204211,-0.010723039,0.000961669,0,0,0,-0.000369583,-0.034312418,0.373390438,0.949802444,0.384121004,0.236849378,0.844843311,0.074741501,-0.007176226,0,0.000838938,-0.013777567,-0.029139558,0.023944923,0.302635835,0.230106294,-0.020288954,0,0,0,-0.009806985,0.114648489,0.857339342,0.495219295,-0.042366495,0.090150446,0.805654633,0.24964185,-0.028931015,-0.023716675,-0.044766799,0.065287565,0.341531335,0.69300097,1.009516072,0.421483354,-0.038370609,0,0,0,-0.031670241,0.526385281,0.84920098,0.098524714,-0.019713933,-0.036975405,0.71563174,0.358092422,0.136182275,0.367408738,0.605850184,0.838724946,0.994459525,0.9908694,0.560806378,0.041457482,-0.005308755,0,0,0,-0.038799786,0.677848805,0.577779071,-0.037430147,-0.001657087,-0.023392259,0.730863562,0.836512357,0.877332635,0.95991098,0.935925909,0.872546484,0.636818202,0.229277727,-0.005241073,-0.012210138,0.000873162,0,0,0,-0.033570517,0.584408412,0.544341912,-0.050164011,-0.039364036,0.137938708,0.870988154,1.036129783,0.71941939,0.305904808,0.223696776,0.121521804,0.003765404,-0.019772927,-0.00254158,0.000204248,0,0,0,0,-0.018416748,0.286290765,0.804196714,0.159837315,0.204964773,0.562956056,0.932761829,0.391335045,0.036990084,-0.029982683,-0.030023847,-0.017557784,-0.004326363,0.000317965,0,0,0,0,0,0,-0.003001634,-5.45E-05,0.646569019,0.805780876,0.734148509,1.066999574,0.48335769,-0.032805981,-0.012928666,-0.000551343,0.000146378,0,0,0,0,0,0,0,0,0,5.31E-05,-0.006982452,0.040422318,0.179672386,0.156794804,0.449556815,0.059533344,-0.014181321,0.000179994,0,0,0,0,0,0,0,0,0,0,0,2.67E-05,0.000608762,-0.009884498,-0.026215005,-0.013608088,-0.017830031,-0.007506213,0.000917586,0,0,0,0,0,0,0,0,0,0,0,0,0,0,0,4.39E-05,-0.00037208,-0.001586193,-0.000125664,2.67E-05,0,0,0,0,0,0,0,0,0,0,0,0,0,0,0,0,0,0,0,0,0,0,0,0,0,0,0,0,0,0,0,0,0,0,0,0,0,0,0,0,0,0,0,0,0,0,0,0,0,0,0,0,0,0,0,0,0,0,0,0,0,0,0,0,0,0,0,0,0
0,0,0,0,0,0,0,0,0,0,0,0,0,0,0,0,0,0,0,0,0,0,0,0,0,0,0,0,0,0,0,0,0,0,0,0,0,0,0,0,0,0,0,0,0,0,0,0,0,0,0,0,0,0,0,0,0,0,0,0,0,0,0,0,0,0,0,0,0,0,0,0,0,0,0,0,0,0,0,0,0,0,0,0,0,0,0,0,0,0,0,0,0,0,0,0,0,0,0,0,0,0,0,0,0,0,4.93E-18,-2.29E-17,-3.38E-16,-4.66E-16,-1.60E-16,1.07E-17,0,0,0,0,1.50E-18,-8.62E-18,-9.32E-17,-3.17E-17,0,0,0,0,3.06E-06,0.000253779,-0.002823053,-0.016912784,-0.019767157,-0.018360226,-0.015466537,-0.000673679,0.000163059,4.08E-06,9.06E-05,-0.001047624,-0.008654514,-0.018187362,-0.021311275,-0.005808653,0,0,0,0,0.000859423,-0.007619594,-0.019663827,0.148296182,0.558074392,0.691583167,0.28672119,-0.016923026,-3.91E-05,-0.0003465,-0.014422771,-0.034784711,0.033667417,0.148326183,0.288925051,0.086702047,0,0,0,0.000122396,-0.008399561,0.016424666,0.427851307,0.803192814,0.60872149,0.540415169,0.758594839,0.116646089,-0.028405028,-0.025184011,0.089394114,0.428558296,0.665389451,0.803419228,0.735956495,0.192104082,0,0,0,-0.001789879,-0.010801658,0.446673237,0.844409909,0.242791723,-0.031916122,0.000998247,0.707490196,0.161423594,0.121501654,0.481136046,0.740832823,0.679854899,0.377623826,0.143292348,0.037070976,0.004162599,0,0,0,-0.005686683,0.04451811,0.84485643,0.302433738,-0.050376072,-0.033436683,0.215512425,0.893431356,0.68729953,0.76402134,0.575906454,0.195739328,0.003778305,-0.022885621,-0.023941441,-0.010253404,-0.002115196,0,0,0,-0.006011949,0.050039828,0.861454657,0.342619026,-0.008130172,0.246488068,0.85894213,0.852097529,0.487737354,0.143714908,-0.010132983,-0.016003642,-0.003191534,-0.000897365,0.000104256,1.02E-06,0,0,0,0,-0.001196089,-0.009559112,0.300568498,0.789150412,0.887594576,0.764881595,0.414380512,0.075770844,-0.021177592,-0.02019116,-0.002598243,0.000285353,0,0,0,0,0,0,0,0,0.0001154,-0.000770697,-0.046468461,0.308529837,0.60099539,0.112568593,-0.032065802,-0.014243941,-0.002763991,0.000100383,2.21E-05,0,0,0,0,0,0,0,0,0,0,0,-0.001845895,0.021451695,0.014369522,-0.012380515,0.001021242,0,0,0,0,0,0,0,0,0,0,0,0,0,0,0,0.000436581,-0.004977022,-0.006759203,0.000174632,0,0,0,0,0,0,0,0,0,0,0,0,0,0,0,0,0,0,0,0,0,0,0,0,0,0,0,0,0,0,0,0,0,0,0,0,0,0,0,0,0,0,0,0,0,0,0,0,0,0,0,0,0,0,0,0,0,0,0,0,0,0,0,0,0,0,0,0,0,0,0,0,0,0,0,0,0,0,0,0,0,0,0,0,0,0,0,0,0,0,0
0,0,0,0,0,0,0,0,0,0,0,0,0,0,0,0,0,0,0,0,0,0,0,0,0,0,0,0,0,0,0,0,0,0,0,0,0,0,0,0,0,0,0,0,0,9.94E-18,0.000811218,-0.016338307,-0.044170641,-0.03452081,-0.000599649,0.000192002,0,0,0,0,0,0,0,0,0,0,0,4.60E-06,5.73E-05,0.000191432,-0.027523608,0.111466189,0.373006553,0.282847307,-0.008229865,-0.000871068,0.000352207,-0.001877604,-0.027552594,-0.020173049,-0.002318117,-0.000120307,3.93E-05,0,0,0,0,0.000293505,-0.004563215,-0.041901382,0.28966636,0.8102283,1.015063096,0.938857537,0.24558558,-0.017481618,-0.005311239,0.026570364,0.449025752,0.29386906,-0.013525854,-0.00692486,0.000259566,0,0,0,0,-0.001693423,-0.00288717,0.351828925,0.846060951,1.051846388,1.001891816,0.978808568,0.211406573,-0.01569858,-0.019679997,0.143956921,0.822011966,0.987381485,0.617248809,0.062499134,-0.009785369,0,0,0,0.000313889,-0.02810803,0.381433807,0.980319921,0.961852499,0.734809951,1.010679875,0.764696078,0.008089325,-0.003933415,-0.000246627,-0.012805062,0.215035114,0.746708606,1.046024476,0.370763948,-0.02095367,0,0,0,-0.001048324,-0.032573224,0.712236014,1.004020508,0.503221723,0.34129785,1.033561497,0.563016421,-0.004855251,-0.002623619,0.000136685,-0.001194611,-0.041487947,0.331076172,1.021338222,0.588151324,-0.020710699,0,0,0,-0.025505279,0.198015353,0.907502791,0.705101869,0.011914845,0.634801934,1.041457465,0.567384855,-0.004669271,-0.002651195,0,-0.001153748,-0.021821504,0.409778152,1.010270782,0.869589601,-0.020672488,0,0,0,-0.028676776,0.229260161,0.917747804,0.486055879,0.098995966,0.895984808,1.01496441,0.327781386,-0.026111962,-0.000683415,0.000887856,-0.016031148,0.067713048,0.807555249,1.035792484,0.57708155,-0.020852907,0,0,0,-0.024396478,0.187549326,0.897997328,0.662939815,0.537122072,1.026202611,0.825808721,0.11698366,-0.021377757,0.000220486,-0.006785394,0.020532765,0.484226852,1.010396684,0.987025991,0.253203243,-0.019526995,0,0,0,-0.011614692,0.06673863,0.786113307,0.989246579,0.95025303,1.009572972,0.467588576,-0.01653976,-0.003939474,-0.009655501,-0.04229621,0.321667501,0.968166616,1.037307173,0.596826865,0.005490298,-0.006684028,0,0,0,0.000689526,-0.046695559,0.651214552,1.034643156,1.018442634,0.623068457,0.023698059,-0.049137945,-0.027682117,0.012242944,0.45692957,0.905679361,1.028388739,0.758300993,0.113529514,-0.023224973,0.000572235,0,0,0,5.30E-05,-0.019387374,0.270176539,0.955252689,1.022480767,0.708943072,0.420349026,0.279864924,0.374195466,0.663864805,0.979399552,0.995783122,0.586983115,0.120148403,-0.01910929,0.000759753,1.87E-05,0,0,0,0,-0.002180402,0.006207346,0.351841486,0.823701457,1.058084804,1.023788092,0.975284586,1.007310168,1.065328312,0.98694244,0.529377434,0.02040705,-0.021650208,0.000771701,0,0,0,0,0,0,0.000287071,-0.004429024,-0.03211089,0.183609596,0.613385325,0.657145204,0.812661458,0.735262408,0.652524986,0.335675132,0.010296688,-0.011546194,0.000568321,1.65E-05,0,0,0,0,0,0,4.60E-06,5.55E-05,-0.000336142,-0.013728911,-0.03900213,-0.03739614,0.10662534,0.036149442,-0.044883885,-0.022522523,-0.003245609,0.000201542,1.56E-05,0,0,0,0,0,0,0,0,0,0,0,0.000117158,-0.000259264,-0.015795116,-0.008190861,0.000497738,0,0,0,0,0,0,0,0,0,0,0,0,0,0,0,0,0,0,0,0,0,0,0,0,0,0,0,0,0,0,0,0,0,0,0,0,0,0,0,0,0,0,0,0,0,0,0,0
0,0,0,0,0,0,0,0,0,0,0,0,0,0,0,0,0,0,0,0,0,0,0,0,0,8.51E-05,-0.000856141,-0.005094235,-0.004947066,-0.000932734,0.000137868,0,0,0,0,0,0,0,0,0,0,0,0,0,0.000770454,-0.005873181,-0.020326831,-0.001051985,-0.001485518,-0.021744324,-0.024888814,-0.00660022,0.000820109,0,0,0,0,0,0,0,0,0,0,4.89E-05,-0.006638225,0.032598226,0.249557053,0.557272771,0.544669986,0.269372481,0.177650344,0.047569598,-0.007153856,8.43E-05,0,0,0,0,0,0,0,0,0,-2.66E-05,-0.027235737,0.205663586,0.867314866,1.03318833,1.020302015,0.926615775,0.831122787,0.245474401,-0.038277706,-0.000332414,0,0,0,0,0,0,0,0,0,-0.009216299,0.103201695,0.786971558,1.021602669,0.998460723,0.999506944,1.011465959,1.026234749,0.812983643,0.185365541,-0.015121358,0.000127655,0,0,0,0,0,0,0,0,-0.017737898,0.247843239,0.993179279,1.000565376,1.000902328,0.998018621,1.017849537,0.998457704,1.030818321,0.650069589,-0.011911765,-0.000816993,0,0,0,0,0,0,0,0,-0.029584913,0.463790952,1.004666918,1.013901458,0.721015566,0.389808185,0.647755816,0.965950515,1.009400334,0.691137871,0.281497561,-0.027242061,7.34E-05,0,0,0,0,0,0,0,-0.016294884,0.222006025,0.983754051,1.021576338,0.438702509,-0.049046092,-0.012169526,0.681708504,1.031798407,0.972211759,0.341248638,-0.029760774,-0.000200674,0,0,0,0,0,0,0,-0.012424428,0.156201729,0.890566415,1.028572849,0.586211172,0.003941891,-0.039613868,0.257253421,0.943712554,1.023696038,0.625747209,0.035225099,-0.009253983,0,0,0,0,0,0,0,-0.002602431,-0.003258442,0.538180709,1.013021786,0.982891715,0.485909229,-0.003523693,0.135170003,0.827629783,1.009951796,0.456665645,-0.002112524,-0.004002757,0,0,0,0,0,0,0,3.13E-05,-0.023823853,0.152827019,0.873625749,1.044728082,0.966960342,0.689399952,0.757186189,1.016511949,0.965818454,0.317969261,-0.036450504,-0.003673407,-0.003981141,-0.003564368,-0.000548917,5.53E-05,0,0,0,1.71E-05,-0.002595288,-0.008002459,0.319557329,0.855000711,1.012570523,1.038835045,1.025007949,1.004486602,0.966282012,0.319301513,-0.044326312,-0.013305613,-0.013180771,-0.015128128,-0.011181006,0.001005106,0,0,0,0,0.000373775,-0.002948495,-0.017247583,0.049195678,0.616978792,0.990312704,1.000190564,1.00002468,0.982352177,0.68761957,0.52313751,0.537173203,0.542888583,0.510933496,0.144867153,-0.013689321,0,0,0,0,0,6.38E-05,-0.000276416,-0.028490532,0.14515048,0.874537616,1.036081189,1.014181815,1.001188955,1.023979354,1.039440785,1.038153595,1.040531727,1.067882713,0.52699874,-0.04812517,0,0,0,0,0,0,3.37E-05,-0.014677041,0.095727107,0.735674207,0.910689134,0.885125953,1.00356892,1.037733524,1.034681373,1.034681373,1.041607945,1.022024683,0.395378881,-0.036573223,0,0,0,0,0,0,0,-0.003409563,0.023497958,0.165577138,0.203174428,0.190416156,0.495043805,0.584641033,0.576756536,0.576756536,0.586226511,0.517646736,0.060539131,-0.006364464,0,0,0,0,0,0,0,0.000439344,-0.003024337,-0.021393747,-0.026263911,-0.026158228,-0.006143646,0.000109555,-0.0004158,-0.0004158,-0.00042803,-0.00032305,0.00011032,-8.92E-06,0,0,0,0,0,0,0,0,0,0,3.01E-18,0.000110635,-0.004140849,-0.005421092,-0.005310458,-0.005310458,-0.005392157,-0.004817204,-0.000714018,7.23E-05,0,0,0,0,0,0,0,0,0,0,0,0,0,0,0,0,0,0,0,0
0,0,0,0,0,0,0,0,0,0,0,0,0,0,0,0,0,0,0,0,0,0,0,0,0,0,0,0,0,0,0,0,0,0,0,0,0,0,0,0,0,0,0,0,0,0,0,0,0,0,0,0,0,0,0,0,0,0,0,0,0,0,0,0,0,2.33E-19,4.34E-05,-0.000460744,-0.003013276,-0.003840227,-0.002595333,-0.000225286,3.91E-05,0,0,0,0,0,0,0,0,0,0,0,0,0.000291054,-0.003072066,-0.02112898,-0.000938283,0.009896191,-0.006026127,-0.013833912,0.000508846,7.66E-05,0,0,0,0,0,0,0,0,0,0,9.96E-05,-0.001354847,-0.006719005,0.236430248,0.636530399,0.736345707,0.584011642,0.136686087,-0.014107965,-0.000280842,0,0,0,0,0,0,0,0,0,1.43E-05,-0.000576151,-0.024793028,0.292204095,0.908621642,0.785431117,0.59738094,0.845168777,0.593477873,0.000847244,-0.005454282,0,0,0,0,0,0,0,0,0,4.34E-05,-0.019010436,0.107664758,0.809605941,0.606714149,0.036583065,-0.021428091,0.506095807,0.654550959,0.012970512,-0.006784273,0,0,0,0,0,0,0,0,0,-0.001667279,-0.017378523,0.495527727,0.786844669,0.054715989,-0.03284729,0.078050245,0.753463627,0.288882966,-0.029146233,-0.000375306,0,0,0,0,0,0,0,0,0,-0.006654616,0.060147842,0.852860566,0.363340771,-0.035110048,-0.029262119,0.527206955,0.639629783,0.007420003,-0.02180328,-0.011936955,-0.011156556,-0.01390625,-0.015171569,-0.007256023,0.000238971,0,0,0,0,-0.02115431,0.343090193,0.730966231,0.039333742,0.000641501,0.289079146,0.779036935,0.067701661,-0.020154071,0.091825768,0.053973226,0.046670496,0.070959457,0.082013038,0.010772458,-0.028316398,0.002393536,0,0,0,-0.032874438,0.572847801,0.499582431,0.183384991,0.350625297,0.795026535,0.764528493,0.567866575,0.654332806,0.79464944,0.74193287,0.731498332,0.766022263,0.783468988,0.690099993,0.291376379,-0.026903339,0,0,0,-0.028921314,0.465194737,0.885722861,0.695528328,0.315545225,0.855377821,0.800041308,0.746081794,0.779694723,0.615997815,0.540659896,0.410142099,0.543923726,0.597328143,0.957972919,0.550944978,-0.049434474,0,0,0,-0.005147059,0.060086806,0.476833384,0.202787309,-0.00407656,0.074407935,0.008461074,-0.023687364,-0.020662956,-0.020743991,-0.020753336,-0.020751634,-0.020751634,-0.025166803,0.231719729,0.113943355,-0.009957108,0,0,0,0.000513174,-0.006344465,-0.042747906,-0.018378949,-0.000475164,-0.008206104,-0.002312687,0.000306373,0,0,0,0,0,0.000382966,-0.022197254,-0.010914522,0.000957414,0,0,0,0,0,0,0,0,0,0,0,0,0,0,0,0,0,0,0,0,0,0,0,0,0,0,0,0,0,0,0,0,0,0,0,0,0,0,0,0,0,0,0,0,0,0,0,0,0,0,0,0,0,0,0,0,0,0,0,0,0,0,0,0,0,0,0,0,0,0,0,0,0,0,0,0,0,0,0,0,0,0,0,0,0,0,0,0,0,0,0,0,0,0,0,0,0,0,0,0
0,0,0,0,0,0,0,0,0,0,0,0,0,0,0,0,0,0,0,0,0,0,0,0,0,0,0,0,0,0,0,0,0,0,0,0,0,0,0,0,0,0,0,0,0,0,0,0,0,0,0,0,0,0,0,0,0,0,0,0,0,0,0,0,0,0,0,7.34E-05,-0.000592678,-0.002130208,-0.002428462,-0.000973499,0.000113734,0,0,0,0,0,0,0,0,0,0,0,0,0,0.000548407,-0.00420417,-0.023593188,-0.010955678,-0.007389348,-0.023117596,-0.015799804,0.000677083,0,0,0,0,0,0,0,0,0,4.67E-19,5.36E-05,0.001228469,-0.023835955,-0.029443374,0.285264195,0.509388668,0.542888821,0.363937568,0.065263018,-0.020782527,0.00139357,2.71E-18,0,0,0,0,0,0,0,0.000100592,-0.001204895,-0.028665662,0.190999796,0.608436706,0.979595861,1.043626838,1.043313283,1.031038092,0.728128541,0.146363783,-0.01603222,0.000137868,0,0,0,0,0,0,0,-0.000665434,-0.018660878,0.27524571,0.868576495,0.996245033,0.690960112,0.415472905,0.372861447,0.648444825,1.031927085,0.552759128,-0.010370076,-0.003990461,0,0,0,0,0,0,0,-0.009127757,0.100075521,0.844932479,0.729510893,0.258637625,0.012740162,-0.024542143,-0.026202938,0.021162599,0.745860917,0.676486366,0.007835869,-0.006777574,0,0,0,0,0,0,0,-0.024299428,0.387348737,0.877109988,0.175607111,-0.043671239,-0.003377145,-0.007317981,-0.014435304,0.004495421,0.801889429,0.67439231,0.006269114,-0.00659375,0,0,0,0,0,0,0,-0.037875153,0.642545088,0.823514672,0.071391085,-0.013836421,-0.002208061,0.040119451,0.03409312,0.248732128,0.943790323,0.448635655,-0.032273829,-0.016865315,-0.012291071,-0.00130065,0.000217014,2.01E-17,0,0,0,-0.033131842,0.542643314,0.937860362,0.24961123,-0.045137258,-0.045020544,0.389532901,0.64035609,0.768859358,0.936432371,0.289572389,0.126455065,0.144807649,0.11944453,-0.005966685,-0.011746834,0.000851035,0,0,0,-0.0111274,0.134659971,0.863702118,0.888969365,0.324413075,0.191453739,0.808746127,1.049134547,1.049402644,1.030380177,0.95304511,0.92916811,0.930848569,0.901211851,0.757970902,0.327949584,-0.030361668,0,0,0,-0.000729167,-0.014366932,0.258555164,0.813383749,1.001987366,0.983333997,0.886383527,0.758105784,0.613648335,0.558053432,0.606928734,0.762123723,0.79890368,0.83539454,0.885006658,0.270806951,-0.02531233,0,0,0,0.000112337,-0.0012516,-0.024954606,0.125135281,0.257253747,0.256949993,0.169937704,0.081658054,-0.019895782,-0.058380569,-0.031757847,0.075636268,0.10060289,0.124982469,0.154078156,-0.018649152,0.001383357,0,0,0,0,0.000176471,4.96E-05,-0.019844363,-0.03473615,-0.034540135,-0.025029105,-0.0150769,-0.003588235,0.000777791,-0.002231005,-0.014391238,-0.017231618,-0.02,-0.023327932,-0.000513174,8.43E-05,0,0,0,0,0,0,0,0,0,0,0,0,0,0,0,0,0,0,0,0,0,0,0,0,0,0,0,0,0,0,0,0,0,0,0,0,0,0,0,0,0,0,0,0,0,0,0,0,0,0,0,0,0,0,0,0,0,0,0,0,0,0,0,0,0,0,0,0,0,0,0,0,0,0,0,0,0,0,0,0
0,0,0,0,0,0,0,0,0,0,0,0,0,0,0,0,0,0,0,0,0,0,0,0,0,0,0,0,0,0,0,0,0,0,0,0,0,0,0,0,0,0,0,0,0,0,0,0,0,0,0,0,0,0,0,0,0,0,0,0,0,0,0,0,0,0,0,0,0,0,0,0,0,0,0,0,0,0,0,0,0,0,0,0,0,0,0,0,0,0,0,0,0,0,0,0,0,0.000300844,-0.002838848,-0.001997243,0,0,0,0,0,5.44E-18,0.000651042,-0.007551669,-0.032148267,-0.027180777,-0.002305453,0.000245098,0,0,0,1.59E-17,0.000910607,-0.020473347,-0.025206053,0.002801539,0,0,0,0,6.43E-05,0.000342286,-0.018368907,0.066060121,0.358506689,0.293335801,0.013014365,-0.002011846,0,3.68E-05,0.000137868,-0.008145425,-0.02974486,0.180565169,0.603331733,0.194784671,0,0,0,0,0.000444845,-0.012860768,0.076831951,0.693948198,0.918873874,0.920260894,0.296361458,-0.020025121,0,0.000870735,-0.019642391,0.008140771,0.317539882,0.897038064,0.819262532,0.131151485,0,0,0,1.79E-05,-0.010480545,0.040606805,0.670236332,0.912396288,0.189488103,0.741496204,0.693457925,-0.040088082,-0.003286556,-0.035506076,0.126591367,0.663014876,0.997500834,0.654569643,0.128602686,-0.020852822,0,0,0,-0.000140319,-0.027826389,0.223932156,0.968788467,0.407488739,-0.076679739,0.526522927,0.730100899,-0.069485703,0.001003339,0.347097239,0.862494724,0.96738014,0.459262766,0.018528053,-0.020137102,0.001308466,0,0,0,-0.001860039,-0.01433158,0.49132341,0.920304841,0.10902117,-0.05611717,0.677625868,0.605797607,0.109103809,0.702201059,0.950336108,0.694414982,0.150962537,-0.011294713,-0.013946537,0.000713848,0,0,0,0,-0.004385008,0.016669696,0.789341537,0.66142693,-0.003332399,0.105930539,0.826458333,0.80151108,0.890123792,0.759783471,0.324238954,0.023052458,-0.01663911,-0.002165288,0.000283723,0,0,0,0,0,-0.006205617,0.041690038,0.985844595,0.37939269,-0.08598358,0.419989809,1.025285031,0.967184107,0.564619546,0.06492497,-0.030727243,-0.00808742,0.000446782,2.45E-05,0,0,0,0,0,0,-0.005097375,0.031950963,0.80661232,0.591882591,0.52761054,0.938539114,0.754550296,0.28010158,-0.018225303,-0.01337882,-0.001026348,0.000127655,0,0,0,0,0,0,0,0,-0.000915696,-0.013309964,0.263147978,0.903241541,1.027439023,0.582333027,0.069022348,-0.03745018,-0.000623502,0.000203824,0,0,0,0,0,0,0,0,0,0,0.000102431,-0.005460614,0.009680743,0.238036884,0.28086406,-0.009436445,-0.013216265,0.000480086,3.77E-05,0,0,0,0,0,0,0,0,0,0,0,1.53E-06,0.000327614,-0.00212357,-0.016841656,-0.019517396,-0.002407578,-2.40E-05,2.76E-05,0,0,0,0,0,0,0,0,0,0,0,0,0,0,0,0,0,0,0,0,0,0,0,0,0,0,0,0,0,0,0,0,0,0,0,0,0,0,0,0,0,0,0,0,0,0,0,0,0,0,0,0,0,0,0,0,0,0,0,0,0,0,0,0,0,0,0,0,0
0,0,0,0,0,0,0,0,0,0,0,0,0,0,0,0,0,0,0,0,0,0,0,0,0,0,0,0,0,0,0,0,0,0,0,0,0,0,0,0,0,0,0,0,0,0,0,0,0,0,0,0,0,0,0,0,0,0,0,0,0,0,0,0,0,0,0,0,0,0,0,0,0,0,0,0,0,0,0,0,0,0,0,0,0,0.000130208,-0.000880821,-0.022571542,-0.029522059,-0.028998162,-0.030075061,-0.013860294,0.000811728,6.43E-05,0,0,0,0,0,0,0,0,0,4.62E-18,0.000742953,-0.005734273,-0.023027727,0.148763181,0.208818253,0.204475592,0.21344567,0.075866098,-0.017229815,0.000291224,0,0,0,0,0,0,0,0,0,0.000460069,-0.015298883,0.030091997,0.341398931,0.840432038,0.950993328,0.943706938,0.952889348,0.683698002,0.088238861,-0.010175994,0,0,0,0,0,0,0,0,0.002255299,-0.028627859,0.056582182,0.765424735,1.003553871,1.048488895,0.971920376,0.943055369,1.013691757,1.021652263,0.656608995,-0.020810063,0,0,0,0,0,0,0,0,-0.019294362,0.150840329,0.63140831,0.936841912,0.650032016,0.584948976,0.320792007,0.271131553,0.818370524,1.029237286,0.807035452,-0.02080576,0,0,0,0,0,0,0,0,-0.050184257,0.430176249,1.087610703,0.63212117,-0.008632864,-0.030945385,0.038737047,0.508661765,0.899755889,1.02058364,0.563352017,-0.021933313,-0.000272059,3.86E-05,0,0,0,0,0,0,-0.016694387,0.114857945,0.827940955,0.90509838,0.509576917,0.613163582,0.947330406,0.997064713,1.030826882,0.70717756,0.017204778,-0.051066891,-0.017010195,0.000649612,6.13E-05,2.14E-18,1.04E-19,0,0,0,-0.001662794,-0.000551845,0.242907305,0.76662049,1.060479371,1.037589292,1.019315819,1.015077206,1.012345605,0.790508868,0.57765973,0.576928564,0.204058466,-0.033141102,-0.013892123,-0.000390322,0.000153186,0,0,0,0.000283133,-0.001912019,-0.045196061,0.257159767,0.762723951,0.784942452,0.778709031,0.78534594,0.980621543,1.058837695,1.060114831,1.050071084,0.837842356,0.274423468,0.100981632,-0.019170042,-0.000563912,0,0,0,0,5.46E-05,0.000101273,-0.011725728,-0.021246426,-0.020669935,-0.023343086,-0.013115588,0.459900582,0.664353469,0.858706857,0.986218597,1.021752655,1.036668182,0.794602754,0.167525682,-0.012684675,0,0,0,0,0,0,0,0,0,8.84E-05,-0.001490554,-0.006653374,0.007237286,0.138915131,0.346754851,0.741843359,1.007831665,1.043494111,0.763797338,-0.021394506,0,0,0,0,0,0,0,0,0,1.47E-05,8.33E-05,-0.003573529,-0.006776961,-0.02456341,-0.026866626,0.062380174,0.506834712,0.578217439,0.496410936,-0.011714325,0,0,0,0,0,0,0,0,0,0,0,0,0,0.000121071,-0.000674479,-0.006833231,-0.031953891,-0.035887612,-0.029874241,0.000726614,0,0,0,0,0,0,0,0,0,0,0,0,0,0,0,0,0,0,0,0,0,0,0,0,0,0,0,0,0,0,0,0,0,0,0,0,0,0,0,0,0,0,0,0,0,0,0,0,0,0,0,0,0,0,0,0,0,0,0,0,0
0,0,0,0,0,0,0,0,0,0,0,0,0,0,0,0,0,0,0,0,0,0,0,0,0,0,0,0,0,0,0,0,0,0,0,0,0,0,0,0,0,0,0,0,0,0,0,0,0,0,0,0,0,0,0,0,0,0,0,0,0,0,0,0,0,0,0,0,0,0,0,0,0,0,0,0,0,0,0,0,0,0,0,0,0,0,0,0,0,0,0,0,0,0,0,0,0,0,0,0,0,0,0,0,0,1.62E-17,0.000540407,-0.00432998,-0.028973907,-0.029598992,-0.003631366,0.000324244,8.69E-19,2.40E-18,0.000191483,-6.38E-05,-0.019895067,-0.050470153,-0.029667075,0.002659484,0,0,0,5.11E-06,0.000418028,-0.00373315,-0.024165475,0.030152579,0.320169441,0.319675756,0.025768655,-0.003334695,0.000354653,-0.002056441,-0.016278425,-0.020495643,0.208340908,0.568205876,0.337668505,-0.030241524,0,0,0,0.000193531,-0.005586401,-0.012171266,0.299650255,0.753317433,0.923276416,0.971281729,0.529119923,-0.018905042,-0.012811351,-0.023040235,0.094872016,0.526320455,0.907486938,0.957450029,0.36931094,-0.034178692,0,0,0,-0.001586806,-0.00785306,0.3411274,0.946602277,0.697694567,0.255393757,0.723129442,0.760633817,-0.037316942,0.032096242,0.389045598,0.853527642,1.001200385,0.644390812,0.170292657,0.003259634,-0.001119111,0,0,0,-0.013823274,0.18263671,0.911990554,0.6620745,0.054446177,-0.077947338,0.561822746,0.795121136,0.166564696,0.704790554,0.992198683,0.802610039,0.291062313,0.036615877,-0.027315404,-0.001448632,0.000191483,0,0,0,-0.036499132,0.608403408,0.911785318,0.167558807,-0.040525543,0.000414828,0.615095639,0.986254953,0.976910539,0.87272762,0.447402505,0.026331087,-0.029183415,-0.010674479,0.001067629,1.23E-05,0,0,0,0,-0.04403508,0.758268944,0.794325521,0.026359426,-0.03980686,0.346583367,0.968454231,0.988913228,0.657753302,0.126538258,-0.026830967,-0.006221099,-0.000333027,5.28E-05,0,0,0,0,0,0,-0.043909237,0.757644749,0.758126282,0.120749935,0.533589719,0.990886209,0.979816474,0.416774574,0.00865281,-0.018353645,-0.001081794,0.000122294,0,0,0,0,0,0,0,0,-0.032566074,0.52609198,0.948292977,0.741119656,0.596172836,0.599960801,0.362136404,-0.011884123,-0.010027403,-3.01E-05,7.66E-05,0,0,0,0,0,0,0,0,0,-0.00416733,0.058351477,0.237004289,0.167994979,-0.012164438,-0.01249246,-0.016141442,-0.016613426,-0.004723448,0.001144674,-0.004707414,-0.014033395,-0.014375,-0.014561887,-0.003199829,0.000297181,0,0,0,0,0.000626685,-0.014238307,0.012028237,0.108626174,0.094419969,-0.007889961,0.011036101,0.120867239,0.043527982,-0.010111288,0.041582159,0.123961652,0.126979167,0.128630004,0.028265154,-0.002625102,0,0,0,0,-0.00012694,-0.005150701,0.063835614,0.189906624,0.141559014,-0.005404582,0.018398659,0.171469499,0.061869962,-0.014372019,0.059104201,0.176197066,0.180486111,0.182832584,0.040175628,-0.003731277,0,0,0,0,1.35E-05,0.00054584,-0.00676491,-0.020125148,-0.015001562,0.000572745,-0.001949778,-0.018171293,-0.006556602,0.001523059,-0.006263503,-0.018672292,-0.019126819,-0.019375484,-0.004257568,0.000395418,0,0,0,0,0,0,0,0,0,0,0,0,0,0,0,0,0,0,0,0,0,0,0,0,0,0,0,0,0,0,0,0,0,0,0,0,0,0,0,0,0
0,0,0,0,0,0,0,0,0,0,0,0,0,0,0,0,0,0,0,0,0,0,0,0,0,0,0,0,0,0,0,0,0,0,0,0,0,0,0,0,0,0,0,0,0,0,0,0,0,0,0,0,0,0,0,0,0,0,0,0,0,0,0,0,0,0,0,0,0,0,0,0,0,0,0,0,0,0,0,0,0,0,0,0,0,5.60E-19,6.43E-05,-0.001123578,-0.002803002,-0.00052114,7.72E-05,0,0,0,0,0,0,0,0,0,0,0,0,2.64E-19,0.000153186,-4.47E-05,-0.016331614,-0.031244904,-0.026286492,-0.024699432,-0.005594584,-0.013010621,-0.002463719,0.000314883,0,0,0,0,0,0,0,0,0,0.000158803,-0.003269336,-0.016855852,0.163323206,0.481092122,0.618108303,0.327634736,0.038789539,0.147970452,0.028216848,-0.003589665,0,0,0,0,0,0,0,0,0,3.54E-05,-0.033565811,0.294866428,0.858723486,0.837781988,0.795696466,0.880644593,0.795441007,0.366864155,0.00248031,-0.003674093,0,0,0,0,0,0,0,0,0,-0.019669016,0.291234494,0.914247464,0.570723209,0.034400758,-0.0731739,0.605044407,0.779633647,-0.010603077,-0.008373028,-0.003575231,-0.003632455,-0.004841554,-0.00525817,-0.003457666,-0.000660233,6.64E-05,0,0,0,-0.043376685,0.740431577,0.855568049,0.073336601,-0.063333299,0.299393467,0.914270782,0.701122413,-0.065327717,0.00329459,0.008387834,0.008024237,0.023258153,0.028338201,0.00422795,-0.01152931,0.000973584,0,0,0,-0.04157884,0.709878353,0.822915748,0.126074329,0.291522648,0.846419747,0.992368685,0.369275037,0.296828346,0.654126089,0.706528646,0.714476682,0.850289641,0.896758749,0.679732855,0.215054381,-0.020375902,0,0,0,-0.017324653,0.25451074,0.823410488,0.698095316,0.851912155,1.018080423,0.974113017,0.843613834,0.948877774,0.887616859,0.742372855,0.511950793,0.422421892,0.414603401,0.866277109,0.588539028,-0.052412258,0,0,0,0.000138345,-0.012692104,0.101488083,0.262212609,0.806694758,1.0233911,0.864623062,0.642604613,0.220348369,0.086485469,0.046592747,-0.025486272,-0.050442858,-0.069486347,0.591148762,0.538344085,-0.047131266,0,0,0,-4.85E-06,-0.030039131,0.217171364,0.962223295,0.743739809,0.489007438,0.070743124,-0.033074193,-0.018592984,-0.015405677,-0.010412582,-0.002526382,-0.000141272,2.04E-06,0.516485841,0.116917892,-0.010268587,0,0,0,-7.74E-05,-0.014694802,0.123246136,0.463319683,0.084152178,-0.033412054,-0.009997106,0.001070176,6.38E-06,0,0,0,-0.009792433,0.111818747,0.215053436,-0.0091899,0.000462537,0,0,0,9.19E-06,0.000682292,-0.007247549,-0.01877582,-0.008982461,-0.00195721,0.000199142,0,0,0,0,0,-0.00097018,0.011081495,-0.00605883,-0.000999285,5.36E-05,0,0,0,0,4.50E-05,-0.000309743,-0.001569598,-0.00026706,3.52E-05,0,0,0,0,0,0,8.43E-05,-0.000960478,-0.00087206,3.37E-05,0,0,0,0,0,0,0,0,0,0,0,0,0,0,0,0,0,0,0,0,0,0,0,0,0,0,0,0,0,0,0,0,0,0,0,0,0,0,0,0,0,0,0,0,0,0,0,0,0,0,0,0,0,0,0,0,0,0,0,0,0
0,0,0,0,0,0,0,0,0,0,0,0,0,0,0,0,0,0,0,0,0,0,0,0,0,0,0,0,0,0,0,0,0,0,0,0,0,0,0,0,0,0,0,0,0,0,0,0,0,0,0,0,0,0,0,0,0,0,0,0,0,0,0,0,0,0,0,0,0,0,0,0,0,0,0,0,0,0,0,0,0,0,0,0,0,7.00E-18,0.000245098,-0.009552709,-0.012166054,-0.009796262,-0.00029565,5.97E-05,0,0,0,0,0,0,0,0,0,0,0,1.53E-05,0.000845078,-0.008090788,-0.04496315,0.033729516,0.058711874,0.036564287,-0.036883255,-0.005746698,0.00077453,1.81E-18,0,0,0,0,0,0,0,0,0,0.000495813,-0.021270765,0.081166088,0.485102039,0.697417553,0.708557836,0.693015897,0.451318253,0.047144863,-0.01061514,0.000245098,0,0,0,0,0,0,0,0,0,-0.014515766,0.206662149,0.783748573,0.610825486,0.209543036,0.156396753,0.170344989,0.616699244,0.46533726,-0.006381725,-0.0036656,0,0,0,0,0,0,0,0,0,-0.035501685,0.626693474,0.405177526,-0.031087793,-0.021306714,-0.019493702,-0.035037071,0.083639417,0.54696264,0.0980837,-0.012678207,0,0,0,0,0,0,0,0,0,-0.036660284,0.665079061,0.092807224,-0.00796058,9.17E-05,0.000461397,-0.028499387,0.143091129,0.582581291,0.077402063,-0.011305828,0,0,0,0,0,0,0,0,0,-0.030753676,0.558949142,0.058497753,-0.004855494,0.001084087,-0.015747975,0.021489073,0.531832908,0.40139294,-0.022658218,-0.001748196,4.60E-05,-0.000150633,-0.003487541,-0.000886633,0.000102124,1.66E-17,0,0,0,-0.029057904,0.527885263,0.059730137,-0.004556185,-0.025772067,0.084326695,0.551362047,0.511027012,0.000869673,-0.023560121,-0.013447032,-0.009552185,-0.005919118,0.032134055,-0.00156112,-0.009443083,0.0007404,0,0,0,-0.01873028,0.340266754,0.038501131,-0.017050688,0.212813114,0.815845189,0.556782422,0.194083778,0.311371938,0.53062508,0.526328557,0.539575163,0.693094537,0.743981187,0.722498572,0.275119577,-0.025514485,0,0,0,0.000686275,-0.01246732,-0.001410675,-0.015279139,0.469740413,0.749920258,0.699319342,0.673827359,0.604744945,0.465926277,0.387373366,0.257324602,0.217575317,0.215886438,0.332204405,0.235988562,-0.021101409,0,0,0,0,0,-1.80E-17,-0.001084218,0.027690388,0.053184998,0.056852533,0.03899229,-0.037493617,-0.043056575,-0.03398012,-0.022570721,-0.019090839,-0.019059777,-0.029171847,-0.020697168,0.001851001,0,0,0,0,0,4.67E-18,0.000245098,-0.006931026,-0.012009804,-0.012040441,-0.009941789,-0.0015625,0.00022013,0,0,0,0,0,0,0,0,0,0,0,0,0,0,0,0,0,0,0,0,0,0,0,0,0,0,0,0,0,0,0,0,0,0,0,0,0,0,0,0,0,0,0,0,0,0,0,0,0,0,0,0,0,0,0,0,0,0,0,0,0,0,0,0,0,0,0,0,0,0,0,0,0,0,0,0,0,0,0,0,0,0,0,0,0,0,0
0,0,0,0,0,0,0,0,0,0,0,0,0,0,0,0,0,0,0,0,0,0,0,0,0,0,0,0,0,0,0,0,0,0,0,0,0,0,0,0,0,0,0,0,0,0,0,0,0,0,0,0,0,0,0,0,0,0,0,0,0,0,0,0,0,0,0,0,0,0,0,0,0,0,0,0,0,0,0,0,0,0,0,0,0,0,4.90E-05,0.000161428,-0.006750919,-0.012083946,-0.005696691,0.000361213,0,0,0,0,0,0,0,0,0,0,0,0,1.59E-18,1.80E-17,0.000422283,-0.022650796,0.013095554,0.053672266,0.002385383,-0.016723022,0.001671355,1.24E-18,0,0,0,0,0,0,0,0,0,8.17E-06,0.000505855,-0.005227737,-0.029553207,0.230921113,0.615179994,0.756112251,0.599394982,0.139855256,-0.018521463,4.77E-05,0,0,0,0,0,0,0,0,0,0.000283723,-0.009835616,0.002911775,0.383443636,0.820043238,0.604974114,0.349718282,0.959802053,0.442602235,-0.029681143,-0.001726387,0,0,0,0,0,0,0,0,0,-0.002213695,-0.006304892,0.503700453,0.83605627,0.260066735,-0.021097648,0.004998826,0.890378728,0.481566176,-0.025256308,-0.002370983,0,0,7.15E-06,-6.63E-05,-0.000203738,1.79E-05,0,0,0,-0.025009038,0.398636183,0.856984818,0.284292552,-0.031116563,-0.01146732,0.085343835,0.929224282,0.448248638,-0.028960652,-0.001778016,0.000310049,-0.008199142,-0.018628608,-0.028694713,-0.012998877,0.001173577,0,0,0,-0.041422386,0.733999966,0.431398846,-0.042586057,-0.001444193,-0.021302117,0.274851001,0.818144387,0.149101682,-0.021574267,-0.018345231,-0.037251634,0.023258068,0.119986366,0.239203423,0.149003864,-0.01329359,0,0,0,-0.038436989,0.664462299,0.623353043,0.070227345,-0.019407213,-0.010769182,0.590842882,0.665286594,-0.034257727,0.013992363,0.203933296,0.389694274,0.663456427,0.723123315,0.697629785,0.310077699,-0.028430947,0,0,0,-0.009136705,0.129381786,0.523392731,0.207781413,-0.00824375,0.358079505,0.977613649,0.810978846,0.426156853,0.664364281,0.746231197,0.578707367,0.341534079,0.144095125,0.065276699,0.017311514,-0.001738871,0,0,0,0.000736315,-0.012463065,-0.015571725,-0.016995336,0.314574671,0.779048577,0.774960631,0.484037173,0.350037735,0.283738858,0.031324806,-0.017807138,-0.019667075,-0.017203329,-0.011490393,-0.004089222,0.000387221,0,0,0,0,0,-6.58E-17,-0.003327546,0.097650337,0.159922352,0.082490605,-0.041655552,-0.031499898,-0.024965435,-0.003380736,0.000351052,0,0,0,0,0,0,0,0,0,0,8.40E-18,0.000459559,-0.012602421,-0.022981618,-0.015274816,-0.00020435,8.36E-05,0,0,0,0,0,0,0,0,0,0,0,0,0,0,0,0,0,0,0,0,0,0,0,0,0,0,0,0,0,0,0,0,0,0,0,0,0,0,0,0,0,0,0,0,0,0,0,0,0,0,0,0,0,0,0,0,0,0,0,0,0,0,0,0,0,0,0,0,0,0,0,0,0,0,0,0,0,0,0,0,0,0,0,0,0,0,0,0
0,0,0,0,0,0,0,0,0,0,0,0,0,0,0,0,0,0,0,0,0,0,0,0,0,0,0,0,0,0,0,0,0,0,0,0,0,0,0,0,0,0,0,0,0,0,0,0,0,0,0,0,0,0,0,0,0,0,0,0,0,0,0,0,0,0,0,0,0,0,0,0,0,0,0,0,4.60E-06,2.60E-06,-0.000557955,-0.000288909,0,0,0,0,0,0,0,0,0,0,0,0,0,0,0,0.000176164,-0.001446078,-0.013801465,-0.028203721,-0.007214052,0,0,0,0,0,2.59E-18,0.000157441,-0.001151604,-0.017686632,-0.045826525,-0.041810066,-0.009052032,0.000605102,5.70E-05,0.000142123,-0.002856499,-0.015316755,0.069131592,0.318615809,0.113685219,0,0,0,0,0.00015625,-0.000427049,-0.014326491,-0.007272771,0.192634208,0.519143859,0.456859937,0.082509617,-0.024536726,-0.011487949,-0.017972665,-0.008609409,0.309381723,0.76397475,1.031622362,0.281839137,0,0,0,6.97E-05,-0.000592821,-0.01782554,0.068709167,0.626373706,0.871960156,0.90740461,1.022379217,0.759539528,0.168561888,0.036863832,0.130293506,0.698938469,0.975555573,0.89800896,0.408539977,0.024040228,0,0,0,-0.000439645,-0.01360529,0.166487932,0.792302917,0.778991803,0.238598175,0.08002868,0.85359341,1.017704248,0.926976852,0.739804211,0.906000817,0.871573955,0.52756427,0.090614613,-0.028949142,-0.005202036,0,0,0,-0.003964257,0.011064985,0.718729031,0.993605001,0.199971584,-0.047925654,-0.010742766,0.70925194,1.013783258,1.024601898,0.977331938,0.588702717,0.130709048,-0.003879545,-0.015685442,0.000710614,0,0,0,0,-0.006433415,0.04203479,0.987062092,0.928692913,0.094483494,-0.032118498,0.243202053,0.911434675,1.034747124,0.743683723,0.270902522,-5.77E-05,-0.024106703,-0.004666105,0.00059435,0,0,0,0,0,-0.004864328,0.022787497,0.810336857,0.991480733,0.204491783,0.120905688,0.849802696,1.007156693,0.579480052,0.071590522,-0.028374881,-0.002907118,0.000167535,1.30E-05,0,0,0,0,0,0,-0.003264186,0.00231131,0.638158028,1.056729665,0.399747292,0.266086499,0.787613564,0.368475076,0.004978768,-0.02105617,0.000886633,0,0,0,0,0,0,0,0,0,-0.000845741,-0.020951848,0.324159569,0.891312109,0.789199041,0.535303547,0.103883102,-0.039095844,-0.028194155,-0.012955036,0.000484749,0,0,0,0,0,0,0,0,0,-0.000163143,-0.010869026,0.102095861,0.486052202,0.5828376,0.451439781,0.306398063,0.160323104,0.374373162,0.230988341,-0.008128574,0,0,0,0,0,0,0,0,0,-0.001022365,-0.004006944,0.231705031,0.493924105,0.5222024,0.450006485,0.177619451,0.090011234,0.474455627,0.320380675,-0.011139536,0,0,0,0,0,0,0,0,0,5.70E-05,0.000274203,-0.013257557,-0.029351358,-0.031162662,-0.026407322,-0.010671773,-0.005397059,-0.027073683,-0.018216746,0.000633681,0,0,0,0,0,0,0,0,0,0,0,0,0,0,0,0,0,0,0,0,0,0,0,0,0,0,0,0,0,0,0,0,0,0,0,0,0,0,0,0,0,0,0,0,0,0,0,0,0,0,0,0,0,0,0,0,0,0,0,0,0,0,0,0,0,0
0,0,0,0,0,0,0,0,0,0,0,0,0,0,0,0,0,0,0,0,0,0,0,0,0,0,0,0,0,0,0,0,0,0,0,0,0,0,0,0,0,0,0,0,0,0,0,0,0,0,0,0,0,0,0,0,0,0,0,0,0,0,0,0,0,0,0,0,0,0,0,0,0,0,0,0,0,0,0,0,0,0,0,0,0,2.80E-19,0.00028799,-0.001842668,-0.018299632,-0.019522978,-0.005119792,0.00036489,0,0,0,0,0,0,0,0,0,0,0,0,0,3.11E-17,-0.001463099,-0.009662638,0.108657493,0.119319887,0.008119707,-0.005264825,0.000438221,5.19E-19,0,0,0,0,0,0,0,0,0,1.53E-06,0.000253779,-0.001499013,-0.031530671,0.300653034,0.831833044,0.848397042,0.466593239,0.007371392,-0.004718519,8.32E-05,4.24E-05,-0.000359307,-0.004440019,-0.015688313,-0.008349503,0.000744656,0,0,0,5.92E-05,-0.001396447,-0.02718657,0.294100815,0.92707775,0.738064541,0.721662454,0.988683214,0.351100529,-0.027709485,-0.000535666,-0.008576036,-0.035363774,-0.009406771,0.094590552,0.052616332,-0.004638264,0,0,0,-0.000447304,-0.01858175,0.210548322,0.908892889,0.661320166,0.024851801,0.053110396,0.93800417,0.565699466,-0.016593086,-0.028236877,0.035683466,0.335857979,0.5736747,0.9221944,0.472431492,-0.042598975,0,0,0,-0.004097937,0.010600814,0.777131587,0.856370013,0.107859732,-0.042231669,0.241479031,0.936638957,0.38672995,-0.020881096,0.257204657,0.743663739,0.962411594,0.877205031,0.413031012,0.148508391,-0.014478231,0,0,0,-0.018040645,0.267135383,0.916733643,0.287038177,-0.037059809,-0.025414165,0.483323972,0.94120001,0.531770595,0.792687552,0.957190717,0.792457687,0.279298305,0.04612403,-0.029295008,-0.01821155,0.00156633,0,0,0,-0.034394761,0.585520016,0.731462163,0.140282084,0.039792253,0.399450385,0.938051794,1.009859903,1.022154803,0.806367284,0.438586346,0.057569717,-0.026116098,-0.00658798,-0.000833639,-3.91E-05,1.15E-05,0,0,0,-0.041858567,0.713356213,0.819143906,0.188949917,0.180495501,0.95992326,0.974066725,0.811809921,0.42728945,0.078403727,-0.020800382,-0.012439668,0.000579267,3.42E-05,0,0,0,0,0,0,-0.021586397,0.322975235,0.979124132,0.439927849,0.060578503,0.423738426,0.2689351,0.075293352,-0.027568934,-0.012340168,-0.002734205,0.000155569,1.23E-05,0,0,0,0,0,0,0,-0.001536816,0.01337323,0.204606635,0.083060389,-0.015504158,-0.038661492,-0.025442113,-0.008429075,0.000582108,0,0,0,0,0,0,0,0,0,0,0,0.000352022,-0.004314032,-0.02936152,-0.012276654,0.00100801,3.37E-05,0,0,0,0,0,0,0,0,0,0,0,0,0,0,0,0,0,0,0,0,0,0,0,0,0,0,0,0,0,0,0,0,0,0,0,0,0,0,0,0,0,0,0,0,0,0,0,0,0,0,0,0,0,0,0,0,0,0,0,0,0,0,0,0,0,0,0,0,0,0,0,0,0,0,0,0,0,0,0,0,0,0,0,0,0,0,0,0,0,0,0
0,0,0,0,0,0,0,0,0,0,0,0,0,0,0,0,0,0,0,0,0,0,0,0,0,0,0,0,0,0,0,0,0,0,0,0,0,0,0,0,0,0,0,0,0,0,0,0,0,0,0,0,0,0,0,0,0,0,0,0,0,0,0,0,0,0,0,2.45E-05,-0.000211499,-0.000481618,-0.00055336,-2.77E-05,6.11E-06,0,0,0,0,0,0,0,0,0,0,0,0,1.40E-18,0.00046875,-0.004676736,-0.023751191,-0.030081801,-0.028529701,-0.011260689,0.000910583,3.37E-05,0,0,0,0,0,0,0,0,0,0,0,6.38E-05,-0.003787446,0.005725833,0.202962895,0.318809385,0.318543573,0.077523403,-0.008683146,-9.34E-05,0,2.98E-18,-2.83E-17,-2.41E-16,-1.61E-16,1.43E-17,0,0,0,0,0.000226716,-0.001657986,-0.024616524,0.378312051,0.92127148,1.040502519,1.044784961,0.452663875,-0.019966063,-0.002669867,7.66E-05,0.000374455,-0.012511063,-0.022609997,-0.011900871,0.001080814,0,0,0,9.29E-05,-0.001474665,-0.043377631,0.395225701,0.989164052,0.945632941,0.612000292,0.836937922,0.561183486,-0.012657581,-0.003879173,-0.001677775,-0.035367783,0.099282099,0.429030941,0.264207194,-0.023545038,0,0,0,-0.000604218,-0.014324329,0.206954623,0.862013702,0.959015294,0.319433755,-0.00623063,0.666648352,0.562747396,-0.012819188,-0.009998315,-0.019240315,0.214839018,0.771023131,1.097976319,0.590572576,-0.053633068,0,0,0,-0.004552798,0.017944376,0.784237337,1.002281386,0.336459548,-0.0482628,0.01209552,0.794712827,0.55149246,-0.047352126,0.018362864,0.407962027,0.915306287,1.033155637,0.954032075,0.309127689,-0.028969227,0,0,0,-0.011611826,0.139327921,0.98418813,0.519067998,-0.022933091,0.01954216,0.024911646,0.691395221,0.307952325,0.143725558,0.592076117,1.009082959,1.036496766,0.953888617,0.567081958,-0.020924054,0.000183824,0,0,0,-0.026495864,0.418307802,0.958695278,0.275932734,-0.037518735,0.020463099,0.244302015,0.872059777,0.549484869,0.896983324,1.025705116,0.974676249,0.487461806,0.259621681,0.045106005,-0.006164556,0.000137868,0,0,0,-0.043335066,0.725831839,0.965421796,0.42486996,0.2335053,-0.025776772,0.616519387,1.011213448,1.009901349,1.033415498,0.765869461,0.272040598,-0.017332848,-0.036255554,-0.008191731,0.000582936,0,0,0,0,-0.029530127,0.464600626,0.976715788,1.015541786,0.593011649,0.237202257,0.916595469,1.034312313,0.90840579,0.473494422,0.205631468,-0.030891289,-0.004259259,0.000262459,0,0,0,0,0,0,-0.004583231,0.043228316,0.473837384,0.561512085,0.30788718,0.89060415,1.01057804,0.59177742,0.193438743,-0.01742022,-0.024659926,0.001042943,8.43E-05,0,0,0,0,0,0,0,0.000518127,-0.009233064,-0.006573274,-0.018331716,0.07948329,0.643180028,0.471617477,0.004979013,-0.028467473,-0.002483847,0.000421943,0,0,0,0,0,0,0,0,0,9.04E-06,2.92E-05,-0.002146906,-0.001904667,-0.005919143,-0.038344465,-0.030000868,-0.003246324,6.28E-05,-5.35E-06,2.55E-06,0,0,0,0,0,0,0,0,0,0,0,0,0,0,0,0,0,0,0,0,0,0,0,0,0,0,0,0,0,0,0,0,0,0,0,0,0,0,0,0,0,0,0,0,0,0,0,0,0,0,0,0,0,0,0,0,0,0,0,0,0,0,0,0,0,0
0,0,0,0,0,0,0,0,0,0,0,0,0,0,0,0,0,0,0,0,0,0,0,0,0,0,0,0,0,0,0,0,0,0,0,0,0,0,0,0,0,0,0,0,0,0,0.000354653,-0.002373678,-0.017962986,-0.018757898,-0.016758387,-0.004170234,0.000527213,0,0,0,0,0,0,0,0,0,0,0,0,0.000191483,-0.004625204,-0.004376299,0.125269267,0.133575946,0.114365775,0.001753676,-0.02023776,-0.001094771,0.000155739,0,0,0,0,0,0,0,0,0,5.51E-05,-0.001301573,-0.008701661,0.428396841,0.862559555,0.87476057,0.866912735,0.649169918,0.200334288,-0.017906369,-0.005409092,0.000606618,0,0,0,0,0,0,0,0,0.000554534,-0.034198666,0.305816993,0.977629003,0.939820653,0.76255799,0.771757064,0.94745047,0.954611563,0.370730358,6.48E-05,-0.003792977,1.40E-05,0,0,0,0,0,0,6.13E-06,-0.011996528,0.053117766,0.721182173,1.028863734,0.455103945,-0.030033684,-0.020317351,0.473767174,1.01821785,0.919437636,0.195976307,-0.025166377,-0.000121272,0,0,0,0,0,0,5.32E-05,-0.019184297,0.106029191,0.817796343,0.937352212,0.148682314,-0.021112878,-0.019616387,0.117955121,0.870757125,1.050958464,0.360365286,-0.028386939,-0.000740186,0,0,0,0,0,0,-0.001052849,-0.020911918,0.362509753,1.007204487,0.829144161,0.012616932,-0.002919901,-0.005431304,0.041246936,0.806656374,1.047609681,0.437223039,-0.019437347,-0.001455423,0,0,0,0,0,0,-0.003221967,0.002210018,0.631013123,1.040701219,0.651895476,-0.013839869,-0.000251702,-0.014392804,0.103989583,0.898718288,1.049317879,0.321139144,-0.031889468,-0.000418913,0,0,0,0,0,0,-0.005761285,0.033849963,0.904957159,1.021702717,0.61234968,-0.02155816,-0.003665935,-0.029901059,0.351021021,0.98730382,0.804360856,0.114805045,-0.017627349,-4.90E-05,0,0,0,0,0,0,-0.004727788,0.021103503,0.792306015,1.028297556,0.609923838,-0.04358958,-0.017178462,0.265795156,0.805253745,0.992590498,0.391643416,-0.017976239,-0.00910146,-0.006583657,-0.003431033,0.000134464,0,0,0,0,-0.003937722,0.011359351,0.706188785,1.027777897,0.704215744,0.196835908,0.526008248,0.94298505,0.994647895,0.454447091,0.012613666,0.004681457,0.010776568,0.011541009,-0.016255727,-0.039879846,-0.00694509,0,0,0,-0.002738971,-0.004205576,0.582272314,1.030155263,1.000061996,1.012809811,1.027450895,1.039249864,0.983199142,0.661371377,0.624130481,0.637324108,0.639640829,0.638230358,0.514384843,0.326568747,0.060015625,0,0,0,-0.000546569,-0.018761744,0.233032527,0.886438998,1.030536192,1.033420173,0.777293964,0.49403319,0.501114788,0.524981435,0.58767402,0.571424734,0.520447866,0.633849146,0.976596942,0.866630344,0.146930811,0,0,0,2.31E-05,-0.005742681,0.024310338,0.295572508,0.638132023,0.749139808,0.348928122,-0.01293236,-0.013936275,-0.012749497,-0.006138276,-0.007910437,-0.013678462,-0.007390812,0.244628293,0.231873979,-0.003767531,0,0,0,2.45E-06,0.000389808,-0.002589869,-0.023100099,-0.01102559,0.041229269,-0.03020595,-0.001976818,-0.001931066,-0.00198295,-0.002518995,-0.002375306,-0.001907629,-0.002593188,-0.017347795,-0.016093597,-0.00038031,0,0,0,0,0,0,0.000309812,-0.002875262,-0.008829644,0.00077453,0,0,0,0,0,0,0,0,0,0,0,0,0,0,0,0,0,0,0,0,0,0,0,0,0,0,0,0,0,0,0,0,0,0,0,0,0,0,0,0,0,0,0,0,0,0,0,0,0,0
0,0,0,0,0,0,0,0,0,0,0,0,0,0,0,0,0,0,0,0,0,0,0,0,0,0,0,0,0,0,0,0,0,0,0,0,0,0,0,0,0,0,0,0,0,0,0,0,0,0,0,0,0,0,0,0,0,0,0,0,0,0,0,0,0,0,0,0,0,0,0,0,0,0,0,0,0,0,0,0,0,0,0,0,0,0,0.000193015,-0.000764033,-0.015023591,-0.009443015,0.00042065,2.85E-05,0,0,0,0,0,0,0,0,0,0,0,0,0.000199142,-0.000397433,-0.01864311,-0.042381901,0.080122515,0.031506553,-0.026076253,0.001189542,1.24E-17,0,0,0,0,0,0,0,0,0,0,5.00E-05,-0.002152097,-0.006346507,0.169946044,0.549031735,0.767471695,0.689522178,0.229672811,-0.02315722,0.000770454,0,0,0,0,0,0,0,0,0,0,-0.00018925,-0.022465961,0.190553483,0.848984516,1.038712763,1.023741592,1.04248118,0.820860697,0.146789997,-0.020010084,0,0,0,0,0,0,0,0,0,0,-0.003254136,0.00046155,0.681364566,1.010425092,0.991310111,0.990108064,1.001911407,0.932142548,0.257433943,-0.031909421,0,0,0,0,0,0,0,0,0,0,-0.01286683,0.161845673,0.940121034,0.995967967,0.989231958,0.991362796,1.013697729,0.748409943,0.037251379,-0.045114957,-0.033084252,-0.033099571,-0.033188419,-0.033655637,-0.027744283,-0.002628676,0.000291054,0,0,0,-0.035165901,0.565548866,1.011467882,0.992121375,0.992181627,0.995343648,1.012303649,0.724088252,0.211136166,0.241088164,0.240779173,0.240893212,0.241554636,0.245696623,0.192259947,-0.002508936,-0.000219993,0,0,0,-0.042128472,0.691364158,1.034569734,0.999560611,1.004455553,1.008602907,1.003312806,0.996239873,0.994751685,0.993633447,0.98982821,0.991828142,0.984996715,0.989851443,0.931958899,0.321309998,-0.029978979,0,0,0,-0.020759294,0.308880498,0.913542287,0.937203589,0.856284165,0.810283689,0.862815723,0.935966566,0.938624292,0.940021057,0.965564677,0.95138984,1.024105571,1.016574538,1.059960179,0.542766041,-0.049466746,0,0,0,-0.000646446,-0.005002042,0.21025531,0.245867715,0.12094136,0.046897467,0.132520084,0.244624353,0.239041565,0.248458073,0.328228162,0.283615639,0.702283514,0.84569727,0.604287364,0.126939508,-0.012642123,0,0,0,0.000127655,-0.000716571,-0.020300586,-0.023374523,-0.012416262,-0.005924054,-0.013430181,-0.023263889,-0.022778799,-0.023601939,-0.031172998,-0.027260366,0.056389127,0.138301743,0.023446167,-0.01629902,0.001191449,0,0,0,0,0,0,0,0,0,0,0,0,0,5.79E-05,5.79E-05,-0.01205913,-0.021570466,-0.007882169,0.000428922,0,0,0,0,0,0,0,0,0,0,0,0,0,0,0,0,0,0,0,0,0,0,0,0,0,0,0,0,0,0,0,0,0,0,0,0,0,0,0,0,0,0,0,0,0,0,0,0,0,0,0,0,0,0,0,0,0,0,0,0,0,0,0,0,0,0,0,0,0,0,0,0,0,0,0,0,0,0,0,0,0
0,0,0,0,0,0,0,0,0,0,0,0,0,0,0,0,0,0,0,0,0,0,0,0,0,0,0,0,0,0,0,0,0,0,0,0,0,0,0,0,0,0,0,0,0,0,0,0,0,0,0,0,0,0,0,0,0,0,0,0,0,0,0,0,0,0,0,0,0,0,0,0,0,0,0,0,0,0,0,0,0,0,0,0,0,0,0,0,0,0,0,0,0,0,0,0,0,0,0,0,0,0,0,0,0,6.48E-19,8.51E-05,-0.000371978,-0.006123196,-0.007013804,-0.000189781,4.08E-05,2.98E-18,0,0,0,0,5.96E-18,-5.62E-17,-3.96E-17,0,0,0,0,1.23E-05,0.00066619,-0.009602056,-0.016094092,0.055849333,0.067705695,-0.018472052,-0.008930079,0.000839244,1.19E-05,0,0.000217014,-0.002097801,-0.012590871,-0.020327308,-0.005879459,0,0,0,3.67E-06,0.001183808,-0.016593783,0.028368884,0.556229595,0.841970092,0.843694475,0.570206287,0.062454649,-0.008970092,0.000133606,-0.001314255,-0.03038915,-0.028081051,0.061770948,0.220605204,0.093910613,0,0,0,9.28E-05,-0.0125769,0.045452751,0.651628676,0.821184199,0.389953227,0.348045888,0.888050228,0.430704776,-0.050295952,-0.021323461,-0.026052049,0.224027029,0.48354119,0.810624278,0.87449549,0.215871136,0,0,0,-0.001951644,-0.011685849,0.495412735,0.81601937,0.159287568,-0.047323138,-0.042324772,0.526099946,0.608474571,0.030143186,0.289032356,0.679189645,0.865404344,0.763699653,0.376464151,0.150744332,0.019142395,0,0,0,-0.00482307,0.030216146,0.783880515,0.342792535,-0.050267298,-0.004696436,0.012156573,0.743960563,0.955508902,0.910770607,0.815736213,0.593323206,0.15888031,0.012621902,-0.027075282,-0.024147552,-0.003862558,0,0,0,-0.006400327,0.05692419,0.893129119,0.226304279,-0.041035136,-0.018521684,0.018370881,0.674881502,0.51105273,0.352794237,0.113747855,-0.03435866,-0.013387102,-0.003998213,-0.000766938,5.39E-05,1.28E-06,0,0,0,-0.005781307,0.039124118,0.90770503,0.444615554,0.010670516,0.105466145,0.164093494,0.052723951,-0.025143084,-0.044443252,-0.016314969,-1.59E-05,0.000154091,0,0,0,0,0,0,0,-0.001712469,-0.010053871,0.415522042,0.896706614,0.745053266,0.776734069,0.546830525,-0.006681832,-0.005566602,0.000274652,5.11E-06,0,0,0,0,0,0,0,0,0,0.000143331,-0.006552373,0.010941568,0.234053019,0.393316756,0.241873638,0.048760604,-0.005826423,-5.47E-05,0,0,0,0,0,0,0,0,0,0,0,1.84E-06,0.000738358,-0.005436462,-0.025864668,-0.026746226,-0.028698768,-0.009979507,0.000557904,3.03E-05,0,0,0,0,0,0,0,0,0,0,0,0,0,2.17E-05,-0.000243311,-0.000835066,-0.000107741,1.02E-05,0,0,0,0,0,0,0,0,0,0,0,0,0,0,0,0,0,0,0,0,0,0,0,0,0,0,0,0,0,0,0,0,0,0,0,0,0,0,0,0,0,0,0,0,0,0,0,0,0,0,0,0,0,0,0,0,0,0,0,0,0,0,0,0,0,0,0,0,0,0
0,0,0,0,0,0,0,0,0,0,0,0,0,0,0,0,0,0,0,0,0,0,0,0,0,0,0,0,0,0,0,0,0,0,0,0,0,0,0,0,0,0,0,0,0,0,0,0,0,0,0,0,0,0,0,0,0,0,0,0,0,0,0,0,0,8.17E-05,-0.000409007,-0.015068485,-0.025563215,-0.025426471,-0.023180096,-0.007208487,0.00047817,3.27E-05,0,0,0,0,0,0,0,0,0,0.000175551,-0.000758885,-0.030611486,-0.035330474,0.203246606,0.389871153,0.387955882,0.345724452,0.071669169,-0.027439261,0.0003782,0,0,0,0,0,0,0,0,0,0.000237745,-0.021934692,0.199566704,0.370793726,0.913801279,1.021786663,1.026098754,1.022319547,0.684706767,0.11957783,-0.009378064,1.66E-17,0,0,0,0,0,0,0,0,-0.021681015,0.320986043,0.954012153,1.059249592,1.044868687,0.895154208,0.725261336,1.005318168,1.044444223,0.724913817,-0.027757864,0.000544662,0,0,0,0,0,0,0,0,-0.044349242,0.731262994,1.05457355,0.928385597,0.533248177,0.192014288,0.018306734,0.500685103,1.04297941,0.95982113,0.241887306,-0.02304567,0,0,0,0,0,0,0,0,-0.040449449,0.660814491,1.084403544,0.416436223,-0.072364865,-0.016121613,-0.051610447,0.247357758,1.05777434,0.943283193,0.223009804,-0.023622004,-3.27E-06,9.80E-06,0,0,0,0,0,0,-0.026600184,0.407573529,1.079118566,0.43785706,-0.053502099,-0.021743107,-0.025711346,0.53840014,1.049176675,0.745813766,0.015191517,-0.016486928,-0.037949891,-0.03281393,-0.010271187,0.000585172,0,0,0,0,-0.005422488,0.048577614,0.731342014,0.218533497,-0.041401016,0.098713406,0.378055743,0.990226665,1.011559232,0.930034684,0.616195057,0.491601307,0.283852941,0.235095929,0.041062075,-0.019606822,0.001361656,0,0,0,-0.000282118,0.004862115,0.018380617,0.030895493,0.445906098,0.813728486,0.970794356,1.02161312,1.012694598,1.016081098,1.035242068,1.04245915,1.060260893,1.000098141,0.679516564,0.148196487,-0.014710138,0,0,0,-0.002608944,5.64E-05,0.520967347,0.903675451,0.993345719,1.027790806,1.022029932,0.958949238,0.924343739,0.944219131,0.954612531,0.953601565,0.952949329,0.96100852,1.064582647,0.546886592,-0.049738087,0,0,0,-0.003281046,0.001597665,0.646778663,1.064596763,1.031975477,1.051813232,0.854149152,0.297234154,0.185400174,0.248393359,0.280310458,0.277205882,0.277205882,0.273933653,0.426010966,0.252074397,-0.022618379,0,0,0,-0.001944444,-0.005622379,0.441094822,0.719442606,0.596733419,0.381656863,0.14578668,-0.027456274,-0.019259446,-0.023616377,-0.026416122,-0.026143791,-0.026143791,-0.025875715,-0.039112076,-0.022618379,0.002031846,0,0,0,-3.27E-06,-0.00071858,0.006997566,0.010595044,-0.001567371,-0.027753915,-0.024299905,-4.47E-05,0.000117647,0,0,0,0,0,0,0,0,0,0,0,9.80E-06,5.46E-05,-0.002455933,-0.003975388,-0.002913456,-0.000866013,8.17E-05,0,0,0,0,0,0,0,0,0,0,0,0,0,0,0,0,0,0,0,0,0,0,0,0,0,0,0,0,0,0,0,0,0,0,0,0,0,0,0,0,0,0,0,0,0,0,0,0,0,0,0,0,0,0,0,0,0,0,0,0,0,0,0,0,0,0,0,0,0,0
0,0,0,0,0,0,0,0,0,0,0,0,0,0,0,0,0,0,0,0,0,0,0,0,0,0,0,0,0,0,0,0,0,0,0,0,0,0,0,0,0,0,0,0,0,0,0,0,0.000342424,-0.004324732,-0.028701643,-0.007695161,0.00094703,0,0,0,0,0,0,0,0,0,0,0,0,0,0,0.000328972,-0.004835478,0.014517889,0.226286322,0.043162752,-0.010634198,0.000407475,0,0,0,0,0,0,0,0,0,0,0,1.21E-18,0.000346201,-0.007318903,-0.010305522,0.43294761,0.926328227,0.511351767,0.014049621,-0.005876736,0,0,0,0,0,0,0,0,0,0,0,4.97E-18,-0.001985805,-0.020203688,0.386479677,0.980217627,1.013631842,1.012011166,0.138718662,-0.020373434,0,0,0,0,0,0,0,0,0,0,0,0.000638276,-0.023418437,0.225322313,0.89526617,1.020163382,0.989508102,1.020612507,0.145183696,-0.020969329,0,0,0,0,0,0,0,0,0,0,0.000352207,-0.0132756,0.090297532,0.793030957,1.028214368,0.710380386,0.978762484,0.788802077,0.068653291,-0.012727773,0,0,0,0,0,0,0,0,0,0,-0.002306066,-0.017391016,0.438292688,1.023160932,0.808723703,0.386739124,0.982677509,0.530751651,-0.006600169,-0.004373468,0,0,0,0,0,0,0,0,0,0.000110294,-0.019619485,0.098164522,0.800432802,0.993859317,0.311511778,0.264542824,0.943139638,0.272148523,-0.038265307,0.000421262,0,0.000145527,-0.001502757,-0.007967775,-0.004394914,0.000390625,0,0,0,-0.000651297,-0.025963661,0.319887595,1.008801896,0.684159686,0.039158667,0.699872821,0.636806849,0.038632115,-0.014297097,-0.00502451,-0.020134634,-0.035864311,-0.024266068,0.019031175,0.001556628,-0.007032952,0,0,0,-0.004936428,0.023996885,0.820081529,0.928219124,0.215051296,0.524630396,0.89016733,0.128846456,0.021532169,0.048508877,0.036609477,0.208871017,0.371647348,0.425865758,0.670879296,0.474321385,0.036471354,0,0,0,-0.006430588,0.0421793,1.001783695,0.717859749,0.234174079,0.978606457,0.87303981,0.59481841,0.82946092,0.879740946,0.881719865,0.938686356,1.011895051,1.033169374,1.029151031,0.816851161,0.132394012,0,0,0,-0.005936019,0.034746749,0.966296041,0.667704572,0.127111648,0.772323734,1.024698836,1.047242783,1.047141885,1.030110354,0.902574789,0.886986894,0.714876838,0.627413263,0.409475358,0.14597835,-0.016713303,0,0,0,-0.0017644,0.005912888,0.328334525,0.232041224,-0.007150357,0.160721524,0.393947423,0.427876021,0.427398386,0.393596623,0.17699229,0.162842473,0.045329453,-0.020760212,-0.025811066,-0.01493447,0.00134038,0,0,0,0.000142106,-0.0009864,-0.022025633,-0.011128506,-0.001381212,-0.017926147,-0.021540424,-0.020346609,-0.020357264,-0.020819388,-0.024425415,-0.024472222,-0.010996936,-0.003582721,-0.001198789,8.27E-05,0,0,0,0,3.83E-06,3.32E-06,-0.000848652,-0.000786356,4.10E-05,-0.000223397,-0.001174683,-0.001375613,-0.00137306,-0.001200573,-5.92E-05,7.66E-06,0,0,0,0,0,0,0,0,0,0,0,0,0,0,0,0,0,0,0,0,0,0,0,0,0,0,0,0,0,0,0,0,0,0,0,0,0,0,0,0,0,0,0,0,0,0,0,0,0,0,0,0,0,0,0,0,0,0,0,0,0,0,0,0,0
0,0,0,0,0,0,0,0,0,0,0,0,0,0,0,0,0,0,0,0,0,0,0,0,0,0,0,0,0,0,0,0,0,0,0,0,0,0,0,0,0,0,0,0,0,0,0,0,0,0,0,0,0,0,0,0,0,0,0,0,0,0,0,0,0,0,3.88E-05,-8.50E-05,-0.003468903,-0.005817249,-0.003140319,0.000195313,0,0,0,0,0,0,0,0,0,0,0,0,0,0.000367647,-0.003888548,-0.025740288,0.004774561,0.034130872,0.003337827,-0.012967371,0.001291427,0,0,0,0,0,0,0,0,0,0,0,9.96E-05,-0.002297369,0.004833027,0.194776354,0.667750204,0.923554245,0.602759872,0.052544884,-0.00911459,0,0,0,0,0,0,0,0,0,0,1.33E-05,-0.000554364,-0.022399152,0.261637731,0.903642347,0.982163416,0.919494928,1.000986213,0.349359392,-0.041641596,0,0,0,0,0,0,0,0,0,0,4.92E-05,-0.01599201,0.079675665,0.762206392,0.978487096,0.320536413,0.312086611,0.989167448,0.372869583,-0.043696418,0,0,0,0,0,0,0,0,0,0,-0.001848652,-0.014274408,0.480807581,1.003518757,0.536228497,-0.045604865,0.32889311,0.904697678,0.23991682,-0.029638009,0,0,0,0,0,0,0,0,0,0,-0.003569649,0.006849197,0.681616149,0.8546298,0.106575999,-0.037364685,0.616421841,0.817583521,0.057928292,-0.010670988,0,0,0,0,0,0,0,0,0,0,-0.005082567,0.025187449,0.86159198,0.70682021,-0.015200325,0.382560372,0.93669533,0.483082125,-0.032856277,-0.013757185,-0.029369213,-0.02879902,-0.028660726,-0.030273438,-0.046572874,-0.032914199,-0.007784416,0,0,0,-0.003651246,0.012265489,0.64804325,0.821647042,0.613801618,0.907721763,0.828794118,0.031868787,-0.024918675,0.139300375,0.314168028,0.307612507,0.309621375,0.331606158,0.517205271,0.360895884,0.084910641,0,0,0,1.09E-05,-0.005793333,0.020349218,0.374368656,0.97068152,1.03083707,0.727677836,0.607219148,0.671566504,0.918264937,1.005061453,0.999071379,0.966905072,0.944316783,1.005521598,0.990621951,0.261189617,0,0,0,3.22E-05,0.00019761,-0.023979524,0.145008255,0.923346208,1.040095061,1.043637,1.001171313,0.759435219,0.635514009,0.626900735,0.630682547,0.502142395,0.371316279,0.372547321,0.395124762,0.106089665,0,0,0,0,0,-0.005038126,0.046042858,0.405425278,0.440475303,0.267235311,0.240272978,0.069114873,-0.013044056,-0.016158207,-0.014905467,-0.024523335,-0.034930453,-0.034313725,-0.035814951,-0.009579248,0,0,0,0,0,0.000651042,-0.007282816,-0.017291284,-0.019529973,-0.03925897,-0.033035233,-0.013662071,-0.004347866,-0.004012561,-0.004170037,-0.002066483,0.000130515,0,0,0,0,0,0,0,0,7.93E-19,5.16E-05,-0.001370001,-0.001469822,0.000128932,0,0,0,0,0,0,0,0,0,0,0,0,0,0,0,0,0,0,0,0,0,0,0,0,0,0,0,0,0,0,0,0,0,0,0,0,0,0,0,0,0,0,0,0,0,0,0,0,0,0,0,0,0,0,0,0,0,0,0,0,0,0,0,0,0,0,0,0,0,0
0,0,0,0,0,0,0,0,0,0,0,0,0,0,0,0,0,0,0,0,0,0,0,0,0,0,0,0,0,0,0,0,0,0,0,0,0,0,0,0,0,0,0,0,0,0,0,0,0,0,0,0,0,0,0,0,0,0,0,0,0,0,0,0,0,0,0,0,0,0,0,0,0,0,0,0,0,0,0,0,0,0,0,0,0,0,0,0,0,0,0,0,0,0,0,0,0,0,0,0,0,0,0,7.78E-20,9.12E-18,0.001010604,-0.010537939,-0.034999083,-0.048461754,-0.034356703,-0.024525974,-0.010080508,0.001182178,6.59E-18,0,2.20E-18,-2.44E-17,-5.70E-17,-1.83E-17,1.69E-18,0,0,0,8.48E-05,-0.000362711,-0.024869366,0.099064457,0.378385512,0.531827257,0.371082431,0.25893127,0.094773795,-0.017136311,0.000400837,0.000336159,-0.002555658,-0.015391816,-0.020289634,-0.007276348,0.000672318,0,0,0,-8.20E-06,-0.018964338,0.147260269,0.698817466,0.989168154,1.039612667,0.987366971,0.95966522,0.686891756,0.042991332,-0.009002911,-0.019614416,-0.019733331,0.120392751,0.200612183,0.059874156,-0.005564813,0,0,0,-0.01006587,0.118099724,0.796491268,1.019605886,1.005569076,0.969748281,0.911169016,0.99778719,1.002844993,0.259024432,-0.056260791,0.105168335,0.415827444,0.866436172,1.023824243,0.451610754,-0.041356464,0,0,0,-0.012436683,0.151991915,0.977682853,0.998831818,0.967560281,0.453504051,0.582213763,0.997160624,1.008783344,0.667287938,0.365513872,0.779886166,0.985371017,1.027118124,1.050217854,0.568829912,-0.051771429,0,0,0,-0.029505974,0.462840891,0.998303649,1.012919969,0.436703915,0.047019233,0.781304109,1.014296177,0.993046007,0.993547977,0.989767174,1.018187534,1.035189219,0.862420598,0.474894419,0.142350133,-0.013864634,0,0,0,-0.043280229,0.712934402,1.028938147,1.00276137,0.36139852,0.571011506,0.985072593,0.994096575,0.995961567,1.00851618,1.019278254,0.937594312,0.61317293,0.185371664,-0.043175778,-0.011419356,0.000972733,0,0,0,-0.026529442,0.407035333,1.014235508,1.005932426,0.943756142,0.988595553,1.011179154,1.034495672,1.015926413,0.887246084,0.583594652,0.180400853,0.003123752,-0.013556215,-0.000330728,0.000130447,0,0,0,0,-0.005664063,0.055406607,0.55842036,0.908950368,1.033939658,1.032676045,0.864442793,0.615959763,0.522863528,0.119026945,-0.012561189,-0.019490485,-0.006564032,-0.00088031,0.000134524,0,0,0,0,0,0.000433517,-0.010237337,-0.001788246,0.178354745,0.529663691,0.588093035,0.229274016,-0.032092576,-0.025447185,-0.010744823,-0.001057241,0.000138293,0,0,0,0,0,0,0,0,1.38E-05,0.000420037,-0.004938113,-0.027538739,-0.009386219,-0.003717388,-0.016404701,-0.004420343,-0.002237439,-0.000151339,3.37E-05,0,0,0,0,0,0,0,0,0,0,0,1.65E-18,5.92E-05,-0.002286189,-0.002784416,-0.000623213,8.73E-05,0,0,0,0,0,0,0,0,0,0,0,0,0,0,0,0,0,0,0,0,0,0,0,0,0,0,0,0,0,0,0,0,0,0,0,0,0,0,0,0,0,0,0,0,0,0,0,0,0,0,0,0,0,0,0,0,0,0,0,0,0,0,0,0,0,0,0,0,0
0,0,0,0,0,0,0,0,0,0,0,0,0,0,0,0,0,0,0,0,0,0,0,0,0,0,0,0,0,0,0,0,0,0,0,0,0,0,0,0,0,0,0,0,0,0,0,0,0,0,0,0,0,0,0,0,0,0,0,0,0,0,0,0,0,0,0,0,0,0,0,0,0,0,0,0,0,0,0,0,0,0,0,0,0,0,0,0,0,0,0,0,0,0,0,0,0,0,0,0,0,0,0,1.14E-18,-6.43E-18,6.38E-05,-0.000404242,-0.009163575,-0.015820738,-0.015867545,-0.013286782,-0.002302049,0.000315927,1.17E-17,0,0,0,0,0,0,0,0,0,0.000521855,-0.007945602,-0.02146395,-0.016437398,0.08655205,0.1725737,0.17593716,0.141586584,0.004721201,-0.006507582,0.000423815,0,0,0,0,0,0,0,0,0,-0.004671079,0.058078927,0.282300049,0.698471067,0.897306738,0.842904098,0.817455414,0.81939461,0.816729597,0.107554504,-0.01608492,0,0,0,0,0,0,0,0,0,-0.027229882,0.420968222,1.021925807,0.838146361,0.525052383,0.212726358,0.118132506,0.453944938,1.069833027,0.146780757,-0.021794679,-0.001319189,-0.003742749,-0.012282271,-0.021380345,-0.011728962,0.001059538,0,0,0,-0.02969087,0.48294807,0.902654769,0.233426624,-0.047564171,-0.033861503,0.103532884,0.78388717,0.815978503,0.044442491,-0.040177032,-0.021457329,0.005479201,0.152417007,0.327249687,0.183231039,-0.016506672,0,0,0,-0.033990349,0.565500664,0.877351511,0.136995966,-0.028219447,-0.013884736,0.491509004,0.987067844,0.408197389,0.165737502,0.307349435,0.436612337,0.783038484,0.998603214,0.946494283,0.48542356,-0.044364022,0,0,0,-0.017171824,0.243824125,0.958069921,0.489214971,-0.037302019,0.042788739,0.786339359,0.99405639,0.787935679,0.940170719,1.003240894,0.926758187,0.613820891,0.386219329,0.246554394,0.090694274,-0.008606516,0,0,0,-0.000956137,-0.023349045,0.398593786,0.906459701,0.499855527,0.088714348,0.258219413,0.645376887,0.615534103,0.377710854,0.241170781,0.120953216,0.002177704,-0.045984774,-0.030947714,-0.012023562,0.001131222,0,0,0,0.000180249,-0.003741149,-0.019225984,0.189710393,0.712475286,0.677312466,0.165758017,-0.042271616,-0.020900633,-0.020816858,-0.020431815,-0.016174939,-0.005933585,7.73E-05,3.26E-05,0,0,0,0,0,0,0.000168505,-0.000234035,-0.019474571,0.069948399,0.16954662,0.056734749,-0.005811853,-5.98E-05,0,0,0,0,0,0,0,0,0,0,0,0,0,2.30E-05,0.000170037,-0.013331601,-0.023059743,-0.007320772,0.000769608,7.35E-06,0,0,0,0,0,0,0,0,0,0,0,0,0,0,0,0,0,0,0,0,0,0,0,0,0,0,0,0,0,0,0,0,0,0,0,0,0,0,0,0,0,0,0,0,0,0,0,0,0,0,0,0,0,0,0,0,0,0,0,0,0,0,0,0,0,0,0,0,0,0,0,0,0,0,0,0,0,0,0,0,0,0,0,0,0,0,0,0
0,0,0,0,0,0,0,0,0,0,0,0,0,0,0,0,0,0,0,0,0,0,0,0,0,0,0,0,0,0,0,0,0,0,0,0,0,0,0,0,0,0,0,0,0,0,0,0,0,0,0.000244588,-0.002788309,-0.003559093,9.78E-05,0,0,0,0,0,0,0,0,0,0,0,0,0,0.00010395,-0.000628574,-0.004814594,-0.029975899,-0.012949959,-0.005064748,-0.015260927,0.000555811,7.81E-05,0,0,0,0,0,0,0,0,0,4.11E-18,0.000560662,-0.009279789,-0.024663177,0.026090465,0.442518893,0.690248894,0.669768541,0.196338831,-0.022134668,0.000125,1.01E-05,0,0,0,0,0,0,0,3.64E-18,0.000734018,-0.012239498,0.015141573,0.309333521,0.746662599,0.919399663,0.792115451,0.917231615,0.787014876,0.108492443,-0.016469005,-6.63E-05,0,0,0,0,0,0,4.60E-06,0.000470282,-0.012442725,0.05712563,0.593654865,1.00019441,0.803593324,0.246687568,0.008202376,0.29578214,1.013810628,0.311551641,-0.031481277,-0.000379698,0,0,0,0,0,0,6.01E-05,-0.007857558,0.012417282,0.576129421,0.961566844,0.548512885,0.11129569,-0.033665872,-0.025045402,0.095057965,0.943158945,0.346355071,-0.032306367,-0.000468081,0,0,0,0,0,0,-0.000645067,-0.024415033,0.317749779,0.964280144,0.362157661,-0.038989311,-0.012736247,-0.000407475,-0.016070091,0.104257708,0.880789692,0.287913109,-0.03007547,-0.000287377,0,0,0,0,0,0,-0.007033344,0.064156744,0.800541207,0.705447253,0.024812856,-0.009375681,2.13E-05,7.66E-05,-0.020537514,0.234689831,0.842906386,0.149704214,-0.022479013,-1.38E-06,0,0,0,0,0,0,-0.022271446,0.347419424,0.902670786,0.207864277,-0.029525498,0.000173611,3.06E-05,0.000946351,-0.03559181,0.606991341,0.728968137,0.030099537,-0.031210938,-0.038841027,-0.042744385,-0.023169424,0.002106311,0,0,0,-0.038734783,0.66586763,0.735981005,0.007392548,-0.005552057,0.000448836,-0.006438419,-0.036413569,0.227165373,0.878944397,0.345552509,-0.042732094,0.229999949,0.432933007,0.477703382,0.258842252,-0.023531114,0,0,0,-0.043250275,0.755369176,0.651441679,-0.063656037,-0.039756968,-0.033512087,-0.003434838,0.245023406,0.877534056,0.686625053,0.402793744,0.772183003,0.93967288,0.947044607,0.993353939,0.542041617,-0.049276511,0,0,0,-0.043496375,0.756812823,0.663444104,0.155757915,0.343142249,0.227259157,0.541311053,0.933310594,1.040725439,0.996561731,0.895926334,0.730483286,0.459262391,0.264982452,0.256006431,0.141473907,-0.012861264,0,0,0,-0.03229279,0.5217468,0.919841827,0.879346933,0.85208549,0.900856107,0.981417399,0.778578721,0.698822576,0.444262192,0.168610618,0.042529888,-0.033787684,-0.025584048,-0.023956507,-0.013222954,0.001202087,0,0,0,-0.005071027,0.060274442,0.384964784,0.432903867,0.114347492,0.486479371,0.35741733,0.018629919,0.008377876,-0.0165041,-0.026642021,-0.010730392,-0.000730392,9.83E-05,0,0,0,0,0,0,0.000425858,-0.005753166,-0.024652778,-0.026795854,-0.009646672,-0.029929381,-0.023448376,-0.004544475,-0.003765063,-0.001599048,7.40E-05,0,0,0,0,0,0,0,0,0,0,0,0,0,0,0,0,0,0,0,0,0,0,0,0,0,0,0,0,0,0,0,0,0,0,0,0,0,0,0,0,0,0,0,0,0,0,0,0,0,0,0,0,0,0,0,0,0,0,0,0,0,0,0,0,0,0
0,0,0,0,0,0,0,0,0,0,0,0,0,0,0,0,0,0,0,0,0,0,0,0,0,0,0,0,0,0,0,0,0,0,0,0,0,0,0,0,0,0,0,0,0,0,0,0.000165974,0.000128817,-0.028421181,-0.047848029,-0.048115446,-0.016262642,0.00098243,0,0,0,0,0,0,0,0,0,0,0,2.63E-18,0.000174122,-0.004440911,-0.02028816,0.226222733,0.409368124,0.410814594,0.122048564,-0.012778101,8.57E-05,3.03E-05,0,0,0,0,0,0,0,0,0,0.000758272,-0.010377179,-0.003904176,0.273630106,0.894745592,1.055450453,1.052337827,0.600864162,0.013381315,-0.001473209,-0.000159007,0,0,0,0,0,0,0,2.64E-19,0.000536152,-0.008859698,0.022104524,0.64241205,0.959620643,0.9012492,0.561963235,0.779383255,1.036251206,0.550720435,-0.001373945,-0.004907169,0,0,0,0,0,0,0,6.18E-05,-0.00610209,0.00263991,0.477164352,0.999680235,0.896554807,0.267794169,-0.073415577,0.554777165,1.086031093,0.640886949,-0.003997396,-0.005439645,0,0,0,0,0,0,0,-0.000525661,-0.020942855,0.249771666,0.926061956,0.969741354,0.34774858,-0.005340454,-0.045409312,0.393236517,1.005932313,0.806537884,0.11337527,-0.018661795,0,0,0,0,0,0,0,-0.003908395,0.008536356,0.743955984,1.036502434,0.789684804,0.044182121,-0.008827002,-0.048626021,0.496293182,1.044535027,0.770928054,0.090976307,-0.016125919,0,0,0,0,0,0,0,-0.019401961,0.278951185,0.989719652,0.948370404,0.29527681,-0.025484001,-0.013846201,0.075702563,0.756307547,1.06651402,0.636952121,-0.007661322,-0.005036458,-0.010192096,-0.017180812,-0.009015012,0.000819547,0,0,0,-0.03635769,0.587147876,1.038347903,0.744979575,0.041705155,-0.011312636,-0.030094635,0.22712597,0.960023659,1.030454119,0.578322559,-0.01604279,-0.044145544,0.039925926,0.097500866,0.05014425,-0.004558568,0,0,0,-0.043883272,0.724135417,1.07055416,0.506195568,-0.022007409,-0.006822049,-0.028121136,0.492274272,1.041396786,0.911024367,0.158761625,0.013239907,0.439468086,0.68788768,0.830558273,0.449527676,-0.040850524,0,0,0,-0.043382353,0.71502451,1.069631249,0.507560026,-0.041478087,-0.036358842,0.20815565,0.802576468,1.016132767,0.912958079,0.371868129,0.637364474,1.010133929,0.987687552,0.902059382,0.366785394,-0.033912872,0,0,0,-0.04428079,0.730886336,1.075505055,0.536269353,0.107181559,0.387178462,0.864762953,1.020468699,1.013989668,0.989441914,0.987295547,0.888535403,0.488965584,0.298044237,0.085291315,-0.016694751,0.001072304,0,0,0,-0.030234375,0.479818832,0.943497872,0.898423509,0.862878755,1.003295837,0.97870098,0.86359678,0.642296364,0.359917553,0.308445278,0.157299462,-0.019865979,-0.030322032,-0.009385658,0.000429773,0,0,0,0,-0.001066687,0.003622821,0.156743532,0.478828789,0.679548123,0.69722835,0.357505651,0.023627604,0.002752094,-0.021386783,-0.023806917,-0.025178139,-0.002458946,0.000243566,0,0,0,0,0,0,0.00020144,-0.002501277,-0.012683568,-0.030515557,-0.034759896,0.013954044,-0.004972358,-0.007452512,-0.003276042,-0.001020953,-0.000686785,6.38E-05,0,0,0,0,0,0,0,0,0,0,0,9.38E-05,-0.00054796,-0.005712364,-0.001904529,0.000242143,0,0,0,0,0,0,0,0,0,0,0,0,0,0,0,0,0,0,0,0,0,0,0,0,0,0,0,0,0,0,0,0,0,0,0,0,0,0,0,0,0,0,0,0,0,0,0,0,0
0,0,0,0,0,0,0,0,0,0,0,0,0,0,0,0,0,0,0,0,0,0,0,0,0,0,0,0,0,0,0,0,0,0,0,0,0,0,0,0,0,0,0,0,0,0,0,0,0,0,0,0,0,0,0,0,0,0,0,0,0,0,0,0,0,0,3.01E-05,-3.87E-05,-0.002186989,-0.017798356,-0.016623826,-0.001774101,-4.34E-05,2.66E-05,0,0,0,0,0,0,0,0,0,0,0,6.89E-05,-0.000397603,-0.014637958,-0.013319717,0.251261676,0.229931696,-0.0112628,-0.00200797,0.000147399,0,0,0,0,0,0,0,0,0,0,3.64E-18,0.000603809,-0.01579376,0.089972552,0.567102397,0.957517719,0.942696027,0.479782697,0.023666483,-0.006429398,0,0,0,0,0,0,0,0,0,1.23E-05,0.000495302,-0.020655807,0.125486622,0.728203107,1.057397535,0.945438896,1.00025577,0.811096609,0.07158957,-0.013169084,0.00036969,-0.003222699,-0.012914454,-0.014463162,-0.007816755,0.000710614,0,0,0,5.63E-05,-0.008919327,0.01869918,0.630271578,1.063969176,0.696128283,0.213959225,0.876128113,0.779051642,0.062083167,-0.012523779,-0.01974094,-0.007368941,0.069301547,0.082198866,0.044535231,-0.004047175,0,0,0,-0.001280229,-0.021037258,0.434859903,1.026083776,0.682966434,0.033536339,0.097175841,0.96034021,0.609786237,0.001773317,-0.023749489,0.100520255,0.400256025,0.809533514,0.884397276,0.486158514,-0.044156369,0,0,0,-0.011223141,0.135144642,0.879542109,0.913213559,0.1696535,-0.05403525,0.344413041,0.973391697,0.330082857,-0.048675146,0.329457006,0.820804245,0.993344295,0.941889757,0.650793605,0.183221252,-0.017642378,0,0,0,-0.027591452,0.430470997,1.020160369,0.504817742,-0.022671535,0.027934538,0.68710146,0.845745932,0.252501277,0.496951935,1.001180743,1.009883681,0.6575104,0.174919764,-0.013222181,-0.019587929,0.001631434,0,0,0,-0.035424479,0.591505923,0.878556407,0.144938572,-0.054203423,0.179178479,0.894102669,0.932431849,0.882578585,1.062348219,0.901990809,0.417655756,-0.016916565,-0.017193117,-0.002435082,-0.000130208,2.30E-05,0,0,0,-0.040418348,0.691859416,0.802435643,0.038659434,-0.031709193,0.289421871,0.965474587,1.039826648,1.024202845,0.809193035,0.222239496,-0.022455397,-0.005382781,0.00025957,0,0,0,0,0,0,-0.028461499,0.450333112,0.968111417,0.682268995,0.593824073,0.738719158,0.856629051,0.716741422,0.420875272,0.137671127,-0.024833538,-0.003060321,0.000242034,9.19E-06,0,0,0,0,0,0,-0.009039879,0.107429858,0.657832312,1.018296211,1.010821189,0.659160965,0.161924224,0.065670598,-0.040051045,-0.014675054,0.000748911,0,0,0,0,0,0,0,0,0,0.000801726,-0.019321776,0.031360566,0.142021038,0.127444798,0.02503816,-0.020955219,-0.01434375,0.000132047,7.34E-05,0,0,0,0,0,0,0,0,0,0,1.58E-05,0.000230035,-0.004870762,-0.011937194,-0.011100903,-0.004390676,-0.000114277,5.24E-05,0,0,0,0,0,0,0,0,0,0,0,0,0,0,0,0,0,0,0,0,0,0,0,0,0,0,0,0,0,0,0,0,0,0,0,0,0,0,0,0,0,0,0,0,0,0,0,0,0,0,0,0,0,0,0,0,0,0,0,0,0,0,0,0,0,0,0,0,0
0,0,0,0,0,0,0,0,0,0,0,0,0,0,0,0,0,0,0,0,0,0,0,0,0,0,0,0,0,0,0,0,0,0,0,0,0,0,0,0,0,0,0,0,0,0,0,0,0,0,0,0,0,0,0,0,0,0,0,0,0,0,0,0,0,0,0,0,0,0,0,0,0,0,0,0,0,0,0,0,0,0,0,0,0,0,0,0.000293506,-0.002471814,-0.007358456,-0.000391544,4.96E-05,0,0,0,0,0,0,0,0,0,0,0,0,0,3.69E-17,0.001008476,-0.033758136,-0.028443083,0.012705729,-0.035216214,-0.003497038,0.000550324,4.41E-18,0,3.11E-18,8.51E-06,0.000135033,-0.002262051,-0.001399527,0,0,0,0,0.000275735,-0.001397399,-0.026457823,0.330323027,0.594051403,0.684270374,0.42684135,0.01497035,-0.009153894,0.000399986,0.000130379,-0.009041905,-0.018927356,-0.022229866,0.004100626,0.010161441,0,0,0,2.08E-05,-0.001047043,-0.019515987,0.264720829,0.948213822,0.994751811,0.936635991,1.023460078,0.568460214,0.024517834,-0.018681328,-0.041340447,0.031202,0.151054142,0.497840324,0.884432708,0.247588935,0,0,0,-5.28E-05,-0.022259974,0.156290101,0.868504562,0.921138525,0.27934329,0.09032421,0.69962306,0.99247098,0.157777013,0.042025071,0.331685032,0.682927237,0.978301811,1.055788322,0.868749149,0.16230239,0,0,0,-0.002372089,-0.008720027,0.542257489,1.052915782,0.331275019,-0.034409586,-0.048174411,0.354812619,1.036772791,0.724334125,0.753784739,1.016602941,1.003808143,0.823020595,0.458336102,0.130961329,-0.017650803,0,0,0,-0.004654361,0.01997915,0.803987745,0.828907799,0.063643247,-0.04052851,0.046324227,0.583023523,1.027409535,1.052958535,0.957911816,0.690748451,0.274289999,0.037464835,-0.021069225,-0.019180879,1.22E-05,0,0,0,-0.006220741,0.039369536,0.98723846,0.666824942,0.002906492,0.233739788,0.729610141,1.019392872,0.971337146,0.597458352,0.256780603,0.00648029,-0.024109715,-0.005830065,-0.00144348,-7.23E-05,1.40E-05,0,0,0,-0.005858251,0.034891481,0.952831214,0.595682453,0.550872446,0.947321433,1.003832107,0.736442919,0.246145218,-0.003804037,-0.031311996,-0.005381711,0.000509559,1.22E-05,0,0,0,0,0,0,-0.003422488,0.004092422,0.659048866,1.0178085,1.021595821,0.79804085,0.318469993,0.013726886,-0.022788841,-0.00603607,-7.91E-05,3.83E-05,0,0,0,0,0,0,0,0,-0.000564951,-0.017937908,0.23405639,0.847549786,0.568164941,0.086721456,-0.02033844,-0.00557261,0.00032935,0,0,0,0,0,0,0,0,0,0,0,8.82E-05,-0.001336703,-0.009192998,0.024287514,-0.002328024,-0.016966282,-0.001094039,0.000253676,0,0,0,0,0,0,0,0,0,0,0,0,0,0.000133272,-0.00087597,-0.005105188,-0.002747493,4.77E-05,6.38E-06,0,0,0,0,0,0,0,0,0,0,0,0,0,0,0,0,0,0,0,0,0,0,0,0,0,0,0,0,0,0,0,0,0,0,0,0,0,0,0,0,0,0,0,0,0,0,0,0,0,0,0,0,0,0,0,0,0,0,0,0,0,0,0,0,0,0,0,0,0,0
0,0,0,0,0,0,0,0,0,0,0,0,0,0,0,0,0,0,0,0,0,0,0,0,0,0,0,0,0,0,0,0,0,0,0,0,0,0,0,0,0,0,0,0,0,0,6.52E-05,-0.000351475,-0.004254209,-0.001522156,0.000190779,0,0,0,0,0,0,0,0,0,0,0,0,0,2.94E-05,1.72E-05,-0.003428836,-0.015581051,0.002821215,-0.016418675,-0.01338894,1.75E-05,7.70E-05,0,0,0,0,0,0,0,0,0,0,0,0.000723652,-0.007923271,-0.003510893,0.271713189,0.633061768,0.494794016,0.145096354,-0.014420037,5.69E-05,3.06E-05,0,0,0,0,0,0,0,0,0,9.80E-19,-0.011140319,0.054662105,0.616857673,0.994567027,1.050987166,1.041178445,0.811727924,0.1234383,-0.016097744,-0.000121698,0,0,0,0,0,0,0,0,0,5.62E-05,-0.032329078,0.221231175,0.97922949,0.916994619,0.567982298,0.780326014,1.006863971,0.431366507,-0.025332284,-0.00202291,0,0,0,0,0,0,0,0,0,-0.001489085,-0.016557264,0.419283611,1.01665938,0.493831311,-0.029596837,0.178258683,1.016005038,0.520989275,-0.022848479,-0.002961389,0,0,0,0,0,0,0,0,0,-0.002701338,-0.00393687,0.57183221,1.040891306,0.439882241,-0.043546194,0.158303241,1.020317096,0.524939032,-0.023358353,-0.002953942,0,0,0,0,0,0,0,0,0,-0.003275378,0.003350677,0.63394213,1.019144744,0.393522227,-0.033081291,0.508166394,0.953836312,0.321001328,-0.021754107,-0.001354847,0,0,0,0,0,0,0,0,0,-0.005121885,0.026062381,0.842155756,0.928720435,0.119684396,0.496820313,0.925161135,0.339554347,-0.065904105,-0.045178567,-0.044373809,-0.044389553,-0.044303598,-0.044443168,-0.044361386,-0.046256723,-0.012373196,0,0,0,-0.00260335,-0.005381604,0.567133664,0.981701882,0.591321763,0.943537939,0.794136744,0.461526212,0.48351714,0.484598111,0.485744315,0.485425603,0.484480103,0.485952393,0.484672965,0.517327836,0.141969295,0,0,0,-0.002024938,-0.009738681,0.474618493,1.003459008,1.033307408,1.020753893,0.967917839,1.027934909,1.034598739,1.031728058,1.03407746,1.033502762,1.031148428,1.042017498,1.065405502,0.941657257,0.2007729,0,0,0,5.57E-05,-0.014522842,0.072797147,0.651000511,0.857283166,0.83175977,0.836972052,0.836721456,0.836817913,0.834509838,0.836845486,0.836274152,0.840417807,0.77780816,0.59881164,0.263232145,-0.031022859,0,0,0,0,-0.001019608,0.001944649,0.090482503,0.140996902,0.135588235,0.135547181,0.135950878,0.13610369,0.135478986,0.13610369,0.135950878,0.139617256,0.092929007,-0.040853002,-0.027270306,0.002287156,0,0,0,0,0.000231618,-0.000943015,-0.015040441,-0.021924911,-0.021176471,-0.021170956,-0.021225184,-0.021245711,-0.021161795,-0.021245711,-0.021225184,-0.021630515,-0.016378676,-0.001331784,0.000257353,0,0,0,0,0,0,0,0,0,0,0,0,0,0,0,0,0,0,0,0,0,0,0,0,0,0,0,0,0,0,0,0,0,0,0,0,0,0,0,0,0,0,0,0,0,0,0,0,0,0,0,0,0,0,0,0,0,0,0,0,0,0,0,0,0,0,0,0,0,0,0,0,0,0,0,0,0,0,0,0,0
0,0,0,0,0,0,0,0,0,0,0,0,0,0,0,0,0,0,0,0,0,0,0,0,0,0,0,0,0,0,0,0,0,0,0,0,0,0,0,0,0,0,0,0,0,0,0,0,0,0,0,0,0,0,0,0,0,0,0,0,0,0,0,0,0,0,0,0,2.91E-06,-3.59E-05,-0.000317249,1.75E-05,0,0,0,0,0,0,0,0,0,0,0,0,0,9.33E-19,0.000134804,-0.001441238,-0.010659058,-0.026456172,-0.030220844,-0.02766973,-0.007983062,-0.001000306,0.000130208,0,0,0,0,0,0,0,0,0,1.59E-18,0.000223397,-0.002660931,-0.020417176,0.040418233,0.19634758,0.307257778,0.194637459,0.021069837,-0.003184828,-1.28E-06,0,0,0,0,0,0,0,0,3.06E-06,0.000464665,-0.006242426,-0.003213082,0.375294169,0.731143195,0.853388548,0.754651893,0.854311121,0.642944489,0.142460512,-0.014068457,0,0,0,0,0,0,0,0,0.000113428,-0.005988341,-0.007739408,0.446941013,0.988095626,0.878229944,0.264785798,0.045394671,0.688410888,1.052508757,0.37392415,-0.034647487,0,0,0,0,0,0,0,0,-0.001153442,-0.015983167,0.339885808,0.964510485,0.935689824,0.211265795,-0.052057462,0.039033599,0.718977039,1.000710886,0.291456801,-0.027379493,0,0,0,0,0,0,0,0,-0.00542356,0.028991677,0.874534875,1.029448393,0.534023667,-0.023631434,-0.021780876,0.1220537,0.85710449,0.723983361,0.036652199,-0.005050041,0,0,0,0,0,0,0,0,-0.006462214,0.042394574,0.984883323,0.988741728,0.159048143,-0.023808058,-0.025004851,0.35943527,0.989757915,0.313836897,-0.034633119,-0.012526808,-0.023828551,-0.030652574,-0.030738318,-0.026742919,-0.005055998,0,0,0,-0.005291922,0.027291548,0.859619536,1.045033463,0.51713079,-0.029295309,0.024367,0.823215601,0.609164131,-0.003837627,0.075513429,0.147957772,0.267806117,0.333764808,0.34015905,0.301031965,0.056942232,0,0,0,-0.000686937,0.000767991,0.133497377,0.197715068,0.181401461,0.174270464,0.610566035,1.010844085,0.754424147,0.644272447,0.732893567,0.777582905,0.723892982,0.91979796,0.923018259,0.861534487,0.214404716,0,0,0,9.24E-05,-0.003757523,-0.007798015,0.251477209,0.626821794,0.982124251,0.823686138,0.446315223,0.136964971,0.073321257,0.077162037,0.073509259,0.373221388,0.570106975,0.268892048,0.098320142,0.017817776,0,0,0,0,-0.002386949,-0.000365622,0.265642974,0.467331845,0.388797045,0.126150582,-0.034506927,-0.014244894,-0.00635378,-0.00895001,0.00824954,0.250758527,0.052498264,-0.033495254,-0.009836857,-0.001740366,0,0,0,0,0.000270221,-0.001488681,-0.013185372,-0.021215384,-0.023548066,-0.016430675,-0.001215686,0.000145221,0,6.53E-05,5.55E-05,-0.014643382,-0.011195772,0.000888773,2.76E-05,0,0,0,0,0,0,6.26E-05,-0.00068653,-0.00135446,-0.001043301,-0.000152829,2.48E-05,0,0,5.51E-06,-6.80E-05,-0.000601103,3.31E-05,0,0,0,0,0,0,0,0,0,0,0,0,0,0,0,0,0,0,0,0,0,0,0,0,0,0,0,0,0,0,0,0,0,0,0,0,0,0,0,0,0,0,0,0,0,0,0,0,0,0,0,0,0,0,0,0,0,0,0,0,0,0,0
0,0,0,0,0,0,0,0,0,0,0,0,0,0,0,0,0,0,0,0,0,0,0,0,0,0,0,0,0,0,0,0,0,0,0,0,0,0,0,0,0,0,0,0,0,0,0,0,0,0,0,0,0,0,0,0,0,0,0,0,0,0,0,0,6.80E-05,-0.000291871,-0.003940666,-0.014204884,-0.019477992,-0.007206342,8.75E-05,3.66E-05,0,0,0,0,0,0,0,0,0,0,0,7.35E-06,0.000134804,-0.004673237,0.012263514,0.183927259,0.280217133,0.066166565,-0.014555522,0.000326031,0,0,0,0,0,0,0,0,0,0,0,2.70E-05,-0.015217627,0.080504647,0.714032101,0.989997146,0.993394438,0.8000072,0.101584559,-0.009120558,0,0,0,0,0,0,0,0,0,0,0,-0.001067096,-0.021026042,0.366356379,0.997310253,0.907982145,0.908594737,1.014924649,0.445669986,-0.028598039,0,0,0,0,0,0,0,0,0,0,0,-0.003233256,0.002385077,0.631793802,1.036160997,0.363483279,0.567086442,1.050529772,0.608250632,-0.037504892,0,0,0,0,0,0,0,0,0,0,0,-0.004369179,0.016828636,0.762794373,0.900097597,0.092525903,0.521085018,1.045777471,0.517327819,-0.032490809,-1.96E-05,-0.001073478,-0.002676113,-0.008869996,-0.021982537,-0.035811473,-0.018581955,-0.000966401,0,0,0,-0.006144506,0.038712078,0.966426522,0.769171432,0.106896954,0.708547454,0.969811513,0.14425223,-0.011362796,-0.017948718,-0.022583044,-0.007028305,0.091876957,0.325816176,0.576788672,0.266376277,0.000798543,0,0,0,-0.006165084,0.038877025,0.977282595,0.67269167,0.197084743,0.948401722,0.938933807,0.008696215,-0.054226222,0.11216984,0.381788637,0.62018413,0.885741081,1.00504199,1.028361359,0.955542365,0.220264246,0,0,0,-0.004363256,0.016760178,0.769808313,0.795527165,0.65447619,1.015242392,0.768428002,0.210635263,0.438747004,0.795138702,1.031208061,1.038498911,1.004160029,0.837778237,0.926192012,0.873418879,0.150740298,0,0,0,-0.002006798,-0.012308321,0.493460214,1.032688792,1.009645634,0.991515684,0.922399396,0.930048901,1.02124465,0.968766068,0.766365891,0.493020532,0.166985804,0.085924273,0.173950683,0.271761003,0.004700243,0,0,0,-0.002396446,-0.00797692,0.540806032,1.028292688,0.993376425,1.01049006,1.031614481,0.796236486,0.506748587,0.273937959,0.007109971,-0.023966759,-0.020089359,-0.014477975,-0.017568757,-0.015810526,-0.001633987,0,0,0,-0.001537786,-0.012217797,0.395173152,0.910131417,0.983346871,0.674694751,0.318679773,0.106138208,-0.030309096,-0.028576648,-0.002436087,0.000287224,0,0,0,0,0,0,0,0,8.04E-05,-0.001960018,-0.002078397,0.03137774,0.238994588,0.061067793,-0.036005089,-0.017820108,-0.001643229,0.000278831,0,0,0,0,0,0,0,0,0,0,4.14E-06,0.000140165,-0.001831904,-0.005665696,-0.017213526,-0.006561836,-0.000173458,1.69E-06,3.22E-06,0,0,0,0,0,0,0,0,0,0,0,0,0,0,0,0,0,0,0,0,0,0,0,0,0,0,0,0,0,0,0,0,0,0,0,0,0,0,0,0,0,0,0,0,0,0,0,0,0,0,0,0,0,0,0,0,0,0,0,0,0,0,0,0,0,0,0,0
0,0,0,0,0,0,0,0,0,0,0,0,0,0,0,0,0,0,0,0,0,0,0,0,0,0,0,0,0,0,0,0,0,0,0,0,0,0,0,0,0,0,0,0,0,0,0,0,0,0,0,0,0,0,0,0,0,0,0,0,0,0,0,0,0,0,2.60E-05,-0.000102269,-0.001842218,-0.004581648,-0.003455423,-0.000405178,6.24E-05,0,0,0,0,0,0,0,0,0,0,0,0,1.47E-17,0.000423305,-0.020367953,-0.014324346,0.019324091,0.00492693,-0.019393127,-0.00200746,0.000324755,0,0,0,0,0,0,0,0,0,0,6.16E-18,0.00164888,-0.027126991,0.151743695,0.475698546,0.776195091,0.657106941,0.21583495,-0.000351137,-0.002106992,0,0,0,0,0,0,0,0,0,6.64E-06,0.000540067,-0.023942249,0.172877264,0.827060131,1.047472018,1.022133783,1.029564985,0.788366353,0.066307376,-0.012563147,0,0,0,0,0,0,0,0,0,0.000109606,-0.012195946,0.03596502,0.665553398,1.033352919,0.622675492,0.611737309,1.00939675,0.792753455,0.070291882,-0.012901703,0,0,0,0,0,0,0,0,0,-0.001340482,-0.018193032,0.412074687,1.000472937,0.784477345,0.044638548,0.372570398,1.020390931,0.707799054,0.040666911,-0.00972692,-0.000390625,-0.000606516,-0.000594158,-0.000565458,-0.00017693,1.66E-05,0,0,0,-0.007869792,0.073785795,0.877958061,1.017431339,0.394052542,-0.057061377,0.633684385,1.000350967,0.423284144,-0.035594197,-0.026683789,-0.027715074,-0.030089801,-0.030085035,-0.028664088,-0.009008119,0.000844652,0,0,0,-0.020505872,0.298725201,0.996340669,0.94283958,0.190727821,0.373293011,0.912232758,0.924109596,0.327645867,0.132557376,0.150541241,0.278464699,0.3463702,0.343513685,0.324887031,0.096284467,-0.009067351,0,0,0,-0.031890421,0.506136012,1.003883051,0.994143876,0.764053477,0.98203222,1.000549054,0.97683924,0.901403101,0.870282398,0.865922675,0.984768978,1.045428836,1.045960614,1.029811072,0.38868813,-0.035995796,0,0,0,-0.021134126,0.310825078,0.979952985,0.991681325,1.019694305,1.01581341,1.029524564,1.017637411,0.966115884,0.968913872,0.970262457,0.929784626,0.950274805,0.9487482,0.745274607,0.195976265,-0.018884694,0,0,0,-0.004588184,0.021831121,0.72353799,1.039538075,0.996046686,0.84086797,0.670271361,0.495663909,0.297237183,0.297229271,0.302949517,0.215915884,0.292777522,0.262847478,0.034429395,-0.01388123,0.000804228,0,0,0,-0.000402369,-0.012432615,0.175795684,0.515159178,0.389643563,0.13540722,0.014602856,-0.048036424,-0.028175875,-0.027880114,-0.02838031,-0.020746528,-0.027493107,-0.024871919,-0.004828924,0.000451048,0,0,0,0,8.73E-05,-0.000474265,-0.014351392,-0.012106345,-0.019645109,-0.022328772,-0.007569853,0.000276961,2.94E-05,0,0,0,0,0,0,0,0,0,0,0,0,6.16E-05,-0.000426522,-0.00211203,-0.001227936,4.70E-05,0,0,0,0,0,0,0,0,0,0,0,0,0,0,0,0,0,0,0,0,0,0,0,0,0,0,0,0,0,0,0,0,0,0,0,0,0,0,0,0,0,0,0,0,0,0,0,0,0,0,0,0,0,0,0,0,0,0,0,0,0,0,0,0,0,0,0,0,0,0,0
0,0,0,0,0,0,0,0,0,0,0,0,0,0,0,0,0,0,0,0,0,0,0,0,0,0,0,0,0,0,0,0,0,0,0,0,0,0,0,0,0,0,0,0,0,0,0,0,0,0,0,0,0,0,0,0,0,0,0,0,0,0,0,0,0,0,2.25E-05,-9.60E-05,-0.00151634,-0.003941381,-0.002293709,-0.00019567,3.42E-05,0,0,0,0,0,0,0,0,0,0,0,0,0.000597426,-0.0063157,-0.028567119,-0.019015999,0.011054602,-0.008839903,-0.017035573,-0.000713077,0.00020527,0,0,0,0,0,0,0,0,0,3.42E-19,0.000612745,-0.008094193,0.014599673,0.219604497,0.458874285,0.749641102,0.550789607,0.143496698,-0.010376496,-0.000902608,0,0,0,0,0,0,0,0,0,6.13E-05,-0.006962827,0.012139842,0.467961772,0.976833785,0.91609055,0.58166476,0.761216197,0.79316236,0.096884673,-0.012525871,0,0,0,0,0,0,0,0,0,-0.000706147,-0.023253061,0.305240376,1.00769669,0.828018297,0.16488664,-0.035484965,0.219179321,0.949475884,0.448072213,-0.020882081,0,0,0,0,0,0,0,0,0,-0.003818066,0.009203448,0.705490213,0.97003159,0.240754182,-0.034382149,-0.01726137,0.047254391,0.741797215,0.679586221,-0.020819717,0,0,0,0,0,0,0,0,0,-0.005981822,0.036378745,0.949809317,0.804719414,0.054418593,-0.013005276,-0.012363971,0.054130923,0.74446909,0.838645472,-0.020751634,0,0,0,0,0,0,0,0,0,-0.003642923,0.006411305,0.700029242,0.887627213,0.094326753,-0.044505413,-0.057333384,0.177244009,0.940327751,0.559668752,-0.020892055,0,0,0,0,0,0,0,0,0,-0.000699704,-0.011222341,0.202026808,0.802107894,0.681015603,0.314991694,0.31269984,0.588386863,0.992711976,0.259680948,-0.02810883,-0.008094703,-0.000317606,5.21E-05,0,0,0,0,0,0,9.42E-05,-0.000806429,-0.02222477,0.084660616,0.453384716,0.666023433,0.917399481,1.025708933,0.836833785,0.136554104,0.01762209,0.026256268,-0.028828931,-0.011791101,0.000508907,6.93E-05,0,0,0,0,0,0.00015625,-0.000388753,-0.012969941,-0.023887292,0.004727737,0.413084423,0.913277301,0.871226001,0.763787487,0.706905382,0.662502621,0.269547471,0.064935015,-0.038582966,-0.01102291,-0.001493004,0,0,0,0,0,0,0,0.000387265,-0.006956172,0.043859852,0.180394914,0.183726341,0.261991749,0.484459167,0.836646463,0.91586603,0.78487803,0.570354772,0.138465822,0.015285454,0,0,0,0,0,0,0,0,0.000557904,-0.008166667,-0.026368873,-0.026646242,-0.029670128,-0.019344278,0.029816976,0.227105528,0.482868004,0.760105394,0.792493039,0.184597954,0,0,0,0,0,0,0,0,0,0,1.71E-19,1.23E-05,-0.000149454,-0.001519097,-0.005229422,-0.015836959,-0.032633902,0.014558671,0.141949006,0.038555998,0,0,0,0,0,0,0,0,0,0,0,0,0,0,0,0,0.000370959,-0.005903074,-0.018956015,-0.004970853,0,0,0,0,0,0,0,0,0,0,0,0,0,0,0,0,0,0,0,0,0,0,0,0,0,0,0,0,0,0,0,0,0,0,0,0,0,0,0,0
0,0,0,0,0,0,0,0,0,0,0,0,0,0,0,0,0,0,0,0,0,0,0,0,0,0,0,0,0,0,0,0,0,0,0,0,0,0,0,0,0,0,0,0,0,2.48E-19,5.30E-05,-0.000643964,-0.002627288,-0.00217643,-7.05E-05,1.35E-05,0,0,0,0,0,0,0,0,0,0,0,0,4.69E-05,0.000239532,-0.007631706,-0.021659499,-0.019645357,-0.021617307,-0.014231022,-0.001143995,0.000180384,2.04E-06,0,0,0,0,0,0,0,0,0,1.38E-05,0.000553309,-0.016063096,0.068650497,0.435314483,0.76383895,0.723047028,0.202634412,-0.018872379,-0.005003261,0.000415986,0,0,0,0,0,0,0,0,0,9.78E-05,-0.015910914,0.071603588,0.711525667,1.031078499,0.973739719,0.942402778,0.932828244,0.358942708,-0.012467949,-0.003038875,0,0,0,0,0,0,0,0,0,-0.002273795,-0.010497328,0.545806475,1.050465822,0.664295296,0.251576389,0.19483621,0.590116728,0.940953823,0.236072266,-0.017415918,0,0,0,0,0,0,0,0,0,-0.009288349,0.095320751,0.969069239,0.856194849,0.102934121,-0.048357911,-0.049937579,0.113421249,0.881691975,0.613862183,-0.021289729,0,0,0,0,0,0,0,0,0,-0.022816687,0.343530144,1.005031948,0.577106584,0.008556656,-0.00715562,-0.027525225,0.177170871,0.883347852,0.360582647,-0.020540577,0,0,0,0,0,0,0,0,0,-0.032383272,0.521811938,1.00235255,0.342310287,-0.046999613,-0.032946606,0.056779105,0.684088984,0.72017916,0.047980599,-0.010151314,0,0,0,0,0,0,0,0,0,-0.018318832,0.26307661,0.959171892,0.52857787,0.030227637,0.303022774,0.716855494,0.769409109,0.143510332,-0.052274146,-0.021755344,-0.002210563,0.000421262,-5.72E-16,-6.01E-16,-3.28E-16,2.98E-17,0,0,0,-0.002623468,-0.009393229,0.650076797,0.900575214,0.728467076,0.99846298,0.978260093,0.451469176,0.289513838,0.277265722,0.229018076,0.004448785,-0.025554024,-0.020751634,-0.021787059,-0.011888957,0.001080814,0,0,0,-0.002659849,-0.001550096,0.544153996,0.963878715,0.994319632,1.002679823,1.021753088,0.989549142,0.991826566,0.981029579,0.959863608,0.82534701,0.796593698,0.811505034,0.856460106,0.464366176,-0.042225483,0,0,0,4.26E-05,-0.006732962,0.038529242,0.202392514,0.307706949,0.420934113,0.552171194,0.649333606,0.758256127,0.765160239,0.77798206,0.899471712,0.927758919,0.820441211,0.819252748,0.475315394,-0.043112575,0,0,0,1.28E-06,0.000597001,-0.004434743,-0.019623587,-0.028957951,-0.038400071,-0.036118634,-0.006857179,0.073622447,0.077698796,0.085538246,0.165468546,0.184629085,0.109245353,0.085059483,0.066296807,-0.005958095,0,0,0,0,0,0,0,1.47E-05,-3.55E-05,-0.00141299,-0.005147978,-0.014207721,-0.014669194,-0.015556679,-0.024605392,-0.02677451,-0.018240502,-0.015795524,-0.010870098,0.000980392,0,0,0,0,0,0,0,0,0,0,0,0,0,0,0,0,0,0,0,0,0,0,0,0,0,0,0,0,0,0,0,0,0,0,0,0,0,0,0,0,0,0,0,0,0,0,0,0,0,0,0,0,0,0,0,0,0,0,0,0,0,0,0,0,0,0,0,0,0,0,0,0,0,0,0,0,0,0,0,0
0,0,0,0,0,0,0,0,0,0,0,0,0,0,0,0,0,0,0,0,0,0,0,0,0,0,0,0,0,0,0,0,0,0,0,0,0,0,0,0,0,0,0,0,0,0,0,0,0,0,0,0,0,0,0,0,0,0,0,0,0,0,0,0,0,0,0,0,0,0,0,0,0,0,0,0,0,0,0,0,0,0,0,0,0,0,0,0,8.82E-05,-0.001602941,-0.000181373,1.47E-05,0,0,0,9.96E-05,-0.000602022,-0.018844931,-0.015153186,0.001332721,0,0,0,0,0,1.10E-17,0.000672318,-0.009786936,-0.037250511,-0.023498979,-0.000961618,0.000170088,0,5.76E-19,6.13E-05,0.00052594,-0.01689117,0.115479173,0.113166616,-0.009889451,0,0,0,0,0.000134804,-0.000220588,-0.020006808,0.090405337,0.39666602,0.429701661,0.018659058,-0.002822763,0,0.000127145,-0.001634498,-0.03428062,0.239356703,0.803330021,0.426513736,-0.038198274,0,0,0,5.38E-05,-0.000234397,-0.022928013,0.125186652,0.777974782,1.023616648,0.992889779,0.389565991,-0.025492948,0.001083715,-0.010399495,-0.036633885,0.308671392,0.890327613,0.933629738,0.176579804,-0.017305484,0,0,0,-0.000237847,-0.01538334,0.140260246,0.780424275,0.991077497,0.538112251,0.885115094,0.642333589,-0.048979882,-0.042163283,0.035075521,0.299756519,0.912915696,1.031380651,0.468711172,-0.02918607,0.000753166,0,0,0,-0.003575419,0.003643501,0.720172062,1.050666105,0.535465907,0.088384344,0.841999387,0.532122975,0.085819376,0.498764998,0.751778884,0.951172471,1.035267004,0.613359188,0.00558421,-0.007487064,0,0,0,0,-0.017546671,0.245396633,0.996938113,0.758904003,0.053495152,0.237143467,0.913960274,0.871480035,0.894925381,1.02425516,1.04258764,0.966045837,0.621132915,0.056137697,-0.016190993,0.00042773,0,0,0,0,-0.03976828,0.660542245,0.974254102,0.264736707,-0.023742136,0.656472614,1.027717184,1.019817555,1.03253748,0.9517546,0.608402522,0.278367885,0.066062772,-0.013422181,0.00059114,2.20E-05,0,0,0,0,-0.04424203,0.76027433,0.811775288,0.025949581,0.327001814,1.000655769,0.999662689,0.8116187,0.53364233,0.182107412,0.011253329,-0.032927316,-0.011580755,0.000749664,0,0,0,0,0,0,-0.042449142,0.70937546,0.9550601,0.563953142,0.857728452,1.018925756,0.574773982,0.087647331,-0.029800415,-0.018294709,-0.007078057,-0.000102124,7.66E-05,0,0,0,0,0,0,0,-0.016635059,0.239814117,0.798166037,0.898472869,0.870580966,0.539507404,0.032361775,-0.019926913,0.000614685,0,0,0,0,0,0,0,0,0,0,0,-0.0096274,0.167192793,0.122165475,0.057152454,0.052083775,-0.003194496,-0.010822236,0.00072886,1.65E-05,0,0,0,0,0,0,0,0,0,0,0,0.000623468,-0.010632608,-0.010284569,-0.00689808,-0.006623252,-0.002591146,9.91E-05,1.38E-05,0,0,0,0,0,0,0,0,0,0,0,0,0,0,0,0,0,0,0,0,0,0,0,0,0,0,0,0,0,0,0,0,0,0,0,0,0,0,0,0,0,0,0,0,0,0,0,0,0,0,0,0,0,0,0,0,0,0,0,0,0,0,0,0,0,0,0,0,0
0,0,0,0,0,0,0,0,0,0,0,0,0,0,0,0,0,0,0,0,0,0,0,0,0,0,0,0,0,0,0,0,0,0,0,0,0,0,0,0,0,0,0,0,0,0,0,0,0,0,0,0,0,0,0,0,0,0,0,0,0,0,0,0,0,5.11E-06,-2.96E-05,-0.000695294,-0.001936938,-0.002708384,-0.001678615,-0.000601614,-7.11E-05,1.17E-05,0,0,0,0,0,0,0,0,0,1.19E-05,0.000553002,-0.006242205,-0.022509429,-0.027349561,-0.013718324,-0.003949534,-0.016734273,-0.029707857,-0.01610233,-0.000622787,0.00010723,0,0,0,0,0,0,0,0,0.00020338,-0.007151586,0.013242885,0.15212677,0.350291757,0.521060406,0.620140795,0.501205542,0.35614922,0.10788611,-0.01531684,-0.000330627,0.00010723,0,0,0,0,0,0,0,-0.002868056,0.005696572,0.521342916,0.885876617,0.936019102,0.71435706,0.510011183,0.602002536,0.889211329,0.774277275,0.192626379,-0.015262204,-0.000635383,1.28E-05,0,0,0,0,0,0,-0.020895907,0.305807431,1.007853447,0.784538526,0.179824569,0.023519221,-0.031049641,-0.008951395,0.132900429,0.78506578,0.856512661,0.151759067,-0.022597784,-1.21E-05,0,0,0,0,0,0,-0.040328431,0.66784518,1.003531046,0.296221099,-0.05707642,-0.008787786,-0.002009634,-0.00498349,-0.034778731,0.224252188,1.017158224,0.409852431,-0.022325112,-0.001200214,0,0,0,0,0,0,-0.033190564,0.531979167,1.046489175,0.406315853,-0.055512464,-0.010757489,-0.017972733,-0.031269301,-0.046363256,0.120176766,0.960943815,0.678314389,0.00663574,-0.003586448,0,0,0,0,0,0,-0.010846916,0.130325861,0.840177237,0.887287429,0.261488932,0.021061615,0.106720486,0.224333078,0.17769441,0.606392796,1.047143025,0.565836806,-0.005251889,-0.002623009,0,0,0,0,0,0,-2.59E-05,-0.019012034,0.149614549,0.75116665,0.856422588,0.686392685,0.812895952,0.977296739,0.933007523,1.018515076,0.704711891,0.077744264,-0.034177577,-0.007776978,-0.005933818,-0.000224673,3.40E-05,0,0,0,7.83E-05,0.00014818,-0.024190055,0.04517432,0.140013684,0.584701993,0.945108774,0.925615038,0.965364029,0.934350706,0.48317717,0.243055946,0.101115256,0.022267692,0.004528141,-0.020928621,0.001793649,0,0,0,0,6.74E-05,0.000310968,-0.010771889,-0.022955138,0.014105052,0.150251481,0.171004391,0.254425041,0.423682687,0.695274782,0.887863971,0.911454912,0.68328302,0.630678988,0.219354745,-0.020478452,0,0,0,0,0,0,0,0.000397456,-0.002999898,-0.015005872,-0.016820704,-0.024968171,-0.040317506,0.034656233,0.153115111,0.352346899,0.542709286,0.599744252,0.228751277,-0.02115545,0,0,0,0,0,0,0,0,0,0,0,8.27E-05,0.000134829,-0.009807292,-0.023309947,-0.027554619,-0.011631383,-0.006411547,-0.008636983,0.000766782,0,0,0,0,0,0,0,0,0,0,0,0,0,3.68E-06,2.45E-06,-0.000686326,-0.002108609,-0.002560026,-0.000702104,6.64E-05,0,0,0,0,0,0,0,0,0,0,0,0,0,0,0,0,0,0,0,0,0,0,0,0,0,0,0,0,0,0,0,0,0,0,0,0,0,0,0,0,0,0,0,0,0,0,0,0,0,0,0,0,0,0,0,0,0,0,0,0
0,0,0,0,0,0,0,0,0,0,0,0,0,0,0,0,0,0,0,0,0,0,0,0,0,0,0,0,0,0,0,0,0,0,0,0,0,0,0,0,0,0,0,0,0,0,0,0,0,0,0,0,0,0,0,0,0,0,0,0,0,0,0,0,0,2.02E-19,8.68E-06,-0.000286984,-0.000426573,-0.000417177,-0.000166769,1.09E-05,0,0,0,0,0,0,0,0,0,0,0,0,8.27E-05,0.000150123,-0.010497685,-0.029091388,-0.027311547,-0.029881468,-0.025564815,-0.004506689,0.000465941,1.23E-05,0,0,0,0,0,0,0,0,0,2.94E-05,0.000714784,-0.01804679,0.040425773,0.301336404,0.335637697,0.350024391,0.222795735,0.005285726,-0.005016459,0.000253438,0,0,0,0,0,0,0,0,0,0.000182036,-0.026034433,0.17290739,0.704461465,0.615441907,0.39025914,0.492566585,0.795517497,0.411709831,-0.006405653,-0.003933313,0,0,0,0,0,0,0,0,0,-0.008832345,0.098755028,0.841135961,0.479614264,-0.000208231,-0.049530611,-0.040240716,0.173091429,0.705934175,0.226829204,-0.017564171,5.10E-05,0,0,0,0,0,0,0,0,-0.027685764,0.467663331,0.677817283,-0.012338882,-0.01203698,0.000566619,-0.001940019,-0.051820789,0.39827691,0.598676335,-0.012074789,-0.000189679,-0.000410029,-0.001007047,-0.001059883,-0.000209355,2.04E-05,0,0,0,-0.038201491,0.677029531,0.394195806,-0.029980171,0.000652644,0,0,-0.019686564,0.222370558,0.784331713,0.048044594,-0.021138617,-0.025168471,-0.024686989,-0.025067092,-0.01523812,0.001379528,0,0,0,-0.040537326,0.714488647,0.486851222,-0.038593682,-0.013064456,-0.007588252,0.000157441,-0.027963303,0.267253796,0.756776256,0.03357741,0.084003557,0.274839393,0.413651978,0.439198616,0.178043896,-0.016403271,0,0,0,-0.017330882,0.268608813,0.678572287,0.334650276,0.122785659,0.081787769,-0.019727499,-0.015236162,0.516881468,0.844506475,0.614588508,0.771506161,0.797076968,0.732281233,0.623239812,0.247419492,-0.023029003,0,0,0,0.000588184,-0.022179215,0.110083839,0.282922425,0.416478314,0.277001243,0.198349147,0.540941428,0.900833588,0.788095982,0.573838782,0.268153306,0.091553307,0.038952703,-0.001658727,-0.015591496,0.001301924,0,0,0,0.0001154,-0.001012221,-0.013670513,-0.011724537,-0.024162098,0.198141697,0.731562432,0.561378779,0.245562721,0.009578187,-0.022795309,-0.020128847,-0.014738222,-0.009558653,-0.005289226,-0.000874864,9.36E-05,0,0,0,0,0,0,-2.43E-05,-0.003897466,0.035134021,0.110241507,-0.012323597,-0.025381025,-0.002550344,0.000280842,0,0,0,0,0,0,0,0,0,0,0,0,6.13E-06,0.000566834,-0.005312806,-0.017555453,-0.003721201,0.000269301,0,0,0,0,0,0,0,0,0,0,0,0,0,0,0,0,0,0,0,0,0,0,0,0,0,0,0,0,0,0,0,0,0,0,0,0,0,0,0,0,0,0,0,0,0,0,0,0,0,0,0,0,0,0,0,0,0,0,0,0,0,0,0,0,0,0,0,0,0,0,0,0,0,0,0,0,0,0,0,0,0,0,0,0,0,0,0,0
0,0,0,0,0,0,0,0,0,0,0,0,0,0,0,0,0,0,0,0,0,0,0,0,0,0,0,0,0,0,0,0,0,0,0,0,0,0,0,0,0,0,0,0,0,0,0,0,0,0,0,0,0,0,0,0,0,0,0,0,0,0,0,0,0,0,0,0,0,0,0,0,0,0,0,0,0,0,0,0,0,0,0,1.01E-05,0.000603248,-0.006360294,-0.021972733,-0.022528128,-0.02321201,-0.008344056,0.000600184,1.93E-05,0,0,0,0,0,0,0,0,0,0,3.85E-18,0.000445568,-0.011827189,0.017106907,0.14163043,0.147448891,0.152780348,0.030786441,-0.009350422,0.00024183,1.14E-17,0.001202512,-0.018771701,-0.043620217,-0.022774544,0.000449686,0.000174462,0,0,0,0.000619624,-0.011170224,0.047425722,0.504464954,0.865742851,0.871609732,0.880977992,0.574400701,0.029150003,-0.004351052,0.000126371,-0.0143093,0.203932887,0.47637706,0.240941074,-0.007305807,-0.001643348,0,0,0,-0.008386995,0.044184467,0.616426851,1.020771643,0.902292762,0.723677902,0.860270202,0.998704649,0.319303415,-0.021609188,-0.014009784,0.091368099,0.759206005,1.076904291,0.711912648,0.03267575,-0.009980739,0,0,0,-0.032099384,0.258938504,0.955257132,0.90678656,0.224010093,-0.069799845,0.216407595,0.909945619,0.483359732,-0.029742187,-0.003601565,0.016547335,0.276148472,0.813241609,0.973883051,0.197345587,-0.018681236,0,0,0,-0.03438751,0.282114311,0.966798135,0.627449414,-0.008288365,0.013595519,0.137582057,0.875605528,0.665748332,-0.042397263,0.000616771,-0.002320891,-0.049692113,0.288471371,1.004898574,0.528029279,-0.020949414,0,0,0,-0.034315356,0.280867375,0.948770782,0.856483218,0.832439968,0.90117411,0.662662088,0.960812006,0.457023267,-0.053548049,-0.031873887,-0.021288177,-0.061164931,0.262109954,0.969487762,0.760640805,-0.020766612,0,0,0,-0.041886592,0.350971286,1.006683994,1.029526842,1.025134957,1.014121876,1.032144182,1.01509775,0.796580048,0.549435832,0.308836031,0.21193927,0.417921722,0.806718971,1.024186394,0.620481568,-0.021191449,0,0,0,-0.018032222,0.14401103,0.536055026,0.788332926,0.834716583,0.921569628,0.884408843,0.856983901,0.971115137,1.044445871,0.995973358,0.965156808,1.034287755,1.025265463,0.755782428,0.136379655,-0.013017373,0,0,0,0.001035425,-0.008865741,-0.021779854,-0.023264995,0.004341214,0.195029334,0.088315121,0.003230613,0.272297879,0.510289182,0.657470649,0.677680164,0.6758061,0.449131604,0.042376004,-0.02003927,0.000434028,0,0,0,0,0,0,0.000223397,-0.002197798,-0.01892376,-0.00956393,-0.00210078,-0.027238647,-0.03060832,0.009521796,0.014070755,0.011779344,-0.018416224,-0.007131076,0.000825486,0,0,0,0,0,0,0,0,0,0,0,0,0.000153186,-0.001593137,-0.006866822,-0.007472426,-0.007288603,-0.00229473,0.00015625,0,0,0,0,0,0,0,0,0,0,0,0,0,0,0,0,0,0,0,0,0,0,0,0,0,0,0,0,0,0,0,0,0,0,0,0,0,0,0,0,0,0,0,0,0,0,0,0,0,0,0,0,0,0,0,0,0,0,0,0,0,0,0,0,0,0,0,0,0,0,0,0,0,0,0,0,0,0,0,0,0,0,0
0,0,0,0,0,0,0,0,0,0,0,0,0,0,0,0,0,0,0,0,0,0,0,0,0,0,0,0,0,0,0,0,0,0,0,0,0,0,0,0,0,0,0,0,0,0,0,0,0,0,0,0,0,0,0,0,0,0,0,0,0,0,0,0,0,0,0,0,2.31E-05,-0.000371834,-0.00089088,-1.01E-05,6.11E-06,0,0,0,0,0,0,0,0,0,0,0,0,1.12E-18,0.000186887,-0.001870185,-0.014836754,-0.025155773,-0.022452427,-0.007969993,0.000837206,9.19E-06,0,0,0,0,0,0,0,0,0,0,8.40E-19,0.000117017,-0.001908275,-0.015359341,0.073312109,0.251573683,0.338615298,0.044945959,-0.007966196,0.000114549,0,0,0,0,0,0,0,0,0,0,0.000217525,-0.002178905,-0.014151774,0.366046822,0.776389059,0.959404888,1.009767787,0.403537633,-0.020433329,-0.002200436,0,0,0,0,0,0,0,0,0,0,-0.001898618,-0.015399478,0.369675699,0.980858299,0.839485719,0.514854827,0.992246036,0.715233038,0.039545432,-0.009718316,0,0,0,0,0,0,0,0,0,8.49E-05,-0.01567933,0.067125374,0.779698853,0.925614715,0.183386132,0.008782033,0.906700742,0.567940615,-0.008271779,-0.00449823,0,0,0,0,0,0,0,0,0,-0.001235396,-0.017712895,0.376141425,0.971856958,0.386404329,-0.047906931,0.116358201,0.90495161,0.367952359,-0.043482889,-0.003730767,-0.007023591,-0.013154105,-0.003147978,-0.003676471,-0.003837316,-0.001026348,0,0,0,-0.003715278,0.007965448,0.69832707,0.921081206,0.087053796,-0.044024084,0.517337146,0.889384991,0.176164931,-0.044623334,-0.021070772,0.010366881,0.064519761,-0.023867698,-0.019199346,-0.020039318,-0.005359818,0,0,0,-0.005657731,0.031857724,0.928708691,0.701543879,0.009586628,0.303583061,0.912859426,0.944543284,0.664963695,0.63291541,0.632666803,0.67727822,0.754250238,0.628730086,0.634736575,0.654881791,0.174131264,0,0,0,-0.001661367,0.004021137,0.287151309,0.628587298,0.692393815,0.92319205,1.016414061,0.959230548,0.892021116,0.784263079,0.671672085,0.450969046,0.633740437,0.678823461,0.774549391,1.006836078,0.280074956,0,0,0,0.000121017,-0.00237643,-0.030215993,0.275815887,0.825831788,0.937285743,0.959884498,0.350468001,0.089169781,-0.012043944,-0.022513276,-0.020669935,-0.020669935,-0.023871528,-0.005944179,0.211094261,0.085722443,0,0,0,0,0.000145527,0.000243821,-0.023056066,0.110255221,0.212541701,0.298682019,0.013255327,-0.013682292,-0.000766887,0.000161697,0,0,0.000280842,-0.001291733,-0.020409518,-0.008025684,0,0,0,0,0,6.89E-05,-0.000234375,-0.018791631,-0.026690019,-0.023657782,-0.003505276,0.000293403,0,0,0,0,0,0,0,0,0,0,0,0,0,0,0,1.71E-05,-0.000132149,-0.000647978,-4.76E-05,4.90E-06,0,0,0,0,0,0,0,0,0,0,0,0,0,0,0,0,0,0,0,0,0,0,0,0,0,0,0,0,0,0,0,0,0,0,0,0,0,0,0,0,0,0,0,0,0,0,0,0,0,0,0,0,0,0,0,0,0,0,0,0,0,0,0,0,0,0,0,0
0,0,0,0,0,0,0,0,0,0,0,0,0,0,0,0,0,0,0,0,0,0,0,0,0,0,0,0,0,0,0,0,0,0,0,0,0,0,0,0,0,0,0,0,0,0,0,0,0,0,0,0,0,0,0,0,0,0,0,0,0,0,0,0,0,4.20E-19,3.27E-05,-0.000696924,-0.00166442,-0.000538092,4.75E-05,9.19E-07,0,0,0,0,0,0,0,0,0,0,0,0,0,0.000750613,-0.008184913,-0.023445385,-0.017873196,-0.018929398,-0.000919016,0.00012837,0,0,0,0,0,0,0,0,0,0,0,1.91E-05,0.001234426,-0.019016374,0.017227414,0.306655694,0.468696998,0.232582278,-0.024453091,9.93E-05,3.97E-18,0,0,0,0,0,0,0,0,0,0,4.21E-05,-0.017283752,0.111256468,0.62917356,0.993440579,1.065011625,0.894934521,0.239744826,-0.020854048,0.000387265,0,0,0,0,0,0,0,0,0,0,-0.006149668,0.049755955,0.741217439,1.020203467,0.64607013,0.362293645,0.905410348,0.726157821,0.021883212,-0.006623924,0,0,0,0,0,0,0,0,0,0,-0.016653033,0.231124387,0.998785046,0.569222375,-0.00169476,-0.056666309,0.603708912,0.895803734,0.177704861,-0.023366913,-0.001708027,-0.003636642,-0.005862694,-0.00515191,-0.004345573,-0.001159365,0.00011106,0,0,0,-0.032121681,0.525777335,0.920108558,0.215138736,-0.034710944,-0.025805845,0.408598516,0.907515914,0.221437568,-0.057726805,-0.015880413,0.007743464,0.035147552,0.026407254,0.015426756,-0.004662565,0.000361264,0,0,0,-0.043980239,0.739529208,0.959249762,0.243132727,-0.03304049,-0.024504034,0.39045384,0.9048662,0.316627757,0.179283712,0.461066908,0.672699023,0.915661816,0.838069053,0.757100964,0.265344924,-0.024800432,0,0,0,-0.039633476,0.65321555,1.011585495,0.398120864,-0.039190667,-0.049173509,0.382321249,0.960276212,0.85845287,0.937532493,1.040478401,1.031041616,1.019726767,1.022379017,1.065595471,0.556221916,-0.05065785,0,0,0,-0.016576526,0.228481309,0.952061473,0.915909648,0.372407182,0.331043255,0.7789881,1.026547719,0.977687161,0.754781658,0.642633335,0.433619094,0.368869848,0.378704632,0.376347175,0.157103512,-0.014469362,0,0,0,-0.001383272,-0.007776246,0.364354916,0.686590414,0.987106739,1.054413892,1.046054211,0.784712759,0.285903901,0.012211844,-0.024757795,-0.020594533,-0.020643893,-0.020598788,-0.021489136,-0.011407271,0.001038263,0,0,0,0.000186377,-0.000368498,-0.041314338,0.012606379,0.308211039,0.455200317,0.446972239,0.15984455,-0.041768859,-0.002878586,0.000365945,0,0,0,0,0,0,0,0,0,0,0,0.000750613,-0.008175551,-0.023614712,-0.018322304,-0.018895629,-0.013625919,0.000823989,0,0,0,0,0,0,0,0,0,0,0,0,0,4.20E-19,3.22E-05,-0.000693408,-0.001582721,-0.001522672,-0.000411765,2.90E-05,0,0,0,0,0,0,0,0,0,0,0,0,0,0,0,0,0,0,0,0,0,0,0,0,0,0,0,0,0,0,0,0,0,0,0,0,0,0,0,0,0,0,0,0,0,0,0,0,0,0,0,0,0,0,0,0,0,0,0,0,0,0,0,0,0,0,0,0
0,0,0,0,0,0,0,0,0,0,0,0,0,0,0,0,0,0,0,0,0,0,0,0,0,0,0,0,0,0,0,0,0,0,0,0,0,0,0,0,0,0,0,0,0,0,0,0,0,0,0,0,0,0,0,0,0,0,0,0,0,0,0,0,0,0,0,0,0,0,0,0,0,0,0,0,0,0,0,0,0,0,0,0,0,0,0,0,0,0,0,0,0,0,0,0,0,0,0,0,0,0,0,0,7.75E-18,0.000436155,-0.004257302,-0.017815893,-0.030227907,-0.006569138,0.000662531,1.15E-05,0,0,0,0,0,0,0,0,0,0,0,2.91E-05,0.000247651,-0.012635059,0.031364124,0.194953155,0.331863596,0.055229609,-0.010088593,8.81E-05,0,0,0,0,0,0,0,0,0,0,0,-3.16E-05,-0.012094442,0.069802953,0.638663952,0.865545153,0.918531569,0.772947325,0.050990498,-0.006211528,0,8.32E-05,-0.000432514,-0.010874404,-0.024897477,-0.040228042,-0.039849578,-0.008847988,0,0,0,-0.002807292,0.001105801,0.571212299,0.74939665,0.209434525,0.580909926,0.927682904,0.08399743,-0.008437704,-0.003943123,-0.019050245,-0.034452682,0.060038246,0.196159756,0.339281623,0.333727175,0.073558364,0,0,0,-0.006015472,0.044025991,0.916852805,0.386631553,0.276147986,0.85341699,0.41429742,-0.040724163,-0.038539437,0.01394156,0.268309351,0.662718035,0.818137323,0.860672709,0.982059639,1.003854354,0.235867528,0,0,0,-0.006335835,0.041769421,0.968343495,0.903666633,0.863899793,0.325993073,-0.026255481,0.158188164,0.304946027,0.693565302,0.941570278,0.782249183,0.585520595,0.228523591,0.371499956,0.588200623,0.074831529,0,0,0,-0.004135263,0.012952563,0.733765625,1.049039811,0.769625882,0.411197151,0.599444683,0.884594533,0.864016238,0.608332331,0.317756298,-0.001800483,-0.037094176,-0.016076168,-0.020987101,-0.029430232,-0.004850473,0,0,0,-0.00030757,-0.015596083,0.157917839,0.75925854,0.909652745,0.662936319,0.491926576,0.3559577,0.084253852,-0.001028034,-0.024809782,-0.005785995,0.000243773,4.85E-05,-0.000318931,-0.000673026,-1.39E-05,0,0,0,5.87E-05,5.09E-05,-0.020660063,0.073703363,0.149936135,0.030988732,-0.023371289,-0.020248162,-0.01430896,-0.005436828,-0.001064645,0.00011489,0,0,0,0,0,0,0,0,0,0,0.000744656,-0.008335886,-0.014672761,-0.004067947,0.000382966,0,0,0,0,0,0,0,0,0,0,0,0,0,0,0,0,0,0,0,0,0,0,0,0,0,0,0,0,0,0,0,0,0,0,0,0,0,0,0,0,0,0,0,0,0,0,0,0,0,0,0,0,0,0,0,0,0,0,0,0,0,0,0,0,0,0,0,0,0,0,0,0,0,0,0,0,0,0,0,0,0,0,0,0,0,0,0,0,0,0,0,0,0,0,0,0,0,0,0,0,0,0,0,0,0,0,0,0,0,0
0,0,0,0,0,0,0,0,0,0,0,0,0,0,0,0,0,0,0,0,0,0,0,0,0,0,0,0,0,0,0,0,0,0,0,0,0,0,0,0,0,0,0,0,0,0,0,0,0,0,0,0,0,0,0,0,0,0,0,0,0,0,0,0,0,0,0,0,0,0,0,0,0,0,0,0,0,0,0,0,0,0,0,0,0,0,0,0,0,0,0,0,0,0,0,0,0,0,0,0,0,0,0,0,5.97E-18,0.000265948,-0.002099929,-0.027022781,-0.046191193,-0.018350439,0.000860822,6.00E-05,0,0,0,0,5.70E-19,-3.01E-17,-1.63E-17,1.43E-18,0,0,0,3.32E-05,0.000298373,-0.011824534,0.003115894,0.294926657,0.514117392,0.189608949,-0.010518195,-0.000563981,0,0,9.50E-05,-0.000200674,-0.008099469,-0.018546261,-0.01027114,0.000923373,0,0,0,9.94E-06,-0.011802566,0.060896621,0.621603074,0.940331411,0.970718139,0.82063999,0.022639993,-0.004901451,3.91E-05,0.000445966,-0.012806347,-0.03787101,0.025511258,0.154339585,0.086619481,-0.007715578,0,0,0,-0.003070261,3.84E-05,0.635314117,0.936000426,0.414278481,0.615673526,0.945556577,0.028620285,-0.008383068,-0.007418216,-0.029703823,0.067782424,0.339505208,0.654251719,0.983563467,0.546075963,-0.049323853,0,0,0,-0.015229728,0.21228685,0.938480324,0.390646106,0.015418586,0.706802815,0.903083487,0.09971121,-0.014802645,0.057844887,0.387569853,0.7908782,0.990110856,1.007285539,0.878649243,0.174012289,-0.017058143,0,0,0,-0.033955014,0.579581563,0.729778254,-0.029188657,0.029220051,0.723888412,0.632414505,0.298860498,0.616621341,0.905127509,1.028851477,0.882227482,0.438358201,0.199506281,0.135458196,-0.020788058,0.001499523,0,0,0,-0.042728554,0.749220282,0.584880736,-0.049897859,0.125933275,0.799177219,0.874838865,0.967196623,1.055057343,0.83270666,0.551195108,0.158861179,-0.03413111,-0.015899867,-0.011271401,-3.32E-05,2.81E-05,0,0,0,-0.043575068,0.760277948,0.647751094,-0.056150619,0.652468653,1.027819765,0.982990349,0.607350003,0.338766459,0.091400393,-0.005988545,-0.021109616,5.10E-05,8.93E-05,0,0,0,0,0,0,-0.033863307,0.553150208,0.936628693,0.493378132,0.379521609,0.539496426,0.354905722,-0.008943815,-0.023459627,-0.013811945,-0.004840005,-2.45E-05,4.90E-05,0,0,0,0,0,0,0,-0.004183466,0.048865485,0.314492562,0.496371,0.075424225,-0.037873672,-0.021810849,-0.00234312,0.000217014,0,0,0,0,0,0,0,0,0,0,0,0.000685049,-0.010799734,-0.025564066,-0.009040356,-0.00124358,-0.002095622,-0.001123162,0.000132353,0,0,0,0,0,0,0,0,0,0,0,0,1.84E-06,3.71E-05,-0.000622141,-0.001946946,-0.000418705,4.24E-05,0,0,0,0,0,0,0,0,0,0,0,0,0,0,0,0,0,0,0,0,0,0,0,0,0,0,0,0,0,0,0,0,0,0,0,0,0,0,0,0,0,0,0,0,0,0,0,0,0,0,0,0,0,0,0,0,0,0,0,0,0,0,0,0,0,0,0,0,0,0,0
0,0,0,0,0,0,0,0,0,0,0,0,0,0,0,0,0,0,0,0,0,0,0,0,0,0,0,0,0,0,0,0,0,0,0,0,0,0,0,0,0,0,0,0,0,0,0,8.79E-05,-0.000154091,-0.010155314,-0.036929192,-0.02452611,-0.001477904,0.000309812,0,0,0,0,0,0,0,0,0,0,0,1.28E-18,0.000261949,-0.002995954,-0.020131842,0.053932853,0.305261132,0.186909058,-0.006427581,-0.002015591,0,0,0,0,0,0,0,0,0,0,0,0.00055913,-0.009648693,-0.007075826,0.319855222,0.776512629,0.986838082,0.895939577,0.329948908,-0.017015251,0,0,0,0,0,0,0,0,0,0,0.000260417,-0.004633034,0.00396412,0.478913331,0.999300603,0.877832959,0.730800994,1.041768161,0.687964599,-0.021296977,9.33E-20,3.06E-18,-3.27E-17,-4.86E-16,-3.63E-16,3.20E-17,0,0,0,5.11E-06,-0.002431236,-0.015288075,0.415816228,1.013424935,0.793085835,0.151003438,0.298288807,1.045728894,0.604411374,-0.020773931,0.000241183,-0.003609239,-0.016665305,-0.022308847,-0.011888957,0.001080814,0,0,0,9.20E-05,-0.018061127,0.086928291,0.815082701,0.872532231,0.120961759,-0.047925023,0.434083065,1.055919075,0.417865739,-0.021953939,-0.013313817,-0.016446129,0.141319249,0.701668176,0.491279656,-0.043509148,0,0,0,-0.001081189,-0.019447457,0.353622992,1.001749353,0.501702608,-0.036859511,-0.001505276,0.621469039,0.932364873,0.121150041,-0.034423696,0.053923186,0.49839922,0.906327819,1.097736979,0.594984341,-0.054057734,0,0,0,-0.006676062,0.052551028,0.864261097,1.017679705,0.237121126,-0.029363681,0.06800817,0.920583078,0.554471303,0.036038805,0.413794118,0.781777437,1.04225497,1.021250851,0.78219384,0.201191874,-0.019439764,0,0,0,-0.013454044,0.169847631,1.006307411,0.804201014,0.069350057,-0.043296569,0.498613409,1.010135485,0.605622787,0.73751707,1.021164045,1.014278254,0.763904412,0.392256655,0.036775067,-0.019375851,0.001246766,0,0,0,-0.023686887,0.357603962,1.021278561,0.584206546,-0.024839795,0.126047794,0.866575163,1.019058466,1.020629545,1.044887031,0.934572236,0.478763259,0.054623162,-0.02542116,-0.006477824,-0.00021344,5.11E-05,0,0,0,-0.03601973,0.581002898,1.060643828,0.487760996,0.021075137,0.622090161,1.019309496,1.017345654,0.966500296,0.64215746,0.205862259,-0.00809204,-0.013815682,-0.000202397,8.79E-05,0,0,0,0,0,-0.036573223,0.59060432,1.043773318,0.741123366,0.691174721,1.01548286,1.025332176,0.767083384,0.28810449,0.005940664,-0.021696453,-0.004537037,0.000283224,1.43E-05,0,0,0,0,0,0,-0.026580882,0.40827354,1.003981209,1.044921637,1.046982373,1.030990996,0.64965751,0.095964188,-0.030374064,-0.003326284,0.00036169,0,0,0,0,0,0,0,0,0,-0.004470231,0.035414607,0.507122192,0.878361366,0.88492411,0.667881808,0.087899986,-0.032100388,-1.16E-05,9.54E-05,0,0,0,0,0,0,0,0,0,0,0.000327819,-0.009601614,0.015105222,0.160444887,0.170603488,0.055793947,-0.010433994,0.000182598,1.47E-05,0,0,0,0,0,0,0,0,0,0,0,3.67E-06,0.000593127,-0.004805756,-0.021716603,-0.022788934,-0.009862623,0.000252334,6.60E-05,0,0,0,0,0,0,0,0,0,0,0,0,0,0,0,0,0,0,0,0,0,0,0,0,0,0,0,0,0,0,0,0,0,0,0,0,0,0,0,0,0,0,0,0,0,0,0,0,0
0,0,0,0,0,0,0,0,0,0,0,0,0,0,0,0,0,0,0,0,0,0,0,0,0,0,0,0,0,0,0,0,0,0,0,0,0,0,0,0,0,0,0,0,0,0,0,0,0,0,0,0,0,0,0,0,0,0,0,0,0,0,0,0,0,0,0,0,0,0,0,0,0,0,0,6.64E-05,-0.000647467,-0.002658167,-0.00507261,-0.001123264,0,0,0,0,0,0,0,0,0,0,0,0,0,0,0.000678309,-0.004872617,-0.022095146,-0.004750792,0.047626532,0.014683858,0,0,0,0,0,0,0.000221269,-0.000504464,-0.019565291,-0.033273761,-0.022378813,0.001358252,3.06E-17,0.000952308,-0.019462759,-0.022581138,0.284415118,0.602443133,0.685884464,0.115101716,0,0,0,0,0,4.68E-05,-0.00262374,-0.009976153,0.203394438,0.360642021,0.234722222,-0.022241626,-0.00023117,-0.02421092,0.123397774,0.620703244,0.96352274,0.670517254,0.145253676,-0.01716408,0,0,0,0,0,0.001328676,-0.030193344,0.166230111,0.844445803,1.002372338,0.845822802,0.173134249,-0.05009828,0.201444193,0.818675774,1.020269999,0.482516136,0.009791116,-0.026057505,0.001104725,0,0,0,6.28E-06,0.000690002,-0.023166292,0.147821589,0.886876096,0.843663314,0.732325129,0.989068372,0.307645255,0.135096952,0.821940479,1.001350184,0.410624574,0.020906335,-0.014628939,0.000415305,0,0,0,0,6.22E-05,-0.012119094,0.044441398,0.689394455,0.995706555,0.332888548,0.213603043,0.988161067,0.612803173,0.782655144,1.000098005,0.415383629,-0.025183228,-0.007017787,0.000621662,0,0,0,0,0,-0.001621221,-0.01389648,0.423425977,1.01615242,0.580095406,-0.033083401,0.012802305,0.803364702,1.012236349,1.02091116,0.63812694,0.035472443,-0.01506553,0.000267361,0,0,0,0,0,0,-0.004977992,0.02396938,0.832347409,0.906102362,0.176383827,-0.007154735,0.229747175,0.84739008,1.03487563,0.9308378,0.154610992,-0.023188998,0.000711295,3.06E-06,0,0,0,0,0,0,-0.006320574,0.04080473,1.001971876,0.595890268,-0.009809625,0.482264142,0.947709904,1.017832318,0.744676498,0.66969153,0.281895357,-0.025814276,0,0,0,0,0,0,0,0,-0.00576251,0.033307785,0.957690155,0.466914148,0.427018704,0.952246664,1.05502005,0.762810032,0.114171892,-0.019292086,0.053303717,-0.00463814,0,0,0,0,0,0,0,0,-0.001744894,-0.00657033,0.39527354,0.811704912,0.997253458,0.983676998,0.531836874,0.12352531,-0.025433296,7.13E-05,-0.004850899,0.000425517,0,0,0,0,0,0,0,0,0.000120711,-0.006150837,-0.014191857,0.521968597,1.03536194,0.646086618,0.030488358,-0.027498332,0.000974163,0,0,0,0,0,0,0,0,0,0,0,4.60E-06,0.000327512,-0.010626719,0.067821198,0.338356433,0.114969039,-0.011213423,-0.000257149,1.69E-05,0,0,0,0,0,0,0,0,0,0,0,0,0,0.000937589,-0.010154498,-0.040710507,-0.015765766,0.000686886,7.34E-05,0,0,0,0,0,0,0,0,0,0,0,0,0,0,0,0,0,0,0,0,0,0,0,0,0,0,0,0,0,0,0,0,0,0,0,0,0,0,0,0,0,0,0,0,0,0,0,0,0
0,0,0,0,0,0,0,0,0,0,0,0,0,0,0,0,0,0,0,0,0,0,0,0,0,0,0,0,0,0,0,0,0,0,0,0,0,0,0,0,0,0,0,0,0,0,0,0,0,0,0,0,0,0,0,0,0,0,0,0,0,0,0,0,0,1.91E-05,-0.00014425,-0.002097856,-0.004698478,-0.006317453,-0.005445108,-0.001245813,0.000160205,0,0,0,0,0,0,0,0,0,0,0,0.000523897,-0.003309079,-0.021745728,-0.01119597,0.020438708,0.040457533,0.029082193,-0.00267756,-0.001884758,0.000119485,0,0,0,0,0,0,0,0,0,0.000104677,-0.00398863,-0.000700487,0.17019744,0.504214276,0.791586244,0.967599826,0.877959304,0.242209882,-0.030078778,2.54E-05,0,0,0,0,0,0,0,0,0,-0.000861417,-0.018358694,0.311968784,0.881366251,1.033478592,1.034472188,1.02385883,1.02432084,0.801078465,0.120714504,-0.013389161,0,0,0,0,0,0,0,0,0.00051745,-0.011237057,0.047051537,0.781678064,1.059830045,0.922528692,0.615075805,0.622843766,0.920962795,1.049369862,0.584856498,-0.026739975,0.000448412,0,0,0,0,0,0,0,-0.003500876,0.006737269,0.429527029,0.993220844,0.842117205,0.312007222,-0.038235805,-0.03282547,0.534625221,1.044879817,0.733507637,0.026781556,-0.004170071,0,0,0,0,0,0,0,-0.026065387,0.202159858,0.907535029,0.953179126,0.303201627,-0.061751304,0.010951934,0.013386608,0.585221558,1.050608303,0.718551832,0.025564577,-0.004090074,0,0,0,0,0,0,0,-0.040591089,0.338960444,1.008784109,0.932226205,0.415010706,0.367072701,0.749651859,0.762098856,0.976604762,0.909077631,0.225441516,-0.066288892,-0.045373349,-0.023491541,-0.012270646,-0.001498104,0.00023829,0,0,0,-0.008834536,0.042895425,0.721718069,1.013940683,0.967524272,1.042534718,1.024103077,1.015754085,1.016683075,0.851538739,0.512463227,0.499615588,0.498920803,0.24705193,0.118701406,-0.000754657,-0.002284178,0,0,0,0.000541858,-0.02419617,0.277323523,0.856988895,0.908298225,0.889349053,0.961320863,1.015254627,1.007456637,1.039517651,1.036032799,1.036830796,1.026997727,0.942421052,0.889789076,0.571337485,-0.017721964,0,0,0,4.89E-05,0.000305351,-0.024510655,0.078919186,0.166154259,0.14861799,0.311772552,0.543683058,0.503102073,0.726650225,0.913772268,0.926659416,0.990445704,1.041239073,1.051279786,0.821677928,-0.021272808,0,0,0,0,0,0.001034007,-0.00878268,-0.016397314,-0.015221471,-0.027948257,-0.00966345,-0.017306781,0.052510825,0.187923716,0.187107741,0.401132864,0.536038297,0.494894574,0.202782856,-0.009504357,0,0,0,0,0,0,0,0,3.67E-05,-0.000122855,-0.004011029,-0.002883885,-0.011879289,-0.027147487,-0.029194342,-0.016536373,-0.008842831,-0.012000068,-0.022244252,0.000278629,0,0,0,0,0,0,0,0,0,0,0,0,0,0,8.67E-05,-0.001408344,-0.002339154,-0.002027369,-0.000233429,3.73E-05,0,0,0,0,0,0,0,0,0,0,0,0,0,0,0,0,0,0,0,0,0,0,0,0,0,0,0,0,0,0,0,0,0,0,0,0,0,0,0,0,0,0,0,0,0,0,0,0,0,0,0,0,0,0,0,0,0,0,0,0,0
0,0,0,0,0,0,0,0,0,0,0,0,0,0,0,0,0,0,0,0,0,0,0,0,0,0,0,0,0,0,0,0,0,0,0,0,0,0,0,0,0,0,0,0,0,0,0,0,0,0,0,0,0,0,0,0,0,0,0,0,0,0,0,0,0,0,1.38E-05,7.51E-05,-0.002012612,-0.005576134,-0.013990554,-0.015468699,-0.001981625,0.000273182,0,0,0,0,0,0,0,0,0,0,0,7.66E-06,0.000456495,-0.017355642,-0.011724503,0.031908803,0.182295411,0.206488443,0.013805644,-0.003448904,0,0,0,0,0,0,0,0,0,0,8.68E-18,0.00108124,-0.019053734,0.088176355,0.491488188,0.896485669,0.987705576,0.985951287,0.243549403,-0.019842899,0,0,0,0,0,0,0,0,0,1.63E-05,0.000490877,-0.020031318,0.10853656,0.753634653,1.048135995,0.800392429,0.591513242,1.00288077,0.430057054,-0.020956563,0,0,0,0,0,0,0,0,0,-2.69E-05,-0.013983021,0.080005401,0.730712449,0.947229485,0.411525298,0.045791023,0.238127488,0.997982773,0.265791911,-0.02079138,0,0,0,0,0,0,0,0,0,-0.001462776,-0.0177428,0.432749115,0.928529531,0.26748366,-0.038691159,-0.023567334,0.648704248,0.792893212,0.058421555,-0.012196351,0,0,0,0,0,0,0,0,0,-0.003636949,0.008051471,0.708931832,0.584336635,-0.022020997,-0.032518791,0.219026382,0.883570176,0.296293862,-0.024271636,-0.000901076,0,0,0,0,0,0,0,0,0,-0.005438113,0.040447815,0.828650599,0.288255293,-0.043644198,0.388021684,0.899161458,0.608239941,-0.014952563,-0.022221288,-0.007357111,0.000691466,-5.87E-16,-5.87E-16,-5.96E-16,-5.30E-16,-1.05E-16,0,0,0,-0.006410795,0.061305743,0.852038007,0.20688894,0.441169863,0.9853838,1.016104133,0.434547352,0.151475133,0.160391155,0.066775514,-0.028396565,-0.020815121,-0.01977005,-0.019541261,-0.017937092,-0.003535369,0,0,0,-0.001225134,0.011592492,0.142536586,0.26842288,0.868249322,0.953768786,0.94547654,0.951499175,0.951378307,0.950304197,0.889721933,0.832971088,0.83770469,0.837788054,0.850706531,0.75568196,0.150362263,0,0,0,0.000129698,-0.001225831,-0.019610992,0.015266289,0.164296367,0.23233975,0.263321249,0.412989771,0.548643876,0.538884405,0.570787565,0.704049207,0.738912326,0.616819087,0.56184328,0.569157305,0.109432275,0,0,0,0,0,0.000202121,-0.001776535,-0.015663854,-0.022237966,-0.02491745,-0.037324261,-0.048686428,-0.050081971,-0.033803888,0.032526484,0.050454844,-0.01187534,-0.045393601,-0.004072457,-0.002735737,0,0,0,0,0,0,0,0,0,0,0,0,0.000227467,-0.001663909,-0.009488051,-0.011602941,-0.004250919,-0.000391647,-0.004615502,-0.00069087,0,0,0,0,0,0,0,0,0,0,0,0,0,0,0,0,0,0,0,0,0,0,0,0,0,0,0,0,0,0,0,0,0,0,0,0,0,0,0,0,0,0,0,0,0,0,0,0,0,0,0,0,0,0,0,0,0,0,0,0,0,0,0,0,0,0,0,0,0,0,0,0,0,0,0,0,0,0,0,0
0,0,0,0,0,0,0,0,0,0,0,0,0,0,0,0,0,0,0,0,0,0,0,0,0,0,0,0,0,0,0,0,0,0,0,0,0,0,0,0,0,0,0,0,0,0,0,0,0,0,0,0,0,0,0,0,0,0,0,0,0,0,0,0,0,0,0,0,0,0,0,0,0,0,0,0,0,0,0,0,0,0,0,0,0,0,0,0,0,0,0,0,0,0,0,0,0,0,0,0,0,0,0,0,2.89E-18,-6.37E-18,0.000714869,-0.004484122,-0.039015693,-0.041855171,-0.012695738,0.000870609,-9.35E-18,3.21E-18,0,0,0,0,0,0,0,0,0,1.48E-05,0.000469941,-0.006306168,-0.028131127,0.030787575,0.42962163,0.460967371,0.123924803,-0.028392565,-0.003339652,0.000338712,0,0,0,0,0,0,0,0,0,6.56E-05,-0.00843815,0.032880114,0.403717575,0.820366881,1.00097494,1.020747456,0.865163195,0.406776528,0.012079925,-0.00572422,0,0,0,0,0,0,0,0,0,-0.001550909,-0.01675223,0.445882353,1.020872345,0.89067503,0.414989754,0.458343682,0.855884702,0.969116422,0.343705719,-0.022988937,-0.005241115,-0.005188266,-0.005215074,-0.005017325,-0.001696793,0.000158292,0,0,0,-0.013194291,0.169877213,0.921560338,0.786050262,0.197119461,-0.045806458,-0.043151757,0.200358915,0.858977073,0.647819171,-0.003275769,0.027411867,0.026582363,0.027124387,0.022818033,-0.000388753,-1.45E-05,0,0,0,-0.030433058,0.491136029,0.955155586,0.284680062,-0.056691669,-0.001055879,-0.03125097,0.201058024,0.938770323,0.850506706,0.761749132,0.866639178,0.861629136,0.862309368,0.859388172,0.364253728,-0.033520135,0,0,0,-0.038998162,0.646247396,0.97004662,0.379106601,0.064823489,-0.028281914,-0.009268229,0.576900786,1.026464495,1.029867124,0.934403816,0.817816976,0.829703125,0.831156863,0.831422452,0.359902812,-0.033082278,0,0,0,-0.023991888,0.368870324,0.878314276,0.98332107,0.851504503,0.318337172,0.512998468,0.989396648,0.84970184,0.41011464,0.130289973,0.072038679,0.077610371,0.079281725,0.068861878,0.004999796,-0.000580898,0,0,0,0.000389093,-0.024563113,0.134947849,0.56767402,0.770746148,1.015860413,1.062487932,0.791087299,0.11316442,-0.039488606,-0.017316006,-0.013397842,-0.01372549,-0.013875272,-0.01302026,-0.003594771,0.000340414,0,0,0,3.57E-05,0.000788943,-0.014919935,-0.017972052,0.073930231,0.237555198,0.47952228,0.310269659,-0.029763617,0.001125922,0,0,0,0,0,0,0,0,0,0,0,2.21E-05,0.000126838,-0.003303922,-0.014276935,-0.035258374,-0.016092899,-0.002986281,-0.000247651,5.14E-05,0,0,0,0,0,0,0,0,0,0,0,0,0,0,0,0.000102328,-0.00178748,-0.001520935,8.85E-05,0,0,0,0,0,0,0,0,0,0,0,0,0,0,0,0,0,0,0,0,0,0,0,0,0,0,0,0,0,0,0,0,0,0,0,0,0,0,0,0,0,0,0,0,0,0,0,0,0,0,0,0,0,0,0,0,0,0,0,0,0,0,0,0,0,0,0,0
0,0,0,0,0,0,0,0,0,0,0,0,0,0,0,0,0,0,0,0,0,0,0,0,0,0,0,0,0,0,0,0,0,0,0,0,0,0,0,0,0,0,0,0,0,0,0,0,0,0,0,0,0,0,0,0,0,0,0,0,0,0,0,0,0,0,0,0,0,0,0,0,0,0,0,0,0,0,0,0,0,0,0,0,4.41E-05,5.45E-05,-0.004882966,-0.024166259,-0.035873775,-0.036174632,-0.024546875,-0.000734681,0.000227467,0,0,0,0,0,0,0,0,0,0,3.70E-05,0.00064728,-0.015008034,-0.005119962,0.160988256,0.265005923,0.266928207,0.168744707,-0.006434981,-0.000399087,2.49E-18,0,0,0,0,0,0,0,0,0,0.000139655,-0.021210155,0.144605324,0.603092116,0.902038373,1.04207724,1.052009361,0.83733364,0.140517395,-0.022451592,0.000245098,0,0,0,0,0,0,0,0,0,-0.008670152,0.091486113,0.831107238,0.900090277,0.517302974,0.396811704,0.545057156,1.016754566,0.518339244,-0.006189868,-0.004321063,0,0,0,0,0,0,0,0,0,-0.034074449,0.562028033,0.922863034,0.237254681,-0.034816593,-0.028514757,0.030844244,0.747422998,0.831142106,0.074685143,-0.013444819,0,0,0,0,0,0,0,0,0,-0.044194036,0.766954078,0.743012408,-0.037783837,-0.002080327,-0.001420803,-0.019327597,0.48146795,0.87955576,0.087370776,-0.01476954,0,0,0,0,0,0,0,0,0,-0.038948529,0.667895067,0.766700555,0.00392899,-0.019869502,-0.01496555,-0.024675092,0.535101937,0.814104269,0.055794811,-0.025741592,-0.012720418,-0.003709661,0.000256587,-4.49E-16,-2.41E-16,2.20E-17,0,0,0,-0.021843852,0.331366098,0.959017089,0.424717763,0.111632441,0.12272098,0.163910982,0.848727158,0.645007795,0.126160436,0.121819683,0.124261132,0.021538501,-0.023676726,-0.021787059,-0.011888957,0.001080814,0,0,0,-0.003247116,0.008886273,0.560135815,0.894857374,0.844788964,0.920987781,0.948204007,1.041850465,0.989175686,0.942601881,0.939034334,0.931458342,0.881701453,0.770598036,0.672012934,0.362572867,-0.033109467,0,0,0,0.000308415,-0.008500477,0.004802219,0.187932496,0.267950756,0.54471344,0.745641748,0.705151893,0.60471395,0.619811565,0.698720895,0.758999217,0.774805181,0.869912105,0.944197954,0.513378268,-0.046670752,0,0,0,0,0.000382966,-0.002191415,-0.017673611,-0.025916018,-0.021042501,0.055366217,0.04229713,-0.03316779,-0.028521038,0.027212265,0.069598192,0.078182547,0.14397789,0.17296341,0.093075555,-0.008461414,0,0,0,0,0,0,1.23E-05,0.000201785,-0.0027356,-0.012213235,-0.010661458,-0.00211826,-0.002644307,-0.008953738,-0.013752145,-0.014723958,-0.022172488,-0.025746912,-0.013901654,0.001263787,0,0,0,0,0,0,0,0,0,0,0,0,0,0,0,0,0,0,0,0,0,0,0,0,0,0,0,0,0,0,0,0,0,0,0,0,0,0,0,0,0,0,0,0,0,0,0,0,0,0,0,0,0,0,0,0,0,0,0,0,0,0,0,0,0,0,0,0,0,0,0,0,0,0,0,0,0,0,0,0
0,0,0,0,0,0,0,0,0,0,0,0,0,0,0,0,0,0,0,0,0,0,0,0,0,0,0,0,0,0,0,0,0,0,0,0,0,0,0,0,0,0,0,0,0,0,0,0,0,0,0,0,0,0,0,0,0,0,0,0,0,0,0,0,0,0,0,0,0,0,0,0,0,0,0,0,0,0,0,0,0,0,0,0,0,0,0,0.000102727,-0.000260723,-0.012217831,-0.018718444,-0.01620864,-0.001855509,0.000297181,0,0,0,0,0,0,0,0,0,0,3.73E-19,2.96E-17,0.00072338,-0.020173862,-0.037824517,0.057888855,0.113543335,0.090482367,-0.010257922,-0.00336763,0.000159569,0,0,0,0,0,0,0,0,1.53E-06,0.000379391,-0.002608592,-0.02537803,0.199433608,0.457374745,0.724255668,0.825577802,0.791042262,0.304786868,-0.006290765,-0.000814866,0,0,0,0,0,0,0,0,-3.21E-06,-0.002219793,-0.009243644,0.347102493,0.902486895,0.764552114,0.489542552,0.567559856,0.970425227,0.936977617,0.289915906,-0.027315353,0,0,0,0,0,0,0,0,3.06E-06,-0.027277982,0.187410012,0.941346456,0.78074129,0.07063334,-0.032807938,-0.038642582,0.540969312,1.070680771,0.548317164,-0.049722563,0,0,0,0,0,0,0,0,-0.002536407,-0.006876957,0.563592116,1.033657288,0.305578893,-0.029390625,0.000895629,-0.046484664,0.378052339,0.999436037,0.445600405,-0.040325861,0,0,0,0,0,0,0,0,-0.0035721,0.00674983,0.67590065,0.937110294,0.102193704,-0.016836891,-0.024184675,0.112057717,0.787527965,0.910629595,0.167436002,-0.018409586,-0.004349639,-0.006176811,-0.025106838,-0.021741388,-0.002185458,0,0,0,-0.005191687,0.02620544,0.852405978,0.986975763,0.119626646,-0.04977965,0.095033684,0.685180539,0.965911458,0.358001186,-0.02490145,0.006991422,0.040523557,0.066215108,0.282076081,0.245481345,0.025068593,0,0,0,-0.002246545,-0.005554502,0.490694818,0.937094459,0.763428005,0.663680377,0.856582046,1.004928016,0.639407603,0.663626752,0.705228215,0.742516815,0.790377414,0.746260344,0.849891338,0.763484129,0.149538679,0,0,0,9.65E-05,-0.004693627,0.008070108,0.168431713,0.622386368,0.829444444,0.806877315,0.661085274,0.647713916,0.595982634,0.487781012,0.396234001,0.256536543,0.117244604,0.108000506,0.058861911,-0.005273948,0,0,0,2.55E-06,0.000343818,-0.002423322,-0.020289011,0.042808691,0.111433738,0.104589103,0.011996068,0.001513344,-0.01586496,-0.044000034,-0.034825197,-0.022655824,-0.010501345,-0.01035467,-0.005926181,0.000385944,0,0,0,0,0,6.44E-18,0.000376838,-0.009830622,-0.018534007,-0.017690257,-0.007208027,-0.006041054,-0.003696343,0.000125613,0,0,0,0,0,0,0,0,0,0,0,0,0,0,0,0,0,0,0,0,0,0,0,0,0,0,0,0,0,0,0,0,0,0,0,0,0,0,0,0,0,0,0,0,0,0,0,0,0,0,0,0,0,0,0,0,0,0,0,0,0,0,0,0,0,0,0,0,0,0,0,0,0,0,0,0,0,0,0,0,0,0,0,0,0,0
0,0,0,0,0,0,0,0,0,0,0,0,0,0,0,0,0,0,0,0,0,0,0,0,0,0,0,0,0,0,0,0,0,0,0,0,0,0,0,0,0,0,0,0,0,0,0,0,0,0,0,0,0,0,0,0,0,0,0,0,0,0,0,0,0,0,0,0,0,0,0,0,0,0,0,0,0,0,0,0,0,0,0,0,0,0,0,0,0,0,0,0,0,0,0,0,0,0,0,0,0,0,0,1.10E-18,-1.95E-18,-2.12E-16,-2.67E-16,-7.38E-17,4.46E-18,0,0,0,0,0,0,0,0,0,0,0,0,0,0,0.000508578,-0.007710376,-0.020599809,-0.02124966,-0.01387632,0.00023829,1.70E-05,0,0,0,0,0,0,0,0,0,0,0,0,0,-0.004054309,0.041605503,0.388361631,0.472976574,0.169033471,-0.013801245,0.00047389,0,0,0,0,0,0,0,0,0,0,0,0,0,-0.031424428,0.505892599,0.943900667,0.809484988,0.758622236,0.046604728,-0.005679977,-9.46E-05,-0.00067065,-0.002238341,-0.006659109,-0.01321732,-0.013731567,-0.023331546,-0.024564887,-0.004390319,0.000436581,0,0,0,-0.029463797,0.490579793,0.756195278,0.472362405,0.924781008,0.191857128,-0.04727919,-0.036477975,-0.029114685,-0.01149554,0.058617017,0.179722563,0.203005651,0.386710342,0.378948813,0.050646191,-0.005306628,0,0,0,-0.015789267,0.213755634,0.979647467,0.987422301,0.595955712,0.058799258,0.206564815,0.293135434,0.37253702,0.594262702,0.81557598,0.905536475,0.784445006,0.700992,0.944535588,0.382600082,-0.034861792,0,0,0,-0.013794679,0.185589903,0.813768314,1.014909943,0.648631544,0.686164097,0.958371613,1.038623877,0.816578687,0.559710044,0.480208725,0.268437551,0.072049939,0.161147161,0.772736673,0.221946061,-0.020043999,0,0,0,-0.001095298,0.010404233,0.086476992,0.306899586,0.439412476,0.474665321,0.382037592,0.181911272,0.061036546,-0.016900861,-0.025924544,-0.030299366,-0.028597098,0.165022879,0.131612095,-0.017157033,0.000998736,0,0,0,0.00021395,-0.002716333,-0.013744213,-0.020807121,-0.019855489,-0.01983558,-0.020867375,-0.019878813,-0.012322815,-0.003576257,-0.002271923,-0.000181611,0.000614277,-0.006507864,-0.01439658,-0.000934436,0.000102124,0,0,0,0,0,0,0,0,0,0,0,0,0,0,0,0,0,0,0,0,0,0,0,0,0,0,0,0,0,0,0,0,0,0,0,0,0,0,0,0,0,0,0,0,0,0,0,0,0,0,0,0,0,0,0,0,0,0,0,0,0,0,0,0,0,0,0,0,0,0,0,0,0,0,0,0,0,0,0,0,0,0,0,0,0,0,0,0,0,0,0,0,0,0,0,0,0,0,0,0,0,0,0,0,0,0,0,0,0,0,0,0,0,0,0,0,0,0,0,0
0,0,0,0,0,0,0,0,0,0,0,0,0,0,0,0,0,0,0,0,0,0,0,0,0,0,0,0,0,0,0,0,0,0,0,0,0,0,0,0,0,0,0,0,0,9.31E-18,0.000432106,-0.012063653,-0.033922384,-0.034263992,-0.020957564,-0.011032571,0.000316084,7.75E-05,0,0,0,0,0,0,0,0,0,0,7.26E-05,0.000419424,-0.016182207,0.074024958,0.278004255,0.283479558,0.153161612,0.075099333,-0.005196078,-0.000367307,0,0,0,0,0,0,0,0,0,0,-0.000228248,-0.013507966,0.161541139,0.73213395,0.959551794,0.936886268,0.895897025,0.525598737,0.005593654,-0.005652744,0,0,0,0,0,0,0,0,0,1.79E-05,-0.012206325,0.054146633,0.70148909,1.042062068,0.575511949,0.33097789,0.878248196,1.008479847,0.348708301,-0.019183858,0,0,0,0,0,0,0,0,0,-0.000196078,-0.025530229,0.21630193,0.940411203,0.601751712,0.013803513,-0.042245132,0.228399527,0.870618004,0.740717799,-0.020226035,0,0,0,0,0,0,0,0,0,-0.000387367,-0.033315295,0.327034755,1.065302288,0.324474264,-0.027665165,-0.011803025,-0.001943833,0.643080898,0.850907219,-0.019099982,0,0,0,0,0,0,0,0,0,-0.000326542,-0.031051998,0.293542024,1.030395033,0.409715258,-0.025891085,-0.007770425,0.157120813,0.735325895,0.782766669,-0.019831155,0,0,0,0,0,0,0,0,0,-6.20E-05,-0.017250153,0.115515608,0.800450572,0.641142466,-0.023507625,0.400288994,0.864195057,0.975923407,0.414553303,-0.019985873,0,0,0,0,0,0,0,0,0,9.19E-06,-9.96E-05,-0.015891629,0.157987303,0.22331949,0.609998689,0.964668964,1.017867885,0.541937074,0.015223866,-0.006592967,0,0,0,0,0,0,0,0,0,0,9.10E-05,0.000217473,-0.034582857,0.231600135,1.060403833,1.020983592,0.609940257,-0.013513974,-0.029678859,-0.00222869,0.000272331,0,0,0,0,0,0,0,0,0,0,-6.21E-17,-0.016826838,0.178840893,0.879490797,1.019747666,0.821903934,0.267435677,0.142492265,-0.009358567,-0.004618646,0.000513636,0,0,0,0,0,0,0,0,0,1.56E-18,0.000430624,-0.019467714,0.091871511,0.487303564,0.841653527,1.02319184,0.962148217,0.349656914,-0.000775071,-0.005072968,9.30E-05,0,0,0,0,0,0,0,0,0,0,0.001294281,-0.012196606,-0.023988477,0.126198563,0.611293777,1.018400782,0.883917994,0.1809247,-0.024388004,-0.00039328,3.67E-05,0,0,0,0,0,0,0,0,0,0,0.000229779,-0.002734988,-0.024505923,0.030672096,0.438927293,1.024757064,0.80709215,0.24790465,-0.015418539,-0.000181403,0,0,0,0,0,0,0,0,0,0,0,2.85E-05,0.000230852,-0.014236758,0.026503574,0.618677049,1.046515404,0.663291582,-0.019981686,-0.002087155,0,0,0,0,0,0,0,0,0,0,0,0,1.24E-18,0.000397456,-0.020796631,0.101053259,0.732838636,0.500586163,-0.016991766,-0.001318032,0,0,0,0,0,0,0,0,0,0,0,0,0,4.77E-05,0.000389303,-0.008301164,-0.021033497,-0.015428581,0.000365775,5.71E-05,0,0,0,0,0,0,0,0,0,0,0,0,0,0,0,0,0,0,0,0,0,0
0,0,0,0,0,0,0,0,0,0,0,0,0,0,0,0,0,0,0,0,0,0,0,0,0,0,0,0,0,0,0,0,0,0,0,0,0,0,0,0,0,0,0,0,0,0,0,0,0,0,0,0,0,0,0,0,0,0,0,0,0,0,0,0,0,0,0,0,0,0,0,0,0,0,0,0,0,0,0,0,0,0,0,0,0,0,1.84E-05,0.000864009,-0.009199449,-0.024737439,-0.02581924,-0.016115196,-0.000551241,0.000193015,0,0,0,0,0,0,0,0,0,0,9.33E-20,2.60E-17,0.000620575,-0.026447981,0.036762034,0.168029378,0.179408633,0.096670326,-0.00104796,-0.000883715,0,0,6.22E-19,-1.11E-17,-1.77E-17,1.56E-18,0,0,0,6.64E-06,0.00030416,-0.003056917,-0.026135791,0.18729514,0.620370064,0.886944496,0.874813351,0.704607928,0.070372573,-0.011390761,0,0.000306373,-0.003109681,-0.015586061,-0.010791973,0.000957414,0,0,0,7.90E-05,-0.002805787,-0.016547107,0.280252487,0.876295283,0.790274041,0.324987652,0.390598902,0.992285509,0.216209063,-0.020414815,-0.001096164,-0.020799397,-0.016106457,0.105397549,0.09414287,-0.008268874,0,0,0,-0.000876736,-0.01867482,0.32871475,0.885768416,0.564011404,0.044079061,-0.054657986,0.23652931,0.858815206,0.148018782,-0.028125221,-0.018233337,0.118217814,0.469600967,0.904062734,0.548835018,-0.049229388,0,0,0,-0.009887766,0.115192062,0.865001855,0.531901876,0.008612555,-0.013463423,-0.022507489,0.596316347,0.651124149,0.013835929,0.094665986,0.476612286,0.86443047,0.946142906,0.817632417,0.208819189,-0.019981873,0,0,0,-0.032619434,0.555226648,0.709683058,0.005415679,-0.014407026,-0.039363068,0.240886115,0.973656573,0.581767106,0.527723374,0.94536969,0.846148046,0.582403663,0.179614907,0.003884541,-0.012463235,0.001021242,0,0,0,-0.042654259,0.746211499,0.616842899,-0.052371834,-0.033628691,0.183772212,0.884595027,1.040356226,1.037261642,0.837293153,0.477241609,0.125496749,-0.043475014,-0.014203227,-0.003870664,-0.000574449,6.13E-05,0,0,0,-0.019454415,0.292834577,0.848401546,0.714546883,0.692895044,0.900407427,0.971774965,0.571437399,0.260166303,0.087329173,-0.02848722,-0.01687365,0.000510171,5.99E-05,0,0,0,0,0,0,-0.000452665,-0.017691023,0.245687364,0.780559658,1.044908245,0.900214682,0.342255855,-0.029402335,-0.022136914,-0.013211515,-0.002297794,-6.64E-05,3.06E-05,0,0,0,0,0,0,0,0.000113613,-0.001343018,-0.060175568,0.529560866,0.892993287,0.273649272,-0.019512034,-0.003576712,0.000127196,0,0,0,0,0,0,0,0,0,0,0,0,-3.03E-05,-0.008869638,0.104747141,0.117474012,-0.014904412,-0.003550654,0.000435355,9.19E-07,0,0,0,0,0,0,0,0,0,0,0,0,8.27E-06,0.000623928,-0.008009804,-0.010339214,-0.000856311,9.96E-05,0,0,0,0,0,0,0,0,0,0,0,0,0,0,0,0,0,0,0,0,0,0,0,0,0,0,0,0,0,0,0,0,0,0,0,0,0,0,0,0,0,0,0,0,0,0,0,0,0,0,0,0,0,0,0,0,0,0,0,0,0,0,0,0,0,0,0,0,0,0
0,0,0,0,0,0,0,0,0,0,0,0,0,0,0,0,0,0,0,0,0,0,0,0,0,0,0,0,0,0,0,0,0,0,0,0,0,0,0,0,0,0,0,0,0,0,0,0,0,0,0,0,0,0,0,0,0,0,0,0,0,0,0,0,0,0,0,0.000102727,-0.000656556,-0.005588797,-0.010710223,-0.008394965,-0.003178682,-0.000139655,2.43E-05,0,0,0,0,0,0,0,0,0,0,3.92E-18,0.000410539,-0.007625046,-0.020014144,0.037854099,0.128326508,0.085136149,0.003469674,-0.009203857,0.000711891,0,0,0,0,0,0,0,0,0,1.87E-18,0.000808483,-0.011762323,-0.001155732,0.272995507,0.791867017,0.960387646,0.912202376,0.606693368,0.083419969,-0.009577121,6.89E-05,0,0,0,0,0,0,0,0,0.000634191,-0.013737915,0.067317538,0.594259967,0.928999949,0.756197712,0.315607741,0.567777931,1.013828098,0.456818576,-0.0391362,-0.00019727,-0.000388072,-0.002048938,1.36E-05,0,0,0,0,0.000218907,-0.008954894,-0.011470452,0.566457017,0.990908461,0.459144433,0.033838816,-0.0439019,-0.007227267,0.727363137,0.808331686,0.093733915,-0.017232991,-0.023832294,-0.02147614,0.000713383,0,0,0,0,-0.001297896,-0.019745524,0.421532731,1.007955321,0.395990074,-0.03584729,-0.011256638,0.000412922,-0.02722886,0.328457462,0.933994196,0.182538297,-0.053883561,0.226786594,0.409532021,-0.007414556,0,0,0,0.000682402,-0.019133527,0.154230069,0.964643467,0.686004579,0.020526833,-0.009262153,4.26E-05,0.000804228,-0.029894642,0.470856705,0.908268229,0.185784314,0.431373485,0.907962452,0.813464494,-0.020882013,0,0,0,-0.003745057,0.000677815,0.605723192,0.827606464,0.135432428,-0.021833649,0.000159144,0.000306373,-0.007384855,0.02895995,0.766081625,0.842703874,0.680590363,1.014391544,0.904713099,0.255732814,-0.016373911,0,0,0,-0.033552648,0.277285692,0.923938896,0.30543636,-0.030786254,0.000613662,-0.000318968,-0.010484749,-0.02591299,0.43197338,1.000165963,1.04042213,0.931903595,0.760803019,0.275843682,-0.01304212,-0.002538467,0,0,0,-0.050578253,0.447540459,0.877645479,-0.003783971,-0.01157887,-0.006399726,-0.035245913,-0.003637014,0.331380413,0.955235773,0.933192106,0.537114026,0.128313002,0.054631572,-0.013149077,-0.003412238,0.00035873,0,0,0,-0.049515715,0.434477277,0.909037258,0.272194819,0.010064134,0.016772315,0.326378319,0.64081873,0.993370524,0.785399697,0.206659754,-0.034109477,-0.016952444,-0.011744451,-0.0016779,0.000244588,0,0,0,0,-0.014113978,0.100250357,0.625404395,0.938535352,0.757775208,0.735172673,1.00252674,1.039504153,0.58328108,0.08610306,-0.029755429,0.000293267,0,0,0,0,0,0,0,0,0.001439403,-0.016515625,0.005768927,0.399762187,0.822197968,0.933476689,0.810611605,0.375443542,-0.003219635,-0.017792143,0.000584974,8.58E-05,0,0,0,0,0,0,0,0,1.83E-05,0.000134191,-0.003388429,-0.034046467,0.048027403,0.220206575,0.066392633,-0.023707789,-0.003913399,0.000110805,1.71E-05,0,0,0,0,0,0,0,0,0,0,0,0,0.000886633,-0.00973666,-0.027926411,-0.011691737,-0.000109657,0.000117402,0,0,0,0,0,0,0,0,0,0,0,0,0,0,0,0,0,0,0,0,0,0,0,0,0,0,0,0,0,0,0,0,0,0,0,0,0,0,0,0,0,0,0,0,0,0,0,0,0
0,0,0,0,0,0,0,0,0,0,0,0,0,0,0,0,0,0,0,0,0,0,0,0,0,0,0,0,0,0,0,0,0,0,0,0,0,0,0,0,0,0,0,0,0,0,0,0,0,0,0,0,0,0,0,0,0,0,0,0,0,0,0,0,0,0,0,0,0,0,0,0,0,0,0,0,0,0,0,0,0,0,0,0,0,0,0,0,0,0,0,0,0,0,0,0,0,0,0,0,0,0,0,0,7.65E-18,0.000872311,-0.008867783,-0.04763573,-0.052613528,-0.052263327,-0.024718307,0.001571436,4.97E-18,6.38E-19,7.35E-18,0.000223397,-0.001470163,-0.047960998,-0.030592576,0.002691398,0,0,0,0.000101103,-0.000665339,-0.02315785,0.079633034,0.527186434,0.591104133,0.577325793,0.263431713,-0.021296552,0.0008209,-0.004952002,-0.013969397,-0.023110618,-0.004197049,0.526927068,0.342831308,-0.030124506,0,0,0,-0.000255901,-0.011167146,0.111359148,0.682815027,1.041209921,0.984479757,1.059796788,0.743269231,0.037244371,-0.021531058,0.004090488,0.071149804,0.33724877,0.715469984,1.074946249,0.573841092,-0.051766133,0,0,0,-0.008249081,0.085106618,0.791727567,1.014249166,0.509337675,0.21151411,0.777834474,0.913778254,0.182946266,0.018099938,0.485333129,0.829495013,1.014124966,1.052776314,0.787817184,0.158116064,-0.015771804,0,0,0,-0.020853401,0.305705933,1.011869792,0.739751379,0.043847547,-0.066522501,0.595820857,0.90966442,0.334377996,0.658696241,1.006150769,1.043013531,0.957083623,0.634736826,0.135963848,-0.01842533,0.000716997,0,0,0,-0.036957006,0.605456512,1.000877842,0.335812721,-0.039373548,-0.048347665,0.571368685,0.972773148,0.924971712,1.043764081,0.902563623,0.613449687,0.250426607,-0.012112149,-0.017658422,-0.000611213,7.66E-05,0,0,0,-0.044231975,0.747993379,0.925618039,0.189211942,-0.059466186,0.073841929,0.731331597,1.029000153,1.007769353,0.609526585,0.18867002,-0.017383476,-0.022147314,-0.002461346,-0.000135594,4.14E-05,0,0,0,0,-0.036014176,0.592611712,0.959173444,0.343651027,0.146535789,0.704480012,1.027361128,0.886814677,0.3988877,0.011493828,-0.031914448,-0.002088786,0.000447597,0,0,0,0,0,0,0,-0.019601409,0.284383578,0.937963048,0.98605062,0.952570506,1.021908616,0.883906216,0.225469958,-0.026109171,-0.007893244,0.000396582,0,0,0,0,0,0,0,0,0,-0.001022825,-0.009864992,0.282013838,0.65971281,0.707805532,0.573358677,0.204117868,-0.021735652,-0.000951865,0.000101912,0,0,0,0,0,0,0,0,0,0,0.000284007,-0.004047181,-0.020169543,0.004217269,0.010074922,-0.001099316,-0.021473005,-0.001292586,0.000148897,0,0,0,0,0,0,0,0,0,0,0,0,0.000102941,-0.000716554,-0.003412837,-0.00385874,-0.002824295,-0.000302492,5.61E-05,0,0,0,0,0,0,0,0,0,0,0,0,0,0,0,0,0,0,0,0,0,0,0,0,0,0,0,0,0,0,0,0,0,0,0,0,0,0,0,0,0,0,0,0,0,0,0,0,0,0,0,0,0,0,0,0,0,0,0,0,0,0,0,0,0,0,0,0,0
0,0,0,0,0,0,0,0,0,0,0,0,0,0,0,0,0,0,0,0,0,0,0,0,0,0,0,0,0,0,0,0,0,0,0,0,0,0,0,0,0,0,0,0,0,0,0,0,0,0,0,0,0,0,0,0,0,0,0,0,0,0,0,0,0,0,0,0,0,0,0,0,0,0,0,0,0,0,0,0,0,0,0,0,0,0,0,0,0,0,0,0,0,0,0,0,0.000346201,-0.002097652,-0.020391238,-0.006538909,0,0,0,0,0,3.32E-32,6.84E-18,-6.94E-17,-4.79E-16,-4.21E-16,-5.43E-17,4.95E-18,0,3.08E-18,0.000314032,-0.001465482,-0.020840908,-0.023725524,0.133519506,0.04888237,0,0,0,0,0,7.36E-18,0.000430624,-0.011242068,-0.021072815,-0.021285743,-0.01373383,0.000839971,8.56E-05,-0.000182292,-0.013986077,-0.004418743,0.181197832,0.505769418,0.78759135,0.183308789,0,0,0,0,0,0.001345237,-0.026027781,0.133144002,0.703258088,0.649772601,0.148998308,-0.016672527,-0.002724746,-0.033802179,0.074793781,0.498203396,0.94729531,0.727444989,0.196374485,0.018285452,0,0,0,4.75E-06,0.000571027,-0.016511029,0.089637697,0.746181838,0.880215346,0.796109937,0.727004187,-0.002137561,-0.013049475,0.264207448,0.764864056,0.825386966,0.468374728,0.047858492,-0.026984783,-0.003551198,0,0,0,6.28E-05,-0.009787156,0.02627422,0.633627638,0.96697337,0.243197985,0.207934096,0.82055062,0.13209169,0.474093324,0.969844924,0.674828125,0.096653305,-0.054445415,-0.005680737,0.00073189,0,0,0,0,-0.001368464,-0.013725218,0.367635008,0.967785573,0.351254127,-0.020180266,0.507330593,0.94678879,0.806276774,0.94560004,0.55061763,0.037800347,-0.026783088,0.000961397,0,0,0,0,0,0,-0.003913858,0.010646225,0.731883357,0.753623281,0.032268864,0.432813691,0.98858558,1.033332142,0.935757847,0.344714086,0.004842729,-0.010253353,0.000514706,1.38E-05,0,0,0,0,0,0,-0.005932545,0.035311256,0.97109224,0.533554006,0.301324346,1.010236741,1.029159771,0.788155905,0.266222976,-0.033011512,-0.008081271,0.000509559,0,0,0,0,0,0,0,0,-0.003308875,0.009038314,0.600087418,0.831811989,0.963007029,0.766425824,0.511663943,0.024405552,-0.022140608,-0.001681546,0.000292756,0,0,0,0,0,0,0,0,0,9.70E-06,-0.004142327,0.029600524,0.103682258,0.213014995,0.075142889,-0.012625357,-0.004474146,0.000249949,0,0,0,0,0,0,0,0,0,0,0,-0.001481771,0.007166411,0.260498264,0.121207993,-0.045652542,-0.014446998,-0.003435968,4.90E-05,1.84E-05,0,0,0,0,0,0,0,0,0,0,0,-0.002663807,0.010970044,0.483659926,0.258777642,-0.029117443,0,0,0,0,0,0,0,0,0,0,0,0,0,0,0,9.39E-05,-0.000722861,-0.014071175,-0.004895438,0.00057847,0,0,0,0,0,0,0,0,0,0,0,0,0,0,0,1.53E-05,-3.57E-05,-0.003022876,-0.001831427,0.000203824,0,0,0,0,0,0,0,0,0,0,0,0,0,0,0,0,0,0,0,0,0,0,0,0,0,0,0,0,0,0,0,0
0,0,0,0,0,0,0,0,0,0,0,0,0,0,0,0,0,0,0,0,0,0,0,0,0,0,0,0,0,0,0,0,0,0,0,0,0,0,0,0,0,0,0,0,0,0,0,0,0,0,0,0,0,0,0,0,0,0,0,0,0,0,0,0,0,0,0,0.000108842,-0.000810611,-0.004508272,-0.002752502,-0.000241013,4.16E-05,0,0,0,0,0,0,0,0,0,0,0,0,0,0.000487132,-0.004102258,-0.01887563,0.018083333,-0.003270612,-0.01007867,0.001042762,0,0,0,0,0,0,0,0,0,0,0,0,1.35E-17,-0.003281761,-0.007347064,0.292227975,0.770904037,0.575296245,0.120736417,-0.015827321,0,0,0,0,0,0,0,0,0,0,0,3.68E-05,0.000445432,-0.026569478,0.241218849,0.92025577,1.015070483,1.039511846,0.391969278,-0.046243529,0,0,8.08E-05,-0.000877417,-0.002283845,-0.001228894,0.000110635,0,0,0,0,0.000502629,-0.011194101,0.049639674,0.75926617,1.032124676,1.000219977,1.033490549,0.410110523,-0.048061789,5.38E-05,-4.85E-05,-0.007774092,-0.026707177,-0.029956648,-0.023604623,-0.003490176,0,0,0,8.72E-05,-0.008489839,0.011978384,0.575736026,1.020244198,0.877593205,0.943071929,0.956023591,0.282730784,-0.034621703,-0.001888685,-0.021944104,0.020227805,0.310287275,0.504422533,0.323264161,0.009421024,0,0,0,-0.001184692,-0.017128387,0.35704119,0.985138293,0.686866771,0.370257081,0.956028476,0.698613171,-0.004766016,-0.028459296,-0.026735005,0.336061496,0.767356005,0.963266187,1.071130101,0.975064117,0.208878898,0,0,0,-0.004947866,0.023024595,0.823161918,1.034635195,0.229017162,0.463803819,0.968717286,0.190892889,-0.038151127,0.171444363,0.540831955,0.950537514,1.07876857,0.91796921,0.836380923,0.414263225,0.050127689,0,0,0,-0.006434947,0.042020595,0.979611826,1.002996221,0.540012671,0.884657118,0.776456308,0.414507115,0.586580763,0.892982213,1.047868124,0.957890029,0.545833538,0.233791854,0.136353542,-0.022534229,-0.004016442,0,0,0,-0.004716838,0.020596983,0.792488008,1.033103471,0.993745264,1.013215676,0.968872702,1.028896651,1.046091459,0.892091461,0.580664262,0.262104803,-0.017993712,-0.023396009,-0.020069476,-0.000387265,6.11E-05,0,0,0,-0.00023412,-0.016437891,0.160274067,0.630600882,0.897623466,0.976845758,0.815385519,0.702727022,0.53485449,0.117598617,-0.025759038,-0.018821572,-0.004203091,-0.000528493,8.56E-05,0,0,0,0,0,3.19E-05,-0.000164437,-0.007276893,0.010106158,0.194502296,0.304931883,0.111777216,0.034451882,-0.009884617,-0.016718778,0.000427645,3.19E-05,0,0,0,0,0,0,0,0,0,0.000154412,-0.000858456,-0.007267565,-0.023010273,-0.025290135,-0.019829453,-0.009807904,-0.003898897,0.000462272,0,0,0,0,0,0,0,0,0,0,0,0,0,2.14E-05,-0.000199034,-0.000611213,5.36E-05,0,0,0,0,0,0,0,0,0,0,0,0,0,0,0,0,0,0,0,0,0,0,0,0,0,0,0,0,0,0,0,0,0,0,0,0,0,0,0,0,0,0,0,0,0,0,0,0,0,0,0,0,0,0,0,0,0,0,0,0,0,0,0,0,0,0,0,0,0,0
0,0,0,0,0,0,0,0,0,0,0,0,0,0,0,0,0,0,0,0,0,0,0,0,0,0,0,0,0,0,0,0,0,0,0,0,0,0,0,0,0,0,0,0,0,0,0,0,0,0,0,0,0,0,0,0,0,0,0,0,0,0,0,0,0,7.16E-19,0.000449857,-0.003803708,-0.022982435,-0.023281046,-0.005858047,0.000418352,0,0,0,0,0,0,0,0,0,0,0,0,0,0.000352328,-0.010701934,0.028529582,0.343856992,0.348779139,0.052748894,-0.020672845,0.000770454,7.35E-05,0,0,0,0,0,0,0,0,0,0,0,-0.001399527,-0.003791786,0.405749443,0.986033684,0.999979184,0.602377162,0.074757438,-0.006517773,-0.00040271,8.43E-05,0.000308926,-0.012093631,-0.036212259,-0.042711737,-0.008467371,0,0,0,0,0.000309436,-0.025613851,0.23602388,0.936532313,1.018810866,1.002962657,1.02173029,0.493376208,-0.01489391,-0.003065428,-0.005912139,-0.022028016,0.116743175,0.39387739,0.481859681,0.096430845,0,0,0,0,-0.001712425,-0.033198062,0.55220505,1.029172049,0.943722178,0.965822072,1.018162529,0.800555182,0.071362376,-0.025913606,-0.010444336,0.267859885,0.830232308,1.015998646,0.882881575,0.186309449,0,0,0,1.49E-05,-0.018342882,0.106966571,0.809277063,0.960785537,0.297739481,0.686667603,1.028333333,0.865982094,0.070542222,0.022357026,0.477839801,0.969193866,1.009979099,0.707172999,0.119059606,-0.000617085,0,0,0,-6.84E-05,-0.032386829,0.249288875,1.004570159,0.807102663,-0.021617817,0.600419305,1.028386949,0.883851954,0.407744249,0.715493294,0.997970758,0.974942879,0.497918028,0.064464504,-0.019406148,-0.00024297,0,0,0,-0.002474929,-0.007048798,0.549986469,1.04602611,0.55460307,-0.05944904,0.613744383,1.018117936,0.989580355,0.991597367,1.031827495,0.859176828,0.271016306,0.006500255,-0.01905757,0.00050194,0,0,0,0,-0.003042228,0.000304824,0.608669322,1.038143655,0.308556198,-0.061380889,0.618193083,1.019431594,1.010388497,1.017666796,0.673898523,0.180667824,-0.021628438,-0.004136438,0.000300385,1.07E-05,0,0,0,0,-0.00509381,0.025617773,0.8322024,1.026225201,0.160643035,-0.077710363,0.507166103,1.021491871,0.815768263,0.36898552,0.066828944,-0.02932908,-0.000548082,0.000119848,0,0,0,0,0,0,-0.006350694,0.041119349,0.969202819,1.010641238,0.503106868,0.404877008,0.668417365,0.878320057,0.20468287,-0.037670108,-0.010457006,0.000204589,6.74E-05,0,0,0,0,0,0,0,-0.005986111,0.036154071,0.933504289,1.006954555,0.983829559,1.021136506,1.024464801,0.388157765,-0.017766221,-0.001781674,8.08E-05,0,0,0,0,0,0,0,0,0,-0.002141136,-0.008595724,0.489090822,1.016174326,1.041411547,0.861654922,0.483951014,0.000936394,-0.00561249,0.000330194,0,0,0,0,0,0,0,0,0,0,0.000142616,-0.011763531,0.052009446,0.357404497,0.40921003,0.168200453,-0.04077131,-0.003156148,0.000262561,0,0,0,0,0,0,0,0,0,0,0,0,0.001232726,-0.008443194,-0.042586116,-0.047978802,-0.022385553,0.001028902,0.000102727,0,0,0,0,0,0,0,0,0,0,0,0,0,0,0,0,0,0,0,0,0,0,0,0,0,0,0,0,0,0,0,0,0,0,0,0,0,0,0,0,0,0,0,0,0,0,0,0,0
0,0,0,0,0,0,0,0,0,0,0,0,0,0,0,0,0,0,0,0,0,0,0,0,0,0,0,0,0,0,0,0,0,0,0,0,0,0,0,0,0,0,0,0,0,0,0,0,0,0,0,0,0,0,0,0,0,0,0,0,0,0,0,0,0,1.28E-05,-6.43E-05,-0.002767722,-0.003588388,-0.0028678,-0.000718495,5.16E-05,0,0,0,0,0,0,0,0,0,0,0,0,0,0.000225524,-0.002794118,0.000718954,0.006252196,-0.002873417,-0.016766016,-0.001447355,0.000242143,0,0,0,0,0,0,0,0,0,0,1.24E-19,0.000153186,-0.004265812,0.016638327,0.545714929,0.674626362,0.598225184,0.25296201,-0.019297777,-0.000737638,8.51E-05,0,0,0,0,0,0,0,0,0,7.30E-05,-0.002029548,-0.021331955,0.274812857,0.965201429,1.031334797,1.037716605,0.885896735,0.231878132,-0.02033315,-0.000716571,0,0,0,0,0,0,0,0,0,-0.000278168,-0.026578275,0.24420592,0.934050691,1.00442917,1.016196751,1.003533386,1.028693507,0.585095814,0.006980331,-0.005985454,0,0,0,0,0,0,0,0,0,-0.006320466,0.054730392,0.700788909,1.032854201,0.990371061,0.71633701,0.871960512,1.029257234,0.811329197,0.067544332,-0.01627965,-0.008136438,-0.027309743,-0.034828125,-0.026136368,-0.004209304,0.000427645,0,0,0,-0.016590125,0.228790969,0.958301964,1.018817776,0.794831964,0.04916396,0.684051947,1.03276074,0.975174683,0.233594007,-0.023177628,0.079036339,0.422283548,0.558672692,0.400700933,0.044195432,-0.004803241,0,0,0,-0.028543556,0.451201048,0.886511506,1.026106839,0.48211834,-0.082559232,0.677035352,1.029403288,1.012234613,0.541305083,0.583439849,0.869860481,1.003201134,1.021826968,0.991128521,0.378710852,-0.035065189,0,0,0,-0.032505004,0.516051045,1.02488734,1.017881961,0.346704782,0.145138957,0.84639505,1.016321827,0.996061547,0.938607986,1.014159144,1.022991268,1.016684419,1.021069547,1.008501522,0.466008732,-0.042738545,0,0,0,-0.018395449,0.26121411,0.955387469,1.036340905,0.913544515,0.913102095,1.001339224,0.996005462,1.015429151,1.044321145,0.981265389,0.909585423,0.890897249,0.73643215,0.189001349,0.029747394,-0.003729974,0,0,0,-0.001709304,-0.002217661,0.343112507,0.743666071,0.990893801,1.034332006,1.007915679,1.03279565,0.86211717,0.654179168,0.362768161,0.152871732,0.055683977,0.01923926,-0.019370388,-0.007717184,0.000680828,0,0,0,0.000202972,-0.003318832,-0.017501208,0.063104762,0.33274323,0.314965737,0.500213797,0.538721661,0.159740077,0.007054798,-0.036503183,-0.01523012,-0.006704878,-0.003522008,-1.02E-05,3.40E-05,0,0,0,0,0,0.000270221,-0.001452512,-0.013449789,-0.02200994,-0.03043156,-0.009049309,-0.00904582,-0.022279837,-0.007152888,0.00028799,0,0,0,0,0,0,0,0,0,0,0,6.69E-19,1.48E-05,-0.000873079,-0.000449806,-0.002166411,-0.002343239,-6.86E-05,2.08E-05,0,0,0,0,0,0,0,0,0,0,0,0,0,0,0,0,0,0,0,0,0,0,0,0,0,0,0,0,0,0,0,0,0,0,0,0,0,0,0,0,0,0,0,0,0,0,0,0,0,0,0,0,0,0,0,0,0,0,0,0,0,0,0,0,0,0,0
0,0,0,0,0,0,0,0,0,0,0,0,0,0,0,0,0,0,0,0,0,0,0,0,0,0,0,0,0,0,0,0,0,0,0,0,0,0,0,0,0,0,0,0,0,0,0,0,0,0,0,0,0,0,0,0,0,0,0,0,0,0,0,0,0,0,8.68E-05,-0.000493763,-0.005147672,-0.006408497,-0.005165748,-0.001380362,0.000172435,0,0,0,0,0,0,0,0,0,0,0,0,0.000658701,-0.007798543,-0.02543496,0.025310253,0.044443457,0.025888583,-0.013861571,-0.005089275,0.000520833,0,0,0,0,0,0,0,0,0,4.51E-19,0.000873162,-0.010818781,0.008446776,0.283138835,0.886236332,1.004339614,0.880772569,0.370849911,-0.000392921,-0.003515625,0,0,0,0,0,0,0,0,0,0.0001154,-0.010596065,0.029495421,0.546458078,0.953291515,0.58644967,0.39357741,0.62949983,0.96160255,0.114882648,-0.018475116,0,0,0,0,0,0,0,0,0,-0.000429508,-0.036184335,0.415231323,0.957503363,0.284504337,-0.019960577,-0.060437508,0.085722963,0.83243605,0.404282417,-0.021179834,0,0,0,0,0,0,0,0,0,-0.012525276,0.164915441,0.90330719,0.379671943,-0.031547481,-0.007603486,-0.014166462,0.066142412,0.764983847,0.55978466,-0.020862439,0,0,0,0,0,0,0,0,0,-0.033629851,0.572191721,0.760436785,-0.023122855,-0.005013605,0.000294935,-0.023727635,0.145473601,0.89092339,0.249999083,-0.021080984,0,0,0,0,0,0,0,0,0,-0.041257353,0.713842831,0.746516885,-0.056802815,-9.07E-05,-0.000159382,-0.031357639,0.305154565,0.817347767,0.065925869,-0.013387459,0,0,0,0,0,0,0,0,0,-0.021539828,0.332522212,0.914555556,0.259538841,-0.037287361,-0.022895408,-0.017799173,0.56718396,0.425428258,-0.051170611,-0.018408565,-0.020465686,-0.019741285,-0.014757455,-0.013583153,-0.005240673,0.00048509,0,0,0,-0.002772971,0.001802549,0.520533203,0.954861553,0.493477141,0.09699839,0.259948382,0.923740081,0.486448626,0.136384316,0.11725869,0.153242836,0.141983613,0.086422537,0.074772173,0.023419857,-0.002198749,0,0,0,0.000304841,-0.009063011,-0.003988375,0.343466946,0.90257657,1.012569989,0.96785529,1.003444496,0.835935509,0.861003051,0.847557819,0.929671432,0.951339188,0.883319019,0.856657393,0.382769608,-0.035122209,0,0,0,0,0.000436581,-0.001452291,-0.038705065,0.143858944,0.35285015,0.515872294,0.420671143,0.110395527,0.15301068,0.213990383,0.189523693,0.230400054,0.555573887,0.568783444,0.236877638,-0.022009038,0,0,0,0,0,1.59E-17,0.00078125,-0.024066589,-0.031305964,-0.012546994,-0.015371289,-0.020700776,-0.02299682,-0.029023284,-0.027905331,-0.030301981,-0.008905654,-0.00887333,-0.00960963,0.000833589,0,0,0,0,0,0,0,6.97E-05,-0.000565564,-0.002061223,-0.001546058,9.22E-05,0,0,2.67E-05,-5.55E-05,-0.002357486,-0.002405935,-0.000757506,7.28E-05,0,0,0,0,0,0,0,0,0,0,0,0,0,0,0,0,0,0,0,0,0,0,0,0,0,0,0,0,0,0,0,0,0,0,0,0,0,0,0,0,0,0,0,0,0,0,0,0,0,0,0,0,0,0,0,0,0,0,0,0
0,0,0,0,0,0,0,0,0,0,0,0,0,0,0,0,0,0,0,0,0,0,0,0,0,0,0,0,0,0,0,0,0,0,0,0,0,0,0,0,0,0,0,0,0,0,0,0,0,0,0,0,0,0,0,0,0,0,0,0,0,0,0,0,0,6.13E-05,-0.000590278,-0.003412417,-0.005438981,-0.003944598,-0.00101588,7.38E-05,0,0,0,0,0,0,0,0,0,0,0,0,0.000259191,-0.001291258,-0.015194478,0.004051438,0.029786646,0.01045641,-0.014684351,-0.002209967,0.000300844,0,0,0,0,0,0,0,0,0,0,4.34E-05,-0.00107084,-0.019481345,0.210975082,0.66456611,0.897120711,0.726391493,0.300340669,-0.012908463,-0.000690555,0,0,0,0,0,0,0,0,0,0,-0.000179739,-0.021479711,0.187241251,0.859372566,0.948501658,0.722736537,0.920934028,0.893966759,0.190793318,-0.026226917,0.000114039,0,0,0,0,0,0,0,0,0,-0.004862215,0.027194451,0.746010898,0.836055161,0.268143893,0.018149824,0.304218913,1.035773307,0.452659101,-0.040390304,-0.000958073,0.000549509,-0.004337369,-0.018479883,-0.035760565,-0.020957156,0.001875178,0,0,0,-0.020126685,0.295005566,0.988712333,0.669097852,0.120326084,-0.027297045,0.038866524,0.906129289,0.557164777,-0.01117005,-0.005898948,-0.015590346,0.009669152,0.130108558,0.292109083,0.173675534,-0.015502876,0,0,0,-0.033919271,0.549263736,0.991674939,0.494595486,0.010823091,-0.012466997,0.060497549,0.94689985,0.437024578,-0.067365374,-0.019100507,0.115175245,0.524957108,0.855999353,0.994501634,0.558641919,-0.050555726,0,0,0,-0.043625868,0.741267855,0.887209542,0.145082142,-0.035737689,-0.019099622,0.220939338,0.897197236,0.232092031,0.11592361,0.506581121,0.910871221,1.029270374,1.026219107,0.981612076,0.346695432,-0.032293369,0,0,0,-0.028945466,0.455683211,0.993108898,0.776609783,0.244718197,-0.027799837,0.579876753,0.910804466,0.628015114,0.859096347,1.041099894,0.911178785,0.575049122,0.667422743,0.562664197,-0.006258595,-0.001037837,0,0,0,-0.004733806,0.036607592,0.600497924,0.890530519,0.52947387,0.358363516,0.932994103,1.029942454,1.019444614,0.804503903,0.408222861,0.109833442,0.009240859,0.044679895,0.035383359,-0.005471139,0.000305736,0,0,0,-0.000896599,-0.010809283,0.266731652,0.687211125,0.786744901,0.989484698,0.97614745,0.820601426,0.519264791,0.035482587,-0.027815734,-0.016655773,-0.006315359,-0.009760008,-0.008104371,0.000325095,0,0,0,0,-0.001454606,-0.016118992,0.412503319,0.939131315,0.889261632,0.564598788,0.248710886,0.11072995,0.013216997,-0.012301034,0.000646786,0,0,0,0,0,0,0,0,0,1.91E-05,-0.00134615,0.006097358,0.032328908,0.029560828,-0.003530671,-0.029481226,-0.019572917,-0.006081495,0.000741103,0,0,0,0,0,0,0,0,0,0,5.97E-06,0.000129442,-0.002156965,-0.005724775,-0.005423036,-0.002668096,-0.000184998,4.32E-05,0,0,0,0,0,0,0,0,0,0,0,0,0,0,0,0,0,0,0,0,0,0,0,0,0,0,0,0,0,0,0,0,0,0,0,0,0,0,0,0,0,0,0,0,0,0,0,0,0,0,0,0,0,0,0,0,0,0,0,0,0,0,0,0,0,0,0,0,0
0,0,0,0,0,0,0,0,0,0,0,0,0,0,0,0,0,0,0,0,0,0,0,0,0,0,0,0,0,0,0,0,0,0,0,0,0,0,0,0,0,0,0,0,0,0,0,0,0,0,0,0,0,0,0,0,0,0,0,0,0,0,0,0,0,3.57E-05,-7.25E-05,-0.005566528,-0.021100694,-0.02787357,-0.013556781,0.000856005,0,0,0,0,0,0,0,0,0,0,0,0,0.000104779,0.000272706,-0.019526178,0.038238301,0.308784637,0.431727516,0.194952597,-0.022782118,0.001056622,0,0,0,0,0,0,0,0,0,0,1.29E-18,0.000139093,-0.016901314,0.156574006,0.750849775,1.001938113,1.014001021,0.601217286,0.02248235,-0.009504199,0.000280842,4.67E-19,-2.05E-18,-2.95E-17,-3.02E-17,8.30E-19,0,0,0,0,8.27E-05,-0.013694547,0.052852345,0.709608932,1.035125759,1.014395187,1.022800347,0.977980256,0.412619502,-0.022104106,-0.002628336,-0.00151348,-0.01286969,-0.019089052,-0.017418437,-0.001071453,0.00013191,0,0,0,-0.001625239,-0.017370079,0.471626021,1.012274197,1.022365438,0.91620718,0.845439648,1.01379761,0.823385291,0.135505543,-0.05765443,-0.0302612,0.072168973,0.159738528,0.15110739,0.004354269,-0.000724848,0,0,0,-0.006925654,0.05945464,0.820440479,1.030075725,0.819094564,0.219059555,0.168406897,0.980684096,0.936381264,0.568550202,0.335571964,0.412704316,0.790979099,0.977512323,0.871202594,0.053592644,-0.006559351,0,0,0,-0.019987081,0.289143927,0.993389485,0.981832687,0.252197594,-0.059020187,0.328212742,1.000809317,0.875343359,0.883163395,0.999799258,1.004889297,1.014790237,1.009536118,0.991886202,0.383845486,-0.035495813,0,0,0,-0.031011642,0.489729013,1.042203908,0.627315734,-0.007667034,-0.047743651,0.524995796,1.01053719,0.998200214,1.006808103,1.002116405,1.000314253,1.008884174,1.025072474,0.997690507,0.416403782,-0.038386353,0,0,0,-0.038467218,0.627507302,1.047767719,0.45910529,0.085760432,0.51548303,0.879525054,1.004422369,0.998220231,1.007309136,1.008282697,1.016692283,0.887653952,0.588295547,0.325779626,0.059373638,-0.006069581,0,0,0,-0.04172812,0.684817204,1.036228089,0.891496678,0.870443584,1.012439176,1.013895326,1.004756125,1.024221291,0.943842722,0.951729699,0.687399056,0.124017468,0.00518818,-0.039545533,-0.009217928,0.000845868,0,0,0,-0.026625613,0.410528544,0.985506604,1.017325963,1.018215999,1.004512527,1.017889161,0.956539488,0.62779296,0.25189517,0.239492273,0.05180113,-0.018760127,-0.006487183,2.55E-05,5.79E-05,0,0,0,0,-0.005651859,0.047713048,0.626196759,0.987370592,0.968377733,0.972666786,0.826289114,0.351285692,0.006847784,-0.027342563,-0.023317334,-0.006371698,0.000228503,2.68E-05,0,0,0,0,0,0,0.000444189,-0.01294984,0.034356277,0.140150701,0.136094975,0.137835614,0.048086482,-0.019713525,-0.0084495,0.00034487,4.90E-05,0,0,0,0,0,0,0,0,0,1.58E-05,0.000230035,-0.004870762,-0.011836601,-0.011548958,-0.011657271,-0.006329299,-0.001004647,8.75E-05,0,0,0,0,0,0,0,0,0,0,0,0,0,0,0,0,0,0,0,0,0,0,0,0,0,0,0,0,0,0,0,0,0,0,0,0,0,0,0,0,0,0,0,0,0,0,0,0,0,0,0,0,0,0,0,0,0,0,0,0,0,0,0,0,0,0,0,0
0,0,0,0,0,0,0,0,0,0,0,0,0,0,0,0,0,0,0,0,0,0,0,0,0,0,0,0,0,0,0,0,0,0,0,0,0,0,0,0,0,0,0,0,0,0,0,0,0,0,0,0,0,0,0,0,0,0,0,0,0,0,0,0,0,0,0,0,0,0,0,0,0,0,0,0,0,0,0,0,0,0,0,0,0,9.33E-20,0.000382966,-0.002595084,-0.020264093,-0.018634804,-0.000766238,5.12E-05,7.34E-06,0,0,0,0,0,0,0,0,0,0,0,1.55E-17,0.001053156,-0.014312279,-0.020733256,0.126677015,0.11216539,-0.041789063,-0.017787531,0.000651115,0.000110635,0,0,0,0,0,0,0,0,0,6.64E-05,-4.05E-05,-0.025319734,0.101343529,0.527707425,0.851242885,0.832326372,0.555018144,0.174981584,-0.013090817,-0.000828908,0,0,0,0,0,0,0,0,0,-0.000494986,-0.016742183,0.211068053,0.781307003,0.816513706,0.495199374,0.517319582,0.932203878,0.839475697,0.101446911,-0.014519214,0,0,0,0,0,0,0,0,0,-0.002829657,-0.002825163,0.614406233,0.767835801,0.053357792,-0.032412514,-0.054220129,0.311178649,1.085051862,0.216971978,-0.022685236,-9.01E-05,1.93E-05,0,0,0,0,0,0,0,-0.00391345,0.017094618,0.700383289,0.385403816,-0.037743909,-0.008699993,-0.025106805,0.596429602,0.84951617,0.055392378,-0.036299922,-0.035499387,-0.036206801,-0.028476716,-0.026292956,-0.017940564,-0.002650735,0,0,0,-0.006023335,0.047866541,0.890329657,0.291356481,-0.049805399,-0.014906369,0.255776331,0.986654088,0.60723909,0.294588922,0.403841435,0.290110839,0.277392889,0.209241507,0.184157987,0.109244315,0.012517753,0,0,0,-0.005784875,0.045050841,0.863449363,0.275590993,0.150985046,0.648947849,0.934817487,1.035166548,0.891083929,0.866628688,0.897644795,0.950440564,0.887513634,0.839793079,0.878422268,0.78648332,0.157508119,0,0,0,-0.003944142,0.01262418,0.740291893,0.501376846,0.227208968,0.783329206,0.497806908,0.241534759,0.127009447,0.090323932,0.098373028,0.111279402,0.094050946,0.114896339,0.217654152,0.348562142,0.074462551,0,0,0,-0.000812449,-0.026437211,0.370090295,0.912955457,0.412189661,0.023258272,-0.026034688,-0.020882013,-0.018794764,-0.014821722,-0.015788569,-0.017239243,-0.015290884,-0.016921126,-0.019238582,-0.019692266,-0.00435883,0,0,0,-0.000110498,-0.010524748,0.074328312,0.628194172,0.923763945,0.194885451,-0.018594261,0,0,0,0,0,0,0,0,0,0,0,0,0,1.93E-05,0.000601409,-0.015033378,0.051983064,0.194990386,0.010780144,-0.00113911,0,0,0,0,0,0,0,0,0,0,0,0,0,0,2.94E-05,0.000229116,-0.00589037,-0.014341191,-0.00130336,0.000131485,0,0,0,0,0,0,0,0,0,0,0,0,0,0,0,0,0,0,0,0,0,0,0,0,0,0,0,0,0,0,0,0,0,0,0,0,0,0,0,0,0,0,0,0,0,0,0,0,0,0,0,0,0,0,0,0,0,0,0,0,0,0,0,0,0,0,0,0,0,0
0,0,0,0,0,0,0,0,0,0,0,0,0,0,0,0,0,0,0,0,0,0,0,0,0,0,0,0,0,0,0,0,0,0,0,0,0,0,0,0,0,0,0,0,0,0,0,0,0,0,0,0,0,0,0,0,0,0,0,0,0,0,0,0,0,0,0,4.89E-06,5.77E-06,-0.000476869,-0.005372038,-0.008883936,-0.002079512,0.00011106,3.83E-06,0,0,0,0,0,0,0,0,0,0,0,8.27E-05,0.000331315,-0.011740894,-0.029296313,0.035579844,0.089744707,-0.00701687,-0.006779259,0.000473601,0,0,0,0,0,0,0,0,0,0,2.26E-17,0.000354371,-0.023854528,0.048731686,0.327290016,0.782198257,0.960707142,0.455633043,0.016071112,-0.003050109,0.000117017,-0.000780824,-0.021880902,-0.015718614,0.001382932,0,0,0,0,0.000376838,-0.00228622,-0.02992579,0.203269027,0.756588865,0.925198002,0.532770918,0.567459593,0.947227029,0.305483984,-0.027782118,-0.010928394,-0.012089376,0.229955549,0.173801743,-0.0152548,0,0,0,6.11E-05,-0.002453732,-0.01192571,0.234125936,0.895079966,0.679086173,0.155037487,-0.029231771,-0.003678254,0.857210212,0.514496165,-0.068143115,0.039725704,0.536519931,1.002814717,0.516780044,-0.04672192,0,0,0,-0.000224673,-0.024189355,0.217756059,0.91298349,0.619380699,0.036341503,-0.026014008,-0.023227822,0.199979456,0.916865531,0.400829963,0.077231294,0.687528322,0.989225728,0.653592818,0.140488664,-0.013999523,0,0,0,-0.00448846,0.020647552,0.757682564,0.678987217,0.024394287,-0.016326934,-0.015052883,-0.057501855,0.481647246,0.873683927,0.392732315,0.795721201,0.90627051,0.361892753,0.016244836,-0.018932632,0.001276552,0,0,0,-0.027801981,0.453720861,0.852356822,0.143175943,-0.049401166,0.345903356,0.414464631,0.210279276,0.847470724,1.014265725,0.987026076,0.655716078,0.156463116,-0.026166667,-0.009598314,0.000479133,0,0,0,0,-0.040521395,0.708213014,0.600162037,-0.061082363,0.010521007,0.678246834,1.004345282,0.860929415,1.031798424,0.979522254,0.544260672,0.076169407,-0.020755089,-0.001076491,9.10E-05,5.62E-06,0,0,0,0,-0.041375861,0.728458753,0.465362076,0.163992822,0.584181685,0.982119988,1.008757881,1.028820336,0.855276912,0.369854902,-0.001310892,-0.015604032,0.0005597,3.79E-05,0,0,0,0,0,0,-0.030616473,0.486668471,0.971255804,0.929628285,0.863252534,0.944567981,0.988488817,0.592575606,0.123872021,-0.022494327,-0.007248775,0.000319649,2.45E-05,0,0,0,0,0,0,0,-0.004450827,0.056382915,0.322449074,0.287990571,0.39891559,0.868067096,0.408643723,0.013724537,-0.018939236,0.000287901,0.000110635,0,0,0,0,0,0,0,0,0,0.000665492,-0.009745421,-0.031436292,-0.03438014,0.023279422,0.099910607,-0.017068917,-0.010023216,0.000549428,0,0,0,0,0,0,0,0,0,0,0,2.60E-06,-1.56E-05,-0.000417228,-9.76E-05,-0.003266479,-0.009122447,-0.001391136,0.000142259,3.37E-06,0,0,0,0,0,0,0,0,0,0,0,0,0,0,0,0,0,0,0,0,0,0,0,0,0,0,0,0,0,0,0,0,0,0,0,0,0,0,0,0,0,0,0,0,0,0,0,0,0,0,0,0,0,0,0,0,0,0,0,0,0,0,0,0,0,0,0,0
0,0,0,0,0,0,0,0,0,0,0,0,0,0,0,0,0,0,0,0,0,0,0,0,0,0,0,0,0,0,0,0,0,0,0,0,0,0,0,0,0,0,0,0,0,0,0,0,0,0,0,0,0,0,0,0,0,0,0,0,0,0,0,0,0,0,1.63E-05,0.00026171,-0.003929636,-0.010516595,-0.002749234,0.000190717,0,0,0,0,0,0,0,0,0,0,0,0,0,5.97E-18,0.00051845,-0.016048775,0.022981141,0.121599435,0.004678002,-0.00675,0.000616363,0,0,0,0,0,0,0,0,0,0,0,2.99E-18,0.000904225,-0.01737243,0.0535741,0.50734409,0.894816534,0.500323683,0.013084542,-0.004486568,0,0,0,0,0,0,0,0,0,0,0,0.000471814,-0.013399289,0.078101937,0.626472423,0.927600116,0.857221235,0.849966844,0.130375255,-0.018415067,0,0,0,0,0,0,0,0,0,0,5.01E-05,-0.006709266,0.005584855,0.550161683,0.961454195,0.401670437,0.399497982,0.815301082,0.116468108,-0.016583201,0,0,0,0,0,0,0,0,0,0,-0.000275991,-0.023924854,0.221334065,0.913643638,0.430847533,-0.067379204,0.483367545,0.761488086,0.047630225,-0.009259305,0,0,0,0,0,0,0,0,0,0,-0.003453125,0.00595435,0.671964665,0.758762868,0.051055994,-0.060193151,0.687640812,0.62397389,-0.023262102,-0.013160695,-0.028216912,-0.034537377,-0.033970588,-0.033970588,-0.034381497,-0.03157935,-0.006755515,0,0,0,-0.006283037,0.040725473,0.995485039,0.585682802,-0.028254776,0.093035165,0.784736707,0.179442998,-0.056451542,0.054060169,0.197343069,0.253747447,0.254812092,0.27195321,0.278784073,0.252516085,0.052603316,0,0,0,-0.006363256,0.043598107,0.99392499,0.480486383,0.067177296,0.647691176,0.986089393,0.310237371,0.401711227,0.73303198,0.946011029,1.018828976,0.9425,0.747091248,0.715757103,0.69785352,0.165421773,0,0,0,-0.003914944,0.011758999,0.715995203,0.796375454,0.746062426,0.93002023,0.909467782,0.728794213,0.765626554,0.763599827,0.483759104,0.323655901,0.122915766,0.058281307,0.046759826,0.056114916,0.017258571,0,0,0,2.78E-05,-0.019012953,0.124651961,0.653961959,0.614121605,0.208905569,0.170500919,-0.00289488,-0.015628064,-0.020481228,-0.020762527,-0.020533088,-0.018104575,-0.011248128,-0.00996766,-0.010573938,-0.002828159,0,0,0,8.94E-06,-0.000764927,0.002764723,0.032050603,0.015558783,-0.021961806,-0.016750068,-0.000679977,0.000109783,0,0,0,0,0,0,0,0,0,0,0,0,0.000237132,-0.001558517,-0.009089461,-0.007023052,0.000214461,0,0,0,0,0,0,0,0,0,0,0,0,0,0,0,0,0,0,0,0,0,0,0,0,0,0,0,0,0,0,0,0,0,0,0,0,0,0,0,0,0,0,0,0,0,0,0,0,0,0,0,0,0,0,0,0,0,0,0,0,0,0,0,0,0,0,0,0,0,0,0,0,0,0,0,0,0,0,0,0,0,0,0,0,0,0,0,0,0,0,0
0,0,0,0,0,0,0,0,0,0,0,0,0,0,0,0,0,0,0,0,0,0,0,0,0,0,0,0,0,0,0,0,0,0,0,0,0,0,0,0,0,0,0,0,0,0,0,0,0,0,0,0,0,0,0,0,0,0,0,0,0,0,0,0,0,0,0,7.34E-06,2.08E-05,-0.001579657,-0.001823683,-0.000290748,4.04E-05,0,0,0,0,0,0,0,0,0,0,0,0,1.31E-18,0.000303309,-0.002737251,-0.022714052,-0.017976511,-0.012045905,-0.006111724,0.000476336,1.84E-05,0,0,0,0,0,0,0,0,0,0,2.80E-19,3.41E-17,-0.001602669,-0.014254073,0.14334889,0.451395118,0.450043284,0.08909935,-0.012438904,5.46E-05,0,0,0,0,0,0,0,0,0,0,0.000321691,-0.001765046,-0.032042143,0.431811602,0.872190972,1.048934641,1.018224435,0.431604303,-0.018054961,-0.002638378,0,0.000429773,-0.004616864,-0.013888719,-0.007880583,0.000706359,0,0,0,5.01E-05,-0.002223513,-0.023314344,0.364229478,0.982395511,0.977313331,0.681363971,0.958348603,0.563168508,-0.009963294,-0.003969773,-0.005144511,-0.028269282,-0.000760925,0.07812873,0.050098855,-0.004445905,0,0,0,-0.000104422,-0.023278612,0.184750391,0.889870813,0.99112081,0.352226069,0.071440666,0.893614141,0.433590669,-0.028651757,-0.018711295,0.012979609,0.173062313,0.504627945,0.851051595,0.441146514,-0.039899918,0,0,0,-0.004480443,0.023695789,0.662322559,0.966911935,0.416895391,-0.027114668,0.335495149,0.952430947,0.282344176,-0.057478904,0.166369043,0.609713508,0.91546521,0.962349043,0.735505924,0.148724894,-0.014743753,0,0,0,-0.029745711,0.473681577,0.988805998,0.421008647,-0.032458692,-0.00962917,0.664943917,0.811824414,0.131303462,0.41756057,0.908489311,1.035835597,0.778074993,0.311080236,0.008047691,-0.017925688,0.001302083,0,0,0,-0.044685968,0.759887408,0.896290254,0.135456836,-0.070824042,0.219766731,0.923088388,0.67146298,0.594625153,1.045155653,0.905421586,0.466165969,0.052311615,-0.026881706,-0.004011659,-1.28E-05,2.30E-05,0,0,0,-0.043804013,0.730940358,1.002416245,0.450171467,0.123267204,0.696325653,1.016005955,0.966044953,0.996376829,0.74013291,0.151189668,-0.021148717,-0.013067343,0.000503343,1.95E-05,0,0,0,0,0,-0.021029769,0.316516408,0.837030484,0.993311938,0.888540384,1.010978367,1.021247702,0.808098686,0.361231243,0.065923559,-0.022797862,-0.003064577,0.000242034,9.19E-06,0,0,0,0,0,0,0.000673611,-0.024638344,0.125084508,0.253999132,0.318600257,0.510645442,0.320862745,0.12246332,-0.038661373,-0.008405351,0.000574449,0,0,0,0,0,0,0,0,0,0.000125919,-0.00045098,-0.020147059,-0.035353588,-0.029318413,-0.01137117,-0.029230477,-0.021257047,0.000547488,7.34E-05,0,0,0,0,0,0,0,0,0,0,0,0,1.40E-19,4.24E-05,-0.00045524,-0.002107996,-0.000527318,7.17E-05,0,0,0,0,0,0,0,0,0,0,0,0,0,0,0,0,0,0,0,0,0,0,0,0,0,0,0,0,0,0,0,0,0,0,0,0,0,0,0,0,0,0,0,0,0,0,0,0,0,0,0,0,0,0,0,0,0,0,0,0,0,0,0,0,0,0,0,0,0
0,0,0,0,0,0,0,0,0,0,0,0,0,0,0,0,0,0,0,0,0,0,0,0,0,0,0,0,0,0,0,0,0,0,0,0,0,0,0,0,0,0,0,0,0,0,0,0,0,0,0,0,0,0,0,0,0,0,0,0,0,0,0,0,0,6.84E-19,0.000113358,-0.001533672,-0.005764144,-0.004849622,-0.000462112,4.67E-05,0,0,0,0,0,0,0,0,0,0,0,0,0,0.000719975,-0.008830678,-0.013109297,0.033342031,0.02229393,-0.018467286,-0.004200929,0.000520973,0,0,0,0,0,0,0,0,0,0,0,0.00032935,-0.006652114,0.020406965,0.396515463,0.910037309,0.807792177,0.214347512,0.011780007,-0.002757327,2.54E-18,0,0,0,0,0,0,0,0,0,1.99E-05,-0.003234273,-0.013566942,0.44745915,0.983433411,1.019085614,1.020612643,0.842902284,0.206807104,-0.027454445,9.87E-05,2.76E-05,9.26E-05,-0.003924803,-0.007592604,-0.012517191,-0.003181849,0,0,0,-3.19E-05,-0.029990267,0.218858417,0.970608788,0.981918216,0.606620518,0.849610782,1.0446775,0.500598766,-0.014220557,-0.003476995,0.00019455,-0.014787004,-0.0061487,0.020032203,0.06449732,0.015709612,0,0,0,-0.001800654,-0.015379255,0.476587912,1.04154136,0.923909084,0.377103196,0.821658803,1.059011676,0.572782118,-0.006757317,-0.021830797,-0.03967659,0.087494724,0.469992664,0.64957856,0.801313062,0.209914556,0,0,0,-0.004338337,0.016277301,0.750058875,1.029509191,0.646442732,0.329975439,0.976378472,0.993457908,0.393854082,-0.029394796,0.223596763,0.553944904,0.790541173,1.018297913,1.054788431,1.068877128,0.282247345,0,0,0,-0.005672743,0.032757949,0.895306117,1.010949414,0.662876615,0.717805641,1.017751191,0.967703721,0.585075487,0.644343314,0.918870285,1.044082687,0.879808517,0.814541105,0.679748142,0.493726052,0.097244213,0,0,0,-0.006280025,0.040247753,0.961499796,0.997570227,0.969106912,1.001896395,0.992789999,0.999984579,1.036903339,1.04799485,0.881687551,0.573482537,0.160953074,0.083988443,0.020436506,-0.034230375,-0.006480494,0,0,0,-0.006246127,0.039829688,0.957805005,0.998017661,0.995479605,1.005926634,1.027516153,0.95829583,0.763998648,0.63233019,0.194794019,-0.00365422,-0.020915984,-0.013937161,-0.006318417,0.00028943,0,0,0,0,-0.006241626,0.039436853,0.95982547,1.007366439,1.019259457,0.92034438,0.601350031,0.3756154,0.005991371,-0.026310247,-0.015703976,-0.005801505,-5.72E-05,3.37E-05,0,0,0,0,0,0,-0.003552594,0.009985669,0.639075742,0.930008987,0.749192484,0.285524101,-0.012300041,-0.039263531,-0.002477022,0.000458603,0,0,0,0,0,0,0,0,0,0,4.24E-06,-0.001309624,0.008898335,0.036061717,0.014739717,-0.018170854,-0.006153765,0.000453125,1.38E-05,0,0,0,0,0,0,0,0,0,0,0,1.76E-05,-2.20E-06,-0.003521293,-0.00596732,-0.004272044,-0.000811887,8.17E-05,0,0,0,0,0,0,0,0,0,0,0,0,0,0,0,0,0,0,0,0,0,0,0,0,0,0,0,0,0,0,0,0,0,0,0,0,0,0,0,0,0,0,0,0,0,0,0,0,0,0,0,0,0,0,0,0,0,0,0,0,0,0,0,0,0,0,0,0,0,0
0,0,0,0,0,0,0,0,0,0,0,0,0,0,0,0,0,0,0,0,0,0,0,0,0,0,0,0,0,0,0,0,0,0,0,0,0,0,0,0,0,0,0,0,0,0,0,0,0,0,0,0,0,0,0,0,0,0,0,0,0,0,0,0,0,2.30E-05,-0.000182802,-0.002560841,-0.003111162,-0.000861417,2.17E-05,3.98E-06,0,0,0,0,0,0,0,0,0,0,0,0,0.000485294,-0.002938725,-0.021661799,-0.005695548,0.000768672,-0.024084184,-0.006667756,0.000449959,0,0,0,0,0,0,0,0,0,0,0,0.00011106,-0.004017412,-0.00297389,0.181389178,0.570074752,0.641335852,0.349217593,0.02944887,-0.00328656,6.33E-18,0,0,0,0,0,0,0,0,0,0,-0.001135876,-0.01002211,0.285563164,0.856671909,0.890485678,0.795057479,1.002709321,0.345169424,-0.025955457,0.000301659,0,0,0,0,0,0,0,0,0,0,-0.00517911,0.026757861,0.853091038,0.882470361,0.16224337,0.066597604,0.796366349,0.753636946,0.046214484,-0.009193272,0,0,0,0,0,0,0,0,0,0,-0.005457159,0.031271872,0.908625306,0.471115247,-0.046071043,-0.037168045,0.548023216,0.841228418,0.102066976,-0.015282704,0,0,0,0,0,0,0,0,0,0,-0.00263797,-0.00420738,0.59328222,0.660267497,0.017658133,-0.045487251,0.513267906,0.686808687,-0.005329742,-0.037146366,-0.028175245,-0.015053922,-0.012007659,-0.005785846,0.000366883,2.45E-05,0,0,0,0,-6.87E-05,-0.013736281,0.089569461,0.714063504,0.421392133,0.265258936,0.883011421,0.640896327,0.163406863,0.219821688,0.197206495,0.081301471,0.053988579,0.003616302,-0.045468404,-0.022183841,-0.001416973,0,0,0,1.69E-05,9.64E-05,-0.028497277,0.253623145,0.792381256,0.873583078,1.024519131,0.941365026,0.936155586,0.974691122,0.942271991,0.777780263,0.743907237,0.611821555,0.465927381,0.239084712,0.014264876,0,0,0,0,6.60E-05,-0.000378246,-0.021981897,0.568848869,0.914074555,0.836850516,0.543900711,0.282386725,0.357585273,0.674863302,0.656246127,0.687548102,0.893716233,0.969456509,0.900069979,0.204551978,0,0,0,0,0,0.000170207,-0.002965005,0.022736198,0.051148897,0.038486775,-0.018802339,-0.021033752,-0.022412628,-0.004225388,-0.011458078,-0.00495464,0.044608184,0.292645106,0.305716231,0.053258783,0,0,0,0,0,2.33E-18,0.000127655,-0.003500673,-0.006331699,-0.005189185,-0.000163824,3.19E-05,0.000152868,-0.001442504,-0.000808058,-0.001392719,-0.005579385,-0.027152294,-0.027587997,-0.004721541,0,0,0,0,0,0,0,0,0,0,0,0,0,0,0,0,0,0,0,0,0,0,0,0,0,0,0,0,0,0,0,0,0,0,0,0,0,0,0,0,0,0,0,0,0,0,0,0,0,0,0,0,0,0,0,0,0,0,0,0,0,0,0,0,0,0,0,0,0,0,0,0,0,0,0,0,0,0,0,0,0,0,0,0,0,0,0,0,0,0,0,0,0,0,0,0,0,0,0,0
0,0,0,0,0,0,0,0,0,0,0,0,0,0,0,0,0,0,0,0,0,0,0,0,0,0,0,0,0,0,0,0,0,0,0,0,0,0,0,0,0,0,0,0,0,0,0,0,0,0,0,0,0,0,0,0,0,0,0,0,0,0,0,0,0,0,0,0,0.000135417,-0.001516646,-0.010297232,-0.018637663,-0.011540245,-0.001010774,0.000121272,0,0,0,0,0,0,0,0,0,0,0,0,0.000388896,-0.003881076,-0.010783718,0.116687364,0.273494979,0.141157039,-0.009958214,-0.000426454,8.27E-05,0,0,0,0,0,0,0,0,0,3.50E-18,0.00059998,-0.009764821,-0.03391379,0.38802885,0.932518212,0.963589733,0.889030071,0.289098754,-0.021247106,-0.000585172,-6.20E-18,-1.04E-16,-1.18E-16,1.04E-17,0,0,0,0,0,0.000297862,-0.009803071,0.04769387,0.461347699,0.950326491,0.759200436,0.319255532,0.894221648,0.620885927,-0.028233167,-0.002233796,-0.004856856,-0.020457958,-0.012087248,0.001076559,0,0,0,0,0.000645714,-0.006564109,-0.018950036,0.557227373,0.997661768,0.616287622,0.054444292,0.082882051,0.910265589,0.579197767,-0.026797997,-0.019744881,0.004976017,0.259892176,0.232828955,-0.020522078,0,0,0,7.60E-05,-0.005500817,0.002182275,0.382296347,0.984686757,0.504784314,-0.007010417,-0.048628472,0.325371324,0.904233402,0.245927407,-0.05009518,0.062339648,0.540130293,1.00729976,0.455181356,-0.041153067,0,0,0,-0.000464818,-0.027121715,0.317264842,0.970115366,0.565412267,0.003638736,-0.025343103,-0.047656744,0.548287973,0.834538424,-0.014637187,0.175475541,0.727349231,1.041398506,0.575962388,0.05544841,-0.006698921,0,0,0,-0.00772309,0.076981022,0.818109937,0.656990162,0.012090212,0.056373621,0.115272672,0.186763123,0.9189447,0.462582871,0.326270935,0.915791973,0.939180283,0.527617783,0.012048208,-0.013383034,0.000622106,0,0,0,-0.031589563,0.523294662,0.854511949,0.119549275,0.046045395,0.614891033,0.365427441,0.620354252,1.020996698,0.802718142,0.980827444,0.687632693,0.189568917,0.032691398,-0.011945141,0.000225694,1.79E-05,0,0,0,-0.043221791,0.752486225,0.667927181,0.060782089,0.619717391,0.86497532,0.559412682,0.97924198,1.03800764,0.955395926,0.576801904,0.070029656,-0.035557356,-0.007141474,0.000859162,0,0,0,0,0,-0.043107741,0.724366388,0.879322049,0.828011285,1.007282231,0.784185117,0.969783922,0.930515489,0.604029854,0.222218706,-0.032063589,-0.009314577,0.000294458,3.57E-05,0,0,0,0,0,0,-0.018870762,0.282823291,0.808685372,0.652611435,0.705289209,0.956972478,0.736975626,0.227182938,-0.016252774,-0.027362538,0.000982945,0,0,0,0,0,0,0,0,0,0.000638123,-0.013125953,0.018885008,-0.001894914,0.158409275,0.262685355,0.06371075,-0.030968597,-0.004748315,0.000609025,0,0,0,0,0,0,0,0,0,0,7.09E-05,-0.000940155,-0.004653186,-0.003008272,-0.011924657,-0.018219669,-0.006911663,7.22E-05,3.72E-05,0,0,0,0,0,0,0,0,0,0,0,0,0,0,0,0,0,0,0,0,0,0,0,0,0,0,0,0,0,0,0,0,0,0,0,0,0,0,0,0,0,0,0,0,0,0,0,0,0,0,0,0,0,0,0,0,0,0,0,0,0,0,0,0,0,0,0,0
0,0,0,0,0,0,0,0,0,0,0,0,0,0,0,0,0,0,0,0,0,0,0,0,0,0,0,0,0,0,0,0,0,0,0,0,0,0,0,0,0,0,0,9.54E-05,-0.001732909,-0.000196078,1.59E-05,0,0,0,0,0,0,0,0,0,0,0,0,0,0,0,0,-0.000833946,0.01515002,0.001714222,-0.000138991,0,0,0,0,0,0,0,0,0,0,0,0,0,0,0,0,-0.001835478,0.033344516,0.003772927,-0.000305913,0,0,0,0,0,0,0,0,0,0.000373775,-0.006510028,-0.010652574,0.000934436,0,0,0,-6.43E-05,0.001168811,0.000270544,-0.001085155,-0.017661751,-0.024882557,-0.019807836,-0.000576151,0.000119996,0,5.76E-19,6.25E-18,0.000712742,-0.010350371,0.013699282,0.063700895,-0.005562789,0,0,0,6.06E-05,-0.000100456,-0.012200044,-0.008351665,0.181867246,0.269082414,0.206051539,-0.011896616,-0.005351988,0.00071746,-0.001226171,-0.011781556,-0.028560134,0.054646906,0.561702506,0.475416071,-0.041950487,0,0,0,0.000371927,-0.020247493,0.090493236,0.562805294,0.942802891,0.941808834,0.956724077,0.438309299,-0.000856264,-0.007107609,-0.023705872,0.052451252,0.304101885,0.757098433,1.075271486,0.550268113,-0.04990157,0,0,0,-0.00771732,0.080942742,0.707138208,0.956288552,0.617086747,0.39156136,0.666626855,0.945862337,0.249976035,-0.047936692,0.315977414,0.766924071,1.039875766,0.966472869,0.651678539,0.120030042,-0.01214214,0,0,0,-0.030202053,0.481285386,0.996533037,0.447825929,-0.025260877,-0.05071538,0.051229728,0.973472188,0.506828142,0.510266924,0.980915935,1.004849077,0.603087946,0.235548288,0.027829515,-0.016526331,0.001159535,0,0,0,-0.044491064,0.767951985,0.782347478,0.008234324,-0.013819504,-0.011556253,0.08206524,0.960715329,0.99654279,1.027191819,0.776651195,0.284888395,-0.007541956,-0.027752042,-0.009733704,0.000496324,0,0,0,0,-0.034296313,0.570836414,0.867556662,0.170098839,-0.039422754,-0.016600814,0.55378319,1.03225994,0.957015199,0.508245859,0.048969124,-0.021935287,-0.003402318,-0.000180913,4.40E-05,0,0,0,0,0,-0.007809914,0.078455441,0.805015898,0.691247197,0.099000518,0.484523647,1.016323139,0.875977097,0.318365911,-0.025630127,-0.014275203,0.000224614,8.07E-05,0,0,0,0,0,0,0,0.000296671,-0.021953261,0.102000255,0.758379987,0.894947651,1.028821555,0.722717048,0.160715465,-0.031740485,-0.004142208,0.000331904,0,0,0,0,0,0,0,0,0,2.30E-05,-0.014378983,0.069800126,0.755128047,1.039849001,0.646927305,0.092595673,-0.02813957,0.000729371,0,0,0,0,0,0,0,0,0,0,0,0,-0.008861826,0.047176692,0.464560526,0.392508306,0.014761404,-0.014740775,0.000196385,4.50E-05,0,0,0,0,0,0,0,0,0,0,0,0,0.000534007,-0.002799683,-0.028416871,-0.025793537,-0.00394904,-2.46E-05,4.41E-05,0,0,0,0,0,0,0,0,0,0,0,0,0,0,0,0,0,0,0,0,0,0,0,0,0,0,0,0,0,0,0,0,0,0,0,0,0,0,0,0,0,0,0,0,0,0,0,0,0,0,0,0,0,0,0,0,0,0,0,0,0,0,0,0,0,0,0,0,0
0,0,0,0,0,0,0,0,0,0,0,0,0,0,0,0,0,0,0,0,0,0,0,0,0,0,0,0,0,0,0,0,0,0,0,0,0,0,0,0,0,0,0,0,0,0,0,0,0,0,0,0,0,0,0,0,0,0,0,0,0,0,0,0,0,0,0,0,0,0,0,0,0,0.000736213,-0.011634804,-0.030378625,-0.002460886,0.000424361,0,0,0,0,0,0,0,0,0,0,0,0,0,0,0,-0.012191023,0.19415288,0.490376362,0.019321878,-0.005739473,7.97E-05,0,0,3.11E-19,2.70E-18,1.28E-06,0.000259991,-0.001276978,-0.01773046,-0.026660994,-0.017834286,-0.001205491,0.000283395,1.66E-18,0,-0.020124387,0.307760978,0.875176062,0.275971031,-0.026291478,-0.000563215,0,0,0.000251906,-0.001310587,-0.015986775,-0.023994673,-0.006030688,0.181539011,0.283347091,0.182611315,-0.006244809,-0.005938011,0.000232843,0,-0.004980239,0.03084518,0.748086465,0.505415067,-0.027048887,-0.002359239,0,0,-0.001656068,0.002017016,0.15482889,0.361487726,0.688908898,0.968726611,0.993136522,0.932318495,0.519913171,-0.006669028,-0.002211335,0,-0.003615527,0.0063024,0.730601874,0.583992346,-0.003866176,-0.004913341,0,0,-0.016040305,0.09853573,0.888219873,1.032721507,0.850861656,0.626180539,0.630357167,0.673080661,0.932426437,0.337646395,-0.022142157,0,-0.003267667,0.003231839,0.65031473,0.827048356,0.074911235,-0.013384055,0,0,-0.021080133,0.146195324,1.033296007,0.887945738,0.152840567,-0.039247004,-0.049806554,0.174819359,0.90629216,0.670476358,-0.039898437,0,-0.002551726,-0.005875374,0.567910097,0.928785029,0.10612475,-0.016762493,0,0,-0.014407169,0.083334301,0.846539097,0.981079146,0.46834472,0.445747651,0.436090865,0.68252245,1.010342644,0.468242579,-0.029693883,8.15E-05,-0.005509532,0.02029519,0.802052475,1.033036935,0.144950318,-0.020933245,0,0,-0.005850014,0.015923423,0.484687806,0.964726494,1.042762953,1.028835393,1.026177965,1.018242375,0.872409535,0.149104524,-0.033776501,-0.021517672,-0.030202002,0.244354167,0.994404105,0.878971763,0.097805583,-0.01586346,0,0,0.000251213,-0.005508122,0.004984357,0.280413049,0.834256213,0.98044189,0.999810075,1.023327015,0.87826726,0.626969311,0.602844207,0.614098975,0.63389998,0.881168369,1.043456358,0.595436896,0.003019066,-0.00574715,0,0,3.57E-05,0.000275672,-0.006411697,-0.026116217,0.145995711,0.366969124,0.491459616,0.791683364,0.983350575,1.036677815,1.031840993,0.905380913,1.032180726,1.03688637,0.896718818,0.25419024,-0.022018925,-0.000770187,0,0,0,0,4.85E-05,0.00065785,-0.014638651,-0.036705304,-0.020343987,0.104014229,0.239258612,0.266041156,0.261552083,0.172665658,0.261747396,0.269080321,0.175684589,-0.007792075,-0.001388192,8.94E-05,0,0,0,0,0,0,1.03E-18,0.000272672,-0.002473401,-0.017644301,-0.032914522,-0.035960478,-0.035435662,-0.025373915,-0.03545864,-0.036312194,-0.025787071,-0.001600797,0.000322857,0,0,0,0,0,0,0,0,0,0,0,0,0,0,0,0,0,0,0,0,0,0,0,0,0,0,0,0,0,0,0,0,0,0,0,0,0,0,0,0,0,0,0,0,0,0,0,0,0,0,0,0,0,0,0,0,0,0,0,0,0,0,0,0,0,0,0,0,0,0,0,0,0,0,0,0,0,0,0,0,0,0
0,0,0,0,0,0,0,0,0,0,0,0,0,0,0,0,0,0,0,0,0,0,0,0,0,0,0,0,0,0,0,0,0,0,0,0,0,0,0,0,0,0,0,0,0,0,0,0,0,0,0,0,0,0,0,0,0,0,0,0,0,0,0,0,0,0,0,0,0.000154718,-0.002090176,-0.009922283,-0.005786203,-3.10E-05,5.57E-05,0,0,0,0,0,0,0,0,0,0,0,0,3.98E-05,0.001002507,-0.014602431,-0.007984341,0.117840159,0.055167245,-0.001985345,-0.000353009,0,0,0,0,0,0,0,0,0,0,0,1.58E-31,0.000273693,-0.012133219,0.055626038,0.490125613,0.911801198,0.626213967,0.023114885,-0.007580167,1.40E-18,1.63E-18,-1.73E-16,-2.92E-16,-1.04E-16,9.59E-18,0,0,0,0,0,1.19E-17,-0.007316006,0.008568427,0.615002196,0.744437653,0.423088712,0.753934845,0.062322266,-0.01146361,-0.00249149,-0.012460172,-0.020340414,-0.020867134,-0.00898012,0.000825504,0,0,0,0,0,0.001538869,-0.037204456,0.437663643,0.870382,0.167581122,0.401899603,0.613706433,0.004172954,-0.015669136,-0.017778117,0.065099415,0.347795205,0.490384681,0.17620205,-0.016299105,0,0,0,3.37E-06,0.00050623,-0.017854694,0.128265165,0.783018171,0.254131383,-0.028267889,0.670829725,0.382736179,-0.046664832,0.030588371,0.404459525,0.799218307,0.917338337,0.886197906,0.47894727,-0.043652982,0,0,0,9.35E-05,-0.008667211,0.013086397,0.586727601,0.399965944,-0.054209984,0.362825929,0.796597358,0.082949125,0.226892656,0.741690325,0.926740043,0.574126021,0.179356073,0.156485909,0.149277897,-0.013396565,0,0,0,-0.000508936,-0.030118702,0.395159365,0.648690513,-0.018033814,0.206841435,0.917033769,0.745572457,0.485043199,0.857686737,0.712521906,0.273467133,-0.017230222,-0.028351307,-0.022840437,-0.016209406,0.001466759,0,0,0,-0.013006332,0.175640029,0.852650361,0.359700521,0.220330568,0.744936019,1.037012476,0.993835665,0.861792262,0.319317224,-0.029483779,-0.02107901,-0.001901246,0.000102635,-3.16E-05,-0.000130974,1.15E-05,0,0,0,-0.026773063,0.447256567,0.675551717,0.380553212,0.939858167,1.014843344,0.823290836,0.47358368,0.10633851,-0.027403978,-0.00398985,0.00025478,0,0,0,0,0,0,0,0,-0.037919322,0.63851891,0.742829725,0.834124728,0.981279979,0.85540419,0.186434317,-0.048285999,-0.014923015,-0.001134279,0.000228077,0,0,0,0,0,0,0,0,0,-0.028321793,0.451762187,0.888920394,0.645462623,0.212620986,0.282813691,0.379086261,0.011931968,-0.002265574,0,0,0,0,0,0,0,0,0,0,0,-0.000364124,0.002878472,0.057416854,0.007493345,-0.03002721,-0.012466333,0.043719669,0.004015489,-0.000357128,0,0,0,0,0,0,0,0,0,0,0,0.000155331,-0.002350643,-0.006921058,-0.003478809,5.50E-06,-0.001056883,-0.003756893,-0.000224775,2.63E-05,0,0,0,0,0,0,0,0,0,0,0,0,0,0,0,0,0,0,0,0,0,0,0,0,0,0,0,0,0,0,0,0,0,0,0,0,0,0,0,0,0,0,0,0,0,0,0,0,0,0,0,0,0,0,0,0,0,0,0,0,0,0,0,0,0,0,0,0
0,0,0,0,0,0,0,0,0,0,0,0,0,0,0,0,0,0,0,0,0,0,0,0,0,6.74E-19,9.70E-05,-0.00101776,-0.008200231,-0.014225558,-0.012178819,-0.002889774,0.000223697,1.19E-05,0,0,0,0,0,0,0,0,0,0,0,0.000611471,-0.006843891,-0.029060162,0.026019221,0.082580307,0.063204058,-0.017823264,-0.019714086,0.00071695,0,0,0,0,0,0,0,0,0,1.53E-06,0.000426879,-0.008086193,0.028244741,0.349241555,0.662987234,0.829210223,0.774381161,0.459651501,0.12368318,-0.013600065,0.000493362,6.43E-06,0,0,0,0,0,0,0,8.22E-05,-0.006762697,0.009107026,0.424117205,0.961536372,1.03999857,1.036814457,1.035096252,1.015356788,0.703561803,0.046392787,-0.012185185,0.000637561,0,0,0,0,0,0,0,-0.000640063,-0.021811411,0.287775089,0.934566704,1.031269652,0.908066466,0.652623434,0.759148506,1.012261523,1.018880957,0.537730954,2.73E-05,-0.005588099,2.81E-05,0,0,0,0,0,0.000167135,-0.006720878,0.029842797,0.746926964,1.02820001,0.876725827,0.293298798,-0.046692776,0.092061479,0.764181066,1.026013446,0.931955065,0.227795922,-0.025552526,-0.000248672,0,0,0,0,0,-0.000174517,-0.021638335,0.351037259,0.984544726,1.014992713,0.408347078,-0.036488236,-0.002870806,-0.029744439,0.257703518,0.945247335,1.036009658,0.493228364,-0.013285129,-0.001960988,0,0,0,0,0,-0.015824875,0.105258119,0.832290816,1.030499387,0.883850252,0.087980192,-0.01796909,0.000292245,-0.000207823,-0.033534858,0.826757912,1.034691228,0.657283905,0.005825572,-0.003488664,0,0,0,0,0,-0.041362358,0.347087061,0.986696215,1.033470401,0.557073717,-0.011181668,-0.02041602,-0.002952206,0.001400735,-0.031582755,0.606203766,1.032187279,0.648761812,0.005057462,-0.00341779,0,0,0,0,0,-0.037616485,0.311529871,0.965522314,1.03085769,0.640911714,0.028556826,0.084397314,0.018223192,-0.014072253,0.039212708,0.828611841,1.042595741,0.478679177,-0.014611962,-0.001840584,-4.20E-16,1.02E-17,0,0,0,-0.012670906,0.077172386,0.780979082,1.027463133,0.876375272,0.671303589,0.688731345,0.105965431,-0.018811904,0.522336686,1.006553052,0.937699619,0.211366745,-0.048310951,-0.02119858,-0.017634829,0.000428922,0,0,0,0.00042714,-0.034124475,0.469646315,1.015301863,1.009142615,1.030933781,1.000821291,0.758417496,0.726954619,0.958267498,1.005363166,0.947694805,0.73466736,0.687515491,0.706801836,0.59313503,-0.014426474,0,0,0,8.97E-05,-0.007599129,0.06493927,0.666460257,1.016223941,1.003964694,0.996578687,1.014876225,1.019206155,1.010885706,1.006414146,1.006783446,1.021917909,1.028340329,1.046286526,0.878032557,-0.021355869,0,0,0,0,0.000319547,-0.014352737,0.047824534,0.404931849,0.883077059,0.976385263,0.97338157,0.8966266,0.794848907,0.803494592,0.800785284,0.801099146,0.803374643,0.817351103,0.685931882,-0.016683517,0,0,0,0,3.49E-05,0.000743873,-0.013764621,-0.023235754,0.123365079,0.192908378,0.191972529,0.115967831,0.016193985,0.022153177,0.022041513,0.022054449,0.022148233,0.022495881,0.018880464,-0.000459218,0,0,0,0,0,0,0.000123826,-0.001111366,-0.010601841,-0.014675347,-0.014618719,-0.010228707,-0.004466146,-0.004821399,-0.004803768,-0.004805811,-0.004820619,-0.004903084,-0.004114794,0.000100082,0,0,0,0,0,0,0,0,0,0,0,0,0,0,0,0,0,0,0,0,0,0,0,0,0,0,0,0,0,0,0,0,0,0,0,0,0,0,0,0,0,0,0,0,0,0,0,0,0,0,0,0,0,0,0,0,0,0,0,0,0
0,0,0,0,0,0,0,0,0,0,0,0,0,0,0,0,0,0,0,0,0,0,0,0,0,0,0,0,0,0,0,0,0,0,0,0,0,0,0,0,0,0,0,0,0,1.02E-17,0.000921283,-0.017785295,-0.045623497,-0.038625413,-0.00381558,0.000377889,0,0,0,0,0,0,0,0,0,0,0,0,0,0.00048509,-0.013315632,0.130691744,0.386149425,0.320210835,0.012520731,-0.002395425,3.06E-05,0,0,0,0,0,0,0,0,0,0,0,0.000408088,-0.010210512,0.048543164,0.725838208,1.063283497,0.992763872,0.392425688,-0.030988647,0.000540133,0,0,0,0,0,0,0,0,0,0,3.19E-05,-0.002374609,-0.011135468,0.294917892,0.947610506,0.811122566,0.986281641,0.766429653,0.053082635,-0.010099466,0,0,0,0,0,0,0,0,0,0,-0.000271395,-0.019509412,0.184221235,0.822145101,0.700072544,0.041224026,0.664306151,0.91445578,0.199031131,-0.025634911,0,0,0,0,0,0,0,0,0,0,-0.002700868,-0.000393584,0.548483602,0.904601202,0.148567517,0.015724491,0.713490057,0.958197502,0.266162662,-0.032753093,0,0,0,0,0,0,0,0,0,0,-0.00488414,0.022562177,0.845333929,0.669893195,-0.003276144,0.121698291,0.847676845,1.035398659,0.373539522,-0.044206922,0,0,2.94E-05,-0.000253013,-0.002293985,-0.00336683,-0.000534569,0,0,0,-0.006059283,0.040493413,0.958391595,0.444860124,-0.045969182,0.115979439,0.851279616,0.950084355,0.250548611,-0.031160572,0.000492034,-0.010257047,-0.015358745,-0.026957329,-0.009444767,0.00448686,-0.002421994,0,0,0,-0.004420394,0.022982962,0.761491813,0.356797369,-0.050886803,-0.009205219,0.702326559,0.972712929,0.277645867,-0.035808416,-0.030162871,0.040452853,0.076977226,0.240956921,0.533500842,0.675231601,0.138513378,0,0,0,-0.003010263,0.00218173,0.626762425,0.535220605,-0.002303242,-0.028746579,0.676374762,0.939743566,0.215598073,-0.031421348,0.267035148,0.68623926,0.778917211,0.972426028,1.028826519,0.660470571,0.102995779,0,0,0,-0.000808569,-0.009356257,0.21747977,0.705259858,0.705856911,0.40607889,0.960347265,0.971902508,0.693180822,0.755075063,0.984826206,1.016793904,0.924366788,0.54486354,0.28246415,0.015990057,-0.0142697,0,0,0,6.23E-05,-1.77E-05,-0.023726682,0.103041428,0.231145931,0.532999336,1.004555351,1.000428071,1.020897059,1.021760663,0.805062483,0.412331393,0.136581597,-0.020336584,-0.021117498,-0.007566551,0.000245098,0,0,0,0,0,0.000936138,-0.01593784,-0.02050516,0.572615366,1.046163722,1.025620643,0.954402778,0.624961036,0.099720929,-0.018800705,-0.017431611,-5.15E-05,0.000101912,0,0,0,0,0,0,0,0,-0.006608115,0.022045983,0.520309419,0.891703193,0.833406488,0.330274799,-0.009498933,-0.018516187,-0.002192555,0.000363971,0,0,0,0,0,0,0,0,0,0,0.000380413,-0.008162172,0.024419339,0.179271191,0.121901076,-0.013636506,-0.004428988,7.43E-05,1.15E-05,0,0,0,0,0,0,0,0,0,0,0,0,0.000712714,-0.005628389,-0.023721414,-0.017532918,-0.000867881,0.000195264,0,0,0,0,0,0,0,0,0,0,0,0,0,0,0,0,0,0,0,0,0,0,0,0,0,0,0,0,0,0,0,0,0,0,0,0,0,0,0,0,0,0,0,0,0,0,0
0,0,0,0,0,0,0,0,0,0,0,0,0,0,0,0,0,0,0,0,0,0,0,0,0,0,0,0,0,0,0,0,0,0,0,0,0,0,0,0,0,0,0,0,0,0,0,0,0,0,0,0,0,0,0,0,0,0,0,0,0,0,0,0,0,0,0,0,0,0,0,0,0,0,0,0,0,0,0,0,0,0,0,0,0,4.67E-19,0.000260417,-0.001921243,-0.015679534,-0.030146446,-0.015498775,-0.000763787,0.000176104,0,4.41E-05,0.000307292,-0.008499694,-0.013120338,0.000278799,0,0,0,0,0,4.67E-19,0.000191483,-0.003402437,-0.01302933,0.085619247,0.21377114,0.088210052,-0.009636063,-0.000573407,0.000147229,0.000392395,-0.021388242,0.024576814,0.072894178,-0.00138191,2.98E-18,0,0,0,0,0.000269608,-0.003483626,-0.005979882,0.344289776,0.781967559,0.974340754,0.739946266,0.176573444,-0.016248845,-0.013040407,-0.030410607,0.188207499,0.661534892,0.63479745,-0.022714291,0.000642531,0,0,0,0,-0.001353492,-0.020666147,0.367036301,0.961359987,1.041127485,0.853358998,0.9590183,0.733278131,0.022190125,0.046447624,0.496308667,0.921363937,1.046451735,0.843908327,0.084715938,-0.009313046,0,0,0,0.000240349,-0.025041973,0.118219839,0.860545258,1.040637442,0.645134481,0.032940189,0.357184743,0.966957789,0.408687426,0.75109101,1.025875851,1.025182836,1.034804534,0.74975655,0.187604422,-0.018312143,0,0,0,-0.002814338,-0.004658241,0.620631315,1.051052951,0.780621204,0.053253183,-0.068988664,0.27420641,0.990336618,0.978143743,1.031175517,0.996263668,0.830230494,0.464881723,0.098181655,-0.02675594,0.001606328,0,0,0,-0.017174428,0.238186257,0.990228928,0.912644608,0.210121887,-0.0529952,0.145400991,0.779125681,1.015788569,1.011143213,0.629414301,0.277620047,0.053784331,-0.018919764,-0.013938996,0.000423135,0,0,0,0,-0.028878523,0.450689236,1.04721344,0.557043828,-0.048524486,0.184543267,0.822275071,1.020847188,1.02687037,0.676388023,0.053922062,-0.029460563,-0.00663608,-0.001566993,-0.000116791,2.66E-05,0,0,0,0,-0.039257776,0.649076814,0.988857364,0.32682728,0.16307214,0.84269703,1.021150296,1.025018684,0.83183776,0.132170546,-0.025752619,0.00102931,0,0,0,0,0,0,0,0,-0.027863051,0.436129391,0.998347171,0.727985379,0.85617095,1.017925177,1.010516816,0.87561186,0.24092179,-0.034547936,-0.000198291,0,0,0,0,0,0,0,0,0,-0.007381944,0.078902642,0.623218529,1.03384986,1.012144345,1.012757047,0.992367953,0.348662122,-0.014520408,-0.001566742,5.53E-05,0,0,0,0,0,0,0,0,0,0.000630821,-0.031250562,0.116117698,0.841395987,1.060820934,0.835966588,0.387242051,0.011354099,-0.006254391,0.00037422,0,0,0,0,0,0,0,0,0,0,1.56E-05,-0.005130362,0.010056492,0.41849549,0.656462928,0.227694819,-0.033827308,-0.004245813,0.000263174,0,0,0,0,0,0,0,0,0,0,0,0,0.000631038,-0.00644297,0.00232675,0.019179754,-0.012404814,-0.00069188,0.000176104,0,0,0,0,0,0,0,0,0,0,0,0,0,0,0.000365945,-0.004120711,-0.007600077,-0.001308892,0.000127655,0,0,0,0,0,0,0,0,0,0,0,0,0,0,0,0,0,0,0,0,0,0,0,0,0,0,0,0,0,0
0,0,0,0,0,0,0,0,0,0,0,0,0,0,0,0,0,0,0,0,0,0,0,0,0,0,0,0,0,0,0,0,0,0,0,0,0,0,0,0,0,0,0,0,0,0,0,0,0,0,0,0,0,0,0,0,0,0,0,0,0,0,0,0,0,0,0,0,0,0,0,0,0,0,0,0,0,0,0,0,0,0,0,0,0,0,0,0,0,0,0,0,0,0,0,0,0,0,0,0,0,0,0,0,0,0,6.22E-18,-3.51E-17,-3.75E-16,-4.12E-16,-3.95E-17,3.92E-18,0,0,0,0,0,4.10E-18,-3.87E-17,-2.72E-17,0,0,0,0,0,0.000229779,-0.002190564,-0.015857996,-0.021045581,-0.020914862,-0.009448359,0.000604575,0,0,0,0,0.000274033,-0.005027822,-0.017349707,-0.006026518,0,0,0,0,0.000154091,-0.001445212,-0.011365109,0.140230305,0.592655959,0.614339815,0.103650687,-0.008303167,0,1.59E-05,0.000589051,-0.007108964,-0.029045595,-0.003884177,0.160287646,0.078328034,0,0,0,4.00E-05,-0.000798254,-0.025294067,0.255745677,0.866619278,0.824049803,0.96247646,0.519181815,-0.032822917,-0.001114559,-0.009671313,-0.029028118,0.026915748,0.199245609,0.544579427,0.897037701,0.249150854,0,0,0,-0.000371324,-0.01455239,0.158670207,0.814430845,0.688219192,0.174625034,0.833785012,0.477631213,-0.053039454,-0.027662295,0.105635723,0.354074704,0.729412258,0.928929926,0.869702383,0.51061312,0.033868856,0,0,0,-0.004122855,0.013208231,0.737986469,0.94882518,0.099641253,0.231775701,0.897054177,0.308131264,0.262837589,0.4679158,0.873741643,1.004135672,0.825695108,0.611805539,0.182081346,-0.014915152,-0.006741728,0,0,0,-0.005559232,0.030915577,0.894865707,0.926815223,0.175502867,0.700943917,0.979250443,0.707112473,0.975135689,1.04197529,0.71657804,0.36410643,0.116372617,-0.043087691,-0.014051201,-0.001778442,4.87E-05,0,0,0,-0.002498064,-0.006343538,0.545995849,1.050914455,0.919817133,1.016674871,0.999387849,0.884181784,0.395468727,0.159668783,0.040435317,-0.037549784,-0.01836778,0.000641229,4.88E-05,0,0,0,0,0,-9.27E-05,-0.014837367,0.11326925,0.621154514,0.746000384,0.494190836,0.386555436,0.100098805,-0.029235941,-0.020100077,-0.009846303,-0.000437602,0.000134804,0,0,0,0,0,0,0,1.66E-05,0.000717507,-0.0130713,0.024739754,0.050838905,-0.036268467,-0.036739175,-0.010600916,0.000732741,0,0,0,0,0,0,0,0,0,0,0,0,5.51E-05,0.000171569,-0.008161765,-0.01176012,-0.00087163,9.96E-05,0,0,0,0,0,0,0,0,0,0,0,0,0,0,0,0,0,0,0,0,0,0,0,0,0,0,0,0,0,0,0,0,0,0,0,0,0,0,0,0,0,0,0,0,0,0,0,0,0,0,0,0,0,0,0,0,0,0,0,0,0,0,0,0,0,0,0,0,0,0,0,0,0,0,0,0,0,0,0,0,0,0,0,0,0,0,0,0,0,0
0,0,0,0,0,0,0,0,0,0,0,0,0,0,0,0,0,0,0,0,0,0,0,0,0,0,0,0,0,0,0,0,0,0,0,0,0,0,0,0,0,0,0,0,0,0,0,0,0,0,0,0,0,0,0,0,0,0,0,0,0,0,0,0,1.56E-05,6.62E-05,-0.002162582,-0.012259539,-0.022079963,-0.028917892,-0.015072355,-0.002341503,0.00024199,7.66E-06,0,0,0,0,0,0,0,0,0,2.94E-05,0.000404105,-0.010560985,-0.007977771,0.15282301,0.332596712,0.456333078,0.202623996,0.001152284,-0.007776945,0.000417177,0,0,0,0,0,0,0,0,0,0.000596763,-0.018773727,0.029188811,0.502015182,0.921941183,0.998282373,1.015577359,0.936263804,0.420267497,0.000660338,-0.004277812,0,0,0,0,0,0,0,0,0,-0.009453482,0.116269574,0.667130668,0.992399186,0.85036442,0.347357281,0.382809198,0.940160114,0.959754528,0.280500982,-0.018220146,0,0,0,0,0,0,0,0,0,-0.031414078,0.495375715,1.059884534,0.734319399,0.119163304,-0.056102058,-0.05723474,0.414942963,1.025076553,0.733571006,-0.032406105,0.000998736,0,0,0,0,0,0,0,0,-0.038055556,0.617940496,1.048400395,0.676257149,0.014570594,-0.009008885,-0.023602431,0.132666973,0.865729677,0.861468108,0.075664063,-0.008450351,0,0,0,0,0,0,0,0,-0.040246324,0.656200163,1.053172505,0.928388906,0.167444101,-0.022761336,-0.014456733,0.068394863,0.759196317,0.969709959,0.243187398,-0.025568696,0.000500919,-0.01134375,-0.020022013,-0.000752145,9.96E-05,0,0,0,-0.020065002,0.301121647,0.837112303,0.969618907,0.742975334,0.077362847,-0.037329946,0.250838525,0.969803054,0.90832834,0.165657544,-0.039810883,-0.035121187,0.055271889,0.12410219,-0.015806356,0.001184215,0,0,0,-0.002744434,0.038144336,0.106663824,0.583517753,0.955930048,0.21543093,-0.030731056,0.597622294,1.022554313,0.860980579,0.401090227,0.488963933,0.323048322,0.633640829,0.837662515,0.262120949,-0.024453636,0,0,0,0.000409686,-0.005861155,-0.035249514,0.134920169,0.907997882,0.623512342,0.67404833,0.999292935,1.024435459,0.971191816,0.956551965,0.994878572,1.00671803,1.047307845,1.050102874,0.518038995,-0.047379251,0,0,0,0,0,-0.003197763,0.015400071,0.728355754,1.026120268,1.030802883,0.952325436,0.669596303,0.402267641,0.401527965,0.42196264,0.637145067,0.644910897,0.437555032,0.082509702,-0.008391204,0,0,0,0,0,0.000351052,-0.022749949,0.357923427,0.968544458,0.728965261,0.279648438,0.033567419,-0.030571454,-0.02528622,-0.023723175,-0.007683092,-0.007256689,-0.019563766,-0.009060287,0.000808483,0,0,0,0,0,5.31E-18,-0.003165339,0.011453552,0.20286986,0.076160012,-0.029849094,-0.01073412,-0.000637764,-0.001118566,-0.0014856,-0.004960784,-0.005122549,-0.002080531,0.000104167,0,0,0,0,0,0,8.71E-19,0.000254289,-0.002479006,-0.015221252,-0.007559079,-0.000212214,5.44E-05,0,0,0,0,0,0,0,0,0,0,0,0,0,0,0,0,0,0,0,0,0,0,0,0,0,0,0,0,0,0,0,0,0,0,0,0,0,0,0,0,0,0,0,0,0,0,0,0,0,0,0,0,0,0,0,0,0,0,0,0,0,0,0,0,0,0,0,0
0,0,0,0,0,0,0,0,0,0,0,0,0,0,0,0,0,0,0,0,0,0,0,0,0,0,0,0,0,0,0,0,0,0,0,0,0,0,0,0,0,0,0,0,0,0,0,0,0,0,0,0,0,0,0,0,0,0,0,0,0,0,0,0,0,0,0,0,0,0,0,0,0,0,0,0,0,0,0,0,0,0,0,0,0,0,0,0,0,0,0,0,0,0,0,0,0,0,0,0,0,0,0,5.60E-19,1.53E-05,0.000928479,-0.011515353,-0.036994008,-0.039497379,-0.032036782,-0.001919509,0.000247651,0,1.52E-18,-4.68E-18,0.000638276,-0.00647212,-0.03736089,-0.022665186,0.00201057,0,0,0,0.000104167,-0.000827206,-0.025087997,0.110101103,0.403843946,0.432617953,0.344333895,0.005150718,-0.004937704,0.000481024,-0.000910097,-0.010972903,-0.028032067,0.052904582,0.406470894,0.251149323,-0.022248179,0,0,0,-0.000728874,-0.015948494,0.269289555,0.817311089,1.012138928,1.016916555,0.991514563,0.462660222,-0.018988117,-0.00725243,-0.03175212,0.057330962,0.419676277,0.771389976,1.059200752,0.557883562,-0.050552532,0,0,0,-0.009801215,0.111155501,0.834149084,1.004273318,0.596323546,0.512145408,0.914608098,0.902235549,0.173193866,-0.026585664,0.345244724,0.740538943,1.038940462,0.958410199,0.627864046,0.1911763,-0.018356822,0,0,0,-0.026778237,0.414891561,1.025671603,0.533628762,-0.001663473,-0.052506281,0.486346524,0.993936138,0.639736622,0.660602112,0.99116042,1.035836295,0.828282969,0.250107962,0.006422843,-0.022307836,0.001680794,0,0,0,-0.043960784,0.74939185,0.870256059,0.104584576,-0.030028382,-0.013358694,0.521569172,1.003383102,1.003264076,1.02507747,0.934230767,0.465662514,0.135021906,-0.032818372,-0.007832895,0.000465516,0,0,0,0,-0.039364583,0.659149408,0.919417977,0.20041665,-0.059035421,0.304328261,0.943368532,1.02118493,1.007093988,0.6707303,0.214961023,0.034336261,-0.019274612,2.57E-05,6.50E-05,5.11E-07,0,0,0,0,-0.028197434,0.44118729,1.030565339,0.394077901,0.018373273,0.856884877,1.057091164,0.841223826,0.359823845,0.02943513,-0.033483551,-0.006537035,0.00083527,3.67E-06,0,0,0,0,0,0,-0.015795905,0.213567436,0.977661424,0.827531471,0.553890995,0.835576065,0.717647348,0.105596899,-0.030386863,-0.009687742,0.000401688,0,0,0,0,0,0,0,0,0,-0.00248846,0.012590057,0.390859358,0.627010944,0.662548748,0.155233013,0.059762612,-0.007373434,8.34E-05,0,0,0,0,0,0,0,0,0,0,0,0.000186326,-0.002400037,-0.014252468,-0.001030688,0.005681247,-0.02176411,-0.012809283,-0.000373468,8.09E-05,0,0,0,0,0,0,0,0,0,0,0,9.04E-06,-3.70E-05,-0.00145767,-0.00298606,-0.003322327,-5.69E-05,1.15E-05,0,0,0,0,0,0,0,0,0,0,0,0,0,0,0,0,0,0,0,0,0,0,0,0,0,0,0,0,0,0,0,0,0,0,0,0,0,0,0,0,0,0,0,0,0,0,0,0,0,0,0,0,0,0,0,0,0,0,0,0,0,0,0,0,0,0,0,0,0,0
0,0,0,0,0,0,0,0,0,0,0,0,0,0,0,0,0,0,0,0,0,0,0,0,0,0,0,0,0,0,0,0,0,0,0,0,0,0,0,0,0,0,0,0,0,0,0,0,0,0,0,0,0,0,0,0,0,0,0,0,0,0,0,0,0,0,0,0,4.95E-05,-0.000699704,-0.00284952,-0.001298356,4.30E-05,8.68E-06,0,0,0,0,0,0,0,0,0,0,0,0,0.000168505,-0.000316436,-0.015549275,-0.026155552,-0.00274103,-0.021332227,-0.019055226,0.000643553,0,0,0,0,0,0,0,0,0,0,1.77E-18,0.000180845,-0.002550126,-0.025037368,0.077042245,0.349809487,0.625058262,0.445839444,0.111325143,-0.023146276,0.001425483,1.03E-18,0,0,0,0,0,0,0,8.68E-06,0.000502621,-0.007316772,-0.009878047,0.310060824,0.752600388,0.817072015,0.688751481,0.752970095,0.761244565,0.154916088,-0.015792143,7.05E-05,0,0,0,0,0,0,0,0.000120001,-0.007318342,0.000383936,0.494324885,0.907038258,0.507535143,0.091228989,0.018248882,0.051236904,0.815825519,0.522101796,-0.029718519,-0.001638743,0,0,0,0,0,0,0,-0.001270782,-0.021406063,0.45432901,0.924846388,0.340532371,-0.029596609,-0.01421875,-0.007997345,-0.032586295,0.69906523,0.650267616,-0.022497447,-0.010408292,-0.013508578,-0.013108261,-0.005783292,0.000531046,0,0,0,-0.014452614,0.201634991,0.882364481,0.388765778,-0.028064252,-0.003737575,6.38E-05,-0.000311053,-0.013093597,0.703418175,0.475040084,-0.058537497,0.061157748,0.196705729,0.190129071,0.074762731,-0.006909552,0,0,0,-0.033665901,0.57772258,0.663094158,-0.012290237,-0.008257001,0.000462623,9.96E-05,-0.010908139,0.104896344,0.799088653,0.362511012,0.449940428,0.828962299,0.804010604,0.802047341,0.462848924,-0.041970486,0,0,0,-0.039676062,0.711729643,0.250999081,-0.02127645,0.000242448,0.000141953,-0.001984273,-0.043563198,0.413510519,0.968006927,0.876393723,0.77316185,0.384554926,0.114128404,0.099602578,0.117913263,-0.010463474,0,0,0,-0.03884381,0.702671603,0.147564035,-0.044911642,-0.032569778,-0.005734683,-0.017262087,0.23976883,0.860509186,0.712126105,0.242467286,0.047084166,-0.045364997,-0.016826515,-0.014702971,-0.014642697,0.001304472,0,0,0,-0.036925041,0.622423747,0.757511319,0.466457397,0.307497333,0.033556066,0.079281369,0.782803258,0.430259481,-0.006990577,-0.025183483,-0.0103862,2.57E-05,5.16E-05,0,0,0,0,0,0,-0.007329197,0.10248269,0.361370779,0.553318934,0.514887489,0.103816279,0.02937357,0.19210049,-0.007383749,-0.005926583,0.000459559,0,0,0,0,0,0,0,0,0,0.001070772,-0.017562194,-0.031501787,-0.008543828,0.007414734,0.005068627,-0.005140455,-0.026242953,-0.003151042,0.00046961,0,0,0,0,0,0,0,0,0,0,0,6.99E-05,-0.000498315,-0.002204912,-0.002664588,-0.000680147,6.38E-05,0,0,0,0,0,0,0,0,0,0,0,0,0,0,0,0,0,0,0,0,0,0,0,0,0,0,0,0,0,0,0,0,0,0,0,0,0,0,0,0,0,0,0,0,0,0,0,0,0,0,0,0,0,0,0,0,0,0,0,0,0,0,0,0,0,0,0,0,0,0
0,0,0,0,0,0,0,0,0,0,0,0,0,0,0,0,0,0,0,0,0,0,0,0,0,0,0,0,0,0,0,0,0,0,0,0,0,0,0,0,0,0,0,0,0,4.35E-18,0.001035425,-0.01201321,-0.050735804,-0.049971872,-0.049564633,-0.0215352,0.000907978,0.000130447,0,0,0,0,0,0,0,0,0,4.44E-06,0.000222784,-0.001303411,-0.030937585,0.076885149,0.435099401,0.428141953,0.423992749,0.162393757,-0.019477498,-0.000449176,0,0,0,0,0,0,0,0,0,6.19E-05,-0.003724997,-0.006434096,0.310332993,0.667279123,1.064250306,1.07421252,1.072271395,0.811109137,0.139957859,-0.020786526,0.000635723,0,0,0,0,0,0,0,0,-0.001216605,-0.008534109,0.288215397,0.863610396,1.03271021,0.960636625,0.804789828,0.840855988,1.025741677,0.607755595,0.027399323,-0.004253898,0,0,0,0,0,0,0,0,-0.004353554,0.013483864,0.797860975,1.026679466,0.985299978,0.497845044,0.05526348,0.199519557,0.874110345,0.962024021,0.232445023,-0.024254153,0.00020527,0,0,0,0,0,0,0,-0.016060087,0.218821984,0.964980348,1.017515762,0.545335712,-0.001585715,-0.028583221,0.018463679,0.649267356,1.053756344,0.531978415,-0.038866383,-0.000958481,0,0,0,0,0,0,0,-0.023857128,0.359969635,1.002953874,0.871026961,0.144917417,-0.021977465,0.000910948,-0.040790271,0.404706053,1.02143339,0.755985873,0.074616745,-0.014318934,0,0,0,0,0,0,0,-0.02439277,0.369757047,1.02622806,0.606167637,0.003044702,-0.006289999,0.00028125,-0.040099265,0.404729745,1.019345828,0.748709899,0.073940223,-0.014186275,0,0,0,0,0,0,0,-0.030967525,0.489198427,1.043296756,0.564557138,-0.004322439,-0.00486843,-0.001955882,-0.0233157,0.466822474,1.045443266,0.570781267,-0.049100473,-0.000240809,0,0,0,0,0,0,0,-0.023551777,0.354219873,1.014218427,0.777496613,0.050133725,-0.014728179,-0.00913191,0.032002042,0.677549547,1.030947169,0.433755157,-0.040589137,7.72E-05,0,0,0,0,0,0,0,-0.013737261,0.176479081,0.952777489,0.995622902,0.31939579,-0.029021001,-0.012172557,0.030824093,0.699645126,0.969142002,0.201663439,-0.063015232,-0.016311198,-0.001037463,0.00021479,0,0,0,0,0,-0.001982741,-0.002709899,0.425482469,0.866893195,0.947422972,0.319675296,-0.021491694,0.114747702,0.817586278,0.981667329,0.544161373,0.31335803,0.111610124,-0.009585716,-0.002346164,0.000175143,0,0,0,0,0.000171313,-0.002805573,-0.046070959,0.370303496,0.999758299,0.798844737,0.068226052,0.091969771,0.79919184,1.036575727,1.045990417,1.002906676,0.807997294,0.289894829,-0.03380223,-0.017461363,0.001371017,0,0,0,4.60E-06,0.000241115,-0.005384974,0.010484205,0.268639952,0.457655467,0.062010042,-0.021660556,0.273339444,0.544778002,0.666576951,0.889863154,1.020879562,0.903058483,0.340356369,0.09204376,-0.009536271,0,0,0,0,0,0.000280842,-0.002487234,-0.018916677,-0.028105647,-0.003580372,0.000691381,-0.018566023,-0.04017218,0.018571181,0.162047113,0.475532833,0.975499268,1.019349242,0.509403935,-0.046561819,0,0,0,0,0,0,0,0,0,0,0,1.22E-05,0.000618743,-0.006045004,-0.031953549,0.004288519,0.355465686,0.47805554,0.166429127,-0.015451962,0,0,0,0,0,0,0,0,0,0,0,0,0,0,0.00057598,-0.004011268,-0.019092627,-0.021792494,-0.011308551,0.001029752,0,0,0,0,0,0,0,0,0,0,0,0,0,0,0,0,0,0,0,0
0,0,0,0,0,0,0,0,0,0,0,0,0,0,0,0,0,0,0,0,0,0,0,0,0,0,0,0,0,0,0,0,0,0,0,0,0,0,0,0,0,0,0,0,0,0,5.71E-05,0.00118867,-0.017246749,-0.022062289,6.97E-05,9.91E-05,0,0,0,0,0,0,0,0,0,0,0,0,7.54E-05,-3.64E-05,-0.00780707,-0.040396692,0.119959695,0.165938794,-0.014902471,2.31E-05,0,0,0,0,0,0,0,0,0,0,0,0,-0.000272365,-0.005205338,0.075855443,0.446633053,0.818390114,0.837828789,0.205422249,-0.014848703,0,0,0,0,0,0,0,0,0,0,2.36E-18,0.000275735,-0.013813521,0.015909858,0.677995285,1.034867056,1.01512357,1.04565305,0.707015608,-0.043025531,0,0,0,0,0,0,0,0,0,0,0.000672618,-0.008586091,-0.008250987,0.463975797,0.966365213,1.015392955,1.002505174,1.02890819,0.718020476,-0.043563725,0,0,0,0,0,0,0,0,0,0,-0.006413608,0.03217446,0.484767403,0.982687348,0.973219871,0.880973499,0.804289725,1.045941683,0.715179739,-0.043406863,0,0,0,0,0,0,0,0,0,0,-0.041124699,0.343225473,1.016524016,1.02747132,0.524295701,0.19777489,0.622674394,1.063839222,0.722854677,-0.043828738,0,0,3.40E-05,-0.000149765,-0.002144199,-0.000985844,6.03E-05,0,0,0,-0.041041947,0.352257047,0.869585308,0.665928071,0.059413228,0.063322802,0.915474401,1.029427049,0.614478299,-0.03787454,0,0.000768382,-0.012331801,-0.024837027,-0.008422215,-0.013806765,3.20E-05,0,0,0,-0.001107578,0.009487064,0.025367868,0.006905671,-0.064031846,0.178410837,0.95005273,0.97672835,0.164371,-0.064124013,-0.047977984,-0.054678513,0.05184472,0.200331716,0.48895224,0.292557054,-0.012337963,0,0,0,0.00024092,-0.002063215,-0.008184487,-0.005308619,0.334128217,0.777263378,0.994647059,0.98213831,0.61527371,0.521927458,0.526287232,0.515641544,0.695239566,0.903536271,1.014733132,0.818331601,-0.021478248,0,0,0,0,0,-0.015775651,0.087214324,0.771518249,1.070668036,1.000556846,0.996241898,1.026776986,1.035015966,1.031655614,1.032532918,1.022399566,1.017068301,0.979304774,0.794979139,-0.019237054,0,0,0,0,0,-0.007745098,0.04905399,0.298270527,0.650252979,0.979896174,1.001150497,1.002537071,1.003982026,0.999697746,1.000322202,1.015912071,0.856682955,0.315691857,0.160926922,-0.004274748,0,0,0,0,0,0.000689338,-0.005444496,-0.02044841,0.02559739,0.2341162,0.252876685,0.251722018,0.252027642,0.250887483,0.251118515,0.259203074,0.166070057,-0.025729728,-0.017564782,0.000412752,0,0,0,0,0,0,0.00011489,-0.000684743,-0.008502201,-0.032400429,-0.034475797,-0.034362132,-0.034403186,-0.034250031,-0.034278493,-0.035236213,-0.024462929,-0.000383885,0.000190779,0,0,0,0,0,0,0,0,0,0,0,0,0,0,0,0,0,0,0,0,0,0,0,0,0,0,0,0,0,0,0,0,0,0,0,0,0,0,0,0,0,0,0,0,0,0,0,0,0,0,0,0,0,0,0,0,0,0,0,0,0,0,0,0,0,0,0,0,0,0,0,0,0,0,0,0,0,0,0,0,0,0
0,0,0,0,0,0,0,0,0,0,0,0,0,0,0,0,0,0,0,0,0,0,0,0,0,0,0,0,0,0,0,0,0,0,0,0,0,0,0,0,0,0,0,0,0,0,0,0,0,0,0,0,0,0,0,0,0,0,0,0,0,0,0,0,0,2.19E-18,0.0001154,-0.003258989,-0.005817913,-0.002982333,4.52E-05,1.32E-05,0,0,0,0,0,0,0,0,0,0,0,0,0,0.001302083,-0.015485771,0.003239931,0.033811853,0.000120336,-0.007752825,0.000386234,0,0,0,0,0,0,0,0,0,0,0,0,0.000436581,-0.012645527,0.07571921,0.632830551,0.936969754,0.597140319,0.03672018,-0.004877451,0,0,0,0,0,1.07E-17,-1.01E-16,-7.09E-17,0,0,0,2.91E-05,-0.004554739,-0.012297624,0.56474903,0.996512644,0.810393263,1.016292484,0.323049632,-0.024114022,0.000232359,0,0,0.0001234,-0.001069751,-0.012568621,-0.018248911,-0.005273693,0,0,0,-2.80E-05,-0.030355112,0.220417941,0.998028634,0.603818258,0.137280465,0.882181067,0.726196904,-0.021648068,-0.002156447,3.55E-05,0.000809996,-0.013430914,-0.034107303,0.052269473,0.246086109,0.125632159,0,0,0,-0.002840993,-0.003067708,0.60082033,0.979799939,0.147089448,-0.042727839,0.740043045,0.803320891,0.018716197,-0.006787636,-0.002612388,-0.028927866,0.07125771,0.403013872,0.817010568,0.8579503,0.179035846,0,0,0,-0.006039982,0.036993107,0.968613817,0.673927083,0.024529898,-0.051760042,0.624627094,0.741029973,-0.055313862,-0.025967551,-0.015935458,0.308010893,0.765032714,1.040894404,0.955302373,0.318092133,-0.005397416,0,0,0,-0.006375153,0.041126889,1.013254902,0.579491881,-0.004874903,-0.021826423,0.769511132,0.740608354,-0.035213167,0.217314826,0.63859312,1.003825946,1.003407986,0.582063079,0.122081856,-0.021457108,-0.00359021,0,0,0,-0.005506791,0.030417092,0.914298492,0.633827955,-0.000737027,0.081940087,0.839638565,0.833275395,0.552179534,0.962494718,1.041405756,0.675654327,0.283801573,-0.004575214,-0.016191452,-0.000689338,0.000109783,0,0,0,-0.004005238,0.011685147,0.740318169,0.784782775,-0.005545701,0.251304914,0.944557906,1.029124271,1.00795682,0.851318121,0.350023932,0.035483215,-0.041931179,-0.003551272,0.000556502,0,0,0,0,0,-0.001150429,-0.022500102,0.400194938,1.007488375,0.388171395,0.646389144,1.057035386,0.891033854,0.42683958,0.043298734,-0.025984647,-0.008203636,0.000333435,2.91E-05,0,0,0,0,0,0,0.000109783,-0.017404548,0.077199517,0.781122328,1.030129836,1.012592133,0.797948972,0.220227022,-0.018665952,-0.009821535,0.00048509,0,0,0,0,0,0,0,0,0,0,-0.01630239,0.091170496,0.790257966,0.938182453,0.617441891,0.080368039,-0.028475711,-0.003270323,0.000418246,0,0,0,0,0,0,0,0,0,0,0,-0.003116728,0.008076014,0.259639042,0.200015745,0.018055283,-0.013719822,5.76E-05,5.27E-05,0,0,0,0,0,0,0,0,0,0,0,0,0.000418246,-0.001391301,-0.031275529,-0.026056758,-0.00570095,0.000580898,0,0,0,0,0,0,0,0,0,0,0,0,0,0,0,0,0,0,0,0,0,0,0,0,0,0,0,0,0,0,0,0,0,0,0,0,0,0,0,0,0,0,0,0,0,0,0,0,0,0
0,0,0,0,0,0,0,0,0,0,0,0,0,0,0,0,0,0,0,0,0,0,0,0,0,0,0,0,0,0,0,0,0,0,0,0,0.000122549,-0.000512617,-0.012686206,-0.006161663,0,0,0,0,0,0,0,0,0,0,0,0,0,0,0,7.13E-05,-0.000915169,-0.024686758,0.126772689,0.086871357,0,0,0,0,0,0,0,0,0,0,0,0,0,0,0.000206801,-0.001019114,-0.024636268,0.203697566,0.736603162,0.228612405,0,0,0,0,0,0,0,0,0,0,0,0,0,0.000174632,-0.004038909,-0.024975116,0.283125817,0.834591282,0.456125902,0.003440921,0,0,0,0,0,0,0,1.09E-17,-9.03E-17,-3.00E-16,-1.25E-16,7.95E-18,2.04E-05,-0.000338371,-0.026250902,0.258949721,0.848214205,0.5278154,-0.020465193,-0.006565036,0,0,0,0,0,2.85E-18,0.000279139,-0.004779836,-0.016634498,-0.021670411,-0.014027608,0.001119621,-0.003001644,-0.032411322,0.246201797,0.913363477,0.593387357,0.015705536,-0.009235873,0.000185458,0,0,0,0,2.94E-05,0.00080062,-0.014006359,-0.011995972,0.21243143,0.507219657,0.232760045,-0.021786668,-0.027364213,0.287491626,0.907516289,0.662153788,0.05208031,-0.016630745,0.000425482,0,0,0,0,8.27E-06,0.000291054,-0.012105477,0.065927424,0.514321726,0.873157169,0.898155263,0.719653135,-0.03093973,0.323418022,0.894928411,0.642688555,0.049204402,-0.014789522,0.00053147,3.23E-05,0,0,0,0,5.15E-05,-0.010394914,0.035612354,0.622345724,0.951084206,0.436134872,0.361678853,0.761300398,0.359190598,0.882976064,0.588932853,0.063197763,-0.0150769,0.000210018,0,0,0,0,0,0,-0.001931985,-0.010255208,0.460883374,0.995074193,0.307094357,-0.060576202,0.44660512,0.908888055,0.88578896,0.545851253,0.041037871,-0.016485192,0.000197304,3.95E-05,0,0,0,0,0,0,-0.005458793,0.031564696,0.895513055,0.591659041,0.018168168,-0.022815938,0.5416947,1.045118566,0.683543624,0.032638108,-0.015395374,0.000249081,3.03E-05,0,0,0,0,0,0,0,-0.006353746,0.045784297,0.982203284,0.349985902,-0.083926952,0.19950143,0.911964776,0.833953654,0.166326417,-0.025864545,0.000136562,0,0,0,0,0,0,0,0,0,-0.006231618,0.047068015,0.943244911,0.320520238,-0.046730056,0.603209099,0.843220827,0.200143638,-0.007838406,-0.00159594,7.49E-05,0,0,0,0,0,0,0,0,0,-0.003514859,0.00811586,0.661680556,0.774065717,0.668406319,0.902080065,0.256838763,-0.039314083,-0.001165203,0.000163059,0,0,0,0,0,0,0,0,0,0,-2.63E-05,-0.007063232,0.045211176,0.341058058,0.581527217,0.401187449,-0.009325606,-0.004907169,9.56E-05,0,0,0,0,0,0,0,0,0,0,0,1.91E-05,0.000311632,-0.005572866,-0.021578806,-0.026916436,-0.021010315,-0.001405859,0.000331801,0,0,0,0,0,0,0,0,0,0,0,0,0,0,4.97E-19,1.63E-05,-0.000709459,-0.000464718,4.08E-05,0,0,0,0,0,0,0,0,0,0,0,0,0,0,0,0,0,0,0,0,0,0,0,0,0,0,0,0,0,0,0,0,0,0,0,0,0,0,0,0,0,0,0,0,0,0,0,0,0,0
0,0,0,0,0,0,0,0,0,0,0,0,0,0,0,0,0,0,0,0,0,0,0,0,0,0,0,0,0,0,0,0,0,0,0,0,0,0,0,0,0,0,0,0,0,0,0,0,0,0,0,0,0,0,0,0,0,0,0,0,0,0,0,0,0,0,0,2.57E-05,-3.91E-05,-0.002537582,-0.013845588,-0.031946895,-0.019372478,0.000365605,3.06E-05,0,0,0,0,0,0,0,0,0,0,0,1.23E-05,0.000824263,-0.010244638,-0.006135349,0.180938521,0.506922301,0.289632251,-0.01028782,-0.000102124,0,0.000199142,-0.001848172,-0.005675551,0.000497855,0,0,0,0,0,1.42E-31,0.000593852,-0.016815815,0.058051964,0.581138429,0.963330457,1.016841163,0.839100152,0.044703329,-0.005775123,8.17E-18,-0.000725082,-0.002737947,0.020664828,-0.001812704,0,0,0,0,0,0.000395731,-0.012240264,0.011249796,0.598969414,0.973731345,0.702948529,0.960465942,0.783800361,0.016550075,-0.003020833,-0.001392463,-0.02712997,0.218864736,0.395288246,-0.034643501,0,0,0,0,0.000579675,-0.006275886,-0.014787259,0.428192763,1.021155324,0.522869091,0.523836693,1.033965578,0.450345191,-0.024825833,-0.00424361,-0.027117117,0.155250363,0.830834878,0.618914333,-0.054809051,0,0,0,1.23E-05,-0.004448325,0.003851852,0.408661935,1.002809523,0.643676539,0.0614864,0.82399023,0.902617085,0.115638614,-0.025866319,-0.017068934,0.286898829,0.7999279,1.034296893,0.438300228,-0.040114805,0,0,0,7.86E-05,-0.023575844,0.139035675,0.891858422,0.818764404,0.06236746,0.307376549,1.022268365,0.557476171,-0.035872773,0.057440836,0.499955457,0.950255259,1.007660012,0.53975891,0.036854405,-0.004961533,0,0,0,-0.002192351,-0.013360362,0.580845571,0.973740996,0.218425784,0.030693117,0.780698785,0.876607401,0.133672232,0.237963274,0.790322985,1.036766238,0.85833655,0.35672578,-0.005060604,-0.012795309,0.000803377,0,0,0,-0.015278033,0.206716401,0.974342218,0.558146548,-0.053650891,0.321791956,0.99743333,0.761017753,0.526130123,0.957173288,1.0091274,0.623086057,0.140005208,-0.018587537,-0.004402287,0.000253268,2.55E-06,0,0,0,-0.034539002,0.56806308,0.942755238,0.228032388,-0.008193968,0.66258812,1.017424093,0.982467218,1.029353641,0.839866058,0.290708203,0.008127166,-0.024036627,-0.000818964,0.000195264,0,0,0,0,0,-0.044152267,0.756493362,0.837420088,0.052454844,0.446514835,1.015586142,1.02786232,0.893343239,0.507918573,0.071804129,-0.028260485,-0.007142906,0.000325776,2.45E-05,0,0,0,0,0,0,-0.042885468,0.712925671,0.985021531,0.694394336,0.933385325,1.025867919,0.572713082,0.151201848,-0.021959372,-0.01039569,0.000609341,0,0,0,0,0,0,0,0,0,-0.017769863,0.250665679,0.940745507,1.039508868,1.035717035,0.730394148,0.074739175,-0.04059649,-0.002622906,0.000224716,1.53E-05,0,0,0,0,0,0,0,0,0,-0.003828942,0.012362405,0.706015455,0.861611588,0.535085062,0.128708418,-0.023798203,0.000912633,8.43E-06,0,0,0,0,0,0,0,0,0,0,0,-0.000498655,0.002835902,0.077601504,0.088749898,-0.001465802,-0.021156394,0.001712119,0,0,0,0,0,0,0,0,0,0,0,0,0,8.27E-05,-0.00047692,-0.012757013,-0.015007659,-0.004870368,0.00028765,0,0,0,0,0,0,0,0,0,0,0,0,0,0,0,0,0,0,0,0,0,0,0,0,0,0,0,0,0,0,0
0,0,0,0,0,0,0,0,0,0,0,0,0,0,0,0,0,0,0,0,0,0,0,0,0,0,0,0,0,0,0,0,0,0,0,0,0,0,0,0,0,0,0,0,0,0.000224206,-0.002209449,-0.015078448,-0.016958542,-0.016395989,-0.004390771,0.000309404,0,0,0,0,0,0,0,0,0,0,0,8.73E-06,0.000813266,-0.009086006,-0.013972086,0.10182108,0.120919424,0.113542279,0.006849026,-0.007902165,0.00071909,0,0,0,0,0,0,0,0,0,0,0.000174479,-0.016753013,0.078388446,0.582217269,0.816125803,0.812511046,0.837675909,0.594357911,0.048521191,-0.01194723,0.000272672,0,0,0,0,0,0,0,0,0,-0.002791922,0.000917211,0.523830712,0.968158207,0.401909726,0.265907884,0.419507659,0.957073257,0.473584423,-0.030063797,-0.001953295,0,0,0,0,0,0,0,0,0,-0.01032021,0.11922852,0.933564832,0.532147297,-0.019549651,-0.025992205,-0.028205882,0.554825623,0.696738954,0.028295065,-0.008418267,0,0,0,0,0,0,0,0,0,-0.01809542,0.272927826,0.877757582,0.186910185,-0.031259323,-0.000265633,-0.024464029,0.370718496,0.81682553,0.078813171,-0.013489904,0,0,0,0,0,0,0,0,0,-0.035594924,0.60357821,0.795799071,0.046400157,-0.009363662,3.27E-05,-0.031456359,0.247195278,0.658521804,0.046093871,-0.009418743,0,0,0,0,0,0,0,0,0,-0.043832772,0.758193644,0.769049888,-0.017465448,-0.002742652,0,-0.030311275,0.259296688,0.476937994,-0.008951582,-0.003381161,0,0,0,0,0,0,0,0,0,-0.039133783,0.667692827,0.809675347,0.021793267,-0.019427272,0.000874013,-0.007444972,0.046712299,0.061407765,-0.01352255,6.25E-05,2.13E-05,-5.42E-17,4.48E-18,0,0,0,0,0,0,-0.022176317,0.337598039,0.925036816,0.59822995,0.058166181,-0.030935798,-0.000665526,0.02670595,0.025906301,0.02467643,-0.018891272,-0.021056645,-0.016693049,-0.00891425,-0.000998227,0.000165101,0,0,0,0,-0.001093616,-0.011275427,0.337088072,0.713876575,0.823737897,0.617097516,0.736067816,0.871709877,0.878794111,0.834029275,0.626710947,0.520477083,0.166026762,0.027346368,-0.024960687,-0.005380437,0.00042803,0,0,0,0.000204759,-0.002292518,-0.03101571,0.104009991,0.892856335,0.941973346,0.80486312,0.966219073,0.976710801,1.023002001,1.03913031,1.03101697,0.907897672,0.690748638,0.309785883,0.011242936,-0.002181628,0,0,0,0,0,-0.009728179,0.099796943,0.792360551,0.363406471,0.087076814,0.216849843,0.218907986,0.366543914,0.579076814,0.81389214,0.967541292,1.002771667,0.960673468,0.387728333,-0.035846865,0,0,0,0,0,-0.000186802,0.001665731,0.063333265,0.004901637,-0.020290356,-0.030374694,-0.031529718,-0.023278505,-0.004527369,0.041904071,0.087147552,0.174613086,0.428871377,0.189003523,-0.017011761,0,0,0,0,0,5.49E-05,-0.000544067,-0.006921956,-0.002306475,0.000204248,7.47E-19,3.68E-05,-0.000974685,-0.002692249,-0.005931883,-0.008839869,-0.013684385,-0.027066161,-0.011577819,0.001046773,0,0,0,0,0,0,0,0,0,0,0,0,0,0,0,0,0,0,0,0,0,0,0,0,0,0,0,0,0,0,0,0,0,0,0,0,0,0,0,0,0,0,0,0,0,0,0,0,0,0,0,0,0,0,0,0,0,0,0,0
0,0,0,0,0,0,0,0,0,0,0,0,0,0,0,0,0,0,0,0,0,0,0,0,0,0,0,0,0,0,0,0,0,0,0,0,0,0,0,0,0,0,0,0,0,0,0,0,0,0,0,0,0,0,0,0,0,0,0,0,0,0,0,0,0,0,0,0.000105173,-0.000820874,-0.003538807,-0.004055453,-0.001690921,0.000115721,6.64E-06,0,0,0,0,0,0,0,0,0,0,0,3.73E-18,0.000539216,-0.00863968,-0.021127111,0.005743634,0.011846916,-0.008020918,-0.003771605,0.000371562,0,0.000635723,-0.006594669,-0.031067629,-0.018344056,0.001631434,0,0,0,0,0,0.000191483,-0.005865162,0.015260725,0.316613698,0.695282407,0.748116422,0.390795718,0.002101423,-0.003807615,0.000932309,-0.01258255,0.016266255,0.219746511,0.134967746,-0.011942998,0,0,0,0,0.000410539,-0.004732775,-0.011603009,0.512226672,0.944651178,0.743017242,0.801178717,0.886292637,0.096222993,-0.01641008,-0.022499574,0.050469686,0.540226886,1.001580755,0.539366319,-0.04861877,0,0,0,5.26E-05,-0.002616893,-0.025819745,0.43881541,0.964571265,0.437560773,0.008500859,0.286863017,0.929437803,0.1240118,-0.038031759,0.077608179,0.690981513,1.042823349,0.893663658,0.127698626,-0.013108414,0,0,0,-0.000319138,-0.023543437,0.226553343,0.923705797,0.539813586,-0.020566313,-0.04362854,0.405393416,0.885441551,0.067356559,0.170229847,0.770095265,0.953623792,0.95630707,0.373958376,-0.030120166,0.0009872,0,0,0,-0.002894812,-0.003962452,0.657310679,0.703967371,0.034800643,0.025948734,0.065426147,0.435656897,0.733928479,0.171942678,0.836875357,0.817846286,0.275051471,0.290435781,0.008090783,-0.004401212,0,0,0,0,-0.007000817,0.062909943,0.911840227,0.334824074,-0.071707346,0.471318713,0.591302049,0.67362454,0.780676147,0.781211392,0.857909229,0.173574227,-0.039578857,-0.020648778,-0.004771514,0.000494621,0,0,0,0,-0.019289267,0.301251651,0.821644744,0.09427708,0.133904617,0.786668947,0.510797488,0.902159569,1.028901978,0.77206166,0.227093376,-0.008566925,-0.002721916,-0.00073703,1.99E-05,5.11E-06,0,0,0,0,-0.031337084,0.532596341,0.717600723,0.060310322,0.713707116,0.572931495,0.616222993,1.039582229,0.750097003,0.1175917,-0.026725062,-0.001806184,0.000315519,0,0,0,0,0,0,0,-0.038378983,0.64084135,0.863387953,0.731331138,0.805084128,0.596254919,0.997220214,0.78854005,0.149395221,-0.028203192,-0.001313998,0.000110635,0,0,0,0,0,0,0,0,-0.020422794,0.31910049,0.699710972,0.721540901,0.735124231,0.98363671,0.746520067,0.140879119,-0.023902965,0.000784823,4.26E-05,0,0,0,0,0,0,0,0,0,0.000347426,-0.006902522,-0.004314849,0.123705746,0.711173549,0.469079504,0.066646361,-0.02622566,0.000197661,6.60E-05,0,0,0,0,0,0,0,0,0,0,8.82E-05,-0.001331036,-0.005045888,0.012463133,0.06746394,-0.023492834,-0.007706342,0.000317606,3.02E-05,0,0,0,0,0,0,0,0,0,0,0,0,0,0.000203824,-0.002299132,-0.011169507,-0.000615548,6.11E-05,0,0,0,0,0,0,0,0,0,0,0,0,0,0,0,0,0,0,0,0,0,0,0,0,0,0,0,0,0,0,0,0,0,0,0,0,0,0,0,0,0,0,0,0,0,0,0,0,0,0
0,0,0,0,0,0,0,0,0,0,0,0,0,0,0,0,0,0,0,0,0,0,0,0,0,0,0,0,0,0,0,0,0,0,0,0,0,0,0,0,0,0,0,0,0,0,0,0,0,0,0,0,0,0,0,0,0,0,0,0,0,0,0,0,0,0,0,0,0,0,0,0,0,0,0,0,0,0,0,0,0,0,0,0,0,0,4.90E-05,-0.000190779,-0.003658088,-0.005629289,-0.003962316,2.39E-05,2.20E-05,0,0,0,0,0,0,0,0,0,0,0,0,1.92E-17,0.000524408,-0.015680992,-0.017129885,-0.003396633,-0.011209457,-0.011969414,0.000716389,4.68E-05,5.60E-19,2.18E-18,9.79E-05,-0.001110839,-0.005001106,-0.001311445,0,0,0,0,0,0.000851035,-0.021092218,0.181117583,0.605953925,0.677218461,0.569706955,0.112825725,-0.015266517,-0.000113358,0.000504664,-0.005936649,-0.021089154,-0.008259277,0.035353094,0.009157305,0,0,0,0,0.000645714,-0.021500143,0.152567636,0.846759792,0.879787735,0.722079817,0.925778471,0.757125814,0.073998694,-0.015341286,-0.036077157,0.00259522,0.219893111,0.594997818,0.972708121,0.256706786,0,0,0,2.14E-06,-0.004941279,-0.003528067,0.59056633,0.797523966,0.0756859,-0.057430249,0.229874098,0.955619519,0.2345638,-0.031019148,0.233257966,0.605155756,1.023403033,0.834637499,0.613893723,0.166642429,0,0,0,4.43E-05,-0.023530399,0.149516782,0.844060849,0.268167693,-0.028168113,-0.03768796,0.209508391,0.956833504,0.497032394,0.690273693,0.951648335,0.973148846,0.520687449,0.104923226,-0.056696181,-0.013032339,0,0,0,-0.000787429,-0.026667365,0.372449636,0.848405552,0.049809493,-0.038485737,0.047516102,0.704318679,1.02092373,1.020072731,0.92035049,0.586703925,0.109795428,-0.012492715,-0.020539369,-5.18E-05,-0.000164216,0,0,0,-0.001574755,-0.017711295,0.488576253,0.578169815,0.347149117,0.151998655,0.525449942,1.037239583,0.998345673,0.623900303,0.195658599,-0.027788501,-0.013184385,-0.002074704,0.000116638,1.38E-05,0,0,0,0,-0.004454772,0.017702974,0.808042477,0.496911221,0.567102494,0.854386219,0.987068777,0.906186271,0.391824443,0.00947971,-0.024373259,-0.001469722,0.000322857,0,0,0,0,0,0,0,-0.005750766,0.032886285,0.923257574,0.872864719,0.895114413,1.054155671,0.926087078,0.252523693,-0.032193185,-0.007737319,-0.000240843,5.53E-05,0,0,0,0,0,0,0,0,-0.002856975,0.007376345,0.532936036,0.601758936,0.375493355,0.564518723,0.347931117,-0.016912207,-0.001407629,6.11E-05,0,0,0,0,0,0,0,0,0,0,5.01E-05,-0.001189491,0.000543505,-0.003199908,-0.027806687,-0.00616185,-0.011358762,-0.001572015,0.000125051,0,0,0,0,0,0,0,0,0,0,0,1.24E-05,6.89E-06,-0.002684743,-0.002802849,-0.000774021,-0.002581546,-0.001375,3.68E-05,5.36E-06,0,0,0,0,0,0,0,0,0,0,0,0,0,0,0,0,0,0,0,0,0,0,0,0,0,0,0,0,0,0,0,0,0,0,0,0,0,0,0,0,0,0,0,0,0,0,0,0,0,0,0,0,0,0,0,0,0,0,0,0,0,0,0,0,0,0,0,0
0,0,0,0,0,0,0,0,0,0,0,0,0,0,0,0,0,0,0,0,0,0,0,0,0,0,0,0,0,0,0,0,0,0,0,0,0,0,0,0,0,0,0,0,0,0,0,0,0,0,0,0,0,0,0,0,0,0,0,0,0,0,0,0,0,0,0,0,0,0,0,0,0,0,0,0,0,0,0,0,0,0,0,0,0,0,0,0.000609025,-0.004861826,-0.018415441,-0.025792586,-0.013751838,-0.001280421,0.000232843,0,0,0,0,0,0,0,0,0,0,4.11E-18,0.000106379,-0.000127655,-0.032773209,-0.01009249,0.110801283,0.175966061,0.068597648,-0.033896447,-0.00679279,0.000510621,1.87E-19,0,0,0,0,0,0,0,5.72E-05,-3.74E-06,-0.012622549,-0.01860158,0.295481618,0.664636421,0.822644046,0.915217133,0.775016357,0.514064228,0.038094022,-0.005258715,5.82E-05,0,0,0,0,0,0,0,0.000284946,-0.016564653,0.072021218,0.569947736,0.905665749,0.827700749,0.439773229,0.239147575,0.490179603,0.964761072,0.375908663,-0.028092889,-0.000610554,0,0,0,0,0,0,0,-0.007832006,0.087155348,0.70947692,0.707161543,0.244790435,0.007732843,-0.024364413,-0.022487677,-0.024990451,0.808370803,0.640620115,-0.027317164,-0.002908395,0,0,0,0,0,0,0,-0.029520221,0.500681526,0.663487183,0.020872175,-0.026580059,-0.003229269,0.000744383,-0.013639978,0.062190206,0.859417693,0.548421841,-0.032023216,-0.014957721,-0.017768995,-0.017138315,-0.006623775,0.000612745,0,0,0,-0.039669424,0.710489532,0.275848397,-0.029705729,0.000417329,0.000392208,-0.012612405,0.006497549,0.608145118,0.898508367,0.106253013,-0.037422607,0.062771599,0.105292279,0.09713524,0.028904633,-0.002721184,0,0,0,-0.041379085,0.733198972,0.428936819,-0.037736996,-0.013538142,-0.025713984,0.018882472,0.507076763,0.980104592,0.884214633,0.618087027,0.627754408,0.753604899,0.812105426,0.833667621,0.420666445,-0.038375289,0,0,0,-0.026617749,0.424278396,0.844012525,0.652121652,0.231759382,0.645221285,0.886940011,0.976771755,0.901683856,0.884604952,0.844387883,0.767419795,0.512895163,0.499377149,0.439210381,0.1258209,-0.011943222,0,0,0,-0.001204044,0.00643944,0.16211746,0.331660284,0.412151207,0.787498094,0.686889331,0.395153203,0.097335325,0.114745968,0.031819002,-0.025527131,-0.020725592,-0.020666871,-0.021701283,-0.01184215,0.001076559,0,0,0,0.00018127,-0.001896106,-0.015166718,-0.032050568,-0.015332301,0.08258284,0.009350371,-0.03801251,-0.010661509,-0.011726659,-0.004604099,0.000425517,0,0,0,0,0,0,0,0,0,0,0,0.000303309,-0.002095818,-0.0152644,-0.00702114,0.000200368,2.76E-05,0,0,0,0,0,0,0,0,0,0,0,0,0,0,0,0,0,0,0,0,0,0,0,0,0,0,0,0,0,0,0,0,0,0,0,0,0,0,0,0,0,0,0,0,0,0,0,0,0,0,0,0,0,0,0,0,0,0,0,0,0,0,0,0,0,0,0,0,0,0,0,0,0,0,0,0,0,0,0,0,0,0,0,0,0,0,0,0
0,0,0,0,0,0,0,0,0,0,0,0,0,0,0,0,0,0,0,0,0,0,0,0,0,0,0,0,0,0,0,0,0,0,0,0,0,0,0,0,0,0,0,0,0,0,0,0,0,0,0,0,0,0,0,0,0,0,0,0,0,0,0,0,0,0,0,0,0,0,0,0,0,0,0,0,0,0,0,0,0,0,0,0,0,0.001302083,-0.014322917,-0.036408524,-0.014322917,0.001302083,0,0,0,0,0,0,0,0,0,0,0,0,0,0,0.000658701,-0.014607588,0.088409331,0.279021357,0.083120149,-0.018328738,0.001079963,0,0,0,0,0,0,0,0,0,0,0,0,1.48E-05,-0.006910573,0.01078576,0.602087674,0.940770861,0.659891323,0.057602124,-0.011790748,0,0,0,0,0,0,0,0,0,0,0,0,3.50E-05,-0.02650213,0.191123646,0.715284946,0.26040532,0.739158157,0.186489408,-0.025422832,0,0,0,0,0,0,0,0,0,0,0,0,-0.00180239,-0.012625613,0.498519608,0.479803292,0.053924388,0.703167977,0.193253847,-0.025681679,0,0,0,0,0,0,0,0,0,0,0,0,-0.005128728,0.040935679,0.75722212,0.218666173,0.121686387,0.736838542,0.092010093,-0.015763787,0.00026348,-0.001814235,-0.012653186,-0.015789828,-0.031123162,-0.037943934,-0.038336493,-0.031247243,-0.004915441,0,0,0,-0.006408497,0.06767967,0.79771538,0.095982809,0.588839631,0.636671705,-0.069366251,-0.056438725,-0.054410743,-0.03605759,0.059686479,0.087393484,0.222837929,0.283088082,0.285689434,0.229829521,0.034630668,0,0,0,-0.005147672,0.035871528,0.768635263,0.711021225,0.770471665,0.827256161,0.590649101,0.591981005,0.590441857,0.616528729,0.752617783,0.792000068,0.984518587,1.070157169,1.084961223,0.91886729,0.161911407,0,0,0,-0.001000622,-0.012105924,0.307224328,0.501230925,0.06862029,0.337541003,0.866711865,0.919795242,0.868489785,0.59322256,0.416331241,0.294723836,0.149168586,0.142353604,0.145553892,0.129884992,0.026087043,0,0,0,8.68E-05,-0.000289352,-0.015277778,-0.021273318,-0.013733643,-0.019426573,-0.020956733,-0.020833333,-0.020833333,-0.020833333,-0.020833333,-0.020833333,-0.020833333,-0.020833333,-0.021179834,-0.018475116,-0.003515625,0,0,0,0,0,0,0,0,0,0,0,0,0,0,0,0,0,0,0,0,0,0,0,0,0,0,0,0,0,0,0,0,0,0,0,0,0,0,0,0,0,0,0,0,0,0,0,0,0,0,0,0,0,0,0,0,0,0,0,0,0,0,0,0,0,0,0,0,0,0,0,0,0,0,0,0,0,0,0,0,0,0,0,0,0,0,0,0,0,0,0,0,0,0,0,0,0,0,0,0,0,0,0,0,0,0,0,0,0,0,0,0,0,0,0,0,0,0,0,0
0,0,0,0,0,0,0,0,0,0,0,0,0,0,0,0,0,0,0,0,0,0,0,0,0,0,0,0,0,0,0,0,0,0,0,0,0,0,0,0,0,0,0,0,0,0,0,0,0,0,0,0,0,0,0,0,0,0,0,0,0,0,0,0,0,0,0,0,5.21E-05,-0.000824959,-0.002128625,-0.000156658,2.81E-05,0,0,0,0,0,0,0,0,0,0,0,0,0,0.000125613,0.000441176,-0.017824346,-0.025873911,-0.011846524,-0.017714631,-0.000128613,0.000165441,0,0,0.000183824,1.83E-05,-0.021510417,-0.010988051,0,0,0,0,4.01E-18,0.000999966,-0.01149646,-0.036568305,0.094907373,0.368330355,0.519999949,0.144061972,-0.013955217,-0.000610362,9.33E-19,8.51E-05,-0.001564202,-0.022749531,0.136364549,0.082518212,0,0,0,0,0.000309436,-0.013081938,0.101397059,0.345359477,0.781466878,0.899977686,1.015236264,0.756592252,0.08123169,-0.014270663,0.00047709,-0.009827751,-0.023398863,0.242105142,0.879474741,0.303397757,0,0,0,4.77E-05,-0.006134891,-0.002920947,0.580689994,1.022884905,1.010589781,0.339459867,0.451512372,1.012165033,0.485128351,-0.002137618,-0.020640057,0.018981238,0.42631558,0.912255146,0.87261015,0.196612636,0,0,0,-0.000300705,-0.020792535,0.197507761,0.878486775,0.939581516,0.647205116,0.097070364,0.148103996,0.906898642,0.91880651,0.125803632,0.089487507,0.659574483,0.997257966,0.574597567,0.031736281,0.004229048,0,0,0,-0.002595435,-0.006213593,0.569506996,1.043904565,0.313752735,0.157382966,0.208425926,0.082984086,0.779250953,0.846396193,0.292165322,0.775695074,0.985685117,0.501615298,0.052610014,-0.0121298,-0.000881247,0,0,0,-0.005695159,0.033017872,0.90612854,0.928887561,0.118633736,0.010078942,0.115069734,0.252028118,0.915033871,0.739963957,0.818095367,0.868356464,0.276591673,0.006283344,-0.016645622,0.00050194,0,0,0,0,-0.006271906,0.040147621,0.979292926,0.80504822,0.064065553,0.257655263,0.674699142,0.821137,1.016103248,1.02935359,0.686928377,0.181405416,-0.021816857,-0.004136438,0.000300385,1.07E-05,0,0,0,0,-0.006345695,0.041057692,1.002496042,0.618428536,0.096099543,0.822820802,1.067466539,1.019843311,0.904629754,0.474333287,0.062813107,-0.02932908,-0.000548082,0.000119848,0,0,0,0,0,0,-0.005484375,0.03033364,0.875059862,1.011403476,0.676088232,0.992456733,0.839102005,0.449892753,0.161554705,-0.005002259,-0.012591401,0.000204589,6.74E-05,0,0,0,0,0,0,0,-0.001857435,-0.014349299,0.478256196,1.043742017,1.06019725,0.79279296,0.169865434,-0.034496851,-0.01787534,-0.001366893,0.000268076,0,0,0,0,0,0,0,0,0,6.56E-05,-0.01837694,0.113435185,0.608142616,0.51616543,0.207024203,-0.021551488,-0.003752757,0.000189338,0,0,0,0,0,0,0,0,0,0,0,7.35E-06,0.001026961,-0.008558772,-0.037614737,-0.032525121,-0.014898131,-7.99E-05,0.000147059,0,0,0,0,0,0,0,0,0,0,0,0,0,0,0,0,0,0,0,0,0,0,0,0,0,0,0,0,0,0,0,0,0,0,0,0,0,0,0,0,0,0,0,0,0,0,0,0,0,0,0,0,0,0,0,0,0,0,0,0,0,0,0,0,0,0,0,0,0
0,0,0,0,0,0,0,0,0,0,0,0,0,0,0,0,0,0,0,0,0,0,0,0,0,0,0,0,0,0,0,0,0,0,0,0,0,0,0,0,0,0,0,0,0,0,0,0,0,0,0,0,0,0,0,0,0,0,0,0,0,0,0,0,0,3.11E-20,2.55E-05,-0.000125148,-0.00198606,-0.003093188,-0.002028646,-0.000258425,-1.70E-05,4.60E-06,0,0,0,0,0,0,0,0,0,0,0,0.000375306,-0.003818253,-0.014625032,-0.013336142,0.00094344,-0.013105035,-0.024315819,-0.001715941,0.000350797,0,0,0,0,0,0,0,0,0,0,1.53E-05,-0.001588882,0.007825095,0.105157641,0.499858047,0.61933958,0.506459661,0.221225269,0.008603723,-0.003125851,0,0,0,0,0,0,0,0,0,4.60E-06,0.000430453,-0.029662224,0.2555056,0.770225956,1.040823546,0.979079248,1.048402488,0.89259535,0.123595705,-0.015766442,0,0,0,0,0,0,0,0,0,1.53E-07,-0.020715778,0.132282503,0.824607215,1.009241699,0.453789491,0.118410871,0.551290952,1.035976995,0.498247413,-0.020779999,0,0,0,0,0,0,0,0,0,-0.000302032,-0.029911271,0.277661714,1.016335767,0.651296421,0.008163637,-0.046937943,0.146881876,0.888246289,0.872259998,-0.020710784,0,0,0,0,0,0,0,0,0,-0.004042228,0.013144284,0.719011523,0.959637578,0.203447695,-0.022645084,-0.021481073,0.126953074,0.85657101,0.657676206,-0.02076491,0,0,0,0,0,0,0,0,0,-0.006345537,0.040967507,0.983364719,0.860299479,0.078190453,-0.016471831,-0.018971763,0.419932002,1.020874592,0.285260232,-0.056099112,-0.039960342,-0.024512783,-0.016488375,-0.000960519,0.000229779,7.52E-18,0,0,0,-0.006310202,0.04060769,0.971693355,0.941433875,0.157718567,-0.042053836,0.011041548,0.810755089,0.816757778,0.209521931,0.383413926,0.44345418,0.263135978,0.169153135,-0.00773562,-0.017957516,-0.003003472,0,0,0,-0.004657525,0.01957287,0.790206202,1.037618999,0.676212228,0.094051897,0.519792117,1.018237196,0.974556836,0.892055137,0.933350964,0.968085942,0.956276582,0.881683737,0.477106951,0.22252045,0.018532197,0,0,0,-0.001340125,-0.014611196,0.367509038,0.973863171,1.036582114,0.955962776,0.910929602,0.878619911,0.74574377,0.43910929,0.272452427,0.328686768,0.455022552,0.529074755,0.535677612,0.466483626,0.094038569,0,0,0,0.000128932,-0.006944019,0.012551488,0.295098124,0.564313539,0.353952376,0.189801181,0.161527659,0.067808364,-0.031976649,-0.026960359,-0.03023429,-0.040774357,-0.047414726,-0.044234642,-0.017761029,-0.001571078,0,0,0,0,0.000799326,-0.005831393,-0.023596286,-0.006964963,-0.024657458,-0.026782629,-0.024397059,-0.013542586,-0.000708084,0.000183824,0,0,4.29E-05,-0.000280665,-0.00233027,-0.000672181,0,0,0,0,9.19E-07,4.93E-05,-0.00064037,-0.002538828,-0.00083461,-1.61E-05,9.19E-06,0,0,0,0,0,0,0,0,0,0,0,0,0,0,0,0,0,0,0,0,0,0,0,0,0,0,0,0,0,0,0,0,0,0,0,0,0,0,0,0,0,0,0,0,0,0,0,0,0,0,0,0,0,0,0,0,0,0,0,0,0,0,0,0,0,0,0,0,0
